primary_label,secondary_labels,type,latitude,longitude,scientific_name,common_name,author,license,rating,time,url,filename
afrsil1,[],"['call', 'flight call']",12.391,-1.493,Euodice cantans,African Silverbill,Bram Piot,Creative Commons Attribution-NonCommercial-ShareAlike 3.0,2.5,08:00,https://www.xeno-canto.org/125458,afrsil1/XC125458.ogg
afrsil1,"['houspa', 'redava', 'zebdov']",['call'],19.8801,-155.7254,Euodice cantans,African Silverbill,Dan Lane,Creative Commons Attribution-NonCommercial-ShareAlike 4.0,3.5,08:30,https://www.xeno-canto.org/175522,afrsil1/XC175522.ogg
afrsil1,[],"['call', 'song']",16.2901,-16.0321,Euodice cantans,African Silverbill,Bram Piot,Creative Commons Attribution-NonCommercial-ShareAlike 4.0,4.0,11:30,https://www.xeno-canto.org/177993,afrsil1/XC177993.ogg
afrsil1,[],"['alarm call', 'call']",17.0922,54.2958,Euodice cantans,African Silverbill,Oscar Campbell,Creative Commons Attribution-NonCommercial-ShareAlike 4.0,4.0,11:00,https://www.xeno-canto.org/205893,afrsil1/XC205893.ogg
afrsil1,[],['flight call'],21.4581,-157.7252,Euodice cantans,African Silverbill,Ross Gallardy,Creative Commons Attribution-NonCommercial-ShareAlike 4.0,3.0,16:30,https://www.xeno-canto.org/207431,afrsil1/XC207431.ogg
afrsil1,[],['flight call'],21.4581,-157.7252,Euodice cantans,African Silverbill,Ross Gallardy,Creative Commons Attribution-NonCommercial-ShareAlike 4.0,4.0,16:30,https://www.xeno-canto.org/207432,afrsil1/XC207432.ogg
afrsil1,[],['call'],21.3561,-158.0205,Euodice cantans,African Silverbill,Ross Gallardy,Creative Commons Attribution-NonCommercial-ShareAlike 4.0,4.0,11:00,https://www.xeno-canto.org/209513,afrsil1/XC209513.ogg
afrsil1,[],"['flight call', 'traffic']",10.1538,-0.7996,Euodice cantans,African Silverbill,Phil Gregory,Creative Commons Attribution-NonCommercial-ShareAlike 4.0,3.0,09:00,https://www.xeno-canto.org/234994,afrsil1/XC234994.ogg
afrsil1,[],['call'],14.5088,-17.0696,Euodice cantans,African Silverbill,Bram Piot,Creative Commons Attribution-NonCommercial-ShareAlike 4.0,3.5,08:00,https://www.xeno-canto.org/317039,afrsil1/XC317039.ogg
afrsil1,[],['call'],14.7279,-17.4329,Euodice cantans,African Silverbill,Bram Piot,Creative Commons Attribution-NonCommercial-ShareAlike 4.0,3.5,10:30,https://www.xeno-canto.org/322742,afrsil1/XC322742.ogg
afrsil1,[],['call'],-1.3306,36.9251,Euodice cantans,African Silverbill,James Bradley,Creative Commons Attribution-NonCommercial-ShareAlike 4.0,3.0,13:30,https://www.xeno-canto.org/344134,afrsil1/XC344134.ogg
afrsil1,[],['call'],17.1024,54.45,Euodice cantans,African Silverbill,Matthias Feuersenger,Creative Commons Attribution-NonCommercial-ShareAlike 4.0,3.5,10:17,https://www.xeno-canto.org/371226,afrsil1/XC371226.ogg
afrsil1,[],['call'],17.1003,54.2844,Euodice cantans,African Silverbill,Boris Delahaie,Creative Commons Attribution-NonCommercial-ShareAlike 4.0,4.5,06:35,https://www.xeno-canto.org/395771,afrsil1/XC395771.ogg
afrsil1,[],['call'],17.0922,54.2958,Euodice cantans,African Silverbill,Oscar Campbell,Creative Commons Attribution-NonCommercial-ShareAlike 4.0,2.5,12:30,https://www.xeno-canto.org/445331,afrsil1/XC445331.ogg
afrsil1,[],"['adult', 'sex uncertain']",11.8047,13.1966,Euodice cantans,African Silverbill,Sun Madakan ,Creative Commons Attribution-NonCommercial-ShareAlike 4.0,3.0,09:00,https://www.xeno-canto.org/597072,afrsil1/XC597072.ogg
afrsil1,[],['call'],17.0578,42.9626,Euodice cantans,African Silverbill,Gregory Askew,Creative Commons Attribution-NonCommercial-ShareAlike 4.0,3.5,10:30,https://www.xeno-canto.org/650014,afrsil1/XC650014.ogg
akekee,[],['call'],22.1467,-159.6134,Loxops caeruleirostris,Akekee,Dan Lane,Creative Commons Attribution-NonCommercial-ShareAlike 4.0,4.0,10:00,https://www.xeno-canto.org/174953,akekee/XC174953.ogg
akekee,[],['call'],22.1467,-159.6134,Loxops caeruleirostris,Akekee,Dan Lane,Creative Commons Attribution-NonCommercial-ShareAlike 4.0,4.0,10:00,https://www.xeno-canto.org/174954,akekee/XC174954.ogg
akekee,"['apapan', 'warwhe1']","['call', 'male']",22.1467,-159.6134,Loxops caeruleirostris,Akekee,Ross Gallardy,Creative Commons Attribution-NonCommercial-ShareAlike 4.0,4.5,09:00,https://www.xeno-canto.org/210201,akekee/XC210201.ogg
akekee,['apapan'],"['call', 'male', 'song']",22.0815,-159.555,Loxops caeruleirostris,Akekee,Patrick Blake,Creative Commons Attribution-NonCommercial-ShareAlike 4.0,3.5,14:00,https://www.xeno-canto.org/219961,akekee/XC219961.ogg
akekee,['iiwi'],['call'],22.1467,-159.6134,Loxops caeruleirostris,Akekee,Daniel Lane,Creative Commons Attribution-NonCommercial-ShareAlike 3.0,3.5,12:30,https://www.xeno-canto.org/27306,akekee/XC27306.ogg
akekee,[],['call'],22.1467,-159.6134,Loxops caeruleirostris,Akekee,Daniel Lane,Creative Commons Attribution-NonCommercial-ShareAlike 3.0,4.0,11:45,https://www.xeno-canto.org/27320,akekee/XC27320.ogg
akepa1,"['akiapo', 'apapan', 'hawama', 'hawcre', 'iiwi']",['call'],19.6292,-155.3597,Loxops coccineus,Hawaii Akepa,Brooks Rownd,Creative Commons Attribution-NonCommercial-ShareAlike 3.0,2.5,14:14,https://www.xeno-canto.org/122473,akepa1/XC122473.ogg
akepa1,"['apapan', 'iiwi', 'warwhe1']",['call'],19.6223,-155.3598,Loxops coccineus,Hawaii Akepa,Brooks Rownd,Creative Commons Attribution-NonCommercial-ShareAlike 3.0,4.5,12:37,https://www.xeno-canto.org/122672,akepa1/XC122672.ogg
akepa1,"['apapan', 'iiwi']",['call'],19.6294,-155.3615,Loxops coccineus,Hawaii Akepa,Brooks Rownd,Creative Commons Attribution-NonCommercial-ShareAlike 3.0,4.5,11:53,https://www.xeno-canto.org/124794,akepa1/XC124794.ogg
akepa1,"['apapan', 'iiwi', 'warwhe1']",['call'],19.8224,-155.2964,Loxops coccineus,Hawaii Akepa,Brooks Rownd,Creative Commons Attribution-NonCommercial-ShareAlike 3.0,3.5,14:07,https://www.xeno-canto.org/127673,akepa1/XC127673.ogg
akepa1,"['akiapo', 'apapan', 'hawama', 'omao', 'warwhe1']","['begging call', 'call']",19.5727,-155.3189,Loxops coccineus,Hawaii Akepa,Brooks Rownd,Creative Commons Attribution-NonCommercial-ShareAlike 3.0,4.5,17:57,https://www.xeno-canto.org/147002,akepa1/XC147002.ogg
akepa1,"['apapan', 'iiwi', 'warwhe1']","['call', 'song']",19.7901,-155.3273,Loxops coccineus,Hawaii Akepa,Dan Lane,Creative Commons Attribution-NonCommercial-ShareAlike 4.0,3.5,12:00,https://www.xeno-canto.org/175511,akepa1/XC175511.ogg
akepa1,"['apapan', 'iiwi']",['call'],19.7901,-155.3273,Loxops coccineus,Hawaii Akepa,Dan Lane,Creative Commons Attribution-NonCommercial-ShareAlike 4.0,3.5,12:30,https://www.xeno-canto.org/175512,akepa1/XC175512.ogg
akepa1,"['apapan', 'iiwi']",['call'],19.7901,-155.3273,Loxops coccineus,Hawaii Akepa,Dan Lane,Creative Commons Attribution-NonCommercial-ShareAlike 4.0,3.5,12:30,https://www.xeno-canto.org/175513,akepa1/XC175513.ogg
akepa1,['iiwi'],['song'],19.7901,-155.3273,Loxops coccineus,Hawaii Akepa,Daniel Lane,Creative Commons Attribution-NonCommercial-ShareAlike 3.0,3.5,12:40,https://www.xeno-canto.org/27348,akepa1/XC27348.ogg
akepa1,['iiwi'],['call'],19.7901,-155.3273,Loxops coccineus,Hawaii Akepa,Daniel Lane,Creative Commons Attribution-NonCommercial-ShareAlike 3.0,3.5,12:40,https://www.xeno-canto.org/27356,akepa1/XC27356.ogg
akiapo,"['apapan', 'hawama', 'iiwi']",['song'],19.6294,-155.3615,Hemignathus wilsoni,Akiapolaau,Brooks Rownd,Creative Commons Attribution-NonCommercial-ShareAlike 3.0,4.5,12:31,https://www.xeno-canto.org/122399,akiapo/XC122399.ogg
akiapo,"['apapan', 'iiwi', 'warwhe1']",['call'],19.6294,-155.3615,Hemignathus wilsoni,Akiapolaau,Brooks Rownd,Creative Commons Attribution-NonCommercial-ShareAlike 3.0,4.5,17:46,https://www.xeno-canto.org/122401,akiapo/XC122401.ogg
akiapo,['apapan'],['song'],19.6642,-155.3896,Hemignathus wilsoni,Akiapolaau,Brooks Rownd,Creative Commons Attribution-NonCommercial-ShareAlike 3.0,4.5,16:22,https://www.xeno-canto.org/122693,akiapo/XC122693.ogg
akiapo,"['apapan', 'elepai', 'hawama', 'iiwi', 'omao', 'warwhe1']",['call'],19.6642,-155.3896,Hemignathus wilsoni,Akiapolaau,Brooks Rownd,Creative Commons Attribution-NonCommercial-ShareAlike 3.0,3.5,15:58,https://www.xeno-canto.org/124705,akiapo/XC124705.ogg
akiapo,"['apapan', 'hawama', 'iiwi', 'omao', 'warwhe1']",['song'],19.6334,-155.3753,Hemignathus wilsoni,Akiapolaau,Brooks Rownd,Creative Commons Attribution-NonCommercial-ShareAlike 3.0,2.5,14:43,https://www.xeno-canto.org/124801,akiapo/XC124801.ogg
akiapo,"['apapan', 'hawama', 'iiwi']",['song'],19.7937,-155.3243,Hemignathus wilsoni,Akiapolaau,Eric VanderWerf,Creative Commons Attribution-NonCommercial-ShareAlike 3.0,4.5,15:00,https://www.xeno-canto.org/144826,akiapo/XC144826.ogg
akiapo,"['akepa1', 'apapan', 'hawcre', 'omao', 'warwhe1']","['begging call', 'mechanical tapping']",19.5866,-155.3402,Hemignathus wilsoni,Akiapolaau,Brooks Rownd,Creative Commons Attribution-NonCommercial-ShareAlike 3.0,3.5,16:56,https://www.xeno-canto.org/147003,akiapo/XC147003.ogg
akiapo,[],['begging call (?)'],19.7901,-155.3273,Hemignathus wilsoni,Akiapolaau,Daniel Lane,Creative Commons Attribution-NonCommercial-ShareAlike 3.0,4.0,15:40,https://www.xeno-canto.org/27355,akiapo/XC27355.ogg
akiapo,"['hawama', 'iiwi']",['call'],19.6759,-155.3845,Hemignathus wilsoni,Akiapolaau,Daniel Lane,Creative Commons Attribution-NonCommercial-ShareAlike 3.0,3.5,13:30,https://www.xeno-canto.org/27374,akiapo/XC27374.ogg
akiapo,['iiwi'],"['call', 'song']",19.6759,-155.3845,Hemignathus wilsoni,Akiapolaau,Daniel Lane,Creative Commons Attribution-NonCommercial-ShareAlike 3.0,2.5,14:00,https://www.xeno-canto.org/27376,akiapo/XC27376.ogg
akiapo,[],['song'],19.6294,-155.3615,Hemignathus wilsoni,Akiapolaau,George Wagner,Creative Commons Attribution-NonCommercial-ShareAlike 4.0,5.0,12:00,https://www.xeno-canto.org/306424,akiapo/XC306424.ogg
akiapo,['hawama'],['alarm call'],19.6759,-155.3845,Hemignathus wilsoni,Akiapolaau,Ulf Elman,Creative Commons Attribution-NonCommercial-ShareAlike 4.0,4.5,11:05,https://www.xeno-canto.org/385387,akiapo/XC385387.ogg
akiapo,['apapan'],['call'],19.536,-155.3345,Hemignathus wilsoni,Akiapolaau,Naomi,Creative Commons Attribution-NonCommercial-ShareAlike 4.0,3.5,08:30,https://www.xeno-canto.org/648118,akiapo/XC648118.ogg
akiapo,[],"['adult', 'call', 'female']",19.5361,-155.3247,Hemignathus wilsoni,Akiapolaau,Naomi,Creative Commons Attribution-NonCommercial-ShareAlike 4.0,4.0,10:30,https://www.xeno-canto.org/648120,akiapo/XC648120.ogg
akikik,"['akikik', 'apapan']",['call'],22.0815,-159.555,Oreomystis bairdi,Akikiki,Patrick Blake,Creative Commons Attribution-NonCommercial-ShareAlike 4.0,3.5,16:00,https://www.xeno-canto.org/216038,akikik/XC216038.ogg
akikik,[],['call'],22.0815,-159.555,Oreomystis bairdi,Akikiki,Patrick Blake,Creative Commons Attribution-NonCommercial-ShareAlike 4.0,3.5,14:00,https://www.xeno-canto.org/317034,akikik/XC317034.ogg
amewig,[],['call'],56.7264,-111.3803,Mareca americana,American Wigeon,Dugan Maynard,Creative Commons Attribution-NonCommercial-ShareAlike 3.0,3.5,05:00,https://www.xeno-canto.org/150015,amewig/XC150015.ogg
amewig,[],['call'],56.7264,-111.3803,Mareca americana,American Wigeon,Dugan Maynard,Creative Commons Attribution-NonCommercial-ShareAlike 3.0,3.0,06:00,https://www.xeno-canto.org/150063,amewig/XC150063.ogg
amewig,[],['call'],56.7264,-111.3803,Mareca americana,American Wigeon,Dugan Maynard,Creative Commons Attribution-NonCommercial-ShareAlike 3.0,1.0,22:00,https://www.xeno-canto.org/152348,amewig/XC152348.ogg
amewig,['sora'],['call'],35.0307,-120.6205,Mareca americana,American Wigeon,Thomas G. Graves,Creative Commons Attribution-NonCommercial-ShareAlike 3.0,3.5,9:30,https://www.xeno-canto.org/152396,amewig/XC152396.ogg
amewig,[],['call'],56.7264,-111.3803,Mareca americana,American Wigeon,Dugan Maynard,Creative Commons Attribution-NonCommercial-ShareAlike 3.0,1.5,05:00,https://www.xeno-canto.org/152873,amewig/XC152873.ogg
amewig,['sora'],['call'],56.7264,-111.3803,Mareca americana,American Wigeon,Dugan Maynard,Creative Commons Attribution-NonCommercial-ShareAlike 3.0,3.5,04:00,https://www.xeno-canto.org/153020,amewig/XC153020.ogg
amewig,['mallar3'],['call'],48.4123,-123.3627,Mareca americana,American Wigeon,Ian Cruickshank,Creative Commons Attribution-NonCommercial-ShareAlike 3.0,3.5,13:00,https://www.xeno-canto.org/165450,amewig/XC165450.ogg
amewig,[],['call'],32.233,-109.8269,Mareca americana,American Wigeon,Paul Marvin,Creative Commons Attribution-NonCommercial-ShareAlike 4.0,3.5,11:27,https://www.xeno-canto.org/172886,amewig/XC172886.ogg
amewig,[],['call'],32.564,-117.1256,Mareca americana,American Wigeon,Paul Marvin,Creative Commons Attribution-NonCommercial-ShareAlike 4.0,4.0,09:54,https://www.xeno-canto.org/172887,amewig/XC172887.ogg
amewig,['houfin'],['call'],32.564,-117.1256,Mareca americana,American Wigeon,Paul Marvin,Creative Commons Attribution-NonCommercial-ShareAlike 4.0,3.5,10:15,https://www.xeno-canto.org/172888,amewig/XC172888.ogg
amewig,[],['call'],32.564,-117.1256,Mareca americana,American Wigeon,Paul Marvin,Creative Commons Attribution-NonCommercial-ShareAlike 4.0,4.0,10:53,https://www.xeno-canto.org/172889,amewig/XC172889.ogg
amewig,[],['call'],32.564,-117.1256,Mareca americana,American Wigeon,Paul Marvin,Creative Commons Attribution-NonCommercial-ShareAlike 4.0,4.0,10:45,https://www.xeno-canto.org/172890,amewig/XC172890.ogg
amewig,[],['flight call'],47.7312,-70.4221,Mareca americana,American Wigeon,Martin St-Michel,Creative Commons Attribution-NonCommercial-ShareAlike 4.0,5.0,18:25,https://www.xeno-canto.org/187408,amewig/XC187408.ogg
amewig,[],['flight call'],47.7312,-70.4221,Mareca americana,American Wigeon,Martin St-Michel,Creative Commons Attribution-NonCommercial-ShareAlike 4.0,4.0,18:28,https://www.xeno-canto.org/187411,amewig/XC187411.ogg
amewig,[],['male'],51.7068,-103.5791,Mareca americana,American Wigeon,Patrick Turgeon,Creative Commons Attribution-NonCommercial-ShareAlike 4.0,0.0,12:49,https://www.xeno-canto.org/293789,amewig/XC293789.ogg
amewig,[],['call'],33.8047,-116.5067,Mareca americana,American Wigeon,Jim Holmes,Creative Commons Attribution-NonCommercial-ShareAlike 4.0,4.0,09:00,https://www.xeno-canto.org/298401,amewig/XC298401.ogg
amewig,['mallar3'],['call'],40.015,-105.2705,Mareca americana,American Wigeon,Ted Floyd,Creative Commons Attribution-NonCommercial-ShareAlike 4.0,2.5,14:16,https://www.xeno-canto.org/301850,amewig/XC301850.ogg
amewig,[],"['call', 'male']",34.7912,135.4983,Mareca americana,American Wigeon,Anon Torimi,Creative Commons Attribution-NonCommercial-ShareAlike 4.0,5.0,13:30,https://www.xeno-canto.org/305019,amewig/XC305019.ogg
amewig,[],"['call', 'male']",34.7912,135.4983,Mareca americana,American Wigeon,Anon Torimi,Creative Commons Attribution-NonCommercial-ShareAlike 4.0,5.0,13:30,https://www.xeno-canto.org/305020,amewig/XC305020.ogg
amewig,[],"['call', 'male']",34.7912,135.4983,Mareca americana,American Wigeon,Anon Torimi,Creative Commons Attribution-NonCommercial-ShareAlike 4.0,4.0,13:00,https://www.xeno-canto.org/305022,amewig/XC305022.ogg
amewig,[],"['call', 'male']",34.7912,135.4983,Mareca americana,American Wigeon,Anon Torimi,Creative Commons Attribution-NonCommercial-ShareAlike 4.0,4.0,13:00,https://www.xeno-canto.org/305023,amewig/XC305023.ogg
amewig,[],"['male', 'wing beats']",34.7912,135.4983,Mareca americana,American Wigeon,Anon Torimi,Creative Commons Attribution-NonCommercial-ShareAlike 4.0,2.5,13:00,https://www.xeno-canto.org/305276,amewig/XC305276.ogg
amewig,['mallar3'],['call'],41.7974,-71.3791,Mareca americana,American Wigeon,Dylan Pedro,Creative Commons Attribution-NonCommercial-ShareAlike 4.0,2.5,13:00,https://www.xeno-canto.org/309315,amewig/XC309315.ogg
amewig,[],['call'],48.6617,-112.4239,Mareca americana,American Wigeon,Thomas Magarian,Creative Commons Attribution-NonCommercial-ShareAlike 4.0,0.0,12:51,https://www.xeno-canto.org/335125,amewig/XC335125.ogg
amewig,[],['call'],48.6617,-112.4239,Mareca americana,American Wigeon,Thomas Magarian,Creative Commons Attribution-NonCommercial-ShareAlike 4.0,0.0,13:14,https://www.xeno-canto.org/335126,amewig/XC335126.ogg
amewig,[],"['alarm call', 'female']",50.9619,-118.1997,Mareca americana,American Wigeon,James Bradley,Creative Commons Attribution-NonCommercial-ShareAlike 4.0,4.0,08:00,https://www.xeno-canto.org/379016,amewig/XC379016.ogg
amewig,[],"['call', 'male']",33.7251,-117.9103,Mareca americana,American Wigeon,Paul Marvin,Creative Commons Attribution-NonCommercial-ShareAlike 4.0,5.0,09:09,https://www.xeno-canto.org/384955,amewig/XC384955.ogg
amewig,['mallar3'],['call'],48.4302,-123.3926,Mareca americana,American Wigeon,Barry Edmonston,Creative Commons Attribution-NonCommercial-ShareAlike 4.0,4.5,21:30,https://www.xeno-canto.org/396690,amewig/XC396690.ogg
amewig,[],['call'],32.2789,-111.0223,Mareca americana,American Wigeon,Janine McCabe,Creative Commons Attribution-NonCommercial-ShareAlike 4.0,3.0,09:30,https://www.xeno-canto.org/398300,amewig/XC398300.ogg
amewig,[],['call'],40.5032,-105.0629,Mareca americana,American Wigeon,Nick Komar,Creative Commons Attribution-NonCommercial-ShareAlike 4.0,4.0,17:30,https://www.xeno-canto.org/403005,amewig/XC403005.ogg
amewig,[],"['alarm call', 'call']",47.6807,-122.2459,Mareca americana,American Wigeon,Bruce Lagerquist,Creative Commons Attribution-NonCommercial-ShareAlike 4.0,5.0,07:30,https://www.xeno-canto.org/404504,amewig/XC404504.ogg
amewig,[],"['call', 'female', 'male']",32.6185,-117.1029,Mareca americana,American Wigeon,Paul Marvin,Creative Commons Attribution-NonCommercial-ShareAlike 4.0,4.0,07:03,https://www.xeno-canto.org/448935,amewig/XC448935.ogg
amewig,[],"['call', 'male']",32.6185,-117.1029,Mareca americana,American Wigeon,Paul Marvin,Creative Commons Attribution-NonCommercial-ShareAlike 4.0,4.0,07:14,https://www.xeno-canto.org/448937,amewig/XC448937.ogg
amewig,['cangoo'],"['Whi-Whee-Whew', 'call', 'male']",40.7124,-74.4871,Mareca americana,American Wigeon,William Whitehead,Creative Commons Attribution-NonCommercial-ShareAlike 4.0,3.5,02:00,https://www.xeno-canto.org/509697,amewig/XC509697.ogg
amewig,[],"['adult', 'call', 'female', 'female call']",49.2713,-123.1949,Mareca americana,American Wigeon,Sunny Tseng,Creative Commons Attribution-NonCommercial-ShareAlike 4.0,4.0,11:30,https://www.xeno-canto.org/509721,amewig/XC509721.ogg
amewig,[],"['adult', 'call', 'male', 'male call']",49.2713,-123.1949,Mareca americana,American Wigeon,Sunny Tseng,Creative Commons Attribution-NonCommercial-ShareAlike 4.0,3.0,11:30,https://www.xeno-canto.org/509723,amewig/XC509723.ogg
amewig,[],"['call', 'male']",34.7092,135.3573,Mareca americana,American Wigeon,Anon Torimi,Creative Commons Attribution-NonCommercial-ShareAlike 4.0,3.0,12:00,https://www.xeno-canto.org/513990,amewig/XC513990.ogg
amewig,['eurwig'],"['call', 'male']",34.7092,135.3573,Mareca americana,American Wigeon,Anon Torimi,Creative Commons Attribution-NonCommercial-ShareAlike 4.0,2.5,12:05,https://www.xeno-canto.org/513991,amewig/XC513991.ogg
amewig,['norsho'],"['adult', 'call', 'male']",25.6602,-109.0033,Mareca americana,American Wigeon,Manuel Grosselet,Creative Commons Attribution-NonCommercial-ShareAlike 4.0,4.5,09:30,https://www.xeno-canto.org/519618,amewig/XC519618.ogg
amewig,['bknsti'],"['adult', 'call', 'male']",25.6602,-109.0033,Mareca americana,American Wigeon,Manuel Grosselet,Creative Commons Attribution-NonCommercial-ShareAlike 4.0,4.5,09:30,https://www.xeno-canto.org/519619,amewig/XC519619.ogg
amewig,[],['call'],25.6602,-109.0033,Mareca americana,American Wigeon,Isain Contreras Rodríguez,Creative Commons Attribution-NonCommercial-ShareAlike 4.0,5.0,07:30,https://www.xeno-canto.org/519789,amewig/XC519789.ogg
amewig,[],['call'],25.6602,-109.0033,Mareca americana,American Wigeon,Isain Contreras Rodríguez,Creative Commons Attribution-NonCommercial-ShareAlike 4.0,5.0,07:30,https://www.xeno-canto.org/519790,amewig/XC519790.ogg
amewig,[],"['adult', 'call', 'male']",52.5484,6.1209,Mareca americana,American Wigeon,Wolbert Hermus,Creative Commons Attribution-NonCommercial-ShareAlike 4.0,4.0,09:30,https://www.xeno-canto.org/522375,amewig/XC522375.ogg
amewig,[],['call'],45.5734,-122.6114,Mareca americana,American Wigeon,Thomas Magarian,Creative Commons Attribution-NonCommercial-ShareAlike 4.0,3.5,16:15,https://www.xeno-canto.org/524662,amewig/XC524662.ogg
amewig,['mallar3'],['call'],45.5734,-122.6114,Mareca americana,American Wigeon,Thomas Magarian,Creative Commons Attribution-NonCommercial-ShareAlike 4.0,3.5,16:22,https://www.xeno-canto.org/524663,amewig/XC524663.ogg
amewig,[],"['Whi-Whee-Whew', 'male', 'song']",40.5874,-74.2621,Mareca americana,American Wigeon,William Whitehead,Creative Commons Attribution-NonCommercial-ShareAlike 4.0,4.5,07:30,https://www.xeno-canto.org/530872,amewig/XC530872.ogg
amewig,[],['call'],49.2775,-123.1453,Mareca americana,American Wigeon,Sunny Tseng,Creative Commons Attribution-NonCommercial-ShareAlike 4.0,4.0,11:30,https://www.xeno-canto.org/531503,amewig/XC531503.ogg
amewig,[],['call'],49.2775,-123.1453,Mareca americana,American Wigeon,Sunny Tseng,Creative Commons Attribution-NonCommercial-ShareAlike 4.0,5.0,11:30,https://www.xeno-canto.org/531510,amewig/XC531510.ogg
amewig,[],['call'],19.2726,-98.9868,Mareca americana,American Wigeon,Isain Contreras Rodríguez,Creative Commons Attribution-NonCommercial-ShareAlike 4.0,4.0,07:30,https://www.xeno-canto.org/593011,amewig/XC593011.ogg
amewig,[],"['adult', 'call', 'female', 'male']",49.2714,-123.1956,Mareca americana,American Wigeon,Peter Ward and Ken Hall,Creative Commons Attribution-NonCommercial-ShareAlike 4.0,5.0,10:00,https://www.xeno-canto.org/603725,amewig/XC603725.ogg
amewig,['cangoo'],['call'],34.0876,-118.1154,Mareca americana,American Wigeon,Grant Kirchhoff,Creative Commons Attribution-NonCommercial-ShareAlike 4.0,3.5,16:00,https://www.xeno-canto.org/611348,amewig/XC611348.ogg
aniani,['kauama'],['song'],22.1467,-159.6134,Magumma parva,Anianiau,Dan Lane,Creative Commons Attribution-NonCommercial-ShareAlike 4.0,3.5,09:30,https://www.xeno-canto.org/174949,aniani/XC174949.ogg
aniani,"['apapan', 'kauama']",['call'],22.1467,-159.6134,Magumma parva,Anianiau,Dan Lane,Creative Commons Attribution-NonCommercial-ShareAlike 4.0,3.5,10:00,https://www.xeno-canto.org/174952,aniani/XC174952.ogg
aniani,['apapan'],['call'],22.1467,-159.6134,Magumma parva,Anianiau,Dan Lane,Creative Commons Attribution-NonCommercial-ShareAlike 4.0,3.5,10:30,https://www.xeno-canto.org/174955,aniani/XC174955.ogg
aniani,[],['call'],22.1467,-159.6134,Magumma parva,Anianiau,Ross Gallardy,Creative Commons Attribution-NonCommercial-ShareAlike 4.0,5.0,15:30,https://www.xeno-canto.org/210202,aniani/XC210202.ogg
aniani,[],['call'],22.1467,-159.6134,Magumma parva,Anianiau,Ross Gallardy,Creative Commons Attribution-NonCommercial-ShareAlike 4.0,4.0,09:00,https://www.xeno-canto.org/210203,aniani/XC210203.ogg
aniani,[],['call'],22.1467,-159.6134,Magumma parva,Anianiau,Ross Gallardy,Creative Commons Attribution-NonCommercial-ShareAlike 4.0,4.0,09:00,https://www.xeno-canto.org/210204,aniani/XC210204.ogg
aniani,[],['call'],22.1467,-159.6134,Magumma parva,Anianiau,Ross Gallardy,Creative Commons Attribution-NonCommercial-ShareAlike 4.0,4.0,11:30,https://www.xeno-canto.org/210205,aniani/XC210205.ogg
aniani,[],['song'],22.1467,-159.6134,Magumma parva,Anianiau,Ross Gallardy,Creative Commons Attribution-NonCommercial-ShareAlike 4.0,5.0,15:00,https://www.xeno-canto.org/210206,aniani/XC210206.ogg
aniani,[],"['call', 'rain']",22.1493,-159.6099,Magumma parva,Anianiau,Bobby Wilcox,Creative Commons Attribution-NonCommercial-ShareAlike 4.0,2.0,11:30,https://www.xeno-canto.org/256222,aniani/XC256222.ogg
aniani,['iiwi'],"['call', 'song']",22.1467,-159.6134,Magumma parva,Anianiau,Daniel Lane,Creative Commons Attribution-NonCommercial-ShareAlike 3.0,4.5,10:50,https://www.xeno-canto.org/27338,aniani/XC27338.ogg
aniani,[],['call'],22.1493,-159.6099,Magumma parva,Anianiau,Bobby Wilcox,Creative Commons Attribution-NonCommercial-ShareAlike 4.0,0.0,15:00,https://www.xeno-canto.org/314503,aniani/XC314503.ogg
aniani,[],['call'],22.1467,-159.6134,Magumma parva,Anianiau,Dan Lane,Creative Commons Attribution-NonCommercial-ShareAlike 4.0,4.0,12:00,https://www.xeno-canto.org/317139,aniani/XC317139.ogg
apapan,[],"['call', 'song', 'wing flutters']",22.1417,-159.6219,Himatione sanguinea,Apapane,Thomas Hamel,Creative Commons Attribution-NonCommercial-ShareAlike 3.0,4.0,09:30,https://www.xeno-canto.org/139974,apapan/XC139974.ogg
apapan,['aniani'],['call'],22.1467,-159.6134,Himatione sanguinea,Apapane,Dan Lane,Creative Commons Attribution-NonCommercial-ShareAlike 4.0,3.5,09:30,https://www.xeno-canto.org/174948,apapan/XC174948.ogg
apapan,['saffin'],['song'],19.4264,-155.2373,Himatione sanguinea,Apapane,Dan Lane,Creative Commons Attribution-NonCommercial-ShareAlike 4.0,3.5,06:00,https://www.xeno-canto.org/175215,apapan/XC175215.ogg
apapan,"['spodov', 'zebdov']",['song'],19.4264,-155.2373,Himatione sanguinea,Apapane,Dan Lane,Creative Commons Attribution-NonCommercial-ShareAlike 4.0,3.5,06:00,https://www.xeno-canto.org/175225,apapan/XC175225.ogg
apapan,[],['song'],19.4264,-155.2373,Himatione sanguinea,Apapane,Dan Lane,Creative Commons Attribution-NonCommercial-ShareAlike 4.0,5.0,06:30,https://www.xeno-canto.org/175230,apapan/XC175230.ogg
apapan,['houfin'],['call'],19.4264,-155.2373,Himatione sanguinea,Apapane,Dan Lane,Creative Commons Attribution-NonCommercial-ShareAlike 4.0,3.5,06:30,https://www.xeno-canto.org/175233,apapan/XC175233.ogg
apapan,['iiwi'],['song'],19.7901,-155.3273,Himatione sanguinea,Apapane,Dan Lane,Creative Commons Attribution-NonCommercial-ShareAlike 4.0,3.5,12:00,https://www.xeno-canto.org/175507,apapan/XC175507.ogg
apapan,['iiwi'],['song'],19.7901,-155.3273,Himatione sanguinea,Apapane,Dan Lane,Creative Commons Attribution-NonCommercial-ShareAlike 4.0,3.5,12:00,https://www.xeno-canto.org/175508,apapan/XC175508.ogg
apapan,[],['call'],22.1467,-159.6134,Himatione sanguinea,Apapane,Ross Gallardy,Creative Commons Attribution-NonCommercial-ShareAlike 4.0,4.0,15:00,https://www.xeno-canto.org/210193,apapan/XC210193.ogg
apapan,[],['call'],22.1467,-159.6134,Himatione sanguinea,Apapane,Ross Gallardy,Creative Commons Attribution-NonCommercial-ShareAlike 4.0,5.0,15:00,https://www.xeno-canto.org/210194,apapan/XC210194.ogg
apapan,[],['song'],22.1467,-159.6134,Himatione sanguinea,Apapane,Ross Gallardy,Creative Commons Attribution-NonCommercial-ShareAlike 4.0,4.0,09:00,https://www.xeno-canto.org/210195,apapan/XC210195.ogg
apapan,[],"['male', 'song']",22.1467,-159.6134,Himatione sanguinea,Apapane,Ross Gallardy,Creative Commons Attribution-NonCommercial-ShareAlike 4.0,5.0,09:00,https://www.xeno-canto.org/210197,apapan/XC210197.ogg
apapan,[],['song'],22.1467,-159.6134,Himatione sanguinea,Apapane,Ross Gallardy,Creative Commons Attribution-NonCommercial-ShareAlike 4.0,4.0,09:00,https://www.xeno-canto.org/210198,apapan/XC210198.ogg
apapan,[],['song'],22.1467,-159.6134,Himatione sanguinea,Apapane,Ross Gallardy,Creative Commons Attribution-NonCommercial-ShareAlike 4.0,5.0,17:00,https://www.xeno-canto.org/210199,apapan/XC210199.ogg
apapan,[],['song'],22.0815,-159.555,Himatione sanguinea,Apapane,Patrick Blake,Creative Commons Attribution-NonCommercial-ShareAlike 4.0,5.0,13:30,https://www.xeno-canto.org/219958,apapan/XC219958.ogg
apapan,['apapan'],['song'],22.0815,-159.555,Himatione sanguinea,Apapane,Patrick Blake,Creative Commons Attribution-NonCommercial-ShareAlike 4.0,4.5,10:30,https://www.xeno-canto.org/219959,apapan/XC219959.ogg
apapan,[],['call'],19.6725,-155.3876,Himatione sanguinea,Apapane,Todd Mark,Creative Commons Attribution-NonCommercial-ShareAlike 4.0,4.0,07:30,https://www.xeno-canto.org/252590,apapan/XC252590.ogg
apapan,[],['song'],22.1484,-159.6277,Himatione sanguinea,Apapane,Bobby Wilcox,Creative Commons Attribution-NonCommercial-ShareAlike 4.0,2.0,10:00,https://www.xeno-canto.org/256220,apapan/XC256220.ogg
apapan,[],['song'],22.1467,-159.6134,Himatione sanguinea,Apapane,Daniel Lane,Creative Commons Attribution-NonCommercial-ShareAlike 3.0,4.0,13:45,https://www.xeno-canto.org/27308,apapan/XC27308.ogg
apapan,['warwhe1'],['song'],22.1467,-159.6134,Himatione sanguinea,Apapane,Daniel Lane,Creative Commons Attribution-NonCommercial-ShareAlike 3.0,3.5,09:45,https://www.xeno-canto.org/27317,apapan/XC27317.ogg
apapan,[],['call'],22.1467,-159.6134,Himatione sanguinea,Apapane,Daniel Lane,Creative Commons Attribution-NonCommercial-ShareAlike 3.0,5.0,12:00,https://www.xeno-canto.org/27318,apapan/XC27318.ogg
apapan,"['hawama', 'iiwi', 'omao']",['song'],19.6814,-155.3976,Himatione sanguinea,Apapane,Daniel Lane,Creative Commons Attribution-NonCommercial-ShareAlike 3.0,3.5,12:45,https://www.xeno-canto.org/27327,apapan/XC27327.ogg
apapan,[],['song'],22.1506,-159.6406,Himatione sanguinea,Apapane,Daniel Lane,Creative Commons Attribution-NonCommercial-ShareAlike 3.0,4.0,11:45,https://www.xeno-canto.org/27330,apapan/XC27330.ogg
apapan,[],['song'],22.1506,-159.6406,Himatione sanguinea,Apapane,Daniel Lane,Creative Commons Attribution-NonCommercial-ShareAlike 3.0,5.0,12:00,https://www.xeno-canto.org/27331,apapan/XC27331.ogg
apapan,"['warwhe1', 'zebdov']",['song'],19.4264,-155.2373,Himatione sanguinea,Apapane,Daniel Lane,Creative Commons Attribution-NonCommercial-ShareAlike 3.0,4.5,06:15,https://www.xeno-canto.org/27340,apapan/XC27340.ogg
apapan,[],['song'],22.1467,-159.6134,Himatione sanguinea,Apapane,Daniel Lane,Creative Commons Attribution-NonCommercial-ShareAlike 3.0,5.0,10:00,https://www.xeno-canto.org/27367,apapan/XC27367.ogg
apapan,"['hawama', 'iiwi']",['song'],19.7901,-155.3273,Himatione sanguinea,Apapane,Daniel Lane,Creative Commons Attribution-NonCommercial-ShareAlike 3.0,4.5,13:10,https://www.xeno-canto.org/27369,apapan/XC27369.ogg
apapan,[],['song'],22.1493,-159.6099,Himatione sanguinea,Apapane,Bobby Wilcox,Creative Commons Attribution-NonCommercial-ShareAlike 4.0,3.0,09:30,https://www.xeno-canto.org/314499,apapan/XC314499.ogg
apapan,[],['call'],20.769,-156.237,Himatione sanguinea,Apapane,Thomas G. Graves,Creative Commons Attribution-NonCommercial-ShareAlike 4.0,3.0,07:33,https://www.xeno-canto.org/326575,apapan/XC326575.ogg
apapan,['iiwi'],"['call', 'song']",20.769,-156.237,Himatione sanguinea,Apapane,Thomas G. Graves,Creative Commons Attribution-NonCommercial-ShareAlike 4.0,2.5,07:37,https://www.xeno-canto.org/326577,apapan/XC326577.ogg
apapan,[],['call'],20.769,-156.237,Himatione sanguinea,Apapane,Thomas G. Graves,Creative Commons Attribution-NonCommercial-ShareAlike 4.0,4.0,08:08,https://www.xeno-canto.org/327341,apapan/XC327341.ogg
apapan,[],['call'],20.769,-156.237,Himatione sanguinea,Apapane,Thomas G. Graves,Creative Commons Attribution-NonCommercial-ShareAlike 4.0,3.0,09:03,https://www.xeno-canto.org/327355,apapan/XC327355.ogg
apapan,['apapan'],['song'],20.769,-156.237,Himatione sanguinea,Apapane,Thomas G. Graves,Creative Commons Attribution-NonCommercial-ShareAlike 4.0,3.5,06:21,https://www.xeno-canto.org/327362,apapan/XC327362.ogg
apapan,[],['song'],20.769,-156.237,Himatione sanguinea,Apapane,Thomas G. Graves,Creative Commons Attribution-NonCommercial-ShareAlike 4.0,4.0,06:22,https://www.xeno-canto.org/327363,apapan/XC327363.ogg
apapan,[],['song'],19.4145,-155.242,Himatione sanguinea,Apapane,Craig Robertson,Creative Commons Attribution-NonCommercial-ShareAlike 4.0,3.0,13:30,https://www.xeno-canto.org/336995,apapan/XC336995.ogg
apapan,['oahama'],['song'],21.399,-157.898,Himatione sanguinea,Apapane,Dan Lane,Creative Commons Attribution-NonCommercial-ShareAlike 4.0,2.5,12:00,https://www.xeno-canto.org/368428,apapan/XC368428.ogg
apapan,[],['song'],19.4424,-155.315,Himatione sanguinea,Apapane,Ulf Elman,Creative Commons Attribution-NonCommercial-ShareAlike 4.0,5.0,06:43,https://www.xeno-canto.org/385165,apapan/XC385165.ogg
apapan,[],['song'],20.7123,-156.3029,Himatione sanguinea,Apapane,Ulf Elman,Creative Commons Attribution-NonCommercial-ShareAlike 4.0,4.0,11:58,https://www.xeno-canto.org/385295,apapan/XC385295.ogg
apapan,[],"['song', 'wing sounds']",20.7123,-156.3029,Himatione sanguinea,Apapane,Ulf Elman,Creative Commons Attribution-NonCommercial-ShareAlike 4.0,4.0,16:46,https://www.xeno-canto.org/385332,apapan/XC385332.ogg
apapan,[],['call'],19.4469,-155.3036,Himatione sanguinea,Apapane,Ulf Elman,Creative Commons Attribution-NonCommercial-ShareAlike 4.0,4.0,16:22,https://www.xeno-canto.org/385474,apapan/XC385474.ogg
apapan,[],['song'],21.412,-158.0987,Himatione sanguinea,Apapane,Sean Erroll MacDonald,Creative Commons Attribution-NonCommercial-ShareAlike 4.0,5.0,11:53,https://www.xeno-canto.org/454885,apapan/XC454885.ogg
apapan,['jabwar'],['call'],21.4104,-158.0977,Himatione sanguinea,Apapane,Sean Erroll MacDonald,Creative Commons Attribution-NonCommercial-ShareAlike 4.0,4.5,12:04,https://www.xeno-canto.org/454887,apapan/XC454887.ogg
apapan,[],"['sex uncertain', 'song']",22.1477,-159.6312,Himatione sanguinea,Apapane,Phoenix Birder,Creative Commons Attribution-NonCommercial-ShareAlike 4.0,5.0,06:59,https://www.xeno-canto.org/503602,apapan/XC503602.ogg
apapan,['redjun'],"['adult', 'sex uncertain', 'song']",22.1477,-159.6312,Himatione sanguinea,Apapane,Phoenix Birder,Creative Commons Attribution-NonCommercial-ShareAlike 4.0,4.5,07:01,https://www.xeno-canto.org/503604,apapan/XC503604.ogg
apapan,['hawama'],"['adult', 'call', 'sex uncertain', 'subsong']",20.7692,-156.2346,Himatione sanguinea,Apapane,Phoenix Birder,Creative Commons Attribution-NonCommercial-ShareAlike 4.0,4.5,17:37,https://www.xeno-canto.org/503719,apapan/XC503719.ogg
apapan,['iiwi'],"['adult', 'call', 'sex uncertain']",20.7692,-156.2346,Himatione sanguinea,Apapane,Phoenix Birder,Creative Commons Attribution-NonCommercial-ShareAlike 4.0,4.5,16:38,https://www.xeno-canto.org/503849,apapan/XC503849.ogg
apapan,[],"['adult', 'sex uncertain', 'song']",22.1484,-159.6277,Himatione sanguinea,Apapane,Rick Sharloch,Creative Commons Attribution-NonCommercial-ShareAlike 4.0,5.0,08:00,https://www.xeno-canto.org/505432,apapan/XC505432.ogg
arcter,[],['call'],56.0058,-3.5162,Sterna paradisaea,Arctic Tern,Mike Nelson,Creative Commons Attribution-NonCommercial-ShareAlike 3.0,3.0,07:30,https://www.xeno-canto.org/133801,arcter/XC133801.ogg
arcter,[],['call'],60.6133,17.9235,Sterna paradisaea,Arctic Tern,Jelmer Poelstra,Creative Commons Attribution-NonCommercial-ShareAlike 3.0,4.0,06:40,https://www.xeno-canto.org/135277,arcter/XC135277.ogg
arcter,[],['call'],57.594,-152.4604,Sterna paradisaea,Arctic Tern,Andrew Spencer,Creative Commons Attribution-NonCommercial-ShareAlike 3.0,5.0,11:00,https://www.xeno-canto.org/139656,arcter/XC139656.ogg
arcter,[],['call'],57.594,-152.4604,Sterna paradisaea,Arctic Tern,Andrew Spencer,Creative Commons Attribution-NonCommercial-ShareAlike 3.0,5.0,11:00,https://www.xeno-canto.org/139657,arcter/XC139657.ogg
arcter,[],['call'],57.594,-152.4604,Sterna paradisaea,Arctic Tern,Andrew Spencer,Creative Commons Attribution-NonCommercial-ShareAlike 3.0,5.0,11:00,https://www.xeno-canto.org/139658,arcter/XC139658.ogg
arcter,[],['call'],57.594,-152.4604,Sterna paradisaea,Arctic Tern,Andrew Spencer,Creative Commons Attribution-NonCommercial-ShareAlike 3.0,5.0,20:45,https://www.xeno-canto.org/139659,arcter/XC139659.ogg
arcter,[],['call'],64.4669,-164.7537,Sterna paradisaea,Arctic Tern,Andrew Spencer,Creative Commons Attribution-NonCommercial-ShareAlike 3.0,5.0,08:00,https://www.xeno-canto.org/140733,arcter/XC140733.ogg
arcter,[],"['call', 'social calls']",54.2655,8.8444,Sterna paradisaea,Arctic Tern,Volker Arnold,Creative Commons Attribution-NonCommercial-ShareAlike 3.0,4.5,21:56,https://www.xeno-canto.org/141787,arcter/XC141787.ogg
arcter,[],"['alarm call', 'flight call']",54.2655,8.8444,Sterna paradisaea,Arctic Tern,Volker Arnold,Creative Commons Attribution-NonCommercial-ShareAlike 3.0,4.5,19:55,https://www.xeno-canto.org/142818,arcter/XC142818.ogg
arcter,[],"['call', 'flight call']",78.247,15.392,Sterna paradisaea,Arctic Tern,Stein Ø. Nilsen,Creative Commons Attribution-NonCommercial-ShareAlike 3.0,4.5,14:00,https://www.xeno-canto.org/148887,arcter/XC148887.ogg
arcter,['eurwig'],['call'],69.598,18.823,Sterna paradisaea,Arctic Tern,Stein Ø. Nilsen,Creative Commons Attribution-NonCommercial-ShareAlike 3.0,4.5,06:30,https://www.xeno-canto.org/157364,arcter/XC157364.ogg
arcter,[],['song'],61.0781,21.2991,Sterna paradisaea,Arctic Tern,Tero Linjama,Creative Commons Attribution-NonCommercial-ShareAlike 3.0,5.0,06:00,https://www.xeno-canto.org/163353,arcter/XC163353.ogg
arcter,[],['call'],60.116,-149.4387,Sterna paradisaea,Arctic Tern,Davyd Betchkal,Creative Commons Attribution-NonCommercial-ShareAlike 4.0,4.0,18:43,https://www.xeno-canto.org/177388,arcter/XC177388.ogg
arcter,[],['call'],60.116,-149.4387,Sterna paradisaea,Arctic Tern,Davyd Betchkal,Creative Commons Attribution-NonCommercial-ShareAlike 4.0,4.0,18:47,https://www.xeno-canto.org/177389,arcter/XC177389.ogg
arcter,[],['call'],46.98,7.038,Sterna paradisaea,Arctic Tern,Jerome Fischer,Creative Commons Attribution-NonCommercial-ShareAlike 4.0,4.0,11:30,https://www.xeno-canto.org/180832,arcter/XC180832.ogg
arcter,[],['call'],46.98,7.038,Sterna paradisaea,Arctic Tern,Jerome Fischer,Creative Commons Attribution-NonCommercial-ShareAlike 4.0,3.5,11:30,https://www.xeno-canto.org/183826,arcter/XC183826.ogg
arcter,[],"['call', 'flight call']",46.98,7.038,Sterna paradisaea,Arctic Tern,Jerome Fischer,Creative Commons Attribution-NonCommercial-ShareAlike 4.0,3.0,12:30,https://www.xeno-canto.org/183834,arcter/XC183834.ogg
arcter,[],['call'],46.9834,7.0348,Sterna paradisaea,Arctic Tern,Pascal Christe,Creative Commons Attribution-NonCommercial-ShareAlike 4.0,3.5,08:30,https://www.xeno-canto.org/184107,arcter/XC184107.ogg
arcter,[],"['call', 'flight call']",78.925,11.9276,Sterna paradisaea,Arctic Tern,Stein Ø. Nilsen,Creative Commons Attribution-NonCommercial-ShareAlike 4.0,4.0,21:00,https://www.xeno-canto.org/186403,arcter/XC186403.ogg
arcter,[],"['call', 'flight call']",78.925,11.9276,Sterna paradisaea,Arctic Tern,Stein Ø. Nilsen,Creative Commons Attribution-NonCommercial-ShareAlike 4.0,5.0,21:00,https://www.xeno-canto.org/186405,arcter/XC186405.ogg
arcter,[],"['call', 'flight call']",78.925,11.9276,Sterna paradisaea,Arctic Tern,Stein Ø. Nilsen,Creative Commons Attribution-NonCommercial-ShareAlike 4.0,5.0,21:00,https://www.xeno-canto.org/186407,arcter/XC186407.ogg
arcter,[],['alarm call'],71.0764,28.2091,Sterna paradisaea,Arctic Tern,Rob van Bemmelen,Creative Commons Attribution-NonCommercial-ShareAlike 4.0,4.0,12:00,https://www.xeno-canto.org/198122,arcter/XC198122.ogg
arcter,[],"['call', 'flight call']",69.5667,18.6001,Sterna paradisaea,Arctic Tern,Stein Ø. Nilsen,Creative Commons Attribution-NonCommercial-ShareAlike 4.0,5.0,06:00,https://www.xeno-canto.org/210268,arcter/XC210268.ogg
arcter,[],"['call', 'flight call']",69.5667,18.6001,Sterna paradisaea,Arctic Tern,Stein Ø. Nilsen,Creative Commons Attribution-NonCommercial-ShareAlike 4.0,5.0,06:00,https://www.xeno-canto.org/210269,arcter/XC210269.ogg
arcter,[],['call'],65.0167,25.4501,Sterna paradisaea,Arctic Tern,Niels Krabbe,Creative Commons Attribution-NonCommercial-ShareAlike 3.0,4.5,xx:xx,https://www.xeno-canto.org/25068,arcter/XC25068.ogg
arcter,[],['call'],65.0167,25.4501,Sterna paradisaea,Arctic Tern,Niels Krabbe,Creative Commons Attribution-NonCommercial-ShareAlike 3.0,3.5,xx:xx,https://www.xeno-canto.org/25071,arcter/XC25071.ogg
arcter,[],['calls by attacking male'],67.5167,17.5334,Sterna paradisaea,Arctic Tern,Niels Krabbe,Creative Commons Attribution-NonCommercial-ShareAlike 3.0,4.0,xx:xx,https://www.xeno-canto.org/25176,arcter/XC25176.ogg
arcter,[],['Alarmcalls'],68.4303,18.2576,Sterna paradisaea,Arctic Tern,Patrik Åberg,Creative Commons Attribution-NonCommercial-ShareAlike 3.0,5.0,?,https://www.xeno-canto.org/27035,arcter/XC27035.ogg
arcter,[],"['alarm call', 'call', 'flight call']",61.124,-151.1033,Sterna paradisaea,Arctic Tern,Garrett MacDonald,Creative Commons Attribution-NonCommercial-ShareAlike 4.0,5.0,13:30,https://www.xeno-canto.org/283636,arcter/XC283636.ogg
arcter,[],['call'],57.7112,18.3714,Sterna paradisaea,Arctic Tern,Mikael Litsgård,Creative Commons Attribution-NonCommercial-ShareAlike 4.0,4.0,21:34,https://www.xeno-canto.org/287765,arcter/XC287765.ogg
arcter,[],['call'],57.7112,18.3714,Sterna paradisaea,Arctic Tern,Mikael Litsgård,Creative Commons Attribution-NonCommercial-ShareAlike 4.0,4.0,21:38,https://www.xeno-canto.org/287766,arcter/XC287766.ogg
arcter,[],['call'],57.6923,18.3513,Sterna paradisaea,Arctic Tern,Mikael Litsgård,Creative Commons Attribution-NonCommercial-ShareAlike 4.0,4.0,03:35,https://www.xeno-canto.org/287768,arcter/XC287768.ogg
arcter,[],['display'],53.9815,-2.8728,Sterna paradisaea,Arctic Tern,Chris Batty,Creative Commons Attribution-NonCommercial-ShareAlike 4.0,2.0,08:30,https://www.xeno-canto.org/294481,arcter/XC294481.ogg
arcter,[],['Call'],58.4439,14.4687,Sterna paradisaea,Arctic Tern,Patrik Åberg,Creative Commons Attribution-NonCommercial-ShareAlike 3.0,5.0,?,https://www.xeno-canto.org/30166,arcter/XC30166.ogg
arcter,[],['flight call'],64.0495,-16.1805,Sterna paradisaea,Arctic Tern,Joss Deffarges,Creative Commons Attribution-NonCommercial-ShareAlike 4.0,1.0,01:24,https://www.xeno-canto.org/308958,arcter/XC308958.ogg
arcter,[],['call'],56.1836,-2.5518,Sterna paradisaea,Arctic Tern,Marco Preziosi,Creative Commons Attribution-NonCommercial-ShareAlike 4.0,5.0,09:00,https://www.xeno-canto.org/321008,arcter/XC321008.ogg
arcter,[],"['alarm call', 'flight call']",56.1836,-2.5518,Sterna paradisaea,Arctic Tern,Marco Preziosi,Creative Commons Attribution-NonCommercial-ShareAlike 4.0,5.0,09:00,https://www.xeno-canto.org/321009,arcter/XC321009.ogg
arcter,[],['call'],61.0781,21.2991,Sterna paradisaea,Arctic Tern,Tero Linjama,Creative Commons Attribution-NonCommercial-ShareAlike 4.0,5.0,07:00,https://www.xeno-canto.org/343119,arcter/XC343119.ogg
arcter,[],"['alarm call', 'courtship call']",58.7926,17.8554,Sterna paradisaea,Arctic Tern,Ulf Elman,Creative Commons Attribution-NonCommercial-ShareAlike 4.0,4.5,07:00,https://www.xeno-canto.org/367581,arcter/XC367581.ogg
arcter,[],['flight call'],60.044,24.2574,Sterna paradisaea,Arctic Tern,Eetu Paljakka,Creative Commons Attribution-NonCommercial-ShareAlike 4.0,4.0,13:33,https://www.xeno-canto.org/367634,arcter/XC367634.ogg
arcter,[],['flight call'],59.8318,23.0871,Sterna paradisaea,Arctic Tern,Eetu Paljakka,Creative Commons Attribution-NonCommercial-ShareAlike 4.0,5.0,11:25,https://www.xeno-canto.org/370355,arcter/XC370355.ogg
arcter,[],['flight call'],59.8318,23.0871,Sterna paradisaea,Arctic Tern,Eetu Paljakka,Creative Commons Attribution-NonCommercial-ShareAlike 4.0,3.5,11:35,https://www.xeno-canto.org/370357,arcter/XC370357.ogg
arcter,[],['call'],78.218468,15.647879,Sterna paradisaea,Arctic Tern,David Farrow,Creative Commons Attribution-NonCommercial-ShareAlike 3.0,5.0,?:?,https://www.xeno-canto.org/37419,arcter/XC37419.ogg
arcter,[],['flight call'],67.6375,52.9032,Sterna paradisaea,Arctic Tern,Albert Lastukhin,Creative Commons Attribution-NonCommercial-ShareAlike 4.0,4.0,23:00,https://www.xeno-canto.org/378021,arcter/XC378021.ogg
arcter,[],['alarm call'],67.6375,52.9032,Sterna paradisaea,Arctic Tern,Albert Lastukhin,Creative Commons Attribution-NonCommercial-ShareAlike 4.0,4.0,23:00,https://www.xeno-canto.org/378023,arcter/XC378023.ogg
arcter,[],"['alarm call', 'begging call']",63.6063,20.0082,Sterna paradisaea,Arctic Tern,Lars Edenius,Creative Commons Attribution-NonCommercial-ShareAlike 4.0,5.0,06:30,https://www.xeno-canto.org/381239,arcter/XC381239.ogg
arcter,[],"['alarm call', 'begging call', 'call']",63.6063,20.0082,Sterna paradisaea,Arctic Tern,Lars Edenius,Creative Commons Attribution-NonCommercial-ShareAlike 4.0,4.5,06:30,https://www.xeno-canto.org/381240,arcter/XC381240.ogg
arcter,[],['flight call'],41.4217,-112.0663,Sterna paradisaea,Arctic Tern,Kenny Frisch,Creative Commons Attribution-NonCommercial-ShareAlike 4.0,3.5,12:00,https://www.xeno-canto.org/382852,arcter/XC382852.ogg
arcter,[],['call'],65.378,-22.9064,Sterna paradisaea,Arctic Tern,Thijs Fijen,Creative Commons Attribution-NonCommercial-ShareAlike 4.0,5.0,19:00,https://www.xeno-canto.org/383521,arcter/XC383521.ogg
arcter,[],['call'],70.9409,147.9749,Sterna paradisaea,Arctic Tern,Sunny,Creative Commons Attribution-NonCommercial-ShareAlike 4.0,5.0,16:00,https://www.xeno-canto.org/396639,arcter/XC396639.ogg
arcter,[],['call'],70.9409,147.9749,Sterna paradisaea,Arctic Tern,Sunny,Creative Commons Attribution-NonCommercial-ShareAlike 4.0,5.0,16:00,https://www.xeno-canto.org/396640,arcter/XC396640.ogg
arcter,[],['call'],70.9409,147.9749,Sterna paradisaea,Arctic Tern,Sunny,Creative Commons Attribution-NonCommercial-ShareAlike 4.0,5.0,16:00,https://www.xeno-canto.org/396641,arcter/XC396641.ogg
arcter,[],['call'],70.9409,147.9749,Sterna paradisaea,Arctic Tern,Sunny,Creative Commons Attribution-NonCommercial-ShareAlike 4.0,5.0,16:00,https://www.xeno-canto.org/396642,arcter/XC396642.ogg
arcter,[],['call'],70.9409,147.9749,Sterna paradisaea,Arctic Tern,Sunny,Creative Commons Attribution-NonCommercial-ShareAlike 4.0,5.0,16:00,https://www.xeno-canto.org/396643,arcter/XC396643.ogg
arcter,[],['call'],70.9409,147.9749,Sterna paradisaea,Arctic Tern,Sunny,Creative Commons Attribution-NonCommercial-ShareAlike 4.0,5.0,16:00,https://www.xeno-canto.org/396644,arcter/XC396644.ogg
arcter,[],['call'],70.9409,147.9749,Sterna paradisaea,Arctic Tern,Sunny,Creative Commons Attribution-NonCommercial-ShareAlike 4.0,3.0,16:30,https://www.xeno-canto.org/396648,arcter/XC396648.ogg
arcter,[],['call'],70.9409,147.9749,Sterna paradisaea,Arctic Tern,Sunny,Creative Commons Attribution-NonCommercial-ShareAlike 4.0,5.0,16:30,https://www.xeno-canto.org/396649,arcter/XC396649.ogg
arcter,[],"['call', 'female', 'male']",69.3581,18.6937,Sterna paradisaea,Arctic Tern,Karl-Birger Strann,Creative Commons Attribution-NonCommercial-ShareAlike 4.0,5.0,16:00,https://www.xeno-canto.org/401938,arcter/XC401938.ogg
arcter,[],['call'],57.2895,17.9695,Sterna paradisaea,Arctic Tern,Mats Rellmar,Creative Commons Attribution-NonCommercial-ShareAlike 4.0,4.5,05:30,https://www.xeno-canto.org/423331,arcter/XC423331.ogg
arcter,[],"['alarm call', 'call']",64.191,21.113,Sterna paradisaea,Arctic Tern,Alan Dalton,Creative Commons Attribution-NonCommercial-ShareAlike 4.0,5.0,13:30,https://www.xeno-canto.org/424968,arcter/XC424968.ogg
arcter,[],['flight call'],63.0528,74.552,Sterna paradisaea,Arctic Tern,Albert Lastukhin,Creative Commons Attribution-NonCommercial-ShareAlike 4.0,3.0,22:00,https://www.xeno-canto.org/431561,arcter/XC431561.ogg
arcter,[],['flight call'],62.1282,73.9751,Sterna paradisaea,Arctic Tern,Albert Lastukhin,Creative Commons Attribution-NonCommercial-ShareAlike 4.0,5.0,07:00,https://www.xeno-canto.org/432434,arcter/XC432434.ogg
arcter,[],['flight call'],62.1282,73.9751,Sterna paradisaea,Arctic Tern,Albert Lastukhin,Creative Commons Attribution-NonCommercial-ShareAlike 4.0,5.0,07:00,https://www.xeno-canto.org/432435,arcter/XC432435.ogg
arcter,[],['flight call'],62.1282,73.9751,Sterna paradisaea,Arctic Tern,Albert Lastukhin,Creative Commons Attribution-NonCommercial-ShareAlike 4.0,5.0,07:00,https://www.xeno-canto.org/432436,arcter/XC432436.ogg
arcter,[],"['alarm call', 'begging call', 'call', 'flight call', 'juvenile']",65.446,-22.1853,Sterna paradisaea,Arctic Tern,Stanislas Wroza,Creative Commons Attribution-NonCommercial-ShareAlike 4.0,5.0,23:30,https://www.xeno-canto.org/432745,arcter/XC432745.ogg
arcter,[],"['alarm call', 'begging call', 'call', 'flight call', 'juvenile']",65.446,-22.1853,Sterna paradisaea,Arctic Tern,Stanislas Wroza,Creative Commons Attribution-NonCommercial-ShareAlike 4.0,5.0,23:30,https://www.xeno-canto.org/432746,arcter/XC432746.ogg
arcter,[],"['alarm call', 'call', 'flight call']",65.446,-22.1853,Sterna paradisaea,Arctic Tern,Stanislas Wroza,Creative Commons Attribution-NonCommercial-ShareAlike 4.0,5.0,23:30,https://www.xeno-canto.org/432747,arcter/XC432747.ogg
arcter,[],"['alarm call', 'call', 'flight call']",65.446,-22.1853,Sterna paradisaea,Arctic Tern,Stanislas Wroza,Creative Commons Attribution-NonCommercial-ShareAlike 4.0,5.0,23:30,https://www.xeno-canto.org/432748,arcter/XC432748.ogg
arcter,[],['flight call'],59.8731,-1.2786,Sterna paradisaea,Arctic Tern,Andrew Harrop,Creative Commons Attribution-NonCommercial-ShareAlike 4.0,5.0,13:00,https://www.xeno-canto.org/473324,arcter/XC473324.ogg
arcter,[],['alarm call'],63.5988,20.7618,Sterna paradisaea,Arctic Tern,Lars Edenius,Creative Commons Attribution-NonCommercial-ShareAlike 4.0,5.0,09:00,https://www.xeno-canto.org/475539,arcter/XC475539.ogg
arcter,[],"['alarm call', 'flight call']",63.5988,20.7618,Sterna paradisaea,Arctic Tern,Lars Edenius,Creative Commons Attribution-NonCommercial-ShareAlike 4.0,5.0,09:00,https://www.xeno-canto.org/475540,arcter/XC475540.ogg
arcter,[],['flight call'],63.6832,20.3362,Sterna paradisaea,Arctic Tern,Lars Edenius,Creative Commons Attribution-NonCommercial-ShareAlike 4.0,5.0,06:00,https://www.xeno-canto.org/475653,arcter/XC475653.ogg
arcter,[],['flight call'],60.054,-1.3533,Sterna paradisaea,Arctic Tern,Andrew Harrop,Creative Commons Attribution-NonCommercial-ShareAlike 4.0,5.0,12:00,https://www.xeno-canto.org/476533,arcter/XC476533.ogg
arcter,[],"['call', 'juvenile']",65.5933,-19.4351,Sterna paradisaea,Arctic Tern,Stanislas Wroza,Creative Commons Attribution-NonCommercial-ShareAlike 4.0,0.0,10:00,https://www.xeno-canto.org/484479,arcter/XC484479.ogg
arcter,[],"['call', 'juvenile']",65.5933,-19.4351,Sterna paradisaea,Arctic Tern,Stanislas Wroza,Creative Commons Attribution-NonCommercial-ShareAlike 4.0,0.0,10:00,https://www.xeno-canto.org/484480,arcter/XC484480.ogg
arcter,[],"['begging call', 'juvenile']",65.5933,-19.4351,Sterna paradisaea,Arctic Tern,Stanislas Wroza,Creative Commons Attribution-NonCommercial-ShareAlike 4.0,0.0,10:00,https://www.xeno-canto.org/484481,arcter/XC484481.ogg
arcter,[],['alarm call'],64.7702,-23.6177,Sterna paradisaea,Arctic Tern,Stanislas Wroza,Creative Commons Attribution-NonCommercial-ShareAlike 4.0,0.0,11:00,https://www.xeno-canto.org/487341,arcter/XC487341.ogg
arcter,[],['alarm call'],64.7702,-23.6177,Sterna paradisaea,Arctic Tern,Stanislas Wroza,Creative Commons Attribution-NonCommercial-ShareAlike 4.0,0.0,11:00,https://www.xeno-canto.org/487342,arcter/XC487342.ogg
arcter,[],"['call', 'various calls']",64.7702,-23.6177,Sterna paradisaea,Arctic Tern,Stanislas Wroza,Creative Commons Attribution-NonCommercial-ShareAlike 4.0,0.0,11:00,https://www.xeno-canto.org/487343,arcter/XC487343.ogg
arcter,[],"['call', 'various calls']",64.7702,-23.6177,Sterna paradisaea,Arctic Tern,Stanislas Wroza,Creative Commons Attribution-NonCommercial-ShareAlike 4.0,0.0,11:00,https://www.xeno-canto.org/487344,arcter/XC487344.ogg
arcter,[],"['call', 'various calls']",64.7702,-23.6177,Sterna paradisaea,Arctic Tern,Stanislas Wroza,Creative Commons Attribution-NonCommercial-ShareAlike 4.0,0.0,11:00,https://www.xeno-canto.org/487345,arcter/XC487345.ogg
arcter,[],"['call', 'various calls']",64.7702,-23.6177,Sterna paradisaea,Arctic Tern,Stanislas Wroza,Creative Commons Attribution-NonCommercial-ShareAlike 4.0,0.0,11:00,https://www.xeno-canto.org/487346,arcter/XC487346.ogg
arcter,[],"['call', 'various calls']",64.7702,-23.6177,Sterna paradisaea,Arctic Tern,Stanislas Wroza,Creative Commons Attribution-NonCommercial-ShareAlike 4.0,0.0,11:00,https://www.xeno-canto.org/487347,arcter/XC487347.ogg
arcter,[],"['call', 'chasing another tern', 'flight call']",65.3741,-22.9186,Sterna paradisaea,Arctic Tern,Stanislas Wroza,Creative Commons Attribution-NonCommercial-ShareAlike 4.0,0.0,12:00,https://www.xeno-canto.org/487610,arcter/XC487610.ogg
arcter,[],"['""ki-ru"" call', 'call', 'flight call']",65.3741,-22.9186,Sterna paradisaea,Arctic Tern,Stanislas Wroza,Creative Commons Attribution-NonCommercial-ShareAlike 4.0,0.0,12:00,https://www.xeno-canto.org/487611,arcter/XC487611.ogg
arcter,[],['flight call'],65.3741,-22.9186,Sterna paradisaea,Arctic Tern,Stanislas Wroza,Creative Commons Attribution-NonCommercial-ShareAlike 4.0,0.0,12:00,https://www.xeno-canto.org/487612,arcter/XC487612.ogg
arcter,[],['flight call'],65.3741,-22.9186,Sterna paradisaea,Arctic Tern,Stanislas Wroza,Creative Commons Attribution-NonCommercial-ShareAlike 4.0,0.0,12:00,https://www.xeno-canto.org/487613,arcter/XC487613.ogg
arcter,[],"['alarm call', 'call', 'flight call']",64.9088,-23.7948,Sterna paradisaea,Arctic Tern,Stanislas Wroza,Creative Commons Attribution-NonCommercial-ShareAlike 4.0,0.0,18:00,https://www.xeno-canto.org/487667,arcter/XC487667.ogg
arcter,[],"['alarm call', 'call', 'flight call']",64.9088,-23.7948,Sterna paradisaea,Arctic Tern,Stanislas Wroza,Creative Commons Attribution-NonCommercial-ShareAlike 4.0,0.0,18:00,https://www.xeno-canto.org/487668,arcter/XC487668.ogg
arcter,[],"['alarm call', 'call', 'flight call']",64.9088,-23.7948,Sterna paradisaea,Arctic Tern,Stanislas Wroza,Creative Commons Attribution-NonCommercial-ShareAlike 4.0,0.0,18:00,https://www.xeno-canto.org/487669,arcter/XC487669.ogg
arcter,[],"['alarm call', 'call', 'flight call']",64.9088,-23.7948,Sterna paradisaea,Arctic Tern,Stanislas Wroza,Creative Commons Attribution-NonCommercial-ShareAlike 4.0,0.0,18:00,https://www.xeno-canto.org/487670,arcter/XC487670.ogg
arcter,[],"['alarm call', 'call', 'flight call']",64.9088,-23.7948,Sterna paradisaea,Arctic Tern,Stanislas Wroza,Creative Commons Attribution-NonCommercial-ShareAlike 4.0,0.0,18:00,https://www.xeno-canto.org/487671,arcter/XC487671.ogg
arcter,[],['call'],64.9088,-23.7948,Sterna paradisaea,Arctic Tern,Stanislas Wroza,Creative Commons Attribution-NonCommercial-ShareAlike 4.0,0.0,18:00,https://www.xeno-canto.org/487672,arcter/XC487672.ogg
arcter,[],"['attack', 'female', 'flight call']",65.446,-22.1853,Sterna paradisaea,Arctic Tern,Stanislas Wroza,Creative Commons Attribution-NonCommercial-ShareAlike 4.0,5.0,23:00,https://www.xeno-canto.org/487740,arcter/XC487740.ogg
arcter,[],['call'],65.446,-22.1853,Sterna paradisaea,Arctic Tern,Stanislas Wroza,Creative Commons Attribution-NonCommercial-ShareAlike 4.0,0.0,23:00,https://www.xeno-canto.org/487741,arcter/XC487741.ogg
arcter,[],['flight call'],66.0207,-17.3637,Sterna paradisaea,Arctic Tern,Stanislas Wroza,Creative Commons Attribution-NonCommercial-ShareAlike 4.0,0.0,06:00,https://www.xeno-canto.org/488043,arcter/XC488043.ogg
arcter,[],['flight call'],66.0207,-17.3637,Sterna paradisaea,Arctic Tern,Stanislas Wroza,Creative Commons Attribution-NonCommercial-ShareAlike 4.0,0.0,06:00,https://www.xeno-canto.org/488044,arcter/XC488044.ogg
arcter,[],['call'],63.3462,178.9822,Sterna paradisaea,Arctic Tern,Jens Kirkeby,Creative Commons Attribution-NonCommercial-ShareAlike 4.0,0.0,13:00,https://www.xeno-canto.org/490534,arcter/XC490534.ogg
arcter,[],"['alarm call', 'call', 'flight call']",59.0967,18.4114,Sterna paradisaea,Arctic Tern,Magnus Claesson,Creative Commons Attribution-NonCommercial-ShareAlike 4.0,0.0,19:30,https://www.xeno-canto.org/491003,arcter/XC491003.ogg
arcter,[],['alarm call'],59.8382,19.9189,Sterna paradisaea,Arctic Tern,Juha Honkala,Creative Commons Attribution-NonCommercial-ShareAlike 4.0,5.0,04:30,https://www.xeno-canto.org/507651,arcter/XC507651.ogg
arcter,[],"['alarm call', 'call']",59.8382,19.9189,Sterna paradisaea,Arctic Tern,Juha Honkala,Creative Commons Attribution-NonCommercial-ShareAlike 4.0,5.0,04:45,https://www.xeno-canto.org/507652,arcter/XC507652.ogg
arcter,[],"['call', 'flight call', 'nocturnal flight call']",53.9299,-2.9833,Sterna paradisaea,Arctic Tern,Chris Batty,Creative Commons Attribution-NonCommercial-ShareAlike 4.0,3.0,02:06,https://www.xeno-canto.org/522967,arcter/XC522967.ogg
arcter,[],['nocturnal flight call'],48.4549,-5.1297,Sterna paradisaea,Arctic Tern,Stanislas Wroza,Creative Commons Attribution-NonCommercial-ShareAlike 4.0,3.0,01:00,https://www.xeno-canto.org/526895,arcter/XC526895.ogg
arcter,[],"['alarm call', 'call']",65.1878,19.6687,Sterna paradisaea,Arctic Tern,Lars Edenius,Creative Commons Attribution-NonCommercial-ShareAlike 4.0,4.5,05:00,https://www.xeno-canto.org/533609,arcter/XC533609.ogg
arcter,[],['call'],68.39362,-149.91618,Sterna paradisaea,Arctic Tern,"Betchkal, Davyd",Creative Commons Attribution-NonCommercial-ShareAlike 4.0,3.0,02:10:41,https://www.xeno-canto.org/535242,arcter/XC535242.ogg
arcter,[],['call'],58.208,-155.96103,Sterna paradisaea,Arctic Tern,"Betchkal, Davyd; Peterson,  Robert",Creative Commons Attribution-NonCommercial-ShareAlike 4.0,3.0,08:53:50,https://www.xeno-canto.org/535243,arcter/XC535243.ogg
arcter,[],"['call', 'flight call', 'song']",58.9467,17.6099,Sterna paradisaea,Arctic Tern,Thomas Bergman,Creative Commons Attribution-NonCommercial-ShareAlike 4.0,4.5,07:16,https://www.xeno-canto.org/553169,arcter/XC553169.ogg
arcter,[],['flight call'],58.9459,17.612,Sterna paradisaea,Arctic Tern,Thomas Bergman,Creative Commons Attribution-NonCommercial-ShareAlike 4.0,4.0,08:56,https://www.xeno-canto.org/554836,arcter/XC554836.ogg
arcter,[],"['adult', 'alarm call', 'call', 'flight call', 'sex uncertain']",58.6624,-93.834,Sterna paradisaea,Arctic Tern,Doug Hynes,Creative Commons Attribution-ShareAlike 4.0,5.0,09:15,https://www.xeno-canto.org/564600,arcter/XC564600.ogg
arcter,['skylar'],['flight call'],57.6783,-4.2545,Sterna paradisaea,Arctic Tern,B Whyte,Creative Commons Attribution-NonCommercial-ShareAlike 4.0,2.5,11:30,https://www.xeno-canto.org/568811,arcter/XC568811.ogg
arcter,[],"['adult', 'call']",63.8313,20.2607,Sterna paradisaea,Arctic Tern,Lars Edenius,Creative Commons Attribution-NonCommercial-ShareAlike 4.0,5.0,14:30,https://www.xeno-canto.org/578974,arcter/XC578974.ogg
arcter,[],"['adult', 'call']",63.8313,20.2607,Sterna paradisaea,Arctic Tern,Lars Edenius,Creative Commons Attribution-NonCommercial-ShareAlike 4.0,5.0,14:30,https://www.xeno-canto.org/578975,arcter/XC578975.ogg
arcter,[],"['begging call', 'juvenile']",63.8313,20.2607,Sterna paradisaea,Arctic Tern,Lars Edenius,Creative Commons Attribution-NonCommercial-ShareAlike 4.0,4.5,14:30,https://www.xeno-canto.org/578976,arcter/XC578976.ogg
arcter,[],"['flight call', 'nocturnal flight call']",54.2081,-0.2889,Sterna paradisaea,Arctic Tern,Mark Pearson,Creative Commons Attribution-NonCommercial-ShareAlike 4.0,4.0,03:15,https://www.xeno-canto.org/581439,arcter/XC581439.ogg
arcter,[],['nocturnal flight call'],56.0148,-3.3962,Sterna paradisaea,Arctic Tern,Graham Sparshott,Creative Commons Attribution-NonCommercial-ShareAlike 4.0,1.0,03:04,https://www.xeno-canto.org/581722,arcter/XC581722.ogg
arcter,[],"['flight call', 'nocturnal flight call']",57.2821,-3.6965,Sterna paradisaea,Arctic Tern,Peter Stronach,Creative Commons Attribution-NonCommercial-ShareAlike 4.0,5.0,02:42,https://www.xeno-canto.org/582087,arcter/XC582087.ogg
arcter,[],"['call', 'nocturnal flight call']",57.2821,-3.6965,Sterna paradisaea,Arctic Tern,Peter Stronach,Creative Commons Attribution-NonCommercial-ShareAlike 4.0,5.0,04:02,https://www.xeno-canto.org/582089,arcter/XC582089.ogg
arcter,[],"['adult', 'alarm call']",55.2666,-8.2264,Sterna paradisaea,Arctic Tern,Oscar Campbell,Creative Commons Attribution-NonCommercial-ShareAlike 4.0,5.0,16:00,https://www.xeno-canto.org/582279,arcter/XC582279.ogg
arcter,[],['nocturnal flight call'],56.1872,-3.9688,Sterna paradisaea,Arctic Tern,Fiona Morton,Creative Commons Attribution-NonCommercial-ShareAlike 4.0,5.0,04:13,https://www.xeno-canto.org/582288,arcter/XC582288.ogg
arcter,[],['nocturnal flight call'],56.1872,-3.9688,Sterna paradisaea,Arctic Tern,Fiona Morton,Creative Commons Attribution-NonCommercial-ShareAlike 4.0,5.0,04:20,https://www.xeno-canto.org/582319,arcter/XC582319.ogg
arcter,[],['nocturnal flight call'],60.3617,5.3386,Sterna paradisaea,Arctic Tern,Frode Falkenberg,Creative Commons Attribution-NonCommercial-ShareAlike 4.0,2.0,02:06,https://www.xeno-canto.org/583404,arcter/XC583404.ogg
arcter,[],"['begging call', 'juvenile', 'sex uncertain']",49.1514,-123.2886,Sterna paradisaea,Arctic Tern,Melissa Hafting,Creative Commons Attribution-NonCommercial-ShareAlike 4.0,5.0,17:30,https://www.xeno-canto.org/584138,arcter/XC584138.ogg
arcter,[],"['flight call', 'nocturnal flight call']",48.459,-5.1292,Sterna paradisaea,Arctic Tern,Stanislas Wroza,Creative Commons Attribution-NonCommercial-ShareAlike 4.0,3.5,01:00,https://www.xeno-canto.org/584417,arcter/XC584417.ogg
arcter,[],"['flight call', 'nocturnal flight call']",48.459,-5.1292,Sterna paradisaea,Arctic Tern,Stanislas Wroza,Creative Commons Attribution-NonCommercial-ShareAlike 4.0,4.0,01:00,https://www.xeno-canto.org/584418,arcter/XC584418.ogg
arcter,[],"['flight call', 'nocturnal flight call']",48.459,-5.1292,Sterna paradisaea,Arctic Tern,Stanislas Wroza,Creative Commons Attribution-NonCommercial-ShareAlike 4.0,4.0,01:00,https://www.xeno-canto.org/584419,arcter/XC584419.ogg
arcter,[],"['flight call', 'nocturnal flight call']",48.459,-5.1292,Sterna paradisaea,Arctic Tern,Stanislas Wroza,Creative Commons Attribution-NonCommercial-ShareAlike 4.0,3.5,01:00,https://www.xeno-canto.org/584451,arcter/XC584451.ogg
arcter,[],"['flight call', 'nocturnal flight call']",48.459,-5.1292,Sterna paradisaea,Arctic Tern,Stanislas Wroza,Creative Commons Attribution-NonCommercial-ShareAlike 4.0,4.0,01:00,https://www.xeno-canto.org/584485,arcter/XC584485.ogg
arcter,[],"['flight call', 'nocturnal flight call']",48.4594,-5.1294,Sterna paradisaea,Arctic Tern,Stanislas Wroza,Creative Commons Attribution-NonCommercial-ShareAlike 4.0,3.0,01:00,https://www.xeno-canto.org/584604,arcter/XC584604.ogg
arcter,[],"['flight call', 'nocturnal flight call']",48.4594,-5.1294,Sterna paradisaea,Arctic Tern,Stanislas Wroza,Creative Commons Attribution-NonCommercial-ShareAlike 4.0,4.0,01:00,https://www.xeno-canto.org/584613,arcter/XC584613.ogg
arcter,[],"['flight call', 'nocturnal flight call']",48.4594,-5.1294,Sterna paradisaea,Arctic Tern,Stanislas Wroza,Creative Commons Attribution-NonCommercial-ShareAlike 4.0,4.0,01:00,https://www.xeno-canto.org/584614,arcter/XC584614.ogg
arcter,[],"['flight call', 'nocturnal flight call']",48.4594,-5.1294,Sterna paradisaea,Arctic Tern,Stanislas Wroza,Creative Commons Attribution-NonCommercial-ShareAlike 4.0,4.0,01:00,https://www.xeno-canto.org/584615,arcter/XC584615.ogg
arcter,[],"['flight call', 'nocturnal flight call']",48.4594,-5.1294,Sterna paradisaea,Arctic Tern,Stanislas Wroza,Creative Commons Attribution-NonCommercial-ShareAlike 4.0,4.0,01:00,https://www.xeno-canto.org/584616,arcter/XC584616.ogg
arcter,[],"['flight call', 'nocturnal flight call']",48.4594,-5.1294,Sterna paradisaea,Arctic Tern,Stanislas Wroza,Creative Commons Attribution-NonCommercial-ShareAlike 4.0,4.0,01:00,https://www.xeno-canto.org/584617,arcter/XC584617.ogg
arcter,[],"['flight call', 'nocturnal flight call']",48.4594,-5.1294,Sterna paradisaea,Arctic Tern,Stanislas Wroza,Creative Commons Attribution-NonCommercial-ShareAlike 4.0,4.0,01:00,https://www.xeno-canto.org/584618,arcter/XC584618.ogg
arcter,[],"['flight call', 'nocturnal flight call']",48.4593,-5.1296,Sterna paradisaea,Arctic Tern,Stanislas Wroza,Creative Commons Attribution-NonCommercial-ShareAlike 4.0,2.0,02:00,https://www.xeno-canto.org/584740,arcter/XC584740.ogg
arcter,[],"['flight call', 'juvenile type rattle', 'nocturnal flight call']",48.4593,-5.1296,Sterna paradisaea,Arctic Tern,Stanislas Wroza,Creative Commons Attribution-NonCommercial-ShareAlike 4.0,3.0,02:00,https://www.xeno-canto.org/584741,arcter/XC584741.ogg
arcter,[],['nocturnal flight call'],51.0445,2.3912,Sterna paradisaea,Arctic Tern,Julien Piette,Creative Commons Attribution-NonCommercial-ShareAlike 4.0,4.0,23:48,https://www.xeno-canto.org/584811,arcter/XC584811.ogg
arcter,[],['nocturnal flight call'],48.0372,-4.8622,Sterna paradisaea,Arctic Tern,Stanislas Wroza,Creative Commons Attribution-NonCommercial-ShareAlike 4.0,4.0,01:00,https://www.xeno-canto.org/588546,arcter/XC588546.ogg
arcter,[],"['Small group flying over.  Not recorded here during day', 'life stage uncertain', 'no']",56.7028,-2.6114,Sterna paradisaea,Arctic Tern,Simon Busuttil,Creative Commons Attribution-NonCommercial-ShareAlike 4.0,3.0,01:30,https://www.xeno-canto.org/594973,arcter/XC594973.ogg
arcter,[],"['adult', 'alarm call', 'call', 'flight call', 'sex uncertain']",57.626,-4.3663,Sterna paradisaea,Arctic Tern,Peter Stronach,Creative Commons Attribution-NonCommercial-ShareAlike 4.0,5.0,18:29,https://www.xeno-canto.org/597548,arcter/XC597548.ogg
arcter,[],['nocturnal flight call'],51.899,-8.4943,Sterna paradisaea,Arctic Tern,Mr Mark Shorten,Creative Commons Attribution-NonCommercial-ShareAlike 4.0,4.0,00:30,https://www.xeno-canto.org/642578,arcter/XC642578.ogg
arcter,[],['nocturnal flight call'],54.2386,-0.4196,Sterna paradisaea,Arctic Tern,Dan Lombard,Creative Commons Attribution-NonCommercial-ShareAlike 4.0,4.0,02:00,https://www.xeno-canto.org/645400,arcter/XC645400.ogg
arcter,[],['nocturnal flight call'],54.2386,-0.4196,Sterna paradisaea,Arctic Tern,Dan Lombard,Creative Commons Attribution-NonCommercial-ShareAlike 4.0,4.0,03:00,https://www.xeno-canto.org/645402,arcter/XC645402.ogg
arcter,[],"['call', 'flight call', 'song']",54.2657,8.8447,Sterna paradisaea,Arctic Tern,Sven Kransel,Creative Commons Attribution-NonCommercial-ShareAlike 4.0,2.5,10:35,https://www.xeno-canto.org/647876,arcter/XC647876.ogg
arcter,[],"['call', 'flight call', 'song']",54.2657,8.8447,Sterna paradisaea,Arctic Tern,Sven Kransel,Creative Commons Attribution-NonCommercial-ShareAlike 4.0,2.5,10:40,https://www.xeno-canto.org/647878,arcter/XC647878.ogg
arcter,[],"['call', 'long call']",63.4616,19.6267,Sterna paradisaea,Arctic Tern,Lars Edenius,Creative Commons Attribution-NonCommercial-ShareAlike 4.0,5.0,10:00,https://www.xeno-canto.org/648730,arcter/XC648730.ogg
arcter,[],"['advertisement call', 'long call']",63.4616,19.6267,Sterna paradisaea,Arctic Tern,Lars Edenius,Creative Commons Attribution-NonCommercial-ShareAlike 4.0,5.0,09:00,https://www.xeno-canto.org/649412,arcter/XC649412.ogg
arcter,[],"['alarm call', 'kip call']",63.7725,20.4065,Sterna paradisaea,Arctic Tern,Lars Edenius,Creative Commons Attribution-NonCommercial-ShareAlike 4.0,5.0,17:00,https://www.xeno-canto.org/649926,arcter/XC649926.ogg
arcter,['skylar'],['alarm call'],58.7786,23.6602,Sterna paradisaea,Arctic Tern,Uku Paal,Creative Commons Attribution-NonCommercial-ShareAlike 4.0,3.5,06:30,https://www.xeno-canto.org/652004,arcter/XC652004.ogg
arcter,[],"['alarm call', 'call']",58.9634,23.256,Sterna paradisaea,Arctic Tern,Uku Paal,Creative Commons Attribution-NonCommercial-ShareAlike 4.0,4.5,09:00,https://www.xeno-canto.org/652191,arcter/XC652191.ogg
arcter,[],"['alarm call', 'call']",58.9634,23.256,Sterna paradisaea,Arctic Tern,Uku Paal,Creative Commons Attribution-NonCommercial-ShareAlike 4.0,4.5,09:00,https://www.xeno-canto.org/652192,arcter/XC652192.ogg
arcter,[],"['alarm call', 'call']",58.9634,23.256,Sterna paradisaea,Arctic Tern,Uku Paal,Creative Commons Attribution-NonCommercial-ShareAlike 4.0,4.5,09:00,https://www.xeno-canto.org/652193,arcter/XC652193.ogg
arcter,[],"['alarm call', 'call']",58.9634,23.256,Sterna paradisaea,Arctic Tern,Uku Paal,Creative Commons Attribution-NonCommercial-ShareAlike 4.0,4.5,09:00,https://www.xeno-canto.org/652194,arcter/XC652194.ogg
arcter,[],"['alarm call', 'call']",58.9634,23.256,Sterna paradisaea,Arctic Tern,Uku Paal,Creative Commons Attribution-NonCommercial-ShareAlike 4.0,5.0,09:00,https://www.xeno-canto.org/652195,arcter/XC652195.ogg
arcter,[],['alarm call'],58.9634,23.256,Sterna paradisaea,Arctic Tern,Uku Paal,Creative Commons Attribution-NonCommercial-ShareAlike 4.0,5.0,09:00,https://www.xeno-canto.org/652196,arcter/XC652196.ogg
arcter,[],['call'],58.9634,23.256,Sterna paradisaea,Arctic Tern,Uku Paal,Creative Commons Attribution-NonCommercial-ShareAlike 4.0,5.0,09:00,https://www.xeno-canto.org/652197,arcter/XC652197.ogg
arcter,[],['call'],58.9634,23.256,Sterna paradisaea,Arctic Tern,Uku Paal,Creative Commons Attribution-NonCommercial-ShareAlike 4.0,5.0,09:00,https://www.xeno-canto.org/652198,arcter/XC652198.ogg
arcter,[],['call'],58.9634,23.256,Sterna paradisaea,Arctic Tern,Uku Paal,Creative Commons Attribution-NonCommercial-ShareAlike 4.0,5.0,09:00,https://www.xeno-canto.org/652199,arcter/XC652199.ogg
arcter,[],['call'],58.9634,23.256,Sterna paradisaea,Arctic Tern,Uku Paal,Creative Commons Attribution-NonCommercial-ShareAlike 4.0,5.0,09:00,https://www.xeno-canto.org/652200,arcter/XC652200.ogg
arcter,[],"['alarm call', 'call']",58.9634,23.256,Sterna paradisaea,Arctic Tern,Uku Paal,Creative Commons Attribution-NonCommercial-ShareAlike 4.0,5.0,09:00,https://www.xeno-canto.org/652201,arcter/XC652201.ogg
arcter,[],['call'],58.9634,23.256,Sterna paradisaea,Arctic Tern,Uku Paal,Creative Commons Attribution-NonCommercial-ShareAlike 4.0,5.0,09:00,https://www.xeno-canto.org/652202,arcter/XC652202.ogg
arcter,[],['call'],58.9634,23.256,Sterna paradisaea,Arctic Tern,Uku Paal,Creative Commons Attribution-NonCommercial-ShareAlike 4.0,5.0,09:00,https://www.xeno-canto.org/652203,arcter/XC652203.ogg
arcter,[],"['alarm call', 'call']",58.9634,23.256,Sterna paradisaea,Arctic Tern,Uku Paal,Creative Commons Attribution-NonCommercial-ShareAlike 4.0,5.0,06:30,https://www.xeno-canto.org/652204,arcter/XC652204.ogg
arcter,[],"['alarm call', 'call']",58.9634,23.256,Sterna paradisaea,Arctic Tern,Uku Paal,Creative Commons Attribution-NonCommercial-ShareAlike 4.0,5.0,06:30,https://www.xeno-canto.org/652205,arcter/XC652205.ogg
arcter,[],"['alarm call', 'call']",58.9634,23.256,Sterna paradisaea,Arctic Tern,Uku Paal,Creative Commons Attribution-NonCommercial-ShareAlike 4.0,4.5,06:30,https://www.xeno-canto.org/652206,arcter/XC652206.ogg
arcter,[],"['alarm call', 'call']",58.9634,23.256,Sterna paradisaea,Arctic Tern,Uku Paal,Creative Commons Attribution-NonCommercial-ShareAlike 4.0,5.0,06:30,https://www.xeno-canto.org/652207,arcter/XC652207.ogg
arcter,[],"['adult', 'alarm call', 'call']",51.7698,4.0225,Sterna paradisaea,Arctic Tern,Maarten Sluijter,Creative Commons Attribution-NonCommercial-ShareAlike 4.0,5.0,09:23,https://www.xeno-canto.org/655044,arcter/XC655044.ogg
arcter,[],"['alarm call', 'flight call']",58.7819,23.6666,Sterna paradisaea,Arctic Tern,Uku Paal,Creative Commons Attribution-NonCommercial-ShareAlike 4.0,4.5,05:30,https://www.xeno-canto.org/656571,arcter/XC656571.ogg
arcter,[],['alarm call'],58.8024,23.5059,Sterna paradisaea,Arctic Tern,Uku Paal,Creative Commons Attribution-NonCommercial-ShareAlike 4.0,4.0,08:00,https://www.xeno-canto.org/656609,arcter/XC656609.ogg
arcter,['skylar'],"['alarm call', 'flight call']",58.8024,23.5059,Sterna paradisaea,Arctic Tern,Uku Paal,Creative Commons Attribution-NonCommercial-ShareAlike 4.0,3.5,08:00,https://www.xeno-canto.org/656610,arcter/XC656610.ogg
arcter,[],"['alarm call', 'flight call']",58.8024,23.5059,Sterna paradisaea,Arctic Tern,Uku Paal,Creative Commons Attribution-NonCommercial-ShareAlike 4.0,3.5,08:00,https://www.xeno-canto.org/656611,arcter/XC656611.ogg
arcter,[],"['call', 'flight call']",59.866,-1.3071,Sterna paradisaea,Arctic Tern,Andrew Harrop,Creative Commons Attribution-NonCommercial-ShareAlike 4.0,5.0,15:30,https://www.xeno-canto.org/657365,arcter/XC657365.ogg
arcter,[],['long call'],63.9076,20.7892,Sterna paradisaea,Arctic Tern,Lars Edenius,Creative Commons Attribution-NonCommercial-ShareAlike 4.0,5.0,20:00,https://www.xeno-canto.org/660413,arcter/XC660413.ogg
arcter,['skylar'],"['adult', 'call', 'sex uncertain']",57.0554,-6.3443,Sterna paradisaea,Arctic Tern,Sean Morris,Creative Commons Attribution-NonCommercial-ShareAlike 4.0,3.5,12:26,https://www.xeno-canto.org/661646,arcter/XC661646.ogg
arcter,[],"['adult', 'alarm call', 'sex uncertain']",57.0506,-6.3508,Sterna paradisaea,Arctic Tern,Sean Morris,Creative Commons Attribution-NonCommercial-ShareAlike 4.0,4.5,20:47,https://www.xeno-canto.org/661648,arcter/XC661648.ogg
arcter,[],"['adult', 'call', 'sex uncertain']",64.191,21.113,Sterna paradisaea,Arctic Tern,Alan Dalton,Creative Commons Attribution-NonCommercial-ShareAlike 4.0,4.5,00:00,https://www.xeno-canto.org/662156,arcter/XC662156.ogg
arcter,[],"['adult', 'call', 'sex uncertain']",64.191,21.113,Sterna paradisaea,Arctic Tern,Alan Dalton,Creative Commons Attribution-NonCommercial-ShareAlike 4.0,5.0,05:00,https://www.xeno-canto.org/662157,arcter/XC662157.ogg
arcter,[],"['adult', 'call', 'sex uncertain']",64.191,21.113,Sterna paradisaea,Arctic Tern,Alan Dalton,Creative Commons Attribution-NonCommercial-ShareAlike 4.0,5.0,01:30,https://www.xeno-canto.org/663212,arcter/XC663212.ogg
arcter,['comsan'],"['adult', 'call', 'sex uncertain']",64.191,21.113,Sterna paradisaea,Arctic Tern,Alan Dalton,Creative Commons Attribution-NonCommercial-ShareAlike 4.0,4.5,23:30,https://www.xeno-canto.org/663897,arcter/XC663897.ogg
arcter,['arcter'],"['adult', 'sex uncertain']",53.4128,-4.5075,Sterna paradisaea,Arctic Tern,David Darrell-Lambert,Creative Commons Attribution-NonCommercial-ShareAlike 4.0,4.5,10:00,https://www.xeno-canto.org/663980,arcter/XC663980.ogg
arcter,['arcter'],"['juvenile', 'sex uncertain']",53.4128,-4.5075,Sterna paradisaea,Arctic Tern,David Darrell-Lambert,Creative Commons Attribution-NonCommercial-ShareAlike 4.0,4.5,10:00,https://www.xeno-canto.org/663981,arcter/XC663981.ogg
arcter,['arcter'],"['adult', 'sex uncertain']",53.4128,-4.5075,Sterna paradisaea,Arctic Tern,David Darrell-Lambert,Creative Commons Attribution-NonCommercial-ShareAlike 4.0,4.5,10:00,https://www.xeno-canto.org/663982,arcter/XC663982.ogg
arcter,['comsan'],"['adult', 'begging call', 'call', 'juvenile']",62.8972,12.9472,Sterna paradisaea,Arctic Tern,Thomas Bergman,Creative Commons Attribution-NonCommercial-ShareAlike 4.0,4.5,18:52,https://www.xeno-canto.org/664034,arcter/XC664034.ogg
arcter,[],"['alarm call', 'call']",62.8971,12.9471,Sterna paradisaea,Arctic Tern,Thomas Bergman,Creative Commons Attribution-NonCommercial-ShareAlike 4.0,5.0,10:18,https://www.xeno-canto.org/664081,arcter/XC664081.ogg
arcter,[],"['call', 'song']",60.1919,25.1777,Sterna paradisaea,Arctic Tern,Hannu Varkki,Creative Commons Attribution-NonCommercial-ShareAlike 4.0,4.5,07:30,https://www.xeno-canto.org/664525,arcter/XC664525.ogg
arcter,[],"['call', 'juvenile', 'sex uncertain']",64.191,21.113,Sterna paradisaea,Arctic Tern,Alan Dalton,Creative Commons Attribution-NonCommercial-ShareAlike 4.0,4.5,06:00,https://www.xeno-canto.org/664532,arcter/XC664532.ogg
arcter,[],"['call', 'flight call', 'nocturnal flight call']",54.2081,-0.2889,Sterna paradisaea,Arctic Tern,Mark Pearson,Creative Commons Attribution-NonCommercial-ShareAlike 4.0,5.0,23:34,https://www.xeno-canto.org/664885,arcter/XC664885.ogg
arcter,[],['nocturnal flight call'],43.7412,-7.867,Sterna paradisaea,Arctic Tern,Ricardo Hevia,Creative Commons Attribution-NonCommercial-ShareAlike 4.0,4.0,03:30,https://www.xeno-canto.org/665920,arcter/XC665920.ogg
arcter,[],['nocturnal flight call'],43.7412,-7.867,Sterna paradisaea,Arctic Tern,Ricardo Hevia,Creative Commons Attribution-NonCommercial-ShareAlike 4.0,5.0,03:00,https://www.xeno-canto.org/665921,arcter/XC665921.ogg
arcter,[],['nocturnal flight call'],43.7412,-7.867,Sterna paradisaea,Arctic Tern,Ricardo Hevia,Creative Commons Attribution-NonCommercial-ShareAlike 4.0,5.0,02:30,https://www.xeno-canto.org/666674,arcter/XC666674.ogg
arcter,[],['flight call'],55.2655,-8.2304,Sterna paradisaea,Arctic Tern,Irish Wildlife Sounds,Creative Commons Attribution-NonCommercial-ShareAlike 4.0,5.0,13:00,https://www.xeno-canto.org/666839,arcter/XC666839.ogg
arcter,[],['flight call'],55.2655,-8.2304,Sterna paradisaea,Arctic Tern,Irish Wildlife Sounds,Creative Commons Attribution-NonCommercial-ShareAlike 4.0,5.0,13:00,https://www.xeno-canto.org/666840,arcter/XC666840.ogg
arcter,[],['flight call'],55.2655,-8.2304,Sterna paradisaea,Arctic Tern,Irish Wildlife Sounds,Creative Commons Attribution-NonCommercial-ShareAlike 4.0,5.0,13:00,https://www.xeno-canto.org/666851,arcter/XC666851.ogg
arcter,[],['flight call'],55.2655,-8.2304,Sterna paradisaea,Arctic Tern,Irish Wildlife Sounds,Creative Commons Attribution-NonCommercial-ShareAlike 4.0,4.0,13:00,https://www.xeno-canto.org/666868,arcter/XC666868.ogg
arcter,[],['flight call'],52.2068,-6.41,Sterna paradisaea,Arctic Tern,Irish Wildlife Sounds,Creative Commons Attribution-NonCommercial-ShareAlike 4.0,5.0,13:00,https://www.xeno-canto.org/666886,arcter/XC666886.ogg
arcter,[],['nocturnal flight call'],43.7412,-7.867,Sterna paradisaea,Arctic Tern,Ricardo Hevia,Creative Commons Attribution-NonCommercial-ShareAlike 4.0,4.0,02:30,https://www.xeno-canto.org/666888,arcter/XC666888.ogg
barpet,[],"['call', 'song']",32.6381,-16.8511,Hydrobates castro,Band-rumped Storm-Petrel,Lars Lachmann,Creative Commons Attribution-NonCommercial-ShareAlike 4.0,2.0,23:08,https://www.xeno-canto.org/189893,barpet/XC189893.ogg
barpet,[],"['call', 'flight call']",32.6381,-16.8511,Hydrobates castro,Band-rumped Storm-Petrel,Lars Lachmann,Creative Commons Attribution-NonCommercial-ShareAlike 4.0,3.0,23:17,https://www.xeno-canto.org/189894,barpet/XC189894.ogg
barpet,[],['song'],30.1501,-15.8667,Hydrobates castro,Band-rumped Storm-Petrel,James Bradley,Creative Commons Attribution-NonCommercial-ShareAlike 4.0,4.0,21:00,https://www.xeno-canto.org/295060,barpet/XC295060.ogg
barpet,[],['flight call'],30.1501,-15.8667,Hydrobates castro,Band-rumped Storm-Petrel,James Bradley,Creative Commons Attribution-NonCommercial-ShareAlike 4.0,3.5,21:00,https://www.xeno-canto.org/304615,barpet/XC304615.ogg
barpet,[],['song'],32.6381,-16.8511,Hydrobates castro,Band-rumped Storm-Petrel,David Darrell-Lambert,Creative Commons Attribution-NonCommercial-ShareAlike 4.0,2.0,22:00,https://www.xeno-canto.org/305567,barpet/XC305567.ogg
barpet,[],['song'],29.299,-13.5365,Hydrobates castro,Band-rumped Storm-Petrel,Marcel Gil Velasco,Creative Commons Attribution-NonCommercial-ShareAlike 4.0,5.0,3:00,https://www.xeno-canto.org/441955,barpet/XC441955.ogg
barpet,[],['flight call'],0.1502,6.5823,Hydrobates castro,Band-rumped Storm-Petrel,Philippe Verbelen,Creative Commons Attribution-NonCommercial-ShareAlike 4.0,4.0,19:25,https://www.xeno-canto.org/473562,barpet/XC473562.ogg
barpet,[],['flight call'],0.1502,6.5823,Hydrobates castro,Band-rumped Storm-Petrel,Philippe Verbelen,Creative Commons Attribution-NonCommercial-ShareAlike 4.0,2.0,19:16,https://www.xeno-canto.org/473563,barpet/XC473563.ogg
barpet,[],['flight call'],0.1502,6.5823,Hydrobates castro,Band-rumped Storm-Petrel,Philippe Verbelen,Creative Commons Attribution-NonCommercial-ShareAlike 4.0,3.5,19:37,https://www.xeno-canto.org/473564,barpet/XC473564.ogg
barpet,[],"['adult', 'song']",39.0588,-27.9545,Hydrobates castro,Band-rumped Storm-Petrel,Martin Austad,Creative Commons Attribution-NonCommercial-ShareAlike 4.0,5.0,22:21,https://www.xeno-canto.org/505278,barpet/XC505278.ogg
barpet,[],"['adult', 'call', 'male']",39.0588,-27.9545,Hydrobates castro,Band-rumped Storm-Petrel,Ben Porter,Creative Commons Attribution-NonCommercial-ShareAlike 4.0,5.0,23:30,https://www.xeno-canto.org/510489,barpet/XC510489.ogg
barpet,[],"['adult', 'female', 'male', 'song']",39.0588,-27.9545,Hydrobates castro,Band-rumped Storm-Petrel,Ben Porter,Creative Commons Attribution-NonCommercial-ShareAlike 4.0,5.0,22:30,https://www.xeno-canto.org/510711,barpet/XC510711.ogg
barpet,[],"['adult', 'female', 'male', 'song']",39.0583,-27.9546,Hydrobates castro,Band-rumped Storm-Petrel,Ben Porter,Creative Commons Attribution-NonCommercial-ShareAlike 4.0,0.0,23:30,https://www.xeno-canto.org/512736,barpet/XC512736.ogg
barpet,[],['uncertain'],39.6787,-31.1177,Hydrobates castro,Band-rumped Storm-Petrel,Oriol Baena,Creative Commons Attribution-NonCommercial-ShareAlike 4.0,5.0,22:40,https://www.xeno-canto.org/601885,barpet/XC601885.ogg
barpet,[],"['adult', 'sex uncertain', 'song']",28.5928,-16.1599,Hydrobates castro,Band-rumped Storm-Petrel,Marcel Gil Velasco,Creative Commons Attribution-NonCommercial-ShareAlike 4.0,5.0,20:00,https://www.xeno-canto.org/637020,barpet/XC637020.ogg
bcnher,[],['flight call'],4.782,-71.774,Nycticorax nycticorax,Black-crowned Night-Heron,Oswaldo Cortes,Creative Commons Attribution-NonCommercial-ShareAlike 3.0,3.0,17:30,https://www.xeno-canto.org/115512,bcnher/XC115512.ogg
bcnher,[],['call'],-10.7342,-49.8559,Nycticorax nycticorax,Black-crowned Night-Heron,GABRIEL LEITE,Creative Commons Attribution-NonCommercial-ShareAlike 3.0,1.5,08:30,https://www.xeno-canto.org/119210,bcnher/XC119210.ogg
bcnher,[],['call'],-16.7581,-56.8764,Nycticorax nycticorax,Black-crowned Night-Heron,Eric DeFonso,Creative Commons Attribution-NonCommercial-ShareAlike 3.0,3.5,17:53,https://www.xeno-canto.org/123687,bcnher/XC123687.ogg
bcnher,[],"['call', 'female']",-22.6771,-47.9831,Nycticorax nycticorax,Black-crowned Night-Heron,GABRIEL LEITE,Creative Commons Attribution-NonCommercial-ShareAlike 3.0,3.0,10:00,https://www.xeno-canto.org/123806,bcnher/XC123806.ogg
bcnher,[],['call'],-16.7581,-56.8764,Nycticorax nycticorax,Black-crowned Night-Heron,Eric DeFonso,Creative Commons Attribution-NonCommercial-ShareAlike 3.0,4.0,17:54,https://www.xeno-canto.org/128632,bcnher/XC128632.ogg
bcnher,[],['call'],-16.7581,-56.8764,Nycticorax nycticorax,Black-crowned Night-Heron,Eric DeFonso,Creative Commons Attribution-NonCommercial-ShareAlike 3.0,3.5,17:55,https://www.xeno-canto.org/128633,bcnher/XC128633.ogg
bcnher,[],['song'],-16.7581,-56.8764,Nycticorax nycticorax,Black-crowned Night-Heron,Eric DeFonso,Creative Commons Attribution-NonCommercial-ShareAlike 3.0,4.0,06:15,https://www.xeno-canto.org/128813,bcnher/XC128813.ogg
bcnher,[],['call'],28.1918,-82.7214,Nycticorax nycticorax,Black-crowned Night-Heron,Mike Nelson,Creative Commons Attribution-NonCommercial-ShareAlike 3.0,4.0,20:00,https://www.xeno-canto.org/130501,bcnher/XC130501.ogg
bcnher,[],['call'],41.2074,-73.8972,Nycticorax nycticorax,Black-crowned Night-Heron,Daniel Parker,Creative Commons Attribution-NonCommercial-ShareAlike 3.0,2.0,19:00,https://www.xeno-canto.org/134969,bcnher/XC134969.ogg
bcnher,[],['flight call'],43.4046,-0.623,Nycticorax nycticorax,Black-crowned Night-Heron,Bernard BOUSQUET,Creative Commons Attribution-NonCommercial-ShareAlike 3.0,4.0,20:30,https://www.xeno-canto.org/138482,bcnher/XC138482.ogg
bcnher,[],['flight call'],28.5785,-80.9961,Nycticorax nycticorax,Black-crowned Night-Heron,Paul Marvin,Creative Commons Attribution-NonCommercial-ShareAlike 3.0,5.0,08:35,https://www.xeno-canto.org/143604,bcnher/XC143604.ogg
bcnher,[],['flight call'],28.5785,-80.9961,Nycticorax nycticorax,Black-crowned Night-Heron,Paul Marvin,Creative Commons Attribution-NonCommercial-ShareAlike 3.0,4.0,07:01,https://www.xeno-canto.org/143605,bcnher/XC143605.ogg
bcnher,['bcnher'],['song'],29.771,-93.131,Nycticorax nycticorax,Black-crowned Night-Heron,Dan Lane,Creative Commons Attribution-NonCommercial-ShareAlike 3.0,3.5,20:00,https://www.xeno-canto.org/152401,bcnher/XC152401.ogg
bcnher,[],['song'],10.3834,-85.3343,Nycticorax nycticorax,Black-crowned Night-Heron,Johana Zuluaga-Bonilla,Creative Commons Attribution-NonCommercial-ShareAlike 3.0,3.0,08:00,https://www.xeno-canto.org/153095,bcnher/XC153095.ogg
bcnher,[],['call'],-31.1136,-50.8582,Nycticorax nycticorax,Black-crowned Night-Heron,Rafael Antunes Dias,Creative Commons Attribution-NonCommercial-ShareAlike 3.0,1.5,18:00,https://www.xeno-canto.org/170797,bcnher/XC170797.ogg
bcnher,[],['flight call'],28.5785,-80.9961,Nycticorax nycticorax,Black-crowned Night-Heron,Paul Marvin,Creative Commons Attribution-NonCommercial-ShareAlike 4.0,5.0,08:12,https://www.xeno-canto.org/172927,bcnher/XC172927.ogg
bcnher,[],['flight call'],28.5785,-80.9961,Nycticorax nycticorax,Black-crowned Night-Heron,Paul Marvin,Creative Commons Attribution-NonCommercial-ShareAlike 4.0,4.0,07:30,https://www.xeno-canto.org/172929,bcnher/XC172929.ogg
bcnher,[],['call'],56.4977,10.8228,Nycticorax nycticorax,Black-crowned Night-Heron,Lars Maltha Rasmussen,Creative Commons Attribution-NonCommercial-ShareAlike 4.0,4.0,21:30,https://www.xeno-canto.org/176645,bcnher/XC176645.ogg
bcnher,[],['call'],33.2396,-111.7642,Nycticorax nycticorax,Black-crowned Night-Heron,Phoenix Birder,Creative Commons Attribution-NonCommercial-ShareAlike 4.0,3.5,20:09,https://www.xeno-canto.org/182583,bcnher/XC182583.ogg
bcnher,[],['flight call'],44.4449,66.2821,Nycticorax nycticorax,Black-crowned Night-Heron,Albert Lastukhin,Creative Commons Attribution-NonCommercial-ShareAlike 4.0,4.0,18:00,https://www.xeno-canto.org/183070,bcnher/XC183070.ogg
bcnher,[],['call'],42.586,69.2775,Nycticorax nycticorax,Black-crowned Night-Heron,Albert Lastukhin,Creative Commons Attribution-NonCommercial-ShareAlike 4.0,3.0,19:00,https://www.xeno-canto.org/184124,bcnher/XC184124.ogg
bcnher,[],['flight call'],42.586,69.2775,Nycticorax nycticorax,Black-crowned Night-Heron,Albert Lastukhin,Creative Commons Attribution-NonCommercial-ShareAlike 4.0,4.0,06:00,https://www.xeno-canto.org/184166,bcnher/XC184166.ogg
bcnher,[],['flight call'],39.5284,64.5604,Nycticorax nycticorax,Black-crowned Night-Heron,Albert Lastukhin,Creative Commons Attribution-NonCommercial-ShareAlike 4.0,3.0,21:00,https://www.xeno-canto.org/184836,bcnher/XC184836.ogg
bcnher,[],['flight call'],39.1382,66.8735,Nycticorax nycticorax,Black-crowned Night-Heron,Albert Lastukhin,Creative Commons Attribution-NonCommercial-ShareAlike 4.0,3.0,05:00,https://www.xeno-canto.org/185489,bcnher/XC185489.ogg
bcnher,[],"['alarm call', 'flight call']",33.3896,-112.2599,Nycticorax nycticorax,Black-crowned Night-Heron,Phoenix Birder,Creative Commons Attribution-NonCommercial-ShareAlike 4.0,4.0,08:22,https://www.xeno-canto.org/188000,bcnher/XC188000.ogg
bcnher,[],['flight call'],46.1323,5.9406,Nycticorax nycticorax,Black-crowned Night-Heron,Bram Piot,Creative Commons Attribution-NonCommercial-ShareAlike 4.0,4.0,21:00,https://www.xeno-canto.org/189778,bcnher/XC189778.ogg
bcnher,[],['call'],43.1905,40.385,Nycticorax nycticorax,Black-crowned Night-Heron,Albert Lastukhin,Creative Commons Attribution-NonCommercial-ShareAlike 4.0,3.0,17:00,https://www.xeno-canto.org/193696,bcnher/XC193696.ogg
bcnher,[],"['alarm call', 'flight call']",36.6761,126.4145,Nycticorax nycticorax,Black-crowned Night-Heron,Ross Gallardy,Creative Commons Attribution-NonCommercial-ShareAlike 4.0,4.0,18:30,https://www.xeno-canto.org/194386,bcnher/XC194386.ogg
bcnher,[],['call'],-0.4487,36.2639,Nycticorax nycticorax,Black-crowned Night-Heron,Rory Nefdt,Creative Commons Attribution-NonCommercial-ShareAlike 4.0,1.5,17:30,https://www.xeno-canto.org/195513,bcnher/XC195513.ogg
bcnher,[],['flight call'],-16.6153,27.0044,Nycticorax nycticorax,Black-crowned Night-Heron,Gabriel A. Jamie,Creative Commons Attribution-NonCommercial-ShareAlike 4.0,4.0,17:30,https://www.xeno-canto.org/200586,bcnher/XC200586.ogg
bcnher,[],['call'],8.3122,80.3453,Nycticorax nycticorax,Black-crowned Night-Heron,Mike Nelson,Creative Commons Attribution-NonCommercial-ShareAlike 4.0,4.0,20:00,https://www.xeno-canto.org/207619,bcnher/XC207619.ogg
bcnher,[],['song'],-31.362,-57.9822,Nycticorax nycticorax,Black-crowned Night-Heron,Pedro Rinaldi,Creative Commons Attribution-NonCommercial-ShareAlike 4.0,3.0,19:00,https://www.xeno-canto.org/209828,bcnher/XC209828.ogg
bcnher,[],['call'],22.444,-81.169,Nycticorax nycticorax,Black-crowned Night-Heron,Andy Mitchell,Creative Commons Attribution-NonCommercial-ShareAlike 4.0,2.0,07:00,https://www.xeno-canto.org/210620,bcnher/XC210620.ogg
bcnher,[],['flight call'],19.8334,-70.7599,Nycticorax nycticorax,Black-crowned Night-Heron,Albert Lastukhin & Max Lastukhin,Creative Commons Attribution-NonCommercial-ShareAlike 4.0,3.0,20:30,https://www.xeno-canto.org/213658,bcnher/XC213658.ogg
bcnher,[],['call'],-6.5998,106.7962,Nycticorax nycticorax,Black-crowned Night-Heron,Paulo Alves,Creative Commons Attribution-NonCommercial-ShareAlike 4.0,3.0,07:30,https://www.xeno-canto.org/233693,bcnher/XC233693.ogg
bcnher,[],['call'],37.2151,-6.1679,Nycticorax nycticorax,Black-crowned Night-Heron,Alain Malengreau,Creative Commons Attribution-NonCommercial-ShareAlike 4.0,5.0,10:00,https://www.xeno-canto.org/235426,bcnher/XC235426.ogg
bcnher,[],['flight call'],50.4568,3.6654,Nycticorax nycticorax,Black-crowned Night-Heron,Alain Malengreau,Creative Commons Attribution-NonCommercial-ShareAlike 4.0,5.0,21:15,https://www.xeno-canto.org/237483,bcnher/XC237483.ogg
bcnher,[],['call'],13.9667,104.8833,Nycticorax nycticorax,Black-crowned Night-Heron,Mike Nelson,Creative Commons Attribution-NonCommercial-ShareAlike 4.0,3.0,19:00,https://www.xeno-canto.org/240302,bcnher/XC240302.ogg
bcnher,[],['call'],49.9172,-6.3025,Nycticorax nycticorax,Black-crowned Night-Heron,Ashley Fisher,Creative Commons Attribution-NonCommercial-ShareAlike 4.0,4.5,20:30,https://www.xeno-canto.org/241679,bcnher/XC241679.ogg
bcnher,['categr'],['flight call'],-22.4508,-42.7735,Nycticorax nycticorax,Black-crowned Night-Heron,Eric DeFonso,Creative Commons Attribution-NonCommercial-ShareAlike 4.0,4.5,18:05,https://www.xeno-canto.org/243449,bcnher/XC243449.ogg
bcnher,[],['flight call'],46.154,-72.7455,Nycticorax nycticorax,Black-crowned Night-Heron,Martin St-Michel,Creative Commons Attribution-NonCommercial-ShareAlike 4.0,3.5,07:19,https://www.xeno-canto.org/256294,bcnher/XC256294.ogg
bcnher,[],['flight call'],46.154,-72.7455,Nycticorax nycticorax,Black-crowned Night-Heron,Martin St-Michel,Creative Commons Attribution-NonCommercial-ShareAlike 4.0,5.0,07:55,https://www.xeno-canto.org/256526,bcnher/XC256526.ogg
bcnher,[],['flight call'],46.154,-72.7455,Nycticorax nycticorax,Black-crowned Night-Heron,Martin St-Michel,Creative Commons Attribution-NonCommercial-ShareAlike 4.0,3.0,08:03,https://www.xeno-canto.org/256527,bcnher/XC256527.ogg
bcnher,[],['call'],50.4573,3.6648,Nycticorax nycticorax,Black-crowned Night-Heron,Jérémy Simar,Creative Commons Attribution-NonCommercial-ShareAlike 4.0,4.0,09:00,https://www.xeno-canto.org/256938,bcnher/XC256938.ogg
bcnher,[],['begging call'],50.4323,3.6845,Nycticorax nycticorax,Black-crowned Night-Heron,Jérémy Simar,Creative Commons Attribution-NonCommercial-ShareAlike 4.0,4.0,10:00,https://www.xeno-canto.org/256939,bcnher/XC256939.ogg
bcnher,[],['calls'],-0.703,-80.2,Nycticorax nycticorax,Black-crowned Night-Heron,John V. Moore,Creative Commons Attribution-NonCommercial-ShareAlike 4.0,5.0,?,https://www.xeno-canto.org/257328,bcnher/XC257328.ogg
bcnher,[],['alarm and flight calls'],0.083,-80.05,Nycticorax nycticorax,Black-crowned Night-Heron,John V. Moore,Creative Commons Attribution-NonCommercial-ShareAlike 4.0,4.5,?,https://www.xeno-canto.org/257329,bcnher/XC257329.ogg
bcnher,[],['alarm and flight calls'],-0.703,-80.2,Nycticorax nycticorax,Black-crowned Night-Heron,John V. Moore,Creative Commons Attribution-NonCommercial-ShareAlike 4.0,4.5,?,https://www.xeno-canto.org/257330,bcnher/XC257330.ogg
bcnher,[],['flight call'],40.653,0.705,Nycticorax nycticorax,Black-crowned Night-Heron,Jordi Calvet,Creative Commons Attribution-NonCommercial-ShareAlike 4.0,5.0,19:33,https://www.xeno-canto.org/263289,bcnher/XC263289.ogg
bcnher,[],['flight call'],40.653,0.705,Nycticorax nycticorax,Black-crowned Night-Heron,Jordi Calvet,Creative Commons Attribution-NonCommercial-ShareAlike 4.0,4.0,19:20,https://www.xeno-canto.org/263291,bcnher/XC263291.ogg
bcnher,[],['flight call'],44.2051,132.4161,Nycticorax nycticorax,Black-crowned Night-Heron,Albert Lastukhin,Creative Commons Attribution-NonCommercial-ShareAlike 4.0,3.0,20:30,https://www.xeno-canto.org/267055,bcnher/XC267055.ogg
bcnher,[],['flight call'],44.2051,132.4161,Nycticorax nycticorax,Black-crowned Night-Heron,Albert Lastukhin,Creative Commons Attribution-NonCommercial-ShareAlike 4.0,3.0,20:30,https://www.xeno-canto.org/267056,bcnher/XC267056.ogg
bcnher,[],['flight call'],44.2051,132.4161,Nycticorax nycticorax,Black-crowned Night-Heron,Albert Lastukhin,Creative Commons Attribution-NonCommercial-ShareAlike 4.0,2.5,05:00,https://www.xeno-canto.org/267057,bcnher/XC267057.ogg
bcnher,[],['flight call'],37.1852,-5.921,Nycticorax nycticorax,Black-crowned Night-Heron,José Carlos Sires,Creative Commons Attribution-NonCommercial-ShareAlike 4.0,4.0,?,https://www.xeno-canto.org/276735,bcnher/XC276735.ogg
bcnher,[],"['call', 'female', 'male']",37.1852,-5.921,Nycticorax nycticorax,Black-crowned Night-Heron,José Carlos Sires,Creative Commons Attribution-NonCommercial-ShareAlike 4.0,4.0,?,https://www.xeno-canto.org/276736,bcnher/XC276736.ogg
bcnher,[],['flight call'],-22.4508,-42.7735,Nycticorax nycticorax,Black-crowned Night-Heron,Jerome Fischer,Creative Commons Attribution-NonCommercial-ShareAlike 4.0,4.0,18:00,https://www.xeno-canto.org/277051,bcnher/XC277051.ogg
bcnher,[],['call'],14.3132,-89.47,Nycticorax nycticorax,Black-crowned Night-Heron,Guillermo Funes,Creative Commons Attribution-NonCommercial-ShareAlike 4.0,5.0,11:00,https://www.xeno-canto.org/277475,bcnher/XC277475.ogg
bcnher,[],['flight call'],37.3571,-5.9057,Nycticorax nycticorax,Black-crowned Night-Heron,José Carlos Sires,Creative Commons Attribution-NonCommercial-ShareAlike 4.0,3.0,?,https://www.xeno-canto.org/277486,bcnher/XC277486.ogg
bcnher,[],['flight call'],-17.4084,-66.1376,Nycticorax nycticorax,Black-crowned Night-Heron,Sjoerd Mayer,Creative Commons Attribution-NonCommercial-ShareAlike 3.0,2.5,6:00,https://www.xeno-canto.org/2797,bcnher/XC2797.ogg
bcnher,[],['flight call'],37.074,-6.3779,Nycticorax nycticorax,Black-crowned Night-Heron,José Carlos Sires,Creative Commons Attribution-NonCommercial-ShareAlike 4.0,3.0,?,https://www.xeno-canto.org/282497,bcnher/XC282497.ogg
bcnher,[],['call'],10.1369,76.4567,Nycticorax nycticorax,Black-crowned Night-Heron,Dilip KG,Creative Commons Attribution-NonCommercial-ShareAlike 4.0,4.0,07:00,https://www.xeno-canto.org/282624,bcnher/XC282624.ogg
bcnher,[],['flight call'],21.9278,120.8456,Nycticorax nycticorax,Black-crowned Night-Heron,Chie-Jen Jerome Ko,Creative Commons Attribution-NonCommercial-ShareAlike 4.0,2.5,05:59,https://www.xeno-canto.org/282895,bcnher/XC282895.ogg
bcnher,[],['call'],-33.8411,25.571,Nycticorax nycticorax,Black-crowned Night-Heron,Lynette Rudman,Creative Commons Attribution-NonCommercial-ShareAlike 4.0,4.0,12:30,https://www.xeno-canto.org/288326,bcnher/XC288326.ogg
bcnher,[],['call'],47.7144,2.494,Nycticorax nycticorax,Black-crowned Night-Heron,Joost van Bruggen,Creative Commons Attribution-NonCommercial-ShareAlike 4.0,2.5,22:11,https://www.xeno-canto.org/293553,bcnher/XC293553.ogg
bcnher,[],['call'],47.7145,2.4941,Nycticorax nycticorax,Black-crowned Night-Heron,Joost van Bruggen,Creative Commons Attribution-NonCommercial-ShareAlike 4.0,2.5,22:09,https://www.xeno-canto.org/293559,bcnher/XC293559.ogg
bcnher,[],['begging call'],-1.2051,36.857,Nycticorax nycticorax,Black-crowned Night-Heron,Bram Piot,Creative Commons Attribution-NonCommercial-ShareAlike 4.0,4.0,18:00,https://www.xeno-canto.org/293904,bcnher/XC293904.ogg
bcnher,[],['call'],-1.2051,36.857,Nycticorax nycticorax,Black-crowned Night-Heron,Bram Piot,Creative Commons Attribution-NonCommercial-ShareAlike 4.0,3.5,18:00,https://www.xeno-canto.org/294018,bcnher/XC294018.ogg
bcnher,['categr'],['flight call'],14.1502,-16.627,Nycticorax nycticorax,Black-crowned Night-Heron,Bram Piot,Creative Commons Attribution-NonCommercial-ShareAlike 4.0,3.5,19:30,https://www.xeno-canto.org/298152,bcnher/XC298152.ogg
bcnher,['categr'],['call'],37.2363,-6.0611,Nycticorax nycticorax,Black-crowned Night-Heron,Carlos W.,Creative Commons Attribution-NonCommercial-ShareAlike 4.0,4.5,19:00,https://www.xeno-canto.org/304259,bcnher/XC304259.ogg
bcnher,['houfin'],['call'],33.5912,-117.0427,Nycticorax nycticorax,Black-crowned Night-Heron,Nick Komar,Creative Commons Attribution-NonCommercial-ShareAlike 4.0,3.5,17:00,https://www.xeno-canto.org/306165,bcnher/XC306165.ogg
bcnher,[],['flight call'],-16.8248,-56.8448,Nycticorax nycticorax,Black-crowned Night-Heron,Jeremy Minns,Creative Commons Attribution-NonCommercial-ShareAlike 4.0,3.5,07:01,https://www.xeno-canto.org/314615,bcnher/XC314615.ogg
bcnher,[],"['call', 'juvenile']",33.0974,-116.9989,Nycticorax nycticorax,Black-crowned Night-Heron,Christopher Adler,Creative Commons Attribution-NonCommercial-ShareAlike 4.0,3.0,12:00,https://www.xeno-canto.org/316345,bcnher/XC316345.ogg
bcnher,[],['flight call'],-4.2627,15.5514,Nycticorax nycticorax,Black-crowned Night-Heron,Bram Piot,Creative Commons Attribution-NonCommercial-ShareAlike 4.0,4.5,18:00,https://www.xeno-canto.org/319076,bcnher/XC319076.ogg
bcnher,[],['flight call'],-4.2627,15.5514,Nycticorax nycticorax,Black-crowned Night-Heron,Bram Piot,Creative Commons Attribution-NonCommercial-ShareAlike 4.0,3.5,18:00,https://www.xeno-canto.org/319077,bcnher/XC319077.ogg
bcnher,['skylar'],['call'],35.4425,136.1933,Nycticorax nycticorax,Black-crowned Night-Heron,Anon Torimi,Creative Commons Attribution-NonCommercial-ShareAlike 4.0,3.5,11:00,https://www.xeno-canto.org/324391,bcnher/XC324391.ogg
bcnher,['categr'],['call'],28.2267,-80.7645,Nycticorax nycticorax,Black-crowned Night-Heron,Paul Marvin,Creative Commons Attribution-NonCommercial-ShareAlike 4.0,3.5,08:50,https://www.xeno-canto.org/329641,bcnher/XC329641.ogg
bcnher,[],['call'],18.5818,-98.7087,Nycticorax nycticorax,Black-crowned Night-Heron,Manuel Grosselet,Creative Commons Attribution-NonCommercial-ShareAlike 4.0,5.0,20:00,https://www.xeno-canto.org/331173,bcnher/XC331173.ogg
bcnher,[],['call'],42.2088,3.1063,Nycticorax nycticorax,Black-crowned Night-Heron,brickegickel,Creative Commons Attribution-NonCommercial-ShareAlike 4.0,2.0,16:30,https://www.xeno-canto.org/332466,bcnher/XC332466.ogg
bcnher,[],['flight call'],51.9129,5.9914,Nycticorax nycticorax,Black-crowned Night-Heron,Jorick van Arneym,Creative Commons Attribution-NonCommercial-ShareAlike 4.0,4.0,21:15,https://www.xeno-canto.org/333142,bcnher/XC333142.ogg
bcnher,[],['flight call'],36.8149,-6.3366,Nycticorax nycticorax,Black-crowned Night-Heron,José Carlos Sires,Creative Commons Attribution-NonCommercial-ShareAlike 4.0,3.0,?,https://www.xeno-canto.org/338372,bcnher/XC338372.ogg
bcnher,[],['call'],30.2837,31.3564,Nycticorax nycticorax,Black-crowned Night-Heron,Tero Linjama,Creative Commons Attribution-NonCommercial-ShareAlike 4.0,4.0,07:00,https://www.xeno-canto.org/341753,bcnher/XC341753.ogg
bcnher,[],['flight call'],27.8338,-80.708,Nycticorax nycticorax,Black-crowned Night-Heron,Paul Marvin,Creative Commons Attribution-NonCommercial-ShareAlike 4.0,4.5,07:51,https://www.xeno-canto.org/344142,bcnher/XC344142.ogg
bcnher,[],['flight call'],-22.6029,17.1426,Nycticorax nycticorax,Black-crowned Night-Heron,James Lidster,Creative Commons Attribution-NonCommercial-ShareAlike 4.0,3.0,23:30,https://www.xeno-canto.org/357564,bcnher/XC357564.ogg
bcnher,['warwhe1'],['call'],23.827,120.8015,Nycticorax nycticorax,Black-crowned Night-Heron,Chie-Jen Jerome Ko,Creative Commons Attribution-NonCommercial-ShareAlike 4.0,3.5,07:10,https://www.xeno-canto.org/357707,bcnher/XC357707.ogg
bcnher,[],['flight call'],43.6073,4.2865,Nycticorax nycticorax,Black-crowned Night-Heron,Stanislas Wroza,Creative Commons Attribution-NonCommercial-ShareAlike 4.0,4.0,05:30,https://www.xeno-canto.org/361996,bcnher/XC361996.ogg
bcnher,[],['flight call'],43.6073,4.2865,Nycticorax nycticorax,Black-crowned Night-Heron,Stanislas Wroza,Creative Commons Attribution-NonCommercial-ShareAlike 4.0,4.0,05:30,https://www.xeno-canto.org/361997,bcnher/XC361997.ogg
bcnher,['comgal1'],['flight call'],28.2267,-80.7645,Nycticorax nycticorax,Black-crowned Night-Heron,Paul Marvin,Creative Commons Attribution-NonCommercial-ShareAlike 4.0,3.5,07:03,https://www.xeno-canto.org/363102,bcnher/XC363102.ogg
bcnher,[],['flight call'],43.6073,4.2865,Nycticorax nycticorax,Black-crowned Night-Heron,Stanislas Wroza,Creative Commons Attribution-NonCommercial-ShareAlike 4.0,5.0,06:00,https://www.xeno-canto.org/363318,bcnher/XC363318.ogg
bcnher,[],['flight call'],46.0884,43.3713,Nycticorax nycticorax,Black-crowned Night-Heron,Albert Lastukhin,Creative Commons Attribution-NonCommercial-ShareAlike 4.0,4.5,04:30,https://www.xeno-canto.org/365511,bcnher/XC365511.ogg
bcnher,[],['call'],-33.7505,20.1976,Nycticorax nycticorax,Black-crowned Night-Heron,Marion Maclean,Creative Commons Attribution-NonCommercial-ShareAlike 4.0,3.5,18:23,https://www.xeno-canto.org/370847,bcnher/XC370847.ogg
bcnher,[],['flight call'],43.6073,4.2865,Nycticorax nycticorax,Black-crowned Night-Heron,Stanislas Wroza,Creative Commons Attribution-NonCommercial-ShareAlike 4.0,5.0,21:30,https://www.xeno-canto.org/371129,bcnher/XC371129.ogg
bcnher,[],"['begging call', 'call', 'chicks and adult in breeding colony', 'juvenile']",50.0099,19.4488,Nycticorax nycticorax,Black-crowned Night-Heron,Jacek Betleja,Creative Commons Attribution-NonCommercial-ShareAlike 4.0,4.0,14:00,https://www.xeno-canto.org/373688,bcnher/XC373688.ogg
bcnher,[],['flight call'],51.94,5.9038,Nycticorax nycticorax,Black-crowned Night-Heron,Joost van Bruggen,Creative Commons Attribution-NonCommercial-ShareAlike 4.0,4.0,03:41,https://www.xeno-canto.org/376311,bcnher/XC376311.ogg
bcnher,[],['call'],-7.0611,110.4473,Nycticorax nycticorax,Black-crowned Night-Heron,Karyadi Baskoro,Creative Commons Attribution-NonCommercial-ShareAlike 4.0,5.0,04:46,https://www.xeno-canto.org/376571,bcnher/XC376571.ogg
bcnher,[],['flight call'],43.6075,4.214,Nycticorax nycticorax,Black-crowned Night-Heron,Stanislas Wroza,Creative Commons Attribution-NonCommercial-ShareAlike 4.0,5.0,07:00,https://www.xeno-canto.org/383283,bcnher/XC383283.ogg
bcnher,[],['flight call'],43.6075,4.214,Nycticorax nycticorax,Black-crowned Night-Heron,Stanislas Wroza,Creative Commons Attribution-NonCommercial-ShareAlike 4.0,5.0,07:00,https://www.xeno-canto.org/383284,bcnher/XC383284.ogg
bcnher,[],['flight call'],38.156,21.3994,Nycticorax nycticorax,Black-crowned Night-Heron,Joost van Bruggen,Creative Commons Attribution-NonCommercial-ShareAlike 4.0,4.0,05:59,https://www.xeno-canto.org/383368,bcnher/XC383368.ogg
bcnher,[],['call'],50.0975,14.3362,Nycticorax nycticorax,Black-crowned Night-Heron,Jan Cibulka,Creative Commons Attribution-ShareAlike 4.0,4.0,20:30,https://www.xeno-canto.org/383999,bcnher/XC383999.ogg
bcnher,[],['call'],-18.9113,-48.2622,Nycticorax nycticorax,Black-crowned Night-Heron,Dimas Pioli,Creative Commons Attribution-NonCommercial-ShareAlike 4.0,3.0,18:44,https://www.xeno-canto.org/387131,bcnher/XC387131.ogg
bcnher,[],['flight call'],14.498,-17.084,Nycticorax nycticorax,Black-crowned Night-Heron,Bram Piot,Creative Commons Attribution-NonCommercial-ShareAlike 4.0,4.0,18:45,https://www.xeno-canto.org/390527,bcnher/XC390527.ogg
bcnher,[],['flight call'],-15.6065,-56.0641,Nycticorax nycticorax,Black-crowned Night-Heron,Nick Komar,Creative Commons Attribution-NonCommercial-ShareAlike 4.0,5.0,17:00,https://www.xeno-canto.org/393153,bcnher/XC393153.ogg
bcnher,[],"['flight call', 'nocturnal flightcall']",47.3388,7.8398,Nycticorax nycticorax,Black-crowned Night-Heron,Thomas Lüthi,Creative Commons Attribution-NonCommercial-ShareAlike 4.0,3.0,23:29,https://www.xeno-canto.org/397408,bcnher/XC397408.ogg
bcnher,[],['flight call'],13.8577,100.4663,Nycticorax nycticorax,Black-crowned Night-Heron,Werzik,Creative Commons Attribution-NonCommercial-ShareAlike 4.0,4.0,5:30,https://www.xeno-canto.org/397486,bcnher/XC397486.ogg
bcnher,[],"['flight call', 'nocturnal flightcall']",47.3388,7.8398,Nycticorax nycticorax,Black-crowned Night-Heron,Thomas Lüthi,Creative Commons Attribution-NonCommercial-ShareAlike 4.0,4.0,23:06,https://www.xeno-canto.org/397780,bcnher/XC397780.ogg
bcnher,[],['call'],51.1529,-2.7891,Nycticorax nycticorax,Black-crowned Night-Heron,David Darrell-Lambert,Creative Commons Attribution-NonCommercial-ShareAlike 4.0,3.0,22:30,https://www.xeno-canto.org/398363,bcnher/XC398363.ogg
bcnher,[],['flight call'],43.5352,-1.4475,Nycticorax nycticorax,Black-crowned Night-Heron,Frédéric Cazaban,Creative Commons Attribution-NonCommercial-ShareAlike 4.0,3.0,06:30,https://www.xeno-canto.org/403621,bcnher/XC403621.ogg
bcnher,[],['flight call'],52.1593,5.3563,Nycticorax nycticorax,Black-crowned Night-Heron,Johan Jordaans,Creative Commons Attribution-NonCommercial-ShareAlike 4.0,2.0,03:35,https://www.xeno-canto.org/416417,bcnher/XC416417.ogg
bcnher,[],['flight call'],52.0612,5.371,Nycticorax nycticorax,Black-crowned Night-Heron,Aat Schaftenaar,Creative Commons Attribution-NonCommercial-ShareAlike 4.0,3.0,22:30,https://www.xeno-canto.org/419107,bcnher/XC419107.ogg
bcnher,[],['flight call'],-16.5728,-49.3122,Nycticorax nycticorax,Black-crowned Night-Heron,JAYRSON ARAUJO DE OLIVEIRA,Creative Commons Attribution-NonCommercial-ShareAlike 4.0,2.5,08:26,https://www.xeno-canto.org/421615,bcnher/XC421615.ogg
bcnher,[],['flight call'],-16.5728,-49.3122,Nycticorax nycticorax,Black-crowned Night-Heron,JAYRSON ARAUJO DE OLIVEIRA,Creative Commons Attribution-NonCommercial-ShareAlike 4.0,5.0,8:07,https://www.xeno-canto.org/428433,bcnher/XC428433.ogg
bcnher,[],['flight call'],52.0612,5.371,Nycticorax nycticorax,Black-crowned Night-Heron,Aat Schaftenaar,Creative Commons Attribution-NonCommercial-ShareAlike 4.0,2.0,03:30,https://www.xeno-canto.org/429315,bcnher/XC429315.ogg
bcnher,[],['flight call'],37.1976,-6.1841,Nycticorax nycticorax,Black-crowned Night-Heron,Joost van Bruggen,Creative Commons Attribution-ShareAlike 4.0,5.0,06:35,https://www.xeno-canto.org/431999,bcnher/XC431999.ogg
bcnher,[],['flight call'],38.8729,-0.0656,Nycticorax nycticorax,Black-crowned Night-Heron,David Darrell-Lambert,Creative Commons Attribution-NonCommercial-ShareAlike 4.0,5.0,20:00,https://www.xeno-canto.org/432143,bcnher/XC432143.ogg
bcnher,[],"['call', 'female', 'flight call', 'male']",47.8594,11.1137,Nycticorax nycticorax,Black-crowned Night-Heron,Beatrix Saadi-Varchmin,Creative Commons Attribution-NonCommercial-ShareAlike 4.0,4.5,20:30,https://www.xeno-canto.org/432187,bcnher/XC432187.ogg
bcnher,[],"['Nocturnal Flight Call', 'flight call']",39.4627,-8.2012,Nycticorax nycticorax,Black-crowned Night-Heron,Paulo Alves,Creative Commons Attribution-NonCommercial-ShareAlike 4.0,4.0,23:00,https://www.xeno-canto.org/433099,bcnher/XC433099.ogg
bcnher,[],['flight call'],51.94,5.9038,Nycticorax nycticorax,Black-crowned Night-Heron,Joost van Bruggen,Creative Commons Attribution-ShareAlike 4.0,3.0,23:52,https://www.xeno-canto.org/433153,bcnher/XC433153.ogg
bcnher,[],"['flight call', 'nocturnal flightcall']",47.3388,7.8398,Nycticorax nycticorax,Black-crowned Night-Heron,Thomas Lüthi,Creative Commons Attribution-NonCommercial-ShareAlike 4.0,4.0,23:53,https://www.xeno-canto.org/433197,bcnher/XC433197.ogg
bcnher,[],['flight call'],49.2346,4.0718,Nycticorax nycticorax,Black-crowned Night-Heron,Simon Ernst,Creative Commons Attribution-NonCommercial-ShareAlike 4.0,2.0,00:41,https://www.xeno-canto.org/435916,bcnher/XC435916.ogg
bcnher,[],['flight call'],51.94,5.9038,Nycticorax nycticorax,Black-crowned Night-Heron,Joost van Bruggen,Creative Commons Attribution-ShareAlike 4.0,4.0,03:13,https://www.xeno-canto.org/436935,bcnher/XC436935.ogg
bcnher,[],"['flight call', 'nocturnal flight call']",38.9402,-74.9624,Nycticorax nycticorax,Black-crowned Night-Heron,Molly Jacobson,Creative Commons Attribution-NonCommercial-ShareAlike 4.0,5.0,19:00,https://www.xeno-canto.org/437720,bcnher/XC437720.ogg
bcnher,[],['call'],4.5134,-74.5376,Nycticorax nycticorax,Black-crowned Night-Heron,Victor Vanegas,Creative Commons Attribution-NonCommercial-ShareAlike 4.0,3.0,05:39,https://www.xeno-canto.org/439867,bcnher/XC439867.ogg
bcnher,[],"['flight call', 'juvenile']",11.6348,43.1235,Nycticorax nycticorax,Black-crowned Night-Heron,Aladdin,Creative Commons Attribution-NonCommercial-ShareAlike 4.0,3.0,06:00,https://www.xeno-canto.org/441839,bcnher/XC441839.ogg
bcnher,[],['flight call'],32.8462,-117.0039,Nycticorax nycticorax,Black-crowned Night-Heron,Paul Marvin,Creative Commons Attribution-NonCommercial-ShareAlike 4.0,3.5,08:58,https://www.xeno-canto.org/448799,bcnher/XC448799.ogg
bcnher,[],"['flight call', 'juvenile']",39.799,3.107,Nycticorax nycticorax,Black-crowned Night-Heron,Lars Lachmann,Creative Commons Attribution-NonCommercial-ShareAlike 4.0,5.0,20:00,https://www.xeno-canto.org/449100,bcnher/XC449100.ogg
bcnher,[],"['begging call', 'call', 'juvenile']",39.799,3.107,Nycticorax nycticorax,Black-crowned Night-Heron,Lars Lachmann,Creative Commons Attribution-NonCommercial-ShareAlike 4.0,4.5,20:00,https://www.xeno-canto.org/449101,bcnher/XC449101.ogg
bcnher,[],['flight call'],32.5547,-117.0634,Nycticorax nycticorax,Black-crowned Night-Heron,Paul Marvin,Creative Commons Attribution-NonCommercial-ShareAlike 4.0,3.0,06:43,https://www.xeno-canto.org/450985,bcnher/XC450985.ogg
bcnher,[],['flight call'],33.0624,-115.4991,Nycticorax nycticorax,Black-crowned Night-Heron,Paul Marvin,Creative Commons Attribution-NonCommercial-ShareAlike 4.0,3.5,17:16,https://www.xeno-canto.org/452567,bcnher/XC452567.ogg
bcnher,[],['call'],26.1375,-97.1743,Nycticorax nycticorax,Black-crowned Night-Heron,Paul Marvin,Creative Commons Attribution-NonCommercial-ShareAlike 4.0,4.0,14:06,https://www.xeno-canto.org/452831,bcnher/XC452831.ogg
bcnher,[],['Alarm call'],-35.641952,-59.775238,Nycticorax nycticorax,Black-crowned Night-Heron,Bernabe Lopez-Lanus,Creative Commons Attribution-NonCommercial-ShareAlike 3.0,5.0,pm,https://www.xeno-canto.org/45688,bcnher/XC45688.ogg
bcnher,[],"['Nocturnal flight call', 'flight call']",48.9551,4.3607,Nycticorax nycticorax,Black-crowned Night-Heron,Thomas ARMAND,Creative Commons Attribution-NonCommercial-ShareAlike 4.0,5.0,01:00,https://www.xeno-canto.org/464577,bcnher/XC464577.ogg
bcnher,[],['Nocturnal flight call'],51.2693,1.378,Nycticorax nycticorax,Black-crowned Night-Heron,Martin Sutherland,Creative Commons Attribution-NonCommercial-ShareAlike 4.0,3.0,00:24,https://www.xeno-canto.org/464754,bcnher/XC464754.ogg
bcnher,[],['Nocturnal flight call'],51.2776,1.3439,Nycticorax nycticorax,Black-crowned Night-Heron,Martin Sutherland,Creative Commons Attribution-NonCommercial-ShareAlike 4.0,1.0,00:30,https://www.xeno-canto.org/464755,bcnher/XC464755.ogg
bcnher,['mallar3'],['call'],37.1905,-7.5749,Nycticorax nycticorax,Black-crowned Night-Heron,Nelson Conceição,Creative Commons Attribution-NonCommercial-ShareAlike 4.0,3.5,17:07,https://www.xeno-canto.org/464824,bcnher/XC464824.ogg
bcnher,[],"['flight call', 'nocturnal flightcall']",44.617,8.0515,Nycticorax nycticorax,Black-crowned Night-Heron,Thomas Lüthi,Creative Commons Attribution-NonCommercial-ShareAlike 4.0,3.0,02:16,https://www.xeno-canto.org/465346,bcnher/XC465346.ogg
bcnher,['osprey'],['call'],23.0477,-109.697,Nycticorax nycticorax,Black-crowned Night-Heron,Richard E. Webster,Creative Commons Attribution-NonCommercial-ShareAlike 4.0,4.5,09:45,https://www.xeno-canto.org/466177,bcnher/XC466177.ogg
bcnher,"['belkin1', 'osprey']",['call'],23.0477,-109.697,Nycticorax nycticorax,Black-crowned Night-Heron,Richard E. Webster,Creative Commons Attribution-NonCommercial-ShareAlike 4.0,4.5,09:56,https://www.xeno-canto.org/466179,bcnher/XC466179.ogg
bcnher,[],"['flight call', 'nocturnal flight call']",45.9286,-0.9757,Nycticorax nycticorax,Black-crowned Night-Heron,Louis Sallé,Creative Commons Attribution-NonCommercial-ShareAlike 4.0,4.0,22:00,https://www.xeno-canto.org/467243,bcnher/XC467243.ogg
bcnher,[],['flight call'],51.0601,13.7715,Nycticorax nycticorax,Black-crowned Night-Heron,Jens Loose,Creative Commons Attribution-ShareAlike 4.0,4.0,02:29,https://www.xeno-canto.org/468735,bcnher/XC468735.ogg
bcnher,[],"['flight call', 'song']",-16.5728,-49.3122,Nycticorax nycticorax,Black-crowned Night-Heron,JAYRSON ARAUJO DE OLIVEIRA,Creative Commons Attribution-NonCommercial-ShareAlike 4.0,5.0,8:18,https://www.xeno-canto.org/470013,bcnher/XC470013.ogg
bcnher,[],"['NFC', 'Nocturnal Flight Call', 'flight call']",45.9286,-0.9757,Nycticorax nycticorax,Black-crowned Night-Heron,Louis Sallé,Creative Commons Attribution-NonCommercial-ShareAlike 4.0,4.0,05:30,https://www.xeno-canto.org/472190,bcnher/XC472190.ogg
bcnher,[],['flight call'],50.1191,18.9721,Nycticorax nycticorax,Black-crowned Night-Heron,Ireneusz Oleksik,Creative Commons Attribution-NonCommercial-ShareAlike 4.0,5.0,01:38,https://www.xeno-canto.org/472433,bcnher/XC472433.ogg
bcnher,[],['flight call'],50.1191,18.9721,Nycticorax nycticorax,Black-crowned Night-Heron,Ireneusz Oleksik,Creative Commons Attribution-NonCommercial-ShareAlike 4.0,5.0,02:50,https://www.xeno-canto.org/475211,bcnher/XC475211.ogg
bcnher,[],['flight call'],40.6565,0.7007,Nycticorax nycticorax,Black-crowned Night-Heron,eloisa matheu,Creative Commons Attribution-NonCommercial-ShareAlike 4.0,3.0,20:40,https://www.xeno-canto.org/476089,bcnher/XC476089.ogg
bcnher,[],"['flight call', 'nocturnal']",50.9792,11.6006,Nycticorax nycticorax,Black-crowned Night-Heron,Christoph Klein,Creative Commons Attribution-NonCommercial-ShareAlike 4.0,2.0,01:00,https://www.xeno-canto.org/476112,bcnher/XC476112.ogg
bcnher,[],"['flight call', 'nocturnal']",50.9792,11.6006,Nycticorax nycticorax,Black-crowned Night-Heron,Christoph Klein,Creative Commons Attribution-NonCommercial-ShareAlike 4.0,1.0,22:30,https://www.xeno-canto.org/476387,bcnher/XC476387.ogg
bcnher,[],['song'],-16.5728,-49.3122,Nycticorax nycticorax,Black-crowned Night-Heron,JAYRSON ARAUJO DE OLIVEIRA,Creative Commons Attribution-NonCommercial-ShareAlike 4.0,5.0,18:22,https://www.xeno-canto.org/476511,bcnher/XC476511.ogg
bcnher,[],['flight call'],52.3559,4.9373,Nycticorax nycticorax,Black-crowned Night-Heron,guus van duin,Creative Commons Attribution-NonCommercial-ShareAlike 4.0,4.0,03:01,https://www.xeno-canto.org/477327,bcnher/XC477327.ogg
bcnher,[],['flight call'],50.1191,18.9721,Nycticorax nycticorax,Black-crowned Night-Heron,Ireneusz Oleksik,Creative Commons Attribution-NonCommercial-ShareAlike 4.0,3.0,22:44,https://www.xeno-canto.org/477651,bcnher/XC477651.ogg
bcnher,[],['flight call'],47.6759,-3.1687,Nycticorax nycticorax,Black-crowned Night-Heron,Philippe J. DUBOIS,Creative Commons Attribution-NonCommercial-ShareAlike 4.0,3.0,01:30,https://www.xeno-canto.org/478220,bcnher/XC478220.ogg
bcnher,[],['flight call'],50.1191,18.9721,Nycticorax nycticorax,Black-crowned Night-Heron,Ireneusz Oleksik,Creative Commons Attribution-NonCommercial-ShareAlike 4.0,4.0,23:04,https://www.xeno-canto.org/478463,bcnher/XC478463.ogg
bcnher,[],['call'],38.5259,48.7924,Nycticorax nycticorax,Black-crowned Night-Heron,Albert Lastukhin,Creative Commons Attribution-NonCommercial-ShareAlike 4.0,3.0,09:30,https://www.xeno-canto.org/480240,bcnher/XC480240.ogg
bcnher,[],['flight call'],52.3559,4.9373,Nycticorax nycticorax,Black-crowned Night-Heron,guus van duin,Creative Commons Attribution-NonCommercial-ShareAlike 4.0,3.0,03:42,https://www.xeno-canto.org/481710,bcnher/XC481710.ogg
bcnher,[],"['flight call', 'nocturnal flight call']",51.0601,13.7715,Nycticorax nycticorax,Black-crowned Night-Heron,Jens Loose,Creative Commons Attribution-ShareAlike 4.0,4.0,02:27,https://www.xeno-canto.org/481741,bcnher/XC481741.ogg
bcnher,[],"['begging call', 'call', 'juvenile']",32.5752,-117.1237,Nycticorax nycticorax,Black-crowned Night-Heron,Paul Marvin,Creative Commons Attribution-NonCommercial-ShareAlike 4.0,5.0,07:08,https://www.xeno-canto.org/481923,bcnher/XC481923.ogg
bcnher,[],"['flight call', 'nocturnal flight call']",51.06,13.7718,Nycticorax nycticorax,Black-crowned Night-Heron,Jens Loose,Creative Commons Attribution-ShareAlike 4.0,3.0,23:02,https://www.xeno-canto.org/481939,bcnher/XC481939.ogg
bcnher,[],['flight call'],50.1191,18.9721,Nycticorax nycticorax,Black-crowned Night-Heron,Ireneusz Oleksik,Creative Commons Attribution-NonCommercial-ShareAlike 4.0,2.0,02:31,https://www.xeno-canto.org/483074,bcnher/XC483074.ogg
bcnher,[],['flight call'],52.3559,4.9373,Nycticorax nycticorax,Black-crowned Night-Heron,guus van duin,Creative Commons Attribution-NonCommercial-ShareAlike 4.0,4.0,02:12,https://www.xeno-canto.org/483933,bcnher/XC483933.ogg
bcnher,[],['flight call'],52.1418,5.3724,Nycticorax nycticorax,Black-crowned Night-Heron,Frank Pierik,Creative Commons Attribution-NonCommercial-ShareAlike 4.0,0.0,01:25,https://www.xeno-canto.org/484356,bcnher/XC484356.ogg
bcnher,[],['flight call'],50.1191,18.9721,Nycticorax nycticorax,Black-crowned Night-Heron,Ireneusz Oleksik,Creative Commons Attribution-NonCommercial-ShareAlike 4.0,3.0,23:34,https://www.xeno-canto.org/485628,bcnher/XC485628.ogg
bcnher,[],['flight call'],50.1191,18.9721,Nycticorax nycticorax,Black-crowned Night-Heron,Ireneusz Oleksik,Creative Commons Attribution-NonCommercial-ShareAlike 4.0,4.0,23:28,https://www.xeno-canto.org/487804,bcnher/XC487804.ogg
bcnher,[],['nocturnal flight call'],53.2754,5.8399,Nycticorax nycticorax,Black-crowned Night-Heron,Frank Pierik,Creative Commons Attribution-NonCommercial-ShareAlike 4.0,3.0,23:02,https://www.xeno-canto.org/489284,bcnher/XC489284.ogg
bcnher,[],['call'],33.6232,-110.9288,Nycticorax nycticorax,Black-crowned Night-Heron,Phoenix Birder,Creative Commons Attribution-NonCommercial-ShareAlike 4.0,4.0,09:26,https://www.xeno-canto.org/492160,bcnher/XC492160.ogg
bcnher,['comgal1'],['call'],31.9237,-81.0559,Nycticorax nycticorax,Black-crowned Night-Heron,Russ Wigh,Creative Commons Attribution-NonCommercial-ShareAlike 4.0,4.5,09:00,https://www.xeno-canto.org/492759,bcnher/XC492759.ogg
bcnher,[],['Nocturnal flight call'],52.386,16.8742,Nycticorax nycticorax,Black-crowned Night-Heron,Paweł Szymański,Creative Commons Attribution-NonCommercial-ShareAlike 4.0,3.0,02:20,https://www.xeno-canto.org/492976,bcnher/XC492976.ogg
bcnher,[],"['flight call', 'nocturnal flight call']",51.9839,5.3368,Nycticorax nycticorax,Black-crowned Night-Heron,Peter van Vlaardingen,Creative Commons Attribution-NonCommercial-ShareAlike 4.0,3.0,23:30,https://www.xeno-canto.org/493027,bcnher/XC493027.ogg
bcnher,[],"['flight call', 'nocturnal flight call']",51.9839,5.3368,Nycticorax nycticorax,Black-crowned Night-Heron,Peter van Vlaardingen,Creative Commons Attribution-NonCommercial-ShareAlike 4.0,3.0,23:30,https://www.xeno-canto.org/493028,bcnher/XC493028.ogg
bcnher,[],['flight call'],50.1191,18.9721,Nycticorax nycticorax,Black-crowned Night-Heron,Ireneusz Oleksik,Creative Commons Attribution-NonCommercial-ShareAlike 4.0,4.0,00:08,https://www.xeno-canto.org/493110,bcnher/XC493110.ogg
bcnher,"['bknsti', 'leasan']",['call'],32.2292,-109.8249,Nycticorax nycticorax,Black-crowned Night-Heron,Phoenix Birder,Creative Commons Attribution-NonCommercial-ShareAlike 4.0,4.5,19:24,https://www.xeno-canto.org/493181,bcnher/XC493181.ogg
bcnher,[],['flight call'],50.8297,3.2408,Nycticorax nycticorax,Black-crowned Night-Heron,Ignaas Robbe,Creative Commons Attribution-NonCommercial-ShareAlike 4.0,5.0,23:40,https://www.xeno-canto.org/493572,bcnher/XC493572.ogg
bcnher,[],"['flight call', 'night flight call']",47.8207,3.351,Nycticorax nycticorax,Black-crowned Night-Heron,François Bouzendorf,Creative Commons Attribution-NonCommercial-ShareAlike 4.0,4.0,22:12,https://www.xeno-canto.org/493577,bcnher/XC493577.ogg
bcnher,[],['flight call'],42.7752,2.4829,Nycticorax nycticorax,Black-crowned Night-Heron,Cedric Mroczko,Creative Commons Attribution-NonCommercial-ShareAlike 4.0,3.0,04:00,https://www.xeno-canto.org/494214,bcnher/XC494214.ogg
bcnher,[],['flight call'],44.0646,1.9757,Nycticorax nycticorax,Black-crowned Night-Heron,Cedric Mroczko,Creative Commons Attribution-NonCommercial-ShareAlike 4.0,2.5,21:25,https://www.xeno-canto.org/495730,bcnher/XC495730.ogg
bcnher,[],['flight call'],41.95,9.4069,Nycticorax nycticorax,Black-crowned Night-Heron,Thomas ARMAND,Creative Commons Attribution-NonCommercial-ShareAlike 4.0,4.0,23:30,https://www.xeno-canto.org/496729,bcnher/XC496729.ogg
bcnher,[],"['flight call', 'nocturnal flight call']",50.8297,3.2408,Nycticorax nycticorax,Black-crowned Night-Heron,Ignaas Robbe,Creative Commons Attribution-NonCommercial-ShareAlike 4.0,4.0,22:34,https://www.xeno-canto.org/497289,bcnher/XC497289.ogg
bcnher,[],['call'],41.3196,2.1023,Nycticorax nycticorax,Black-crowned Night-Heron,Sean Ronayne,Creative Commons Attribution-NonCommercial-ShareAlike 4.0,2.0,04:00,https://www.xeno-canto.org/498830,bcnher/XC498830.ogg
bcnher,[],['flight call'],42.1104,-71.1785,Nycticorax nycticorax,Black-crowned Night-Heron,Will Sweet,Creative Commons Attribution-NonCommercial-ShareAlike 4.0,3.0,22:30,https://www.xeno-canto.org/499535,bcnher/XC499535.ogg
bcnher,[],['flight call'],37.1379,-7.6303,Nycticorax nycticorax,Black-crowned Night-Heron,Nelson Conceição,Creative Commons Attribution-NonCommercial-ShareAlike 4.0,3.0,01:23,https://www.xeno-canto.org/500284,bcnher/XC500284.ogg
bcnher,[],"['flight call', 'night flight call']",53.2537,6.5954,Nycticorax nycticorax,Black-crowned Night-Heron,Jacob Bosma,Creative Commons Attribution-NonCommercial-ShareAlike 4.0,4.0,01:30,https://www.xeno-canto.org/500439,bcnher/XC500439.ogg
bcnher,['grbher3'],['flight call'],42.1104,-71.1785,Nycticorax nycticorax,Black-crowned Night-Heron,Will Sweet,Creative Commons Attribution-NonCommercial-ShareAlike 4.0,3.5,20:00,https://www.xeno-canto.org/501690,bcnher/XC501690.ogg
bcnher,[],"['adult', 'flight call', 'sex uncertain']",-30.2978,28.6174,Nycticorax nycticorax,Black-crowned Night-Heron,Lynette Rudman,Creative Commons Attribution-NonCommercial-ShareAlike 4.0,5.0,09:30,https://www.xeno-canto.org/505928,bcnher/XC505928.ogg
bcnher,[],['nocturnal flight call'],45.7512,3.3372,Nycticorax nycticorax,Black-crowned Night-Heron,riou,Creative Commons Attribution-NonCommercial-ShareAlike 4.0,3.0,21:30,https://www.xeno-canto.org/507966,bcnher/XC507966.ogg
bcnher,[],['flight call'],-42.6509,-74.0554,Nycticorax nycticorax,Black-crowned Night-Heron,Étienne Leroy,Creative Commons Attribution-NonCommercial-ShareAlike 4.0,5.0,21:00,https://www.xeno-canto.org/508101,bcnher/XC508101.ogg
bcnher,[],"['flight call', 'nocturnal flight call']",39.6709,49.1822,Nycticorax nycticorax,Black-crowned Night-Heron,Georg Rüppel,Creative Commons Attribution-NonCommercial-ShareAlike 4.0,5.0,22:50,https://www.xeno-canto.org/509469,bcnher/XC509469.ogg
bcnher,[],['call'],-21.2853,31.9139,Nycticorax nycticorax,Black-crowned Night-Heron,Derek Solomon,Creative Commons Attribution-NonCommercial-ShareAlike 4.0,4.0,04:00,https://www.xeno-canto.org/513239,bcnher/XC513239.ogg
bcnher,[],['song'],-22.193127,-63.94455,Nycticorax nycticorax,Black-crowned Night-Heron,Bernabe Lopez-Lanus,Creative Commons Attribution-NonCommercial-ShareAlike 3.0,3.0,?:?,https://www.xeno-canto.org/51575,bcnher/XC51575.ogg
bcnher,[],"['call', 'juvenile']",35.912,-84.5101,Nycticorax nycticorax,Black-crowned Night-Heron,Mike Nelson,Creative Commons Attribution-NonCommercial-ShareAlike 3.0,2.5,10:00am,https://www.xeno-canto.org/51861,bcnher/XC51861.ogg
bcnher,[],['flight call'],21.219,-99.4714,Nycticorax nycticorax,Black-crowned Night-Heron,Manuel Grosselet,Creative Commons Attribution-NonCommercial-ShareAlike 4.0,4.0,17:30,https://www.xeno-canto.org/521292,bcnher/XC521292.ogg
bcnher,[],['flight call'],29.8978,34.857,Nycticorax nycticorax,Black-crowned Night-Heron,Johan Forssell,Creative Commons Attribution-NonCommercial-ShareAlike 4.0,5.0,05:12,https://www.xeno-canto.org/528094,bcnher/XC528094.ogg
bcnher,[],['call'],51.9612,5.8104,Nycticorax nycticorax,Black-crowned Night-Heron,James Lidster,Creative Commons Attribution-NonCommercial-ShareAlike 4.0,4.0,01:45,https://www.xeno-canto.org/528487,bcnher/XC528487.ogg
bcnher,[],['call'],17.1048,54.4528,Nycticorax nycticorax,Black-crowned Night-Heron,James Lidster,Creative Commons Attribution-NonCommercial-ShareAlike 4.0,3.5,18:43,https://www.xeno-canto.org/529109,bcnher/XC529109.ogg
bcnher,[],['nocturnal flight call'],44.0471,1.9467,Nycticorax nycticorax,Black-crowned Night-Heron,Cedric Mroczko,Creative Commons Attribution-NonCommercial-ShareAlike 4.0,3.0,03:30,https://www.xeno-canto.org/530927,bcnher/XC530927.ogg
bcnher,[],"['call', 'flight call']",34.8997,32.3193,Nycticorax nycticorax,Black-crowned Night-Heron,Chris Batty,Creative Commons Attribution-NonCommercial-ShareAlike 4.0,2.5,12:00,https://www.xeno-canto.org/534126,bcnher/XC534126.ogg
bcnher,[],['call'],43.7968,2.6227,Nycticorax nycticorax,Black-crowned Night-Heron,Long Benjamin,Creative Commons Attribution-NonCommercial-ShareAlike 4.0,3.0,21:20,https://www.xeno-canto.org/536417,bcnher/XC536417.ogg
bcnher,[],"['flight call', 'nocturnal flight call']",45.2867,4.8289,Nycticorax nycticorax,Black-crowned Night-Heron,Vincent Palomares,Creative Commons Attribution-NonCommercial-ShareAlike 4.0,4.0,03:30,https://www.xeno-canto.org/537566,bcnher/XC537566.ogg
bcnher,[],['nocturnal flight call'],44.8584,4.949,Nycticorax nycticorax,Black-crowned Night-Heron,Adrien CHARBONNEAU,Creative Commons Attribution-NonCommercial-ShareAlike 4.0,4.0,00:08,https://www.xeno-canto.org/537575,bcnher/XC537575.ogg
bcnher,[],['nocturnal flight call'],39.4696,-0.3522,Nycticorax nycticorax,Black-crowned Night-Heron,jesus carrion,Creative Commons Attribution-NonCommercial-ShareAlike 4.0,3.0,04:01,https://www.xeno-canto.org/537658,bcnher/XC537658.ogg
bcnher,[],['nocturnal flight call'],44.0635,1.9515,Nycticorax nycticorax,Black-crowned Night-Heron,Cedric Mroczko,Creative Commons Attribution-NonCommercial-ShareAlike 4.0,2.0,20:40,https://www.xeno-canto.org/537665,bcnher/XC537665.ogg
bcnher,[],['nocturnal flight call'],41.227,1.7203,Nycticorax nycticorax,Black-crowned Night-Heron,Albert Cama,Creative Commons Attribution-NonCommercial-ShareAlike 4.0,3.0,23:00,https://www.xeno-canto.org/538087,bcnher/XC538087.ogg
bcnher,[],"['nocturnal flight call', 'sex uncertain']",41.1684,0.974,Nycticorax nycticorax,Black-crowned Night-Heron,Xavier Riera,Creative Commons Attribution-NonCommercial-ShareAlike 4.0,4.0,22:30,https://www.xeno-canto.org/539449,bcnher/XC539449.ogg
bcnher,[],['nocturnal flight call'],46.7012,0.5102,Nycticorax nycticorax,Black-crowned Night-Heron,Bertrand Dallet,Creative Commons Attribution-NonCommercial-ShareAlike 4.0,4.0,23:30,https://www.xeno-canto.org/539681,bcnher/XC539681.ogg
bcnher,[],['nocturnal flight call'],44.0635,1.9515,Nycticorax nycticorax,Black-crowned Night-Heron,Cedric Mroczko,Creative Commons Attribution-NonCommercial-ShareAlike 4.0,2.0,02:10,https://www.xeno-canto.org/540060,bcnher/XC540060.ogg
bcnher,[],['nocturnal flight call'],43.633,3.8975,Nycticorax nycticorax,Black-crowned Night-Heron,Cédric PEIGNOT,Creative Commons Attribution-NonCommercial-ShareAlike 4.0,1.0,00:30,https://www.xeno-canto.org/540113,bcnher/XC540113.ogg
bcnher,[],['nocturnal flight call'],39.5104,-0.418,Nycticorax nycticorax,Black-crowned Night-Heron,Joan Balfagon,Creative Commons Attribution-NonCommercial-ShareAlike 4.0,4.0,00:00,https://www.xeno-canto.org/540547,bcnher/XC540547.ogg
bcnher,[],['nocturnal flight call'],36.0288,-5.5737,Nycticorax nycticorax,Black-crowned Night-Heron,Yeray Seminario,Creative Commons Attribution-NonCommercial-ShareAlike 4.0,4.0,03:30,https://www.xeno-canto.org/540712,bcnher/XC540712.ogg
bcnher,[],"['flight call', 'nocturnal flight call']",43.633,3.8975,Nycticorax nycticorax,Black-crowned Night-Heron,Cédric PEIGNOT,Creative Commons Attribution-NonCommercial-ShareAlike 4.0,2.0,03:30,https://www.xeno-canto.org/541169,bcnher/XC541169.ogg
bcnher,[],"['nocturnal flight call', 'sex uncertain']",41.2243,1.7254,Nycticorax nycticorax,Black-crowned Night-Heron,Sergi,Creative Commons Attribution-NonCommercial-ShareAlike 4.0,4.0,05:03,https://www.xeno-canto.org/541223,bcnher/XC541223.ogg
bcnher,[],['nocturnal flight call'],39.4696,-0.3522,Nycticorax nycticorax,Black-crowned Night-Heron,jesus carrion,Creative Commons Attribution-NonCommercial-ShareAlike 4.0,4.0,01:15,https://www.xeno-canto.org/541691,bcnher/XC541691.ogg
bcnher,[],"['flight call', 'nocturnal flight call']",43.633,3.8975,Nycticorax nycticorax,Black-crowned Night-Heron,Cédric PEIGNOT,Creative Commons Attribution-NonCommercial-ShareAlike 4.0,1.0,23:40,https://www.xeno-canto.org/542000,bcnher/XC542000.ogg
bcnher,[],['nocturnal flight call'],43.6108,3.8767,Nycticorax nycticorax,Black-crowned Night-Heron,Pierrick Devoucoux,Creative Commons Attribution-NonCommercial-ShareAlike 4.0,4.0,20:11,https://www.xeno-canto.org/542097,bcnher/XC542097.ogg
bcnher,[],['nocturnal flight call'],43.6108,3.8767,Nycticorax nycticorax,Black-crowned Night-Heron,Pierrick Devoucoux,Creative Commons Attribution-NonCommercial-ShareAlike 4.0,4.0,23:04,https://www.xeno-canto.org/542112,bcnher/XC542112.ogg
bcnher,[],['nocturnal flight call'],41.3987,2.1523,Nycticorax nycticorax,Black-crowned Night-Heron,Eduard Batista,Creative Commons Attribution-NonCommercial-ShareAlike 4.0,4.0,01:11,https://www.xeno-canto.org/542153,bcnher/XC542153.ogg
bcnher,[],['nocturnal flight call'],43.6108,3.8767,Nycticorax nycticorax,Black-crowned Night-Heron,Pierrick Devoucoux,Creative Commons Attribution-NonCommercial-ShareAlike 4.0,4.0,23:04,https://www.xeno-canto.org/542158,bcnher/XC542158.ogg
bcnher,[],['nocturnal flight call'],43.6108,3.8767,Nycticorax nycticorax,Black-crowned Night-Heron,Pierrick Devoucoux,Creative Commons Attribution-NonCommercial-ShareAlike 4.0,2.0,22:13,https://www.xeno-canto.org/542162,bcnher/XC542162.ogg
bcnher,[],"['call', 'flight call', 'nocturnal flight call']",43.6141,3.8743,Nycticorax nycticorax,Black-crowned Night-Heron,Boris Delahaie,Creative Commons Attribution-NonCommercial-ShareAlike 4.0,2.0,22:01,https://www.xeno-canto.org/542752,bcnher/XC542752.ogg
bcnher,[],"['life stage uncertain', 'nocturnal flight call', 'sex uncertain']",36.0151,-5.6004,Nycticorax nycticorax,Black-crowned Night-Heron,Birding The Strait,Creative Commons Attribution-NonCommercial-ShareAlike 4.0,4.0,23:30,https://www.xeno-canto.org/542993,bcnher/XC542993.ogg
bcnher,[],"['call', 'flight call', 'nocturnal flight call']",43.6141,3.8743,Nycticorax nycticorax,Black-crowned Night-Heron,Boris Delahaie,Creative Commons Attribution-NonCommercial-ShareAlike 4.0,3.0,22:08,https://www.xeno-canto.org/543087,bcnher/XC543087.ogg
bcnher,[],"['life stage uncertain', 'nocturnal flight call', 'sex uncertain']",43.2885,-5.8157,Nycticorax nycticorax,Black-crowned Night-Heron,Luis Alvarez Menendez,Creative Commons Attribution-ShareAlike 4.0,3.0,04:00,https://www.xeno-canto.org/543137,bcnher/XC543137.ogg
bcnher,[],['nocturnal flight call'],45.8271,1.293,Nycticorax nycticorax,Black-crowned Night-Heron,MERCIER Christophe,Creative Commons Attribution-NonCommercial-ShareAlike 4.0,3.0,00:26,https://www.xeno-canto.org/543468,bcnher/XC543468.ogg
bcnher,[],['nocturnal flight call'],42.5034,9.4659,Nycticorax nycticorax,Black-crowned Night-Heron,Thomas ARMAND,Creative Commons Attribution-NonCommercial-ShareAlike 4.0,4.0,04:00,https://www.xeno-canto.org/543896,bcnher/XC543896.ogg
bcnher,[],"['life stage uncertain', 'nocturnal flight call', 'sex uncertain']",43.9382,4.8025,Nycticorax nycticorax,Black-crowned Night-Heron,paul MENARD,Creative Commons Attribution-NonCommercial-ShareAlike 4.0,4.0,00:46,https://www.xeno-canto.org/544188,bcnher/XC544188.ogg
bcnher,[],"['life stage uncertain', 'nocturnal flight call', 'sex uncertain']",43.9382,4.8025,Nycticorax nycticorax,Black-crowned Night-Heron,paul MENARD,Creative Commons Attribution-NonCommercial-ShareAlike 4.0,3.0,22:10,https://www.xeno-canto.org/544190,bcnher/XC544190.ogg
bcnher,[],"['life stage uncertain', 'nocturnal flight call', 'sex uncertain']",43.9382,4.8025,Nycticorax nycticorax,Black-crowned Night-Heron,paul MENARD,Creative Commons Attribution-NonCommercial-ShareAlike 4.0,2.0,02:02,https://www.xeno-canto.org/544191,bcnher/XC544191.ogg
bcnher,[],"['life stage uncertain', 'nocturnal flight call', 'sex uncertain']",43.9382,4.8025,Nycticorax nycticorax,Black-crowned Night-Heron,paul MENARD,Creative Commons Attribution-NonCommercial-ShareAlike 4.0,3.0,02:02,https://www.xeno-canto.org/544205,bcnher/XC544205.ogg
bcnher,[],['nocturnal flight call'],43.9348,4.8056,Nycticorax nycticorax,Black-crowned Night-Heron,Charlie BODIN,Creative Commons Attribution-NonCommercial-ShareAlike 4.0,4.0,02:00,https://www.xeno-canto.org/544356,bcnher/XC544356.ogg
bcnher,[],['nocturnal flight call'],43.9348,4.8056,Nycticorax nycticorax,Black-crowned Night-Heron,Charlie BODIN,Creative Commons Attribution-NonCommercial-ShareAlike 4.0,4.0,22:30,https://www.xeno-canto.org/544363,bcnher/XC544363.ogg
bcnher,[],['nocturnal flight call'],43.9348,4.8056,Nycticorax nycticorax,Black-crowned Night-Heron,Charlie BODIN,Creative Commons Attribution-NonCommercial-ShareAlike 4.0,3.0,02:00,https://www.xeno-canto.org/544369,bcnher/XC544369.ogg
bcnher,[],['nocturnal flight call'],43.9348,4.8056,Nycticorax nycticorax,Black-crowned Night-Heron,Charlie BODIN,Creative Commons Attribution-NonCommercial-ShareAlike 4.0,4.0,21:30,https://www.xeno-canto.org/544373,bcnher/XC544373.ogg
bcnher,[],['nocturnal flight call'],43.9348,4.8056,Nycticorax nycticorax,Black-crowned Night-Heron,Charlie BODIN,Creative Commons Attribution-NonCommercial-ShareAlike 4.0,3.0,00:30,https://www.xeno-canto.org/544765,bcnher/XC544765.ogg
bcnher,[],"['nocturnal flight call', 'wings beats']",43.9348,4.8056,Nycticorax nycticorax,Black-crowned Night-Heron,Charlie BODIN,Creative Commons Attribution-NonCommercial-ShareAlike 4.0,4.0,03:30,https://www.xeno-canto.org/544772,bcnher/XC544772.ogg
bcnher,[],"['life stage uncertain', 'nocturnal flight call', 'sex uncertain']",43.9348,4.8056,Nycticorax nycticorax,Black-crowned Night-Heron,Paul menard,Creative Commons Attribution-NonCommercial-ShareAlike 4.0,4.0,23:19,https://www.xeno-canto.org/544850,bcnher/XC544850.ogg
bcnher,[],"['life stage uncertain', 'nocturnal flight call', 'sex uncertain']",43.9348,4.8056,Nycticorax nycticorax,Black-crowned Night-Heron,paul MENARD,Creative Commons Attribution-NonCommercial-ShareAlike 4.0,4.0,21:52,https://www.xeno-canto.org/544856,bcnher/XC544856.ogg
bcnher,[],['nocturnal flight call'],42.5034,9.4659,Nycticorax nycticorax,Black-crowned Night-Heron,Thomas ARMAND,Creative Commons Attribution-NonCommercial-ShareAlike 4.0,4.0,23:30,https://www.xeno-canto.org/545294,bcnher/XC545294.ogg
bcnher,[],['nocturnal flight call'],52.1772,10.5451,Nycticorax nycticorax,Black-crowned Night-Heron,Friedemann Arndt,Creative Commons Attribution-NonCommercial-ShareAlike 4.0,4.0,22:38,https://www.xeno-canto.org/545375,bcnher/XC545375.ogg
bcnher,[],"['flight call', 'nocturnal flight call']",43.6207,3.8725,Nycticorax nycticorax,Black-crowned Night-Heron,Thierry THOMAS,Creative Commons Attribution-NonCommercial-ShareAlike 4.0,4.0,03:40,https://www.xeno-canto.org/545376,bcnher/XC545376.ogg
bcnher,[],['nocturnal flight call'],45.3103,1.639,Nycticorax nycticorax,Black-crowned Night-Heron,Julien Barataud,Creative Commons Attribution-NonCommercial-ShareAlike 4.0,4.0,22:13,https://www.xeno-canto.org/545468,bcnher/XC545468.ogg
bcnher,[],['nocturnal flight call'],42.8071,-1.59,Nycticorax nycticorax,Black-crowned Night-Heron,Raul Pascual,Creative Commons Attribution-NonCommercial-ShareAlike 4.0,4.0,03:30,https://www.xeno-canto.org/545650,bcnher/XC545650.ogg
bcnher,[],['nocturnal flight call'],42.8071,-1.59,Nycticorax nycticorax,Black-crowned Night-Heron,Raul Pascual,Creative Commons Attribution-NonCommercial-ShareAlike 4.0,4.0,04:30,https://www.xeno-canto.org/545651,bcnher/XC545651.ogg
bcnher,[],['nocturnal flight call'],45.7583,4.7359,Nycticorax nycticorax,Black-crowned Night-Heron,hubert Pottiau,Creative Commons Attribution-NonCommercial-ShareAlike 4.0,4.0,21:30,https://www.xeno-canto.org/545676,bcnher/XC545676.ogg
bcnher,[],"['flight call', 'nocturnal flight call']",41.2243,1.7254,Nycticorax nycticorax,Black-crowned Night-Heron,Sergi,Creative Commons Attribution-NonCommercial-ShareAlike 4.0,3.0,21:29,https://www.xeno-canto.org/545729,bcnher/XC545729.ogg
bcnher,[],"['call', 'flight call', 'nocturnal flight call']",43.6141,3.8743,Nycticorax nycticorax,Black-crowned Night-Heron,Boris Delahaie,Creative Commons Attribution-NonCommercial-ShareAlike 4.0,2.0,22:26,https://www.xeno-canto.org/545941,bcnher/XC545941.ogg
bcnher,[],"['flight call', 'nocturnal flight call']",36.0151,-5.6004,Nycticorax nycticorax,Black-crowned Night-Heron,Birding The Strait,Creative Commons Attribution-NonCommercial-ShareAlike 4.0,3.0,23:30,https://www.xeno-canto.org/546218,bcnher/XC546218.ogg
bcnher,[],['nocturnal flight call'],41.9919,1.5099,Nycticorax nycticorax,Black-crowned Night-Heron,Lluís Brotons,Creative Commons Attribution-NonCommercial-ShareAlike 4.0,3.0,23:30,https://www.xeno-canto.org/546290,bcnher/XC546290.ogg
bcnher,[],['nocturnal flight call'],49.2058,-0.3212,Nycticorax nycticorax,Black-crowned Night-Heron,Jacques Girard,Creative Commons Attribution-NonCommercial-ShareAlike 4.0,2.0,02:45,https://www.xeno-canto.org/546448,bcnher/XC546448.ogg
bcnher,[],['nocturnal flight call'],45.3103,1.639,Nycticorax nycticorax,Black-crowned Night-Heron,Julien Barataud,Creative Commons Attribution-NonCommercial-ShareAlike 4.0,4.0,00:20,https://www.xeno-canto.org/546862,bcnher/XC546862.ogg
bcnher,[],['nocturnal flight call'],39.4696,-0.3522,Nycticorax nycticorax,Black-crowned Night-Heron,jesus carrion,Creative Commons Attribution-NonCommercial-ShareAlike 4.0,4.0,02:37,https://www.xeno-canto.org/547031,bcnher/XC547031.ogg
bcnher,[],['nocturnal flight call'],39.4696,-0.3522,Nycticorax nycticorax,Black-crowned Night-Heron,jesus carrion,Creative Commons Attribution-NonCommercial-ShareAlike 4.0,5.0,02:37,https://www.xeno-canto.org/547032,bcnher/XC547032.ogg
bcnher,[],['nocturnal flight call'],44.0635,1.9515,Nycticorax nycticorax,Black-crowned Night-Heron,Cedric Mroczko,Creative Commons Attribution-NonCommercial-ShareAlike 4.0,2.0,02:45,https://www.xeno-canto.org/547393,bcnher/XC547393.ogg
bcnher,[],['nocturnal flight call'],43.9348,4.8056,Nycticorax nycticorax,Black-crowned Night-Heron,paul MENARD,Creative Commons Attribution-NonCommercial-ShareAlike 4.0,4.0,22:46,https://www.xeno-canto.org/547408,bcnher/XC547408.ogg
bcnher,[],"['flight call', 'nocturnal flight call']",43.4547,4.5707,Nycticorax nycticorax,Black-crowned Night-Heron,Pierre Foulquier,Creative Commons Attribution-NonCommercial-ShareAlike 4.0,4.0,04:00,https://www.xeno-canto.org/547411,bcnher/XC547411.ogg
bcnher,[],['nocturnal flight call'],43.9348,4.8056,Nycticorax nycticorax,Black-crowned Night-Heron,paul MENARD,Creative Commons Attribution-NonCommercial-ShareAlike 4.0,4.0,21:27,https://www.xeno-canto.org/547413,bcnher/XC547413.ogg
bcnher,[],['nocturnal flight call'],39.5104,-0.418,Nycticorax nycticorax,Black-crowned Night-Heron,Joan Balfagon,Creative Commons Attribution-NonCommercial-ShareAlike 4.0,3.5,05:45,https://www.xeno-canto.org/548501,bcnher/XC548501.ogg
bcnher,[],"['flight call', 'life stage uncertain', 'sex uncertain']",17.18,-96.77,Nycticorax nycticorax,Black-crowned Night-Heron,Manuel Grosselet,Creative Commons Attribution-NonCommercial-ShareAlike 4.0,3.0,20:00,https://www.xeno-canto.org/548600,bcnher/XC548600.ogg
bcnher,[],"['flight call', 'life stage uncertain', 'sex uncertain']",17.18,-96.77,Nycticorax nycticorax,Black-crowned Night-Heron,Manuel Grosselet,Creative Commons Attribution-NonCommercial-ShareAlike 4.0,4.0,20:00,https://www.xeno-canto.org/548601,bcnher/XC548601.ogg
bcnher,[],"['flight call', 'life stage uncertain', 'sex uncertain']",17.18,-96.77,Nycticorax nycticorax,Black-crowned Night-Heron,Manuel Grosselet,Creative Commons Attribution-NonCommercial-ShareAlike 4.0,4.0,20:00,https://www.xeno-canto.org/548602,bcnher/XC548602.ogg
bcnher,[],['nocturnal flight call'],44.5596,6.0798,Nycticorax nycticorax,Black-crowned Night-Heron,Saulay,Creative Commons Attribution-NonCommercial-ShareAlike 4.0,3.0,05:00,https://www.xeno-canto.org/548725,bcnher/XC548725.ogg
bcnher,[],['nocturnal flight call'],42.5034,9.4659,Nycticorax nycticorax,Black-crowned Night-Heron,Thomas ARMAND,Creative Commons Attribution-NonCommercial-ShareAlike 4.0,4.0,23:30,https://www.xeno-canto.org/549164,bcnher/XC549164.ogg
bcnher,[],"['flight call', 'nocturnal flight call']",43.633,3.8975,Nycticorax nycticorax,Black-crowned Night-Heron,Cédric PEIGNOT,Creative Commons Attribution-NonCommercial-ShareAlike 4.0,5.0,00:30,https://www.xeno-canto.org/549290,bcnher/XC549290.ogg
bcnher,[],['nocturnal flight call'],48.0228,0.1995,Nycticorax nycticorax,Black-crowned Night-Heron,Christian Kerihuel,Creative Commons Attribution-NonCommercial-ShareAlike 4.0,4.0,22:00,https://www.xeno-canto.org/549303,bcnher/XC549303.ogg
bcnher,[],['nocturnal flight call'],45.8271,1.293,Nycticorax nycticorax,Black-crowned Night-Heron,MERCIER Christophe,Creative Commons Attribution-NonCommercial-ShareAlike 4.0,4.0,00:52,https://www.xeno-canto.org/549340,bcnher/XC549340.ogg
bcnher,[],['nocturnal flight call'],43.0568,6.134,Nycticorax nycticorax,Black-crowned Night-Heron,AUDEVARD Aurélien,Creative Commons Attribution-NonCommercial-ShareAlike 4.0,3.5,04:27,https://www.xeno-canto.org/550235,bcnher/XC550235.ogg
bcnher,[],"['flight call', 'nocturnal flight call']",46.1523,1.8974,Nycticorax nycticorax,Black-crowned Night-Heron,Quentin Giraud,Creative Commons Attribution-NonCommercial-ShareAlike 4.0,2.0,02:14,https://www.xeno-canto.org/550255,bcnher/XC550255.ogg
bcnher,[],['call'],-16.7573,-56.8764,Nycticorax nycticorax,Black-crowned Night-Heron,Dante Buzzetti,Creative Commons Attribution-NonCommercial-ShareAlike 4.0,4.0,18:16,https://www.xeno-canto.org/550390,bcnher/XC550390.ogg
bcnher,[],['nocturnal flight call'],44.0635,1.9515,Nycticorax nycticorax,Black-crowned Night-Heron,Cedric Mroczko,Creative Commons Attribution-NonCommercial-ShareAlike 4.0,2.0,02:10,https://www.xeno-canto.org/550496,bcnher/XC550496.ogg
bcnher,[],"['flight call', 'nocturnal flight call']",43.6212,3.9129,Nycticorax nycticorax,Black-crowned Night-Heron,Cédric PEIGNOT,Creative Commons Attribution-NonCommercial-ShareAlike 4.0,4.0,03:00,https://www.xeno-canto.org/550542,bcnher/XC550542.ogg
bcnher,[],['nocturnal flight call'],46.5339,0.2707,Nycticorax nycticorax,Black-crowned Night-Heron,Benoît Van Hecke,Creative Commons Attribution-ShareAlike 4.0,4.0,05:00,https://www.xeno-canto.org/550582,bcnher/XC550582.ogg
bcnher,[],"['flight call', 'nocturnal flight call']",43.6207,3.8725,Nycticorax nycticorax,Black-crowned Night-Heron,Thierry THOMAS,Creative Commons Attribution-NonCommercial-ShareAlike 4.0,2.0,21:45,https://www.xeno-canto.org/550741,bcnher/XC550741.ogg
bcnher,[],"['flight call', 'nocturnal flight call']",47.7907,-0.6461,Nycticorax nycticorax,Black-crowned Night-Heron,Manceau Lionel,Creative Commons Attribution-NonCommercial-ShareAlike 4.0,1.0,01:30,https://www.xeno-canto.org/551196,bcnher/XC551196.ogg
bcnher,[],['nocturnal flight call'],48.953,4.3502,Nycticorax nycticorax,Black-crowned Night-Heron,Nidal ISSA,Creative Commons Attribution-NonCommercial-ShareAlike 4.0,5.0,01:30,https://www.xeno-canto.org/551281,bcnher/XC551281.ogg
bcnher,[],"['flight call', 'nocturnal flight call']",50.1191,18.9721,Nycticorax nycticorax,Black-crowned Night-Heron,Ireneusz Oleksik,Creative Commons Attribution-NonCommercial-ShareAlike 4.0,4.0,02:07,https://www.xeno-canto.org/551675,bcnher/XC551675.ogg
bcnher,[],['nocturnal flight call'],46.5339,0.2707,Nycticorax nycticorax,Black-crowned Night-Heron,Benoît Van Hecke,Creative Commons Attribution-ShareAlike 4.0,4.0,04:34,https://www.xeno-canto.org/551981,bcnher/XC551981.ogg
bcnher,[],"['life stage uncertain', 'nocturnal flight call', 'sex uncertain']",41.4875,2.3653,Nycticorax nycticorax,Black-crowned Night-Heron,Alexis Bukowski,Creative Commons Attribution-NonCommercial-ShareAlike 4.0,3.0,03:00,https://www.xeno-canto.org/552020,bcnher/XC552020.ogg
bcnher,[],['nocturnal flight call'],40.7618,-3.7786,Nycticorax nycticorax,Black-crowned Night-Heron,Oscar Vilches,Creative Commons Attribution-NonCommercial-ShareAlike 4.0,2.5,04:00,https://www.xeno-canto.org/552929,bcnher/XC552929.ogg
bcnher,[],['nocturnal flight call'],40.7618,-3.7786,Nycticorax nycticorax,Black-crowned Night-Heron,Oscar Vilches,Creative Commons Attribution-NonCommercial-ShareAlike 4.0,4.0,04:00,https://www.xeno-canto.org/552934,bcnher/XC552934.ogg
bcnher,[],"['life stage uncertain', 'nocturnal flight call', 'sex uncertain']",38.5553,-6.0661,Nycticorax nycticorax,Black-crowned Night-Heron,Eduardo Realinho,Creative Commons Attribution-NonCommercial-ShareAlike 4.0,4.0,03:00,https://www.xeno-canto.org/553015,bcnher/XC553015.ogg
bcnher,[],['nocturnal flight call'],39.4696,-0.3522,Nycticorax nycticorax,Black-crowned Night-Heron,jesus carrion,Creative Commons Attribution-NonCommercial-ShareAlike 4.0,5.0,00:02,https://www.xeno-canto.org/553367,bcnher/XC553367.ogg
bcnher,[],['nocturnal flight call'],39.4696,-0.3522,Nycticorax nycticorax,Black-crowned Night-Heron,jesus carrion,Creative Commons Attribution-NonCommercial-ShareAlike 4.0,3.0,03:42,https://www.xeno-canto.org/553368,bcnher/XC553368.ogg
bcnher,[],"['flight call', 'nocturnal flight call']",47.7907,-0.6461,Nycticorax nycticorax,Black-crowned Night-Heron,Manceau Lionel,Creative Commons Attribution-NonCommercial-ShareAlike 4.0,1.0,23:00,https://www.xeno-canto.org/553534,bcnher/XC553534.ogg
bcnher,[],['nocturnal flight call'],45.2867,4.8289,Nycticorax nycticorax,Black-crowned Night-Heron,Vincent Palomares,Creative Commons Attribution-NonCommercial-ShareAlike 4.0,4.0,02:20,https://www.xeno-canto.org/553848,bcnher/XC553848.ogg
bcnher,[],['nocturnal flight call'],45.2867,4.8289,Nycticorax nycticorax,Black-crowned Night-Heron,Vincent Palomares,Creative Commons Attribution-NonCommercial-ShareAlike 4.0,3.0,03:10,https://www.xeno-canto.org/554193,bcnher/XC554193.ogg
bcnher,[],['nocturnal flight call'],47.6568,7.4228,Nycticorax nycticorax,Black-crowned Night-Heron,Martin Grienenberger,Creative Commons Attribution-NonCommercial-ShareAlike 4.0,4.0,22:49,https://www.xeno-canto.org/554322,bcnher/XC554322.ogg
bcnher,[],['nocturnal flight call'],45.8271,1.293,Nycticorax nycticorax,Black-crowned Night-Heron,MERCIER Christophe,Creative Commons Attribution-NonCommercial-ShareAlike 4.0,2.0,23:40,https://www.xeno-canto.org/554375,bcnher/XC554375.ogg
bcnher,[],['nocturnal flight call'],39.4696,-0.3522,Nycticorax nycticorax,Black-crowned Night-Heron,jesus carrion,Creative Commons Attribution-NonCommercial-ShareAlike 4.0,4.0,01:18,https://www.xeno-canto.org/554387,bcnher/XC554387.ogg
bcnher,[],['nocturnal flight call'],53.4658,8.6468,Nycticorax nycticorax,Black-crowned Night-Heron,Johannes Martin,Creative Commons Attribution-NonCommercial-ShareAlike 4.0,3.0,02:30,https://www.xeno-canto.org/554532,bcnher/XC554532.ogg
bcnher,[],['nocturnal flight call'],47.6568,7.4228,Nycticorax nycticorax,Black-crowned Night-Heron,Martin Grienenberger,Creative Commons Attribution-NonCommercial-ShareAlike 4.0,2.0,03:03,https://www.xeno-canto.org/555678,bcnher/XC555678.ogg
bcnher,[],['nocturnal flight call'],39.4696,-0.3522,Nycticorax nycticorax,Black-crowned Night-Heron,jesus carrion,Creative Commons Attribution-NonCommercial-ShareAlike 4.0,5.0,00:04,https://www.xeno-canto.org/555788,bcnher/XC555788.ogg
bcnher,[],['nocturnal flight call'],44.8584,4.949,Nycticorax nycticorax,Black-crowned Night-Heron,Adrien CHARBONNEAU,Creative Commons Attribution-NonCommercial-ShareAlike 4.0,3.0,01:12,https://www.xeno-canto.org/557280,bcnher/XC557280.ogg
bcnher,[],['nocturnal flight call'],44.8584,4.949,Nycticorax nycticorax,Black-crowned Night-Heron,Adrien CHARBONNEAU,Creative Commons Attribution-NonCommercial-ShareAlike 4.0,5.0,02:31,https://www.xeno-canto.org/557289,bcnher/XC557289.ogg
bcnher,[],['nocturnal flight call'],44.8584,4.949,Nycticorax nycticorax,Black-crowned Night-Heron,Adrien CHARBONNEAU,Creative Commons Attribution-NonCommercial-ShareAlike 4.0,5.0,02:13,https://www.xeno-canto.org/557296,bcnher/XC557296.ogg
bcnher,[],['nocturnal flight call'],44.8584,4.949,Nycticorax nycticorax,Black-crowned Night-Heron,Adrien CHARBONNEAU,Creative Commons Attribution-NonCommercial-ShareAlike 4.0,5.0,21:12,https://www.xeno-canto.org/557328,bcnher/XC557328.ogg
bcnher,[],['nocturnal flight call'],41.2243,1.7254,Nycticorax nycticorax,Black-crowned Night-Heron,Sergi,Creative Commons Attribution-NonCommercial-ShareAlike 4.0,5.0,00:50,https://www.xeno-canto.org/558100,bcnher/XC558100.ogg
bcnher,[],"['flight call', 'nocturnal flight call']",52.3559,4.9373,Nycticorax nycticorax,Black-crowned Night-Heron,guus van duin,Creative Commons Attribution-NonCommercial-ShareAlike 4.0,4.0,20:40,https://www.xeno-canto.org/558260,bcnher/XC558260.ogg
bcnher,[],['nocturnal flight call'],53.5342,8.6032,Nycticorax nycticorax,Black-crowned Night-Heron,Franck Hollander,Creative Commons Attribution-NonCommercial-ShareAlike 4.0,4.0,23:00,https://www.xeno-canto.org/559526,bcnher/XC559526.ogg
bcnher,[],['nocturnal flight call'],47.6568,7.4228,Nycticorax nycticorax,Black-crowned Night-Heron,Martin Grienenberger,Creative Commons Attribution-NonCommercial-ShareAlike 4.0,3.0,22:42,https://www.xeno-canto.org/561055,bcnher/XC561055.ogg
bcnher,[],"['flight call', 'nocturnal flight call']",44.3084,4.3464,Nycticorax nycticorax,Black-crowned Night-Heron,Pierre Foulquier,Creative Commons Attribution-NonCommercial-ShareAlike 4.0,3.0,02:00,https://www.xeno-canto.org/561178,bcnher/XC561178.ogg
bcnher,[],['nocturnal flight call'],52.0773,4.7608,Nycticorax nycticorax,Black-crowned Night-Heron,Martin Fousert,Creative Commons Attribution-NonCommercial-ShareAlike 4.0,3.0,01:36,https://www.xeno-canto.org/562646,bcnher/XC562646.ogg
bcnher,[],['nocturnal flight call'],39.4696,-0.3522,Nycticorax nycticorax,Black-crowned Night-Heron,jesus carrion,Creative Commons Attribution-NonCommercial-ShareAlike 4.0,4.0,22:34,https://www.xeno-canto.org/562653,bcnher/XC562653.ogg
bcnher,[],"['flight call', 'nocturnal flight call']",50.1191,18.9721,Nycticorax nycticorax,Black-crowned Night-Heron,Ireneusz Oleksik,Creative Commons Attribution-NonCommercial-ShareAlike 4.0,3.5,02:32,https://www.xeno-canto.org/562999,bcnher/XC562999.ogg
bcnher,[],['flight call'],47.6568,7.4228,Nycticorax nycticorax,Black-crowned Night-Heron,Martin Grienenberger,Creative Commons Attribution-NonCommercial-ShareAlike 4.0,4.0,03:06,https://www.xeno-canto.org/564343,bcnher/XC564343.ogg
bcnher,[],['nocturnal flight call'],47.6568,7.4228,Nycticorax nycticorax,Black-crowned Night-Heron,Martin Grienenberger,Creative Commons Attribution-NonCommercial-ShareAlike 4.0,3.0,02:45,https://www.xeno-canto.org/564846,bcnher/XC564846.ogg
bcnher,[],['nocturnal flight call'],47.6568,7.4228,Nycticorax nycticorax,Black-crowned Night-Heron,Martin Grienenberger,Creative Commons Attribution-NonCommercial-ShareAlike 4.0,3.0,22:23,https://www.xeno-canto.org/565096,bcnher/XC565096.ogg
bcnher,[],['flight call'],46.692,14.0135,Nycticorax nycticorax,Black-crowned Night-Heron,David Nayer,Creative Commons Attribution-NonCommercial-ShareAlike 4.0,4.5,21:21,https://www.xeno-canto.org/566159,bcnher/XC566159.ogg
bcnher,[],['flight call'],50.6901,-1.097,Nycticorax nycticorax,Black-crowned Night-Heron,Jon Sparshott,Creative Commons Attribution-NonCommercial-ShareAlike 4.0,3.0,21:39,https://www.xeno-canto.org/566574,bcnher/XC566574.ogg
bcnher,[],['call'],23.8274,120.8011,Nycticorax nycticorax,Black-crowned Night-Heron,Sunny Tseng,Creative Commons Attribution-NonCommercial-ShareAlike 4.0,1.0,09:30,https://www.xeno-canto.org/567599,bcnher/XC567599.ogg
bcnher,[],['call'],23.8274,120.8011,Nycticorax nycticorax,Black-crowned Night-Heron,Sunny Tseng,Creative Commons Attribution-NonCommercial-ShareAlike 4.0,1.0,09:30,https://www.xeno-canto.org/567600,bcnher/XC567600.ogg
bcnher,[],"['flight call', 'nocturnal flight call']",43.5118,3.8367,Nycticorax nycticorax,Black-crowned Night-Heron,Pierre Foulquier,Creative Commons Attribution-NonCommercial-ShareAlike 4.0,4.0,23:30,https://www.xeno-canto.org/567940,bcnher/XC567940.ogg
bcnher,[],"['flight call', 'human voices', 'life stage uncertain', 'sex uncertain']",47.3892,2.3576,Nycticorax nycticorax,Black-crowned Night-Heron,Hervé,Creative Commons Attribution-NonCommercial-ShareAlike 4.0,4.0,00:30,https://www.xeno-canto.org/568293,bcnher/XC568293.ogg
bcnher,[],"['adult', 'nocturnal flight call', 'sex uncertain']",45.1204,12.3209,Nycticorax nycticorax,Black-crowned Night-Heron,Corrado Zanini,Creative Commons Attribution-NonCommercial-ShareAlike 4.0,5.0,23:20,https://www.xeno-canto.org/568927,bcnher/XC568927.ogg
bcnher,[],['nocturnal flight call'],52.446,16.9648,Nycticorax nycticorax,Black-crowned Night-Heron,Paweł Szymański,Creative Commons Attribution-NonCommercial-ShareAlike 4.0,4.0,02:15,https://www.xeno-canto.org/571938,bcnher/XC571938.ogg
bcnher,[],['nocturnal flight call'],47.6568,7.4228,Nycticorax nycticorax,Black-crowned Night-Heron,Martin Grienenberger,Creative Commons Attribution-NonCommercial-ShareAlike 4.0,4.0,02:15,https://www.xeno-canto.org/572833,bcnher/XC572833.ogg
bcnher,[],['nocturnal flight call'],47.6568,7.4228,Nycticorax nycticorax,Black-crowned Night-Heron,Martin Grienenberger,Creative Commons Attribution-NonCommercial-ShareAlike 4.0,4.0,23:50,https://www.xeno-canto.org/572835,bcnher/XC572835.ogg
bcnher,[],"['adult', 'flight call']",51.3052,23.1216,Nycticorax nycticorax,Black-crowned Night-Heron,Jarek Matusiak,Creative Commons Attribution-NonCommercial-ShareAlike 4.0,5.0,21:30,https://www.xeno-canto.org/573474,bcnher/XC573474.ogg
bcnher,[],"['call', 'life stage uncertain', 'nocturnal flight call', 'sex uncertain']",21.9204,-102.3335,Nycticorax nycticorax,Black-crowned Night-Heron,Daniel Carrillo,Creative Commons Attribution-NonCommercial-ShareAlike 4.0,3.0,23:30,https://www.xeno-canto.org/574101,bcnher/XC574101.ogg
bcnher,[],"['flight call', 'nocturnal flight call']",50.1191,18.9721,Nycticorax nycticorax,Black-crowned Night-Heron,Ireneusz Oleksik,Creative Commons Attribution-NonCommercial-ShareAlike 4.0,3.0,00:15,https://www.xeno-canto.org/574278,bcnher/XC574278.ogg
bcnher,[],"['call', 'life stage uncertain', 'sex uncertain']",41.4591,-112.3019,Nycticorax nycticorax,Black-crowned Night-Heron,Richard E. Webster,Creative Commons Attribution-NonCommercial-ShareAlike 4.0,4.5,05:32,https://www.xeno-canto.org/574400,bcnher/XC574400.ogg
bcnher,[],['call'],4.849,-73.902,Nycticorax nycticorax,Black-crowned Night-Heron,Garry Bakker,Creative Commons Attribution-NonCommercial-ShareAlike 4.0,4.0,17:38,https://www.xeno-canto.org/574426,bcnher/XC574426.ogg
bcnher,[],['nocturnal flight call'],46.6621,-1.4207,Nycticorax nycticorax,Black-crowned Night-Heron,Maxime Pirio,Creative Commons Attribution-NonCommercial-ShareAlike 4.0,4.0,02:34,https://www.xeno-canto.org/574635,bcnher/XC574635.ogg
bcnher,[],['nocturnal flight call'],46.4168,-1.5399,Nycticorax nycticorax,Black-crowned Night-Heron,Maxime Pirio,Creative Commons Attribution-NonCommercial-ShareAlike 4.0,4.0,05:33,https://www.xeno-canto.org/575510,bcnher/XC575510.ogg
bcnher,[],"['adult', 'call', 'flight call', 'sex uncertain']",35.3488,-120.8434,Nycticorax nycticorax,Black-crowned Night-Heron,Thomas G. Graves,Creative Commons Attribution-NonCommercial-ShareAlike 4.0,4.0,20:42,https://www.xeno-canto.org/575620,bcnher/XC575620.ogg
bcnher,[],['flight call'],43.8559,1.7856,Nycticorax nycticorax,Black-crowned Night-Heron,Cedric Mroczko,Creative Commons Attribution-NonCommercial-ShareAlike 4.0,4.0,21:00,https://www.xeno-canto.org/577785,bcnher/XC577785.ogg
bcnher,[],['flight call'],43.8559,1.7856,Nycticorax nycticorax,Black-crowned Night-Heron,Cedric Mroczko,Creative Commons Attribution-NonCommercial-ShareAlike 4.0,4.0,22:15,https://www.xeno-canto.org/577787,bcnher/XC577787.ogg
bcnher,[],['flight call'],43.8559,1.7856,Nycticorax nycticorax,Black-crowned Night-Heron,Cedric Mroczko,Creative Commons Attribution-NonCommercial-ShareAlike 4.0,4.0,00:10,https://www.xeno-canto.org/577794,bcnher/XC577794.ogg
bcnher,[],['call'],23.8264,120.8024,Nycticorax nycticorax,Black-crowned Night-Heron,Sunny Tseng,Creative Commons Attribution-NonCommercial-ShareAlike 4.0,4.0,08:00,https://www.xeno-canto.org/577898,bcnher/XC577898.ogg
bcnher,[],['call'],23.8264,120.8024,Nycticorax nycticorax,Black-crowned Night-Heron,Sunny Tseng,Creative Commons Attribution-NonCommercial-ShareAlike 4.0,4.0,08:00,https://www.xeno-canto.org/577899,bcnher/XC577899.ogg
bcnher,[],['call'],23.8264,120.8024,Nycticorax nycticorax,Black-crowned Night-Heron,Sunny Tseng,Creative Commons Attribution-NonCommercial-ShareAlike 4.0,4.0,06:30,https://www.xeno-canto.org/577903,bcnher/XC577903.ogg
bcnher,[],['uncertain'],48.0228,0.1995,Nycticorax nycticorax,Black-crowned Night-Heron,Christian Kerihuel,Creative Commons Attribution-NonCommercial-ShareAlike 4.0,2.0,23:00,https://www.xeno-canto.org/578200,bcnher/XC578200.ogg
bcnher,[],"['call', 'nocturnal flight call']",19.255,-99.0254,Nycticorax nycticorax,Black-crowned Night-Heron,Isain Contreras Rodríguez,Creative Commons Attribution-NonCommercial-ShareAlike 4.0,4.0,02:00,https://www.xeno-canto.org/578515,bcnher/XC578515.ogg
bcnher,[],"['adult', 'nocturnal flight call', 'sex uncertain']",51.3052,23.1216,Nycticorax nycticorax,Black-crowned Night-Heron,Jarek Matusiak,Creative Commons Attribution-NonCommercial-ShareAlike 4.0,5.0,21:00,https://www.xeno-canto.org/579688,bcnher/XC579688.ogg
bcnher,[],"['adult', 'nocturnal flight call', 'sex uncertain']",51.3052,23.1216,Nycticorax nycticorax,Black-crowned Night-Heron,Jarek Matusiak,Creative Commons Attribution-NonCommercial-ShareAlike 4.0,5.0,21:00,https://www.xeno-canto.org/579689,bcnher/XC579689.ogg
bcnher,[],"['begging call', 'hatchling or nestling', 'juvenile', 'sex uncertain']",51.3052,23.1216,Nycticorax nycticorax,Black-crowned Night-Heron,Jarek Matusiak,Creative Commons Attribution-NonCommercial-ShareAlike 4.0,5.0,21:30,https://www.xeno-canto.org/579875,bcnher/XC579875.ogg
bcnher,[],"['call', 'flight call', 'nocturnal flight call']",46.1523,1.8974,Nycticorax nycticorax,Black-crowned Night-Heron,Quentin Giraud,Creative Commons Attribution-NonCommercial-ShareAlike 4.0,3.0,22:45,https://www.xeno-canto.org/580029,bcnher/XC580029.ogg
bcnher,[],"['adult', 'call', 'female', 'flight call', 'juvenile', 'male', 'nocturnal flight call']",51.3052,23.1216,Nycticorax nycticorax,Black-crowned Night-Heron,Jarek Matusiak,Creative Commons Attribution-NonCommercial-ShareAlike 4.0,5.0,21:00,https://www.xeno-canto.org/580668,bcnher/XC580668.ogg
bcnher,[],['flight call'],-18.4142,-70.3222,Nycticorax nycticorax,Black-crowned Night-Heron,Cristian Pinto,Creative Commons Attribution-NonCommercial-ShareAlike 4.0,2.0,07:30,https://www.xeno-canto.org/580878,bcnher/XC580878.ogg
bcnher,[],"['begging call', 'call', 'life stage uncertain', 'sex uncertain']",41.0992,1.1604,Nycticorax nycticorax,Black-crowned Night-Heron,Sidney M,Creative Commons Attribution-NonCommercial-ShareAlike 4.0,3.0,09:30,https://www.xeno-canto.org/581199,bcnher/XC581199.ogg
bcnher,[],"['flight call', 'nocturnal flight call']",50.1191,18.9721,Nycticorax nycticorax,Black-crowned Night-Heron,Ireneusz Oleksik,Creative Commons Attribution-NonCommercial-ShareAlike 4.0,3.0,23:17,https://www.xeno-canto.org/581292,bcnher/XC581292.ogg
bcnher,[],['nocturnal flight call'],44.796,1.8233,Nycticorax nycticorax,Black-crowned Night-Heron,Cedric Mroczko,Creative Commons Attribution-NonCommercial-ShareAlike 4.0,1.5,02:10,https://www.xeno-canto.org/581481,bcnher/XC581481.ogg
bcnher,[],['nocturnal flight call'],50.4631,3.6638,Nycticorax nycticorax,Black-crowned Night-Heron,Alain Malengreau,Creative Commons Attribution-NonCommercial-ShareAlike 4.0,3.0,02:00,https://www.xeno-canto.org/581630,bcnher/XC581630.ogg
bcnher,[],['nocturnal flight call'],48.0228,0.1995,Nycticorax nycticorax,Black-crowned Night-Heron,Christian Kerihuel,Creative Commons Attribution-NonCommercial-ShareAlike 4.0,4.0,02:00,https://www.xeno-canto.org/582943,bcnher/XC582943.ogg
bcnher,[],"['flight call', 'nocturnal flight call']",47.4034,-2.3461,Nycticorax nycticorax,Black-crowned Night-Heron,Abel Prampart,Creative Commons Attribution-NonCommercial-ShareAlike 4.0,5.0,03:00,https://www.xeno-canto.org/583931,bcnher/XC583931.ogg
bcnher,[],"['juvenile', 'nocturnal flight call', 'sex uncertain']",52.3882,16.9887,Nycticorax nycticorax,Black-crowned Night-Heron,Sławomir Karpicki-Ignatowski,Creative Commons Attribution-NonCommercial-ShareAlike 4.0,4.0,04:00,https://www.xeno-canto.org/584151,bcnher/XC584151.ogg
bcnher,[],['nocturnal flight call'],44.0051,2.0466,Nycticorax nycticorax,Black-crowned Night-Heron,Cedric Mroczko,Creative Commons Attribution-NonCommercial-ShareAlike 4.0,2.5,22:30,https://www.xeno-canto.org/584799,bcnher/XC584799.ogg
bcnher,[],['nocturnal flight call'],50.7347,3.2143,Nycticorax nycticorax,Black-crowned Night-Heron,Christophe Gruwier,Creative Commons Attribution-NonCommercial-ShareAlike 4.0,3.0,22:00,https://www.xeno-canto.org/585576,bcnher/XC585576.ogg
bcnher,[],['nocturnal flight call'],43.6745,4.6613,Nycticorax nycticorax,Black-crowned Night-Heron,Pierre Foulquier,Creative Commons Attribution-NonCommercial-ShareAlike 4.0,5.0,04:00,https://www.xeno-canto.org/585654,bcnher/XC585654.ogg
bcnher,[],['nocturnal flight call'],45.8271,1.293,Nycticorax nycticorax,Black-crowned Night-Heron,MERCIER Christophe,Creative Commons Attribution-NonCommercial-ShareAlike 4.0,4.0,22:51,https://www.xeno-canto.org/585776,bcnher/XC585776.ogg
bcnher,[],"['call', 'flight call']",43.5361,4.7533,Nycticorax nycticorax,Black-crowned Night-Heron,Tanguy Loïs,Creative Commons Attribution-NonCommercial-ShareAlike 4.0,5.0,16:00,https://www.xeno-canto.org/586196,bcnher/XC586196.ogg
bcnher,[],['nocturnal flight call'],43.5352,-1.4475,Nycticorax nycticorax,Black-crowned Night-Heron,Frédéric Cazaban,Creative Commons Attribution-NonCommercial-ShareAlike 4.0,5.0,01:30,https://www.xeno-canto.org/587409,bcnher/XC587409.ogg
bcnher,[],['nocturnal flight call'],42.340284,2.48002,Nycticorax nycticorax,Black-crowned Night-Heron,Oriol Baena,Creative Commons Attribution-NonCommercial-ShareAlike 3.0,3.0,22:53,https://www.xeno-canto.org/587835,bcnher/XC587835.ogg
bcnher,[],['nocturnal flight call'],42.340284,2.48002,Nycticorax nycticorax,Black-crowned Night-Heron,Oriol Baena,Creative Commons Attribution-NonCommercial-ShareAlike 3.0,3.0,22:21,https://www.xeno-canto.org/587839,bcnher/XC587839.ogg
bcnher,[],['nocturnal flight call'],42.337147,2.512696,Nycticorax nycticorax,Black-crowned Night-Heron,Robert Manzano,Creative Commons Attribution-NonCommercial-ShareAlike 3.0,3.0,23:18,https://www.xeno-canto.org/587854,bcnher/XC587854.ogg
bcnher,[],['nocturnal flight call'],42.337147,2.512696,Nycticorax nycticorax,Black-crowned Night-Heron,Robert Manzano,Creative Commons Attribution-NonCommercial-ShareAlike 3.0,3.0,22:30,https://www.xeno-canto.org/587855,bcnher/XC587855.ogg
bcnher,[],['nocturnal flight call'],42.328487,2.551244,Nycticorax nycticorax,Black-crowned Night-Heron,Oriol Baena,Creative Commons Attribution-NonCommercial-ShareAlike 3.0,3.0,03:58,https://www.xeno-canto.org/587866,bcnher/XC587866.ogg
bcnher,[],['nocturnal flight call'],42.29181,2.602665,Nycticorax nycticorax,Black-crowned Night-Heron,Oriol Baena,Creative Commons Attribution-NonCommercial-ShareAlike 3.0,3.0,05:25,https://www.xeno-canto.org/587876,bcnher/XC587876.ogg
bcnher,[],['nocturnal flight call'],42.29181,2.602665,Nycticorax nycticorax,Black-crowned Night-Heron,Oriol Baena,Creative Commons Attribution-NonCommercial-ShareAlike 3.0,3.0,23:22,https://www.xeno-canto.org/587880,bcnher/XC587880.ogg
bcnher,[],['nocturnal flight call'],42.29181,2.602665,Nycticorax nycticorax,Black-crowned Night-Heron,Robert Manzano,Creative Commons Attribution-NonCommercial-ShareAlike 3.0,3.0,01:13,https://www.xeno-canto.org/587882,bcnher/XC587882.ogg
bcnher,[],['call'],-39.847,-73.3098,Nycticorax nycticorax,Black-crowned Night-Heron,Gabriel Morales,Creative Commons Attribution-NonCommercial-ShareAlike 4.0,5.0,20:00,https://www.xeno-canto.org/588333,bcnher/XC588333.ogg
bcnher,[],['call'],-39.847,-73.3098,Nycticorax nycticorax,Black-crowned Night-Heron,Gabriel Morales,Creative Commons Attribution-NonCommercial-ShareAlike 4.0,5.0,20:00,https://www.xeno-canto.org/588334,bcnher/XC588334.ogg
bcnher,[],['call'],-39.847,-73.3098,Nycticorax nycticorax,Black-crowned Night-Heron,Gabriel Morales,Creative Commons Attribution-NonCommercial-ShareAlike 4.0,4.0,20:00,https://www.xeno-canto.org/588335,bcnher/XC588335.ogg
bcnher,[],['call'],-39.847,-73.3098,Nycticorax nycticorax,Black-crowned Night-Heron,Gabriel Morales,Creative Commons Attribution-NonCommercial-ShareAlike 4.0,4.0,20:00,https://www.xeno-canto.org/588336,bcnher/XC588336.ogg
bcnher,[],"['duet', 'nocturnal flight call']",-39.847,-73.3098,Nycticorax nycticorax,Black-crowned Night-Heron,Gabriel Morales,Creative Commons Attribution-NonCommercial-ShareAlike 4.0,5.0,20:00,https://www.xeno-canto.org/588337,bcnher/XC588337.ogg
bcnher,[],['nocturnal flight call'],-39.847,-73.3098,Nycticorax nycticorax,Black-crowned Night-Heron,Gabriel Morales,Creative Commons Attribution-NonCommercial-ShareAlike 4.0,5.0,20:00,https://www.xeno-canto.org/588338,bcnher/XC588338.ogg
bcnher,[],['call'],-39.847,-73.3098,Nycticorax nycticorax,Black-crowned Night-Heron,Gabriel Morales,Creative Commons Attribution-NonCommercial-ShareAlike 4.0,4.0,20:00,https://www.xeno-canto.org/588339,bcnher/XC588339.ogg
bcnher,[],['nocturnal flight call'],46.787,5.0291,Nycticorax nycticorax,Black-crowned Night-Heron,Philippe Gayet,Creative Commons Attribution-NonCommercial-ShareAlike 4.0,4.0,01:30,https://www.xeno-canto.org/588797,bcnher/XC588797.ogg
bcnher,[],"['flight call', 'nocturnal flight call']",51.8346,5.8519,Nycticorax nycticorax,Black-crowned Night-Heron,Martijn Verdoes,Creative Commons Attribution-NonCommercial-ShareAlike 4.0,4.0,20:33,https://www.xeno-canto.org/588974,bcnher/XC588974.ogg
bcnher,[],['nocturnal flight call'],42.2918,2.6027,Nycticorax nycticorax,Black-crowned Night-Heron,Robert Manzano,Creative Commons Attribution-NonCommercial-ShareAlike 4.0,3.0,00:55,https://www.xeno-canto.org/590132,bcnher/XC590132.ogg
bcnher,[],['nocturnal flight call'],42.2918,2.6027,Nycticorax nycticorax,Black-crowned Night-Heron,Robert Manzano,Creative Commons Attribution-NonCommercial-ShareAlike 4.0,3.0,01:17,https://www.xeno-canto.org/590134,bcnher/XC590134.ogg
bcnher,[],['nocturnal flight call'],42.2918,2.6027,Nycticorax nycticorax,Black-crowned Night-Heron,Robert Manzano,Creative Commons Attribution-NonCommercial-ShareAlike 4.0,3.0,23:00,https://www.xeno-canto.org/590166,bcnher/XC590166.ogg
bcnher,[],"['adult', 'flight call', 'sex uncertain']",25.0045,121.5342,Nycticorax nycticorax,Black-crowned Night-Heron,An Chou,Creative Commons Attribution-NonCommercial-ShareAlike 4.0,3.0,18:08,https://www.xeno-canto.org/590462,bcnher/XC590462.ogg
bcnher,[],['nocturnal flight call'],37.1379,-7.6303,Nycticorax nycticorax,Black-crowned Night-Heron,Nelson Conceição,Creative Commons Attribution-NonCommercial-ShareAlike 4.0,4.0,01:59,https://www.xeno-canto.org/592469,bcnher/XC592469.ogg
bcnher,[],['nocturnal flight call'],42.2918,2.6027,Nycticorax nycticorax,Black-crowned Night-Heron,Robert Manzano,Creative Commons Attribution-NonCommercial-ShareAlike 4.0,3.0,21:36,https://www.xeno-canto.org/595625,bcnher/XC595625.ogg
bcnher,[],['nocturnal flight call'],42.3285,2.5512,Nycticorax nycticorax,Black-crowned Night-Heron,Robert Manzano,Creative Commons Attribution-NonCommercial-ShareAlike 4.0,3.0,02:44,https://www.xeno-canto.org/595628,bcnher/XC595628.ogg
bcnher,[],['call'],23.8264,120.8024,Nycticorax nycticorax,Black-crowned Night-Heron,Sunny Tseng,Creative Commons Attribution-NonCommercial-ShareAlike 4.0,5.0,08:00,https://www.xeno-canto.org/597131,bcnher/XC597131.ogg
bcnher,[],['call'],23.8264,120.8024,Nycticorax nycticorax,Black-crowned Night-Heron,Sunny Tseng,Creative Commons Attribution-NonCommercial-ShareAlike 4.0,5.0,08:00,https://www.xeno-canto.org/597132,bcnher/XC597132.ogg
bcnher,[],['nocturnal flight call'],50.7347,3.2143,Nycticorax nycticorax,Black-crowned Night-Heron,Christophe Gruwier,Creative Commons Attribution-NonCommercial-ShareAlike 4.0,5.0,21:30,https://www.xeno-canto.org/597256,bcnher/XC597256.ogg
bcnher,[],['nocturnal flight call'],45.1343,1.8395,Nycticorax nycticorax,Black-crowned Night-Heron,Testaert Dominique,Creative Commons Attribution-NonCommercial-ShareAlike 4.0,5.0,00:49,https://www.xeno-canto.org/597334,bcnher/XC597334.ogg
bcnher,[],['nocturnal flight call'],42.2918,2.6027,Nycticorax nycticorax,Black-crowned Night-Heron,Robert Manzano,Creative Commons Attribution-NonCommercial-ShareAlike 4.0,3.0,23:05,https://www.xeno-canto.org/597499,bcnher/XC597499.ogg
bcnher,[],['uncertain'],41.9919,1.5099,Nycticorax nycticorax,Black-crowned Night-Heron,Lluís Brotons,Creative Commons Attribution-NonCommercial-ShareAlike 4.0,4.0,00:00,https://www.xeno-canto.org/598485,bcnher/XC598485.ogg
bcnher,[],['nocturnal flight call'],42.828,2.2919,Nycticorax nycticorax,Black-crowned Night-Heron,Cedric Mroczko,Creative Commons Attribution-NonCommercial-ShareAlike 4.0,2.5,00:30,https://www.xeno-canto.org/601150,bcnher/XC601150.ogg
bcnher,[],['flight call'],40.6617,0.7891,Nycticorax nycticorax,Black-crowned Night-Heron,Pere Josa,Creative Commons Attribution-NonCommercial-ShareAlike 4.0,4.0,20:00,https://www.xeno-canto.org/601227,bcnher/XC601227.ogg
bcnher,[],['flight call'],40.6617,0.7891,Nycticorax nycticorax,Black-crowned Night-Heron,Pere Josa,Creative Commons Attribution-NonCommercial-ShareAlike 4.0,3.0,20:00,https://www.xeno-canto.org/601229,bcnher/XC601229.ogg
bcnher,[],"['flight call', 'nocturnal flight call']",43.0354,-1.0229,Nycticorax nycticorax,Black-crowned Night-Heron,Raphaël Nussbaumer,Creative Commons Attribution-NonCommercial-ShareAlike 4.0,4.0,00:48,https://www.xeno-canto.org/601829,bcnher/XC601829.ogg
bcnher,[],"['adult', 'alarm call', 'begging call', 'duet', 'sex uncertain']",-33.0142,-71.5529,Nycticorax nycticorax,Black-crowned Night-Heron,Milena Maira,Creative Commons Attribution-NonCommercial-ShareAlike 4.0,4.5,07:00,https://www.xeno-canto.org/602283,bcnher/XC602283.ogg
bcnher,[],['nocturnal flight call'],41.4875,2.3653,Nycticorax nycticorax,Black-crowned Night-Heron,Feliu López i Gelats,Creative Commons Attribution-NonCommercial-ShareAlike 4.0,5.0,03:00,https://www.xeno-canto.org/602869,bcnher/XC602869.ogg
bcnher,[],"['drumming', 'life stage uncertain', 'sex uncertain']",-33.0142,-71.5529,Nycticorax nycticorax,Black-crowned Night-Heron,Milena Maira,Creative Commons Attribution-NonCommercial-ShareAlike 4.0,2.5,23:30,https://www.xeno-canto.org/603714,bcnher/XC603714.ogg
bcnher,[],['nocturnal flight call'],41.9919,1.5099,Nycticorax nycticorax,Black-crowned Night-Heron,Lluís Brotons,Creative Commons Attribution-NonCommercial-ShareAlike 4.0,4.0,22:30,https://www.xeno-canto.org/604346,bcnher/XC604346.ogg
bcnher,[],"['Insect sounds in background', 'adult', 'flight call', 'sex uncertain']",13.1609,80.2447,Nycticorax nycticorax,Black-crowned Night-Heron,Venkataramanan R,Creative Commons Attribution-NonCommercial-ShareAlike 4.0,3.0,18:30,https://www.xeno-canto.org/604399,bcnher/XC604399.ogg
bcnher,[],['nocturnal flight call'],43.1896,-0.4409,Nycticorax nycticorax,Black-crowned Night-Heron,Sébastien Arriubergé,Creative Commons Attribution-NonCommercial-ShareAlike 4.0,3.0,00:30,https://www.xeno-canto.org/605735,bcnher/XC605735.ogg
bcnher,[],"['adult', 'flight call', 'sex uncertain']",39.8511,-4.2783,Nycticorax nycticorax,Black-crowned Night-Heron,Javier García Sáez,Creative Commons Attribution-NonCommercial-ShareAlike 4.0,5.0,18:30,https://www.xeno-canto.org/610143,bcnher/XC610143.ogg
bcnher,[],"['adult', 'flight call']",39.835,-4.2912,Nycticorax nycticorax,Black-crowned Night-Heron,Javier García Sáez,Creative Commons Attribution-NonCommercial-ShareAlike 4.0,5.0,18:30,https://www.xeno-canto.org/610157,bcnher/XC610157.ogg
bcnher,[],['flight call'],36.741,35.6243,Nycticorax nycticorax,Black-crowned Night-Heron,Cedric Mroczko,Creative Commons Attribution-NonCommercial-ShareAlike 4.0,3.0,17:55,https://www.xeno-canto.org/614900,bcnher/XC614900.ogg
bcnher,[],['nocturnal flight call'],36.741,35.6243,Nycticorax nycticorax,Black-crowned Night-Heron,Cedric Mroczko,Creative Commons Attribution-NonCommercial-ShareAlike 4.0,3.0,07:00,https://www.xeno-canto.org/615041,bcnher/XC615041.ogg
bcnher,[],['nocturnal flight call'],41.9919,1.5099,Nycticorax nycticorax,Black-crowned Night-Heron,Lluís Brotons,Creative Commons Attribution-NonCommercial-ShareAlike 4.0,4.0,21:30,https://www.xeno-canto.org/616531,bcnher/XC616531.ogg
bcnher,[],['nocturnal flight call'],36.2935,33.9363,Nycticorax nycticorax,Black-crowned Night-Heron,Cedric Mroczko,Creative Commons Attribution-NonCommercial-ShareAlike 4.0,1.5,18:15,https://www.xeno-canto.org/620333,bcnher/XC620333.ogg
bcnher,[],['nocturnal flight call'],36.2935,33.9363,Nycticorax nycticorax,Black-crowned Night-Heron,Cedric Mroczko,Creative Commons Attribution-NonCommercial-ShareAlike 4.0,2.0,06:35,https://www.xeno-canto.org/621871,bcnher/XC621871.ogg
bcnher,[],['call'],53.8701,13.7942,Nycticorax nycticorax,Black-crowned Night-Heron,Marcel Tenhaeff,Creative Commons Attribution-NonCommercial-ShareAlike 4.0,4.0,22:30,https://www.xeno-canto.org/630522,bcnher/XC630522.ogg
bcnher,[],['nocturnal flight call'],43.7412,-7.867,Nycticorax nycticorax,Black-crowned Night-Heron,Ricardo Hevia,Creative Commons Attribution-NonCommercial-ShareAlike 4.0,4.0,05:00,https://www.xeno-canto.org/631074,bcnher/XC631074.ogg
bcnher,[],['nocturnal flight call'],42.009,2.0278,Nycticorax nycticorax,Black-crowned Night-Heron,Albert Subirà,Creative Commons Attribution-NonCommercial-ShareAlike 4.0,4.0,02:26,https://www.xeno-canto.org/631639,bcnher/XC631639.ogg
bcnher,[],['nocturnal flight call'],48.6851,2.3493,Nycticorax nycticorax,Black-crowned Night-Heron,julien Rochefort,Creative Commons Attribution-NonCommercial-ShareAlike 4.0,4.0,00:16,https://www.xeno-canto.org/632420,bcnher/XC632420.ogg
bcnher,[],['nocturnal flight call'],43.5352,-1.4475,Nycticorax nycticorax,Black-crowned Night-Heron,Frédéric Cazaban,Creative Commons Attribution-NonCommercial-ShareAlike 4.0,4.0,01:18,https://www.xeno-canto.org/632586,bcnher/XC632586.ogg
bcnher,[],['nocturnal flight call'],39.918,65.1588,Nycticorax nycticorax,Black-crowned Night-Heron,Martin Grienenberger,Creative Commons Attribution-NonCommercial-ShareAlike 4.0,3.0,01:22,https://www.xeno-canto.org/632849,bcnher/XC632849.ogg
bcnher,[],['nocturnal flight call'],42.1445,-0.6568,Nycticorax nycticorax,Black-crowned Night-Heron,Eduardo Realinho,Creative Commons Attribution-NonCommercial-ShareAlike 4.0,4.0,20:00,https://www.xeno-canto.org/633127,bcnher/XC633127.ogg
bcnher,[],['nocturnal flight call'],46.5247,5.9345,Nycticorax nycticorax,Black-crowned Night-Heron,Stanislas Wroza,Creative Commons Attribution-NonCommercial-ShareAlike 4.0,4.0,21:00,https://www.xeno-canto.org/635859,bcnher/XC635859.ogg
bcnher,[],['nocturnal flight call'],46.4224,0.8786,Nycticorax nycticorax,Black-crowned Night-Heron,Philippe Legay,Creative Commons Attribution-NonCommercial-ShareAlike 4.0,4.0,01:15,https://www.xeno-canto.org/636236,bcnher/XC636236.ogg
bcnher,[],"['life stage uncertain', 'nocturnal flight call', 'sex uncertain']",41.2243,1.7254,Nycticorax nycticorax,Black-crowned Night-Heron,Sergi,Creative Commons Attribution-NonCommercial-ShareAlike 4.0,3.0,01:08,https://www.xeno-canto.org/636465,bcnher/XC636465.ogg
bcnher,[],['nocturnal flight call'],43.7412,-7.867,Nycticorax nycticorax,Black-crowned Night-Heron,Ricardo Hevia,Creative Commons Attribution-NonCommercial-ShareAlike 4.0,4.0,03:30,https://www.xeno-canto.org/637010,bcnher/XC637010.ogg
bcnher,[],"['life stage uncertain', 'nocturnal flight call', 'sex uncertain']",41.2243,1.7254,Nycticorax nycticorax,Black-crowned Night-Heron,Sergi,Creative Commons Attribution-NonCommercial-ShareAlike 4.0,3.0,23:19,https://www.xeno-canto.org/639183,bcnher/XC639183.ogg
bcnher,[],"['life stage uncertain', 'nocturnal flight call', 'sex uncertain']",51.589,6.1757,Nycticorax nycticorax,Black-crowned Night-Heron,Jan Erik Kikkert,Creative Commons Attribution-NonCommercial-ShareAlike 4.0,3.0,04:21,https://www.xeno-canto.org/639193,bcnher/XC639193.ogg
bcnher,[],['nocturnal flight call'],43.6459,3.8286,Nycticorax nycticorax,Black-crowned Night-Heron,Romain SPELLER,Creative Commons Attribution-NonCommercial-ShareAlike 4.0,3.5,00:30,https://www.xeno-canto.org/640517,bcnher/XC640517.ogg
bcnher,[],['nocturnal flight call'],43.5352,-1.4475,Nycticorax nycticorax,Black-crowned Night-Heron,Frédéric Cazaban,Creative Commons Attribution-NonCommercial-ShareAlike 4.0,4.0,00:21,https://www.xeno-canto.org/641840,bcnher/XC641840.ogg
bcnher,[],['nocturnal flight call'],44.0635,1.9515,Nycticorax nycticorax,Black-crowned Night-Heron,Cedric Mroczko,Creative Commons Attribution-NonCommercial-ShareAlike 4.0,3.0,03:45,https://www.xeno-canto.org/642133,bcnher/XC642133.ogg
bcnher,[],"['flight call', 'nocturnal flight call']",43.3448,-1.8045,Nycticorax nycticorax,Black-crowned Night-Heron,David Santamaría Urbano,Creative Commons Attribution-NonCommercial-ShareAlike 4.0,4.0,23:30,https://www.xeno-canto.org/643210,bcnher/XC643210.ogg
bcnher,[],"['call', 'flight call', 'nocturnal flight call']",45.9468,1.3861,Nycticorax nycticorax,Black-crowned Night-Heron,Maxence Fouillade,Creative Commons Attribution-NonCommercial-ShareAlike 4.0,4.0,21:45,https://www.xeno-canto.org/643793,bcnher/XC643793.ogg
bcnher,[],"['call', 'life stage uncertain', 'sex uncertain']",46.1625,8.8575,Nycticorax nycticorax,Black-crowned Night-Heron,David Marques,Creative Commons Attribution-NonCommercial-ShareAlike 4.0,3.5,19:55,https://www.xeno-canto.org/644598,bcnher/XC644598.ogg
bcnher,[],['call'],52.444,9.3223,Nycticorax nycticorax,Black-crowned Night-Heron,Markus Jacobs,Creative Commons Attribution-NonCommercial-ShareAlike 4.0,4.5,21:30,https://www.xeno-canto.org/645179,bcnher/XC645179.ogg
bcnher,[],['nocturnal flight call'],46.5692,3.3566,Nycticorax nycticorax,Black-crowned Night-Heron,Simon Milliet,Creative Commons Attribution-NonCommercial-ShareAlike 4.0,4.0,03:30,https://www.xeno-canto.org/646680,bcnher/XC646680.ogg
bcnher,[],['nocturnal flight call'],43.5352,-1.4475,Nycticorax nycticorax,Black-crowned Night-Heron,Frédéric Cazaban,Creative Commons Attribution-NonCommercial-ShareAlike 4.0,5.0,23:54,https://www.xeno-canto.org/646781,bcnher/XC646781.ogg
bcnher,[],"['flight call', 'nocturnal flight call']",43.3448,-1.8045,Nycticorax nycticorax,Black-crowned Night-Heron,David Santamaría Urbano,Creative Commons Attribution-NonCommercial-ShareAlike 4.0,4.0,23:00,https://www.xeno-canto.org/647093,bcnher/XC647093.ogg
bcnher,[],['nocturnal flight call'],53.5342,8.6032,Nycticorax nycticorax,Black-crowned Night-Heron,Franck Hollander,Creative Commons Attribution-NonCommercial-ShareAlike 4.0,2.0,03:30,https://www.xeno-canto.org/647283,bcnher/XC647283.ogg
bcnher,[],"['adult', 'flight call']",49.9423,19.2251,Nycticorax nycticorax,Black-crowned Night-Heron,Karol Łanocha,Creative Commons Attribution-NonCommercial-ShareAlike 4.0,4.5,19:00,https://www.xeno-canto.org/647461,bcnher/XC647461.ogg
bcnher,[],['flight call'],51.4057,3.528,Nycticorax nycticorax,Black-crowned Night-Heron,Maarten Sluijter,Creative Commons Attribution-NonCommercial-ShareAlike 4.0,3.5,07:44,https://www.xeno-canto.org/647549,bcnher/XC647549.ogg
bcnher,[],"['nocturnal flight call', 'sex uncertain']",48.8958,13.7912,Nycticorax nycticorax,Black-crowned Night-Heron,David Melichar,Creative Commons Attribution-NonCommercial-ShareAlike 4.0,3.0,23:50,https://www.xeno-canto.org/647631,bcnher/XC647631.ogg
bcnher,[],"['adult', 'flight call']",49.9378,19.2246,Nycticorax nycticorax,Black-crowned Night-Heron,Karol Łanocha,Creative Commons Attribution-NonCommercial-ShareAlike 4.0,3.0,18:41,https://www.xeno-canto.org/647939,bcnher/XC647939.ogg
bcnher,[],['nocturnal flight call'],50.6127,10.1143,Nycticorax nycticorax,Black-crowned Night-Heron,Christian Groß ,Creative Commons Attribution-NonCommercial-ShareAlike 4.0,3.0,01:15,https://www.xeno-canto.org/648367,bcnher/XC648367.ogg
bcnher,[],['nocturnal flight call'],43.7412,-7.867,Nycticorax nycticorax,Black-crowned Night-Heron,Ricardo Hevia,Creative Commons Attribution-NonCommercial-ShareAlike 4.0,4.0,04:00,https://www.xeno-canto.org/649973,bcnher/XC649973.ogg
bcnher,[],['nocturnal flight call'],43.7412,-7.867,Nycticorax nycticorax,Black-crowned Night-Heron,Ricardo Hevia,Creative Commons Attribution-NonCommercial-ShareAlike 4.0,4.0,05:00,https://www.xeno-canto.org/652317,bcnher/XC652317.ogg
bcnher,[],['nocturnal flight call'],44.0635,1.9515,Nycticorax nycticorax,Black-crowned Night-Heron,Cedric Mroczko,Creative Commons Attribution-NonCommercial-ShareAlike 4.0,3.0,01:45,https://www.xeno-canto.org/652592,bcnher/XC652592.ogg
bcnher,[],['nocturnal flight call'],43.7412,-7.867,Nycticorax nycticorax,Black-crowned Night-Heron,Ricardo Hevia,Creative Commons Attribution-NonCommercial-ShareAlike 4.0,4.0,04:00,https://www.xeno-canto.org/653411,bcnher/XC653411.ogg
bcnher,['mallar3'],"['adult', 'flight call']",39.4056,-8.5337,Nycticorax nycticorax,Black-crowned Night-Heron,Paulo Alves,Creative Commons Attribution-NonCommercial-ShareAlike 4.0,2.5,06:00,https://www.xeno-canto.org/653819,bcnher/XC653819.ogg
bcnher,[],['flight call'],-16.7546,-56.8813,Nycticorax nycticorax,Black-crowned Night-Heron,Dante Buzzetti,Creative Commons Attribution-NonCommercial-ShareAlike 4.0,4.0,18:15,https://www.xeno-canto.org/654331,bcnher/XC654331.ogg
bcnher,[],"['call,flight call,alarm call,aggressive call']",-16.7546,-56.8813,Nycticorax nycticorax,Black-crowned Night-Heron,Dante Buzzetti,Creative Commons Attribution-NonCommercial-ShareAlike 4.0,4.0,18:01,https://www.xeno-canto.org/654352,bcnher/XC654352.ogg
bcnher,[],['nocturnal flight call'],43.4917,-8.2014,Nycticorax nycticorax,Black-crowned Night-Heron,Juan Pita-Romero Caamaño,Creative Commons Attribution-NonCommercial-ShareAlike 4.0,2.0,03:30,https://www.xeno-canto.org/654628,bcnher/XC654628.ogg
bcnher,[],"['flight call', 'nocturnal flight call']",50.1191,18.9721,Nycticorax nycticorax,Black-crowned Night-Heron,Ireneusz Oleksik,Creative Commons Attribution-NonCommercial-ShareAlike 4.0,3.0,02:03,https://www.xeno-canto.org/655270,bcnher/XC655270.ogg
bcnher,[],"['life stage uncertain', 'nocturnal flight call', 'sex uncertain']",47.3725,2.4003,Nycticorax nycticorax,Black-crowned Night-Heron,Hervé,Creative Commons Attribution-NonCommercial-ShareAlike 4.0,3.5,04:00,https://www.xeno-canto.org/655444,bcnher/XC655444.ogg
bcnher,[],['nocturnal flight call'],43.4917,-8.2014,Nycticorax nycticorax,Black-crowned Night-Heron,Juan Pita-Romero Caamaño,Creative Commons Attribution-NonCommercial-ShareAlike 4.0,2.0,04:00,https://www.xeno-canto.org/655739,bcnher/XC655739.ogg
bcnher,[],['call'],26.367,120.5078,Nycticorax nycticorax,Black-crowned Night-Heron,Sunny Tseng,Creative Commons Attribution-NonCommercial-ShareAlike 4.0,5.0,19:00,https://www.xeno-canto.org/656876,bcnher/XC656876.ogg
bcnher,[],['call'],26.367,120.5078,Nycticorax nycticorax,Black-crowned Night-Heron,Sunny Tseng,Creative Commons Attribution-NonCommercial-ShareAlike 4.0,5.0,19:00,https://www.xeno-canto.org/656877,bcnher/XC656877.ogg
bcnher,[],['call'],26.367,120.5078,Nycticorax nycticorax,Black-crowned Night-Heron,Sunny Tseng,Creative Commons Attribution-NonCommercial-ShareAlike 4.0,5.0,19:00,https://www.xeno-canto.org/656878,bcnher/XC656878.ogg
bcnher,[],['nocturnal flight call'],43.1896,-0.4409,Nycticorax nycticorax,Black-crowned Night-Heron,Sébastien Arriubergé,Creative Commons Attribution-NonCommercial-ShareAlike 4.0,4.0,23:30,https://www.xeno-canto.org/657557,bcnher/XC657557.ogg
bcnher,[],"['adult', 'call', 'flight call', 'nocturnal flight call', 'sex uncertain']",51.7489,5.8896,Nycticorax nycticorax,Black-crowned Night-Heron,J. Veeken,Creative Commons Attribution-NonCommercial-ShareAlike 4.0,5.0,02:12,https://www.xeno-canto.org/657570,bcnher/XC657570.ogg
bcnher,[],['call'],26.3595,120.4853,Nycticorax nycticorax,Black-crowned Night-Heron,Sunny Tseng,Creative Commons Attribution-NonCommercial-ShareAlike 4.0,5.0,19:00,https://www.xeno-canto.org/658123,bcnher/XC658123.ogg
bcnher,[],['call'],26.3595,120.4853,Nycticorax nycticorax,Black-crowned Night-Heron,Sunny Tseng,Creative Commons Attribution-NonCommercial-ShareAlike 4.0,5.0,19:00,https://www.xeno-canto.org/658124,bcnher/XC658124.ogg
bcnher,[],"['life stage uncertain', 'nocturnal flight call', 'sex uncertain']",41.2243,1.7254,Nycticorax nycticorax,Black-crowned Night-Heron,Sergi,Creative Commons Attribution-NonCommercial-ShareAlike 4.0,5.0,03:12,https://www.xeno-canto.org/658876,bcnher/XC658876.ogg
bcnher,[],['nocturnal flight call'],43.1896,-0.4409,Nycticorax nycticorax,Black-crowned Night-Heron,Sébastien Arriubergé,Creative Commons Attribution-NonCommercial-ShareAlike 4.0,4.0,22:30,https://www.xeno-canto.org/659247,bcnher/XC659247.ogg
bcnher,[],['nocturnal flight call'],37.8844,-4.782,Nycticorax nycticorax,Black-crowned Night-Heron,Esperanza Poveda,Creative Commons Attribution-NonCommercial-ShareAlike 4.0,3.0,?,https://www.xeno-canto.org/659411,bcnher/XC659411.ogg
bcnher,[],['call'],8.9498,-68.0831,Nycticorax nycticorax,Black-crowned Night-Heron,Daniel Lane,Creative Commons Attribution-NonCommercial-ShareAlike 3.0,3.5,08:00,https://www.xeno-canto.org/65998,bcnher/XC65998.ogg
bcnher,[],['flight call'],47.2749,9.5806,Nycticorax nycticorax,Black-crowned Night-Heron,Georg Amann,Creative Commons Attribution-NonCommercial-ShareAlike 4.0,3.0,22:15,https://www.xeno-canto.org/661082,bcnher/XC661082.ogg
bcnher,[],['call'],26.3667,120.4907,Nycticorax nycticorax,Black-crowned Night-Heron,Sunny Tseng,Creative Commons Attribution-NonCommercial-ShareAlike 4.0,5.0,05:30,https://www.xeno-canto.org/661217,bcnher/XC661217.ogg
bcnher,[],['call'],26.3667,120.4907,Nycticorax nycticorax,Black-crowned Night-Heron,Sunny Tseng,Creative Commons Attribution-NonCommercial-ShareAlike 4.0,4.0,05:30,https://www.xeno-canto.org/661218,bcnher/XC661218.ogg
bcnher,[],['nocturnal flight call'],52.1418,5.3724,Nycticorax nycticorax,Black-crowned Night-Heron,Frank Pierik,Creative Commons Attribution-NonCommercial-ShareAlike 4.0,4.0,04:12,https://www.xeno-canto.org/662971,bcnher/XC662971.ogg
bcnher,[],"['adult', 'begging call', 'call', 'hatchling or nestling', 'juvenile', 'sex uncertain']",35.1075,-120.6256,Nycticorax nycticorax,Black-crowned Night-Heron,Thomas G. Graves,Creative Commons Attribution-NonCommercial-ShareAlike 4.0,4.5,7:24,https://www.xeno-canto.org/663531,bcnher/XC663531.ogg
bcnher,[],['nocturnal flight call'],44.0635,1.9515,Nycticorax nycticorax,Black-crowned Night-Heron,Cedric Mroczko,Creative Commons Attribution-NonCommercial-ShareAlike 4.0,2.0,00:30,https://www.xeno-canto.org/663653,bcnher/XC663653.ogg
bcnher,[],['nocturnal flight call'],52.8858,23.8293,Nycticorax nycticorax,Black-crowned Night-Heron,Ireneusz Oleksik,Creative Commons Attribution-NonCommercial-ShareAlike 4.0,3.0,00:30,https://www.xeno-canto.org/665151,bcnher/XC665151.ogg
bcnher,[],['nocturnal flight call'],48.0228,0.1995,Nycticorax nycticorax,Black-crowned Night-Heron,Christian Kerihuel,Creative Commons Attribution-NonCommercial-ShareAlike 4.0,4.0,01:00,https://www.xeno-canto.org/665219,bcnher/XC665219.ogg
bcnher,[],['nocturnal flight call'],52.0773,4.7608,Nycticorax nycticorax,Black-crowned Night-Heron,Martin Fousert,Creative Commons Attribution-NonCommercial-ShareAlike 4.0,2.0,2:29,https://www.xeno-canto.org/665323,bcnher/XC665323.ogg
bcnher,[],"['nocturnal flight call', 'sex uncertain']",44.6702,3.04,Nycticorax nycticorax,Black-crowned Night-Heron,LE ROY Renaud,Creative Commons Attribution-NonCommercial-ShareAlike 4.0,3.0,05:30,https://www.xeno-canto.org/665421,bcnher/XC665421.ogg
bcnher,[],"['flight call', 'nocturnal flight call']",47.7907,-0.6461,Nycticorax nycticorax,Black-crowned Night-Heron,Manceau Lionel,Creative Commons Attribution-NonCommercial-ShareAlike 4.0,5.0,23:30,https://www.xeno-canto.org/665440,bcnher/XC665440.ogg
bcnher,[],"['life stage uncertain', 'nocturnal flight call', 'sex uncertain']",52.6064,1.4565,Nycticorax nycticorax,Black-crowned Night-Heron,Drew Lyness,Creative Commons Attribution-NonCommercial-ShareAlike 4.0,3.5,21:30,https://www.xeno-canto.org/665567,bcnher/XC665567.ogg
bcnher,[],"['life stage uncertain', 'nocturnal flight call', 'sex uncertain']",50.6041,5.6641,Nycticorax nycticorax,Black-crowned Night-Heron,Chèvremont Fabian,Creative Commons Attribution-NonCommercial-ShareAlike 4.0,4.0,02:00,https://www.xeno-canto.org/666049,bcnher/XC666049.ogg
bcnher,[],['call'],43.1038,3.0347,Nycticorax nycticorax,Black-crowned Night-Heron,brickegickel,Creative Commons Attribution-NonCommercial-ShareAlike 4.0,4.0,01:30,https://www.xeno-canto.org/666966,bcnher/XC666966.ogg
bcnher,[],['call'],29.5854,78.8624,Nycticorax nycticorax,Black-crowned Night-Heron,Mike Nelson,Creative Commons Attribution-NonCommercial-ShareAlike 3.0,2.5,6:00am,https://www.xeno-canto.org/73031,bcnher/XC73031.ogg
bcnher,[],['Call'],29.5854,78.8624,Nycticorax nycticorax,Black-crowned Night-Heron,Mike Nelson,Creative Commons Attribution-NonCommercial-ShareAlike 3.0,2.5,6:00am,https://www.xeno-canto.org/73032,bcnher/XC73032.ogg
bcnher,[],['flight call'],-20.0834,-55.9501,Nycticorax nycticorax,Black-crowned Night-Heron,Jeremy Minns,Creative Commons Attribution-NonCommercial-ShareAlike 3.0,4.0,16:54,https://www.xeno-canto.org/85246,bcnher/XC85246.ogg
bcnher,[],['call'],-20.0834,-55.9501,Nycticorax nycticorax,Black-crowned Night-Heron,Jeremy Minns,Creative Commons Attribution-NonCommercial-ShareAlike 3.0,3.5,16:29,https://www.xeno-canto.org/85247,bcnher/XC85247.ogg
bcnher,[],['call'],37.46,-122.105,Nycticorax nycticorax,Black-crowned Night-Heron,Jonathon Jongsma,Creative Commons Attribution-ShareAlike 3.0,2.5,08:03,https://www.xeno-canto.org/99573,bcnher/XC99573.ogg
belkin1,[],['call'],36.067,-83.231,Megaceryle alcyon,Belted Kingfisher,Mike Nelson,Creative Commons Attribution-NonCommercial-ShareAlike 3.0,4.0,11:00,https://www.xeno-canto.org/109314,belkin1/XC109314.ogg
belkin1,[],['flight call'],41.1867,-73.8767,Megaceryle alcyon,Belted Kingfisher,Daniel Parker,Creative Commons Attribution-NonCommercial-ShareAlike 3.0,2.0,16:00,https://www.xeno-canto.org/116054,belkin1/XC116054.ogg
belkin1,[],['flight call'],39.2518,-75.4527,Megaceryle alcyon,Belted Kingfisher,Daniel Parker,Creative Commons Attribution-NonCommercial-ShareAlike 3.0,1.0,16:35,https://www.xeno-canto.org/116055,belkin1/XC116055.ogg
belkin1,[],['flight call'],39.2518,-75.4527,Megaceryle alcyon,Belted Kingfisher,Daniel Parker,Creative Commons Attribution-NonCommercial-ShareAlike 3.0,1.5,16:35,https://www.xeno-canto.org/116056,belkin1/XC116056.ogg
belkin1,[],['Flight call'],42.1059,-83.3164,Megaceryle alcyon,Belted Kingfisher,Allen T. Chartier,Creative Commons Attribution-NonCommercial-ShareAlike 3.0,3.5,?,https://www.xeno-canto.org/11847,belkin1/XC11847.ogg
belkin1,[],['call'],47.5392,-94.8263,Megaceryle alcyon,Belted Kingfisher,Jonathon Jongsma,Creative Commons Attribution-ShareAlike 3.0,4.5,10:36,https://www.xeno-canto.org/132870,belkin1/XC132870.ogg
belkin1,[],['call'],47.5392,-94.8263,Megaceryle alcyon,Belted Kingfisher,Jonathon Jongsma,Creative Commons Attribution-ShareAlike 3.0,3.5,10:38,https://www.xeno-canto.org/132872,belkin1/XC132872.ogg
belkin1,[],['call'],47.5392,-94.8263,Megaceryle alcyon,Belted Kingfisher,Jonathon Jongsma,Creative Commons Attribution-ShareAlike 3.0,4.5,10:40,https://www.xeno-canto.org/132873,belkin1/XC132873.ogg
belkin1,[],"['flight call', 'male']",41.313,-105.5787,Megaceryle alcyon,Belted Kingfisher,GABRIEL LEITE,Creative Commons Attribution-NonCommercial-ShareAlike 3.0,2.0,11:00,https://www.xeno-canto.org/139915,belkin1/XC139915.ogg
belkin1,[],['call'],48.616,-95.129,Megaceryle alcyon,Belted Kingfisher,Andrew Spencer,Creative Commons Attribution-NonCommercial-ShareAlike 3.0,4.5,10:20,https://www.xeno-canto.org/144024,belkin1/XC144024.ogg
belkin1,[],['flight call'],31.613,-111.0394,Megaceryle alcyon,Belted Kingfisher,Paul Marvin,Creative Commons Attribution-NonCommercial-ShareAlike 3.0,4.0,10:10,https://www.xeno-canto.org/149283,belkin1/XC149283.ogg
belkin1,[],['flight call'],32.6809,-116.8189,Megaceryle alcyon,Belted Kingfisher,Paul Marvin,Creative Commons Attribution-NonCommercial-ShareAlike 3.0,4.0,08:23,https://www.xeno-canto.org/149284,belkin1/XC149284.ogg
belkin1,[],['flight call'],28.2267,-80.7645,Megaceryle alcyon,Belted Kingfisher,Paul Marvin,Creative Commons Attribution-NonCommercial-ShareAlike 3.0,4.0,08:21,https://www.xeno-canto.org/149285,belkin1/XC149285.ogg
belkin1,[],['flight call'],28.2267,-80.7645,Megaceryle alcyon,Belted Kingfisher,Paul Marvin,Creative Commons Attribution-NonCommercial-ShareAlike 3.0,4.0,08:37,https://www.xeno-canto.org/149286,belkin1/XC149286.ogg
belkin1,[],['flight call'],45.8321,-88.9155,Megaceryle alcyon,Belted Kingfisher,Paul Marvin,Creative Commons Attribution-NonCommercial-ShareAlike 3.0,4.0,05:51,https://www.xeno-canto.org/149289,belkin1/XC149289.ogg
belkin1,[],['call'],45.8321,-88.9155,Megaceryle alcyon,Belted Kingfisher,Paul Marvin,Creative Commons Attribution-NonCommercial-ShareAlike 3.0,4.0,05:56,https://www.xeno-canto.org/149290,belkin1/XC149290.ogg
belkin1,[],['call'],40.8918,-91.0756,Megaceryle alcyon,Belted Kingfisher,Bobby Wilcox,Creative Commons Attribution-NonCommercial-ShareAlike 3.0,2.0,18:00,https://www.xeno-canto.org/152477,belkin1/XC152477.ogg
belkin1,[],['call'],28.5785,-80.9961,Megaceryle alcyon,Belted Kingfisher,Paul Marvin,Creative Commons Attribution-NonCommercial-ShareAlike 3.0,4.0,08:38,https://www.xeno-canto.org/160917,belkin1/XC160917.ogg
belkin1,[],['call'],48.3197,-123.5463,Megaceryle alcyon,Belted Kingfisher,Ian Cruickshank,Creative Commons Attribution-NonCommercial-ShareAlike 3.0,4.0,09:30,https://www.xeno-canto.org/161152,belkin1/XC161152.ogg
belkin1,[],"['call', 'flight call']",28.4927,-80.7246,Megaceryle alcyon,Belted Kingfisher,Paul Marvin,Creative Commons Attribution-NonCommercial-ShareAlike 3.0,4.0,08:12,https://www.xeno-canto.org/167900,belkin1/XC167900.ogg
belkin1,[],['flight call'],28.8002,-80.845,Megaceryle alcyon,Belted Kingfisher,Paul Marvin,Creative Commons Attribution-NonCommercial-ShareAlike 3.0,1.0,07:54,https://www.xeno-canto.org/169137,belkin1/XC169137.ogg
belkin1,[],['call'],30.347,-91.218,Megaceryle alcyon,Belted Kingfisher,Dan Lane,Creative Commons Attribution-NonCommercial-ShareAlike 4.0,3.5,10:30,https://www.xeno-canto.org/175534,belkin1/XC175534.ogg
belkin1,[],"['flight call', 'male']",45.0336,-72.5555,Megaceryle alcyon,Belted Kingfisher,Martin St-Michel,Creative Commons Attribution-NonCommercial-ShareAlike 4.0,4.0,07:58,https://www.xeno-canto.org/182677,belkin1/XC182677.ogg
belkin1,[],['call'],55.9646,-130.0618,Megaceryle alcyon,Belted Kingfisher,Richard E. Webster,Creative Commons Attribution-NonCommercial-ShareAlike 4.0,3.5,07:46,https://www.xeno-canto.org/195032,belkin1/XC195032.ogg
belkin1,[],"['call', 'rattle call']",35.0307,-120.6205,Megaceryle alcyon,Belted Kingfisher,Thomas G. Graves,Creative Commons Attribution-NonCommercial-ShareAlike 4.0,3.0,10:11,https://www.xeno-canto.org/201427,belkin1/XC201427.ogg
belkin1,[],['call'],48.3507,-123.5782,Megaceryle alcyon,Belted Kingfisher,Ian Cruickshank,Creative Commons Attribution-NonCommercial-ShareAlike 4.0,4.0,09:00,https://www.xeno-canto.org/210697,belkin1/XC210697.ogg
belkin1,[],['flight call'],44.3211,-78.3264,Megaceryle alcyon,Belted Kingfisher,Iain,Creative Commons Attribution-NonCommercial-ShareAlike 4.0,2.5,06:30,https://www.xeno-canto.org/236409,belkin1/XC236409.ogg
belkin1,[],"['begging call', 'call', 'female', 'juvenile']",40.7723,-124.1956,Megaceryle alcyon,Belted Kingfisher,Elias Aristides Elias,Creative Commons Attribution-NonCommercial-ShareAlike 4.0,3.5,09:33,https://www.xeno-canto.org/265043,belkin1/XC265043.ogg
belkin1,[],"['call', 'flight call']",28.4927,-80.7246,Megaceryle alcyon,Belted Kingfisher,Paul Marvin,Creative Commons Attribution-NonCommercial-ShareAlike 4.0,4.5,07:37,https://www.xeno-canto.org/268815,belkin1/XC268815.ogg
belkin1,[],['call'],32.7635,-108.2708,Megaceryle alcyon,Belted Kingfisher,Jarrod Swackhamer,Creative Commons Attribution-NonCommercial-ShareAlike 4.0,3.0,11:00,https://www.xeno-canto.org/277932,belkin1/XC277932.ogg
belkin1,[],['call'],31.128,-99.3849,Megaceryle alcyon,Belted Kingfisher,Hal Mitchell,Creative Commons Attribution-NonCommercial-ShareAlike 4.0,4.0,07:30,https://www.xeno-canto.org/288791,belkin1/XC288791.ogg
belkin1,[],"['call', 'flight call']",35.3217,-120.842,Megaceryle alcyon,Belted Kingfisher,Thomas G. Graves,Creative Commons Attribution-NonCommercial-ShareAlike 4.0,4.0,16:30,https://www.xeno-canto.org/289226,belkin1/XC289226.ogg
belkin1,[],"['call', 'flight call']",35.3217,-120.842,Megaceryle alcyon,Belted Kingfisher,Thomas G. Graves,Creative Commons Attribution-NonCommercial-ShareAlike 4.0,4.0,16:30,https://www.xeno-canto.org/289227,belkin1/XC289227.ogg
belkin1,[],"['call', 'female']",19.295,-99.095,Megaceryle alcyon,Belted Kingfisher,Manuel Grosselet,Creative Commons Attribution-NonCommercial-ShareAlike 4.0,4.0,09:30,https://www.xeno-canto.org/290046,belkin1/XC290046.ogg
belkin1,[],['flight call'],33.0791,-117.0608,Megaceryle alcyon,Belted Kingfisher,Nick Komar,Creative Commons Attribution-NonCommercial-ShareAlike 4.0,3.5,14:00,https://www.xeno-canto.org/306127,belkin1/XC306127.ogg
belkin1,[],['call'],34.4842,-89.5949,Megaceryle alcyon,Belted Kingfisher,J.R. Rigby,Creative Commons Attribution-NonCommercial-ShareAlike 4.0,4.0,16:00,https://www.xeno-canto.org/307686,belkin1/XC307686.ogg
belkin1,[],"['call', 'male']",41.8605,-88.1756,Megaceryle alcyon,Belted Kingfisher,Matt Wistrand,Creative Commons Attribution-NonCommercial-ShareAlike 4.0,4.0,06:54,https://www.xeno-canto.org/315210,belkin1/XC315210.ogg
belkin1,[],['song'],37.1355,-103.0156,Megaceryle alcyon,Belted Kingfisher,Sue Riffe,Creative Commons Attribution-NonCommercial-ShareAlike 4.0,3.5,19:48,https://www.xeno-canto.org/321817,belkin1/XC321817.ogg
belkin1,[],['call'],42.0332,-79.4311,Megaceryle alcyon,Belted Kingfisher,Jim Berry,Creative Commons Attribution-NonCommercial-ShareAlike 4.0,2.5,07:32,https://www.xeno-canto.org/332245,belkin1/XC332245.ogg
belkin1,[],['call'],48.4866,-113.369,Megaceryle alcyon,Belted Kingfisher,Thomas Magarian,Creative Commons Attribution-NonCommercial-ShareAlike 4.0,3.0,14:12,https://www.xeno-canto.org/335999,belkin1/XC335999.ogg
belkin1,[],['call'],14.7927,-88.0149,Megaceryle alcyon,Belted Kingfisher,Alfonso Auerbach,Creative Commons Attribution-NonCommercial-ShareAlike 4.0,0.5,08:00,https://www.xeno-canto.org/338621,belkin1/XC338621.ogg
belkin1,[],['call'],14.7927,-88.0149,Megaceryle alcyon,Belted Kingfisher,Alfonso Auerbach,Creative Commons Attribution-NonCommercial-ShareAlike 4.0,0.5,08:30,https://www.xeno-canto.org/338622,belkin1/XC338622.ogg
belkin1,['norcar'],"['call', 'flight call']",39.1742,-75.5424,Megaceryle alcyon,Belted Kingfisher,Jerald R,Creative Commons Attribution-NonCommercial-ShareAlike 4.0,3.5,18:00,https://www.xeno-canto.org/340666,belkin1/XC340666.ogg
belkin1,[],['call'],13.9641,-87.1881,Megaceryle alcyon,Belted Kingfisher,Alfonso Auerbach,Creative Commons Attribution-NonCommercial-ShareAlike 4.0,2.0,07:00,https://www.xeno-canto.org/340786,belkin1/XC340786.ogg
belkin1,[],['call'],13.9641,-87.1881,Megaceryle alcyon,Belted Kingfisher,Alfonso Auerbach,Creative Commons Attribution-NonCommercial-ShareAlike 4.0,2.0,07:00,https://www.xeno-canto.org/340787,belkin1/XC340787.ogg
belkin1,[],"['Camera click', 'flight call', 'male']",42.445,-71.4108,Megaceryle alcyon,Belted Kingfisher,Melani Sleder,Creative Commons Attribution-NonCommercial-ShareAlike 4.0,5.0,12:00,https://www.xeno-canto.org/347979,belkin1/XC347979.ogg
belkin1,[],['call'],40.0975,-75.4497,Megaceryle alcyon,Belted Kingfisher,Thomas Magarian,Creative Commons Attribution-NonCommercial-ShareAlike 4.0,0.0,13:38,https://www.xeno-canto.org/357969,belkin1/XC357969.ogg
belkin1,[],['call'],40.0975,-75.4497,Megaceryle alcyon,Belted Kingfisher,Thomas Magarian,Creative Commons Attribution-NonCommercial-ShareAlike 4.0,0.0,13:39,https://www.xeno-canto.org/357970,belkin1/XC357970.ogg
belkin1,[],['call'],40.0975,-75.4497,Megaceryle alcyon,Belted Kingfisher,Thomas Magarian,Creative Commons Attribution-NonCommercial-ShareAlike 4.0,0.0,13:58,https://www.xeno-canto.org/357971,belkin1/XC357971.ogg
belkin1,[],['song'],41.7826,-72.2027,Megaceryle alcyon,Belted Kingfisher,Jorge de Leon Cardozo,Creative Commons Attribution-NonCommercial-ShareAlike 4.0,4.0,19:30,https://www.xeno-canto.org/368940,belkin1/XC368940.ogg
belkin1,[],['call'],47.2442,-110.9289,Megaceryle alcyon,Belted Kingfisher,Thomas Magarian,Creative Commons Attribution-NonCommercial-ShareAlike 4.0,4.0,14:56,https://www.xeno-canto.org/371323,belkin1/XC371323.ogg
belkin1,[],"['call', 'flight call']",40.841,-102.774,Megaceryle alcyon,Belted Kingfisher,Sue Riffe,Creative Commons Attribution-NonCommercial-ShareAlike 4.0,5.0,9:27,https://www.xeno-canto.org/381310,belkin1/XC381310.ogg
belkin1,[],['chase calls'],50.074,-124.7782,Megaceryle alcyon,Belted Kingfisher,Niels Krabbe,Creative Commons Attribution-NonCommercial-ShareAlike 4.0,5.0,09:13,https://www.xeno-canto.org/383433,belkin1/XC383433.ogg
belkin1,[],['call'],48.635,-112.3305,Megaceryle alcyon,Belted Kingfisher,Thomas Magarian,Creative Commons Attribution-NonCommercial-ShareAlike 4.0,0.0,18:21,https://www.xeno-canto.org/388263,belkin1/XC388263.ogg
belkin1,[],['call'],42.7372,-83.2314,Megaceryle alcyon,Belted Kingfisher,Antonio Xeira,Creative Commons Attribution-NonCommercial-ShareAlike 4.0,4.5,17:00,https://www.xeno-canto.org/388707,belkin1/XC388707.ogg
belkin1,[],['flight call'],28.6236,-80.9028,Megaceryle alcyon,Belted Kingfisher,Paul Marvin,Creative Commons Attribution-NonCommercial-ShareAlike 4.0,5.0,07:05,https://www.xeno-canto.org/395194,belkin1/XC395194.ogg
belkin1,['norcar'],['call'],27.7834,-109.8984,Megaceryle alcyon,Belted Kingfisher,Richard E. Webster,Creative Commons Attribution-NonCommercial-ShareAlike 4.0,3.5,07:10,https://www.xeno-canto.org/400852,belkin1/XC400852.ogg
belkin1,[],"['call', 'female', 'flight call']",28.229,-80.813,Megaceryle alcyon,Belted Kingfisher,Paul Marvin,Creative Commons Attribution-NonCommercial-ShareAlike 4.0,3.5,12:09,https://www.xeno-canto.org/413175,belkin1/XC413175.ogg
belkin1,[],"['call', 'flight call']",33.0621,-96.9796,Megaceryle alcyon,Belted Kingfisher,Edward Caillouet,Creative Commons Attribution-NonCommercial-ShareAlike 4.0,4.0,08:30,https://www.xeno-canto.org/443809,belkin1/XC443809.ogg
belkin1,[],['call'],28.229,-80.813,Megaceryle alcyon,Belted Kingfisher,Paul Marvin,Creative Commons Attribution-NonCommercial-ShareAlike 4.0,5.0,07:13,https://www.xeno-canto.org/448752,belkin1/XC448752.ogg
belkin1,[],['call'],31.4,-111.088,Megaceryle alcyon,Belted Kingfisher,Paul Marvin,Creative Commons Attribution-NonCommercial-ShareAlike 4.0,5.0,07:14,https://www.xeno-canto.org/451359,belkin1/XC451359.ogg
belkin1,[],"['call', 'flight call']",28.229,-80.813,Megaceryle alcyon,Belted Kingfisher,Paul Marvin,Creative Commons Attribution-NonCommercial-ShareAlike 4.0,4.5,06:53,https://www.xeno-canto.org/451735,belkin1/XC451735.ogg
belkin1,[],['call'],31.4,-111.088,Megaceryle alcyon,Belted Kingfisher,Paul Marvin,Creative Commons Attribution-NonCommercial-ShareAlike 4.0,4.0,17:33,https://www.xeno-canto.org/452183,belkin1/XC452183.ogg
belkin1,[],['call'],42.1104,-71.1785,Megaceryle alcyon,Belted Kingfisher,Will Sweet,Creative Commons Attribution-NonCommercial-ShareAlike 4.0,4.0,16:30,https://www.xeno-canto.org/457192,belkin1/XC457192.ogg
belkin1,"['cangoo', 'norcar']",['flight call'],37.2602,-97.4172,Megaceryle alcyon,Belted Kingfisher,Ves,Creative Commons Attribution-NonCommercial-ShareAlike 4.0,2.5,17:40,https://www.xeno-canto.org/458037,belkin1/XC458037.ogg
belkin1,[],['call'],45.5666,-122.5617,Megaceryle alcyon,Belted Kingfisher,Thomas Magarian,Creative Commons Attribution-NonCommercial-ShareAlike 4.0,0.0,13:08,https://www.xeno-canto.org/475171,belkin1/XC475171.ogg
belkin1,[],"['call', 'low rattle']",35.7426,-105.6763,Megaceryle alcyon,Belted Kingfisher,Thomas G. Graves,Creative Commons Attribution-NonCommercial-ShareAlike 4.0,3.0,10:33,https://www.xeno-canto.org/495188,belkin1/XC495188.ogg
belkin1,[],['song'],40.5874,-74.2621,Megaceryle alcyon,Belted Kingfisher,William Whitehead,Creative Commons Attribution-NonCommercial-ShareAlike 4.0,4.5,07:30,https://www.xeno-canto.org/503144,belkin1/XC503144.ogg
belkin1,[],"['adult', 'call', 'ducks flushing off water', 'male', 'sex uncertain']",34.2709,-113.5699,Megaceryle alcyon,Belted Kingfisher,Janine McCabe,Creative Commons Attribution-NonCommercial-ShareAlike 4.0,3.0,10:30,https://www.xeno-canto.org/514102,belkin1/XC514102.ogg
belkin1,[],"['adult', 'male', 'song']",33.1765,-115.6227,Megaceryle alcyon,Belted Kingfisher,Phoenix Birder,Creative Commons Attribution-NonCommercial-ShareAlike 4.0,2.0,08:49,https://www.xeno-canto.org/516415,belkin1/XC516415.ogg
belkin1,[],['flight call'],35.9439,-83.6889,Megaceryle alcyon,Belted Kingfisher,Mike Nelson,Creative Commons Attribution-NonCommercial-ShareAlike 3.0,3.5,12:30pm,https://www.xeno-canto.org/51775,belkin1/XC51775.ogg
belkin1,[],"['Low Rattle', 'call']",40.5874,-74.2621,Megaceryle alcyon,Belted Kingfisher,William Whitehead,Creative Commons Attribution-NonCommercial-ShareAlike 4.0,3.5,07:00,https://www.xeno-canto.org/518953,belkin1/XC518953.ogg
belkin1,[],['call'],45.5997,-122.7166,Megaceryle alcyon,Belted Kingfisher,Thomas Magarian,Creative Commons Attribution-NonCommercial-ShareAlike 4.0,2.5,14:47,https://www.xeno-canto.org/527508,belkin1/XC527508.ogg
belkin1,[],"['High Rattle', 'call']",40.4378,-74.2658,Megaceryle alcyon,Belted Kingfisher,William Whitehead,Creative Commons Attribution-NonCommercial-ShareAlike 4.0,4.5,08:30,https://www.xeno-canto.org/560814,belkin1/XC560814.ogg
belkin1,['moudov'],"['adult', 'call', 'sex uncertain']",35.4836,-120.6384,Megaceryle alcyon,Belted Kingfisher,Thomas G. Graves,Creative Commons Attribution-NonCommercial-ShareAlike 4.0,3.5,17:33,https://www.xeno-canto.org/565018,belkin1/XC565018.ogg
belkin1,[],['call'],44.7985,-93.3877,Megaceryle alcyon,Belted Kingfisher,Michael Hurben,Creative Commons Attribution-NonCommercial-ShareAlike 4.0,3.0,09:30,https://www.xeno-canto.org/571640,belkin1/XC571640.ogg
belkin1,[],"['adult', 'call', 'flight call', 'male']",47.8589,-122.8115,Megaceryle alcyon,Belted Kingfisher,James Link,Creative Commons Attribution-NonCommercial-ShareAlike 4.0,5.0,20:15,https://www.xeno-canto.org/582379,belkin1/XC582379.ogg
belkin1,[],"['adult', 'call', 'sex uncertain', 'song']",31.9237,-81.0559,Megaceryle alcyon,Belted Kingfisher,Russ Wigh,Creative Commons Attribution-NonCommercial-ShareAlike 4.0,5.0,17:00,https://www.xeno-canto.org/590595,belkin1/XC590595.ogg
belkin1,[],"['duet', 'life stage uncertain', 'sex uncertain']",55.1982,-127.6888,Megaceryle alcyon,Belted Kingfisher,Larry Joseph,Creative Commons Attribution-NonCommercial-ShareAlike 4.0,5.0,16:30,https://www.xeno-canto.org/592611,belkin1/XC592611.ogg
belkin1,[],['call'],19.295,-99.095,Megaceryle alcyon,Belted Kingfisher,Isain Contreras Rodríguez,Creative Commons Attribution-NonCommercial-ShareAlike 4.0,2.0,07:30,https://www.xeno-canto.org/593004,belkin1/XC593004.ogg
belkin1,[],"['adult', 'call', 'low rattle', 'sex uncertain']",35.3471,-120.8442,Megaceryle alcyon,Belted Kingfisher,Thomas G. Graves,Creative Commons Attribution-NonCommercial-ShareAlike 4.0,3.0,17:57,https://www.xeno-canto.org/599549,belkin1/XC599549.ogg
belkin1,[],"['adult', 'call', 'low rattle', 'sex uncertain']",35.3471,-120.8442,Megaceryle alcyon,Belted Kingfisher,Thomas G. Graves,Creative Commons Attribution-NonCommercial-ShareAlike 4.0,3.0,18:09,https://www.xeno-canto.org/599551,belkin1/XC599551.ogg
belkin1,[],"['adult', 'call', 'low rattle', 'sex uncertain']",35.3471,-120.8442,Megaceryle alcyon,Belted Kingfisher,Thomas G. Graves,Creative Commons Attribution-NonCommercial-ShareAlike 4.0,3.0,18:09,https://www.xeno-canto.org/599554,belkin1/XC599554.ogg
belkin1,[],['call'],51.6362,-9.9366,Megaceryle alcyon,Belted Kingfisher,Harry Hussey,Creative Commons Attribution-NonCommercial-ShareAlike 4.0,3.5,12:58,https://www.xeno-canto.org/606512,belkin1/XC606512.ogg
belkin1,[],['call'],51.6362,-9.9366,Megaceryle alcyon,Belted Kingfisher,Harry Hussey,Creative Commons Attribution-NonCommercial-ShareAlike 4.0,4.0,12:56,https://www.xeno-canto.org/606521,belkin1/XC606521.ogg
belkin1,[],['call'],51.6362,-9.9366,Megaceryle alcyon,Belted Kingfisher,Mr Mark Shorten,Creative Commons Attribution-NonCommercial-ShareAlike 4.0,4.0,10:30,https://www.xeno-canto.org/606622,belkin1/XC606622.ogg
belkin1,[],['call'],48.6478,-122.8765,Megaceryle alcyon,Belted Kingfisher,Peter Ward and Ken Hall,Creative Commons Attribution-NonCommercial-ShareAlike 4.0,5.0,09:00,https://www.xeno-canto.org/612651,belkin1/XC612651.ogg
belkin1,[],"['adult', 'aggressive interaction call', 'male']",40.5591,-105.0196,Megaceryle alcyon,Belted Kingfisher,Nick Komar,Creative Commons Attribution-NonCommercial-ShareAlike 4.0,4.5,13:00,https://www.xeno-canto.org/621444,belkin1/XC621444.ogg
belkin1,[],"['adult', 'call', 'sex uncertain']",45.8093,-122.7985,Megaceryle alcyon,Belted Kingfisher,Thomas Magarian,Creative Commons Attribution-NonCommercial-ShareAlike 4.0,4.5,09:58,https://www.xeno-canto.org/624466,belkin1/XC624466.ogg
belkin1,[],"['adult', 'call', 'sex uncertain']",45.8093,-122.7985,Megaceryle alcyon,Belted Kingfisher,Thomas Magarian,Creative Commons Attribution-NonCommercial-ShareAlike 4.0,4.5,10:12,https://www.xeno-canto.org/624467,belkin1/XC624467.ogg
belkin1,[],"['adult', 'call', 'sex uncertain']",45.8093,-122.7985,Megaceryle alcyon,Belted Kingfisher,Thomas Magarian,Creative Commons Attribution-NonCommercial-ShareAlike 4.0,4.5,10:03,https://www.xeno-canto.org/624470,belkin1/XC624470.ogg
belkin1,[],"['adult', 'call', 'sex uncertain']",45.8093,-122.7985,Megaceryle alcyon,Belted Kingfisher,Thomas Magarian,Creative Commons Attribution-NonCommercial-ShareAlike 4.0,4.5,09:57,https://www.xeno-canto.org/624471,belkin1/XC624471.ogg
belkin1,[],"['adult', 'call', 'sex uncertain']",45.8093,-122.7985,Megaceryle alcyon,Belted Kingfisher,Thomas Magarian,Creative Commons Attribution-NonCommercial-ShareAlike 4.0,4.5,10:02,https://www.xeno-canto.org/624472,belkin1/XC624472.ogg
belkin1,['pibgre'],"['adult', 'call', 'sex uncertain']",31.34,-109.273,Megaceryle alcyon,Belted Kingfisher,Richard E. Webster,Creative Commons Attribution-NonCommercial-ShareAlike 4.0,3.5,12:39,https://www.xeno-canto.org/628804,belkin1/XC628804.ogg
belkin1,[],"['adult', 'call', 'male']",31.34,-109.273,Megaceryle alcyon,Belted Kingfisher,Richard E. Webster,Creative Commons Attribution-NonCommercial-ShareAlike 4.0,4.5,07:46,https://www.xeno-canto.org/628808,belkin1/XC628808.ogg
belkin1,[],"['adult', 'call', 'sex uncertain']",31.34,-109.273,Megaceryle alcyon,Belted Kingfisher,Richard E. Webster,Creative Commons Attribution-NonCommercial-ShareAlike 4.0,4.0,08:19,https://www.xeno-canto.org/628810,belkin1/XC628810.ogg
belkin1,[],"['adult', 'call', 'sex uncertain']",31.34,-109.273,Megaceryle alcyon,Belted Kingfisher,Richard E. Webster,Creative Commons Attribution-NonCommercial-ShareAlike 4.0,3.5,14:04,https://www.xeno-canto.org/628813,belkin1/XC628813.ogg
belkin1,[],"['adult', 'call', 'flight call', 'low rattle', 'sex uncertain']",35.2735,-120.8837,Megaceryle alcyon,Belted Kingfisher,Thomas G. Graves,Creative Commons Attribution-NonCommercial-ShareAlike 4.0,2.5,8:28,https://www.xeno-canto.org/629176,belkin1/XC629176.ogg
belkin1,['moudov'],"['adult', 'call', 'sex uncertain']",42.7052,-71.615,Megaceryle alcyon,Belted Kingfisher,Christopher McPherson,Creative Commons Attribution-NonCommercial-ShareAlike 4.0,4.5,07:30,https://www.xeno-canto.org/638295,belkin1/XC638295.ogg
belkin1,[],"['aberrant', 'adult', 'male', 'song']",11.4297,-69.645,Megaceryle alcyon,Belted Kingfisher,Francisco contreras,Creative Commons Attribution-NonCommercial-ShareAlike 4.0,4.0,10:00,https://www.xeno-canto.org/661052,belkin1/XC661052.ogg
bkbplo,[],['call'],41.621,-69.968,Pluvialis squatarola,Black-bellied Plover,Daniel Parker,Creative Commons Attribution-NonCommercial-ShareAlike 3.0,2.5,15:30,https://www.xeno-canto.org/127270,bkbplo/XC127270.ogg
bkbplo,[],['flight call'],46.8256,-64.9102,Pluvialis squatarola,Black-bellied Plover,Martin St-Michel,Creative Commons Attribution-NonCommercial-ShareAlike 3.0,5.0,08:20,https://www.xeno-canto.org/145310,bkbplo/XC145310.ogg
bkbplo,[],['alarm call'],51.4633,0.2847,Pluvialis squatarola,Black-bellied Plover,David Darrell-Lambert,Creative Commons Attribution-NonCommercial-ShareAlike 3.0,5.0,10:30,https://www.xeno-canto.org/146757,bkbplo/XC146757.ogg
bkbplo,[],['flight call'],56.1084,47.5513,Pluvialis squatarola,Black-bellied Plover,Albert Lastukhin,Creative Commons Attribution-NonCommercial-ShareAlike 3.0,2.5,11:00,https://www.xeno-canto.org/147794,bkbplo/XC147794.ogg
bkbplo,[],['flight call'],33.1612,-115.6414,Pluvialis squatarola,Black-bellied Plover,Paul Marvin,Creative Commons Attribution-NonCommercial-ShareAlike 3.0,5.0,12:59,https://www.xeno-canto.org/150221,bkbplo/XC150221.ogg
bkbplo,[],['flight call'],28.2267,-80.7645,Pluvialis squatarola,Black-bellied Plover,Paul Marvin,Creative Commons Attribution-NonCommercial-ShareAlike 3.0,5.0,09:15,https://www.xeno-canto.org/150222,bkbplo/XC150222.ogg
bkbplo,[],['flight call'],33.1612,-115.6414,Pluvialis squatarola,Black-bellied Plover,Paul Marvin,Creative Commons Attribution-NonCommercial-ShareAlike 3.0,5.0,13:12,https://www.xeno-canto.org/150223,bkbplo/XC150223.ogg
bkbplo,[],['flight call'],32.7802,-117.2154,Pluvialis squatarola,Black-bellied Plover,Paul Marvin,Creative Commons Attribution-NonCommercial-ShareAlike 3.0,5.0,09:34,https://www.xeno-canto.org/150225,bkbplo/XC150225.ogg
bkbplo,[],['call'],44.4305,-67.8906,Pluvialis squatarola,Black-bellied Plover,Paul Marvin,Creative Commons Attribution-NonCommercial-ShareAlike 3.0,5.0,07:45,https://www.xeno-canto.org/150226,bkbplo/XC150226.ogg
bkbplo,[],['call'],44.4305,-67.8906,Pluvialis squatarola,Black-bellied Plover,Paul Marvin,Creative Commons Attribution-NonCommercial-ShareAlike 3.0,5.0,08:12,https://www.xeno-canto.org/150227,bkbplo/XC150227.ogg
bkbplo,[],['flight call'],54.068,8.976,Pluvialis squatarola,Black-bellied Plover,Volker Arnold,Creative Commons Attribution-NonCommercial-ShareAlike 3.0,4.5,15:38,https://www.xeno-canto.org/150291,bkbplo/XC150291.ogg
bkbplo,['mallar3'],['call'],54.068,8.976,Pluvialis squatarola,Black-bellied Plover,Volker Arnold,Creative Commons Attribution-NonCommercial-ShareAlike 3.0,3.5,21:32,https://www.xeno-canto.org/151294,bkbplo/XC151294.ogg
bkbplo,[],['call'],54.068,8.976,Pluvialis squatarola,Black-bellied Plover,Volker Arnold,Creative Commons Attribution-NonCommercial-ShareAlike 3.0,5.0,18:11,https://www.xeno-canto.org/151295,bkbplo/XC151295.ogg
bkbplo,[],"['call', 'flight call']",54.045,8.981,Pluvialis squatarola,Black-bellied Plover,Volker Arnold,Creative Commons Attribution-NonCommercial-ShareAlike 3.0,5.0,12:16,https://www.xeno-canto.org/154716,bkbplo/XC154716.ogg
bkbplo,[],['call'],29.766,-93.337,Pluvialis squatarola,Black-bellied Plover,Dan Lane,Creative Commons Attribution-NonCommercial-ShareAlike 3.0,3.5,16:00,https://www.xeno-canto.org/155048,bkbplo/XC155048.ogg
bkbplo,[],['flight call'],52.0183,16.6807,Pluvialis squatarola,Black-bellied Plover,Paweł Szymański,Creative Commons Attribution-NonCommercial-ShareAlike 3.0,5.0,10:00,https://www.xeno-canto.org/155473,bkbplo/XC155473.ogg
bkbplo,[],['flight call'],43.355,-1.7841,Pluvialis squatarola,Black-bellied Plover,Bernard BOUSQUET,Creative Commons Attribution-NonCommercial-ShareAlike 3.0,4.0,11:00,https://www.xeno-canto.org/156941,bkbplo/XC156941.ogg
bkbplo,[],"['call', 'flight call']",43.3484,-1.7943,Pluvialis squatarola,Black-bellied Plover,Bernard BOUSQUET,Creative Commons Attribution-NonCommercial-ShareAlike 3.0,5.0,12:00,https://www.xeno-canto.org/157475,bkbplo/XC157475.ogg
bkbplo,[],['call'],48.4311,-123.3044,Pluvialis squatarola,Black-bellied Plover,Ian Cruickshank,Creative Commons Attribution-NonCommercial-ShareAlike 3.0,4.0,16:00,https://www.xeno-canto.org/161419,bkbplo/XC161419.ogg
bkbplo,[],"['alarm call', 'flight call']",28.6812,-80.6943,Pluvialis squatarola,Black-bellied Plover,Paul Marvin,Creative Commons Attribution-NonCommercial-ShareAlike 3.0,5.0,09:19,https://www.xeno-canto.org/162123,bkbplo/XC162123.ogg
bkbplo,[],['call'],44.4305,-67.8906,Pluvialis squatarola,Black-bellied Plover,Paul Marvin,Creative Commons Attribution-NonCommercial-ShareAlike 3.0,5.0,07:55,https://www.xeno-canto.org/165315,bkbplo/XC165315.ogg
bkbplo,[],['call'],44.4305,-67.8906,Pluvialis squatarola,Black-bellied Plover,Paul Marvin,Creative Commons Attribution-NonCommercial-ShareAlike 3.0,5.0,08:10,https://www.xeno-canto.org/165316,bkbplo/XC165316.ogg
bkbplo,[],['flight call'],19.4034,72.7627,Pluvialis squatarola,Black-bellied Plover,pradnyavant mane,Creative Commons Attribution-NonCommercial-ShareAlike 3.0,2.0,12:00,https://www.xeno-canto.org/165368,bkbplo/XC165368.ogg
bkbplo,[],['call'],28.6812,-80.6943,Pluvialis squatarola,Black-bellied Plover,Paul Marvin,Creative Commons Attribution-NonCommercial-ShareAlike 4.0,5.0,11:56,https://www.xeno-canto.org/172904,bkbplo/XC172904.ogg
bkbplo,[],['alarm call'],35.0307,-120.6205,Pluvialis squatarola,Black-bellied Plover,Thomas G. Graves,Creative Commons Attribution-NonCommercial-ShareAlike 4.0,3.0,9:09,https://www.xeno-canto.org/178195,bkbplo/XC178195.ogg
bkbplo,[],['flight call'],50.7566,3.3191,Pluvialis squatarola,Black-bellied Plover,Eddy Scheinpflug,Creative Commons Attribution-NonCommercial-ShareAlike 4.0,4.0,10:58,https://www.xeno-canto.org/197576,bkbplo/XC197576.ogg
bkbplo,[],['flight call'],54.3608,18.955,Pluvialis squatarola,Black-bellied Plover,Jarek Matusiak,Creative Commons Attribution-NonCommercial-ShareAlike 4.0,4.0,16:40,https://www.xeno-canto.org/197917,bkbplo/XC197917.ogg
bkbplo,[],"['alarm call', 'call', 'flight call']",35.3217,-120.842,Pluvialis squatarola,Black-bellied Plover,Thomas G. Graves,Creative Commons Attribution-NonCommercial-ShareAlike 4.0,3.5,8:37,https://www.xeno-canto.org/198726,bkbplo/XC198726.ogg
bkbplo,['belkin1'],"['alarm call', 'call', 'flight call']",35.3217,-120.842,Pluvialis squatarola,Black-bellied Plover,Thomas G. Graves,Creative Commons Attribution-NonCommercial-ShareAlike 4.0,4.5,8:38,https://www.xeno-canto.org/198729,bkbplo/XC198729.ogg
bkbplo,[],"['call', 'flight call']",52.9296,23.8513,Pluvialis squatarola,Black-bellied Plover,Tomek Tumiel,Creative Commons Attribution-NonCommercial-ShareAlike 4.0,4.0,13:00,https://www.xeno-canto.org/198948,bkbplo/XC198948.ogg
bkbplo,[],['flight call'],50.7566,3.3191,Pluvialis squatarola,Black-bellied Plover,Eddy Scheinpflug,Creative Commons Attribution-NonCommercial-ShareAlike 4.0,4.0,09:40,https://www.xeno-canto.org/201561,bkbplo/XC201561.ogg
bkbplo,[],['call'],28.608,-80.7335,Pluvialis squatarola,Black-bellied Plover,Paul Marvin,Creative Commons Attribution-NonCommercial-ShareAlike 4.0,5.0,07:48,https://www.xeno-canto.org/217928,bkbplo/XC217928.ogg
bkbplo,[],['call'],28.608,-80.7335,Pluvialis squatarola,Black-bellied Plover,Paul Marvin,Creative Commons Attribution-NonCommercial-ShareAlike 4.0,5.0,07:28,https://www.xeno-canto.org/217929,bkbplo/XC217929.ogg
bkbplo,[],['call'],-33.594,26.8969,Pluvialis squatarola,Black-bellied Plover,Lynette Rudman,Creative Commons Attribution-NonCommercial-ShareAlike 4.0,3.0,14:00,https://www.xeno-canto.org/252637,bkbplo/XC252637.ogg
bkbplo,[],['flight call'],55.3834,12.8167,Pluvialis squatarola,Black-bellied Plover,Niels Krabbe,Creative Commons Attribution-NonCommercial-ShareAlike 3.0,3.0,xx:xx,https://www.xeno-canto.org/25685,bkbplo/XC25685.ogg
bkbplo,[],['flight call'],-2.247,-80.941,Pluvialis squatarola,Black-bellied Plover,John V. Moore,Creative Commons Attribution-NonCommercial-ShareAlike 4.0,4.0,?,https://www.xeno-canto.org/257550,bkbplo/XC257550.ogg
bkbplo,['rudtur'],['take-off and flight calls'],-2.247,-80.941,Pluvialis squatarola,Black-bellied Plover,John V. Moore,Creative Commons Attribution-NonCommercial-ShareAlike 4.0,3.5,?,https://www.xeno-canto.org/257551,bkbplo/XC257551.ogg
bkbplo,[],['call'],44.2051,132.4161,Pluvialis squatarola,Black-bellied Plover,Albert Lastukhin,Creative Commons Attribution-NonCommercial-ShareAlike 4.0,4.0,03:30,https://www.xeno-canto.org/266559,bkbplo/XC266559.ogg
bkbplo,[],['flight call'],54.3568,18.9565,Pluvialis squatarola,Black-bellied Plover,Jarek Matusiak,Creative Commons Attribution-NonCommercial-ShareAlike 4.0,5.0,14:00,https://www.xeno-canto.org/282206,bkbplo/XC282206.ogg
bkbplo,['dunlin'],['call'],54.3568,18.9565,Pluvialis squatarola,Black-bellied Plover,Jarek Matusiak,Creative Commons Attribution-NonCommercial-ShareAlike 4.0,4.5,14:00,https://www.xeno-canto.org/282211,bkbplo/XC282211.ogg
bkbplo,['dunlin'],['call'],54.3568,18.9565,Pluvialis squatarola,Black-bellied Plover,Jarek Matusiak,Creative Commons Attribution-NonCommercial-ShareAlike 4.0,4.5,14:00,https://www.xeno-canto.org/282216,bkbplo/XC282216.ogg
bkbplo,[],['call'],34.6317,136.5488,Pluvialis squatarola,Black-bellied Plover,Anon Torimi,Creative Commons Attribution-NonCommercial-ShareAlike 4.0,4.0,15:00,https://www.xeno-canto.org/290144,bkbplo/XC290144.ogg
bkbplo,[],['call'],34.6317,136.5488,Pluvialis squatarola,Black-bellied Plover,Anon Torimi,Creative Commons Attribution-NonCommercial-ShareAlike 4.0,4.0,15:00,https://www.xeno-canto.org/291015,bkbplo/XC291015.ogg
bkbplo,[],['call'],34.6317,136.5488,Pluvialis squatarola,Black-bellied Plover,Anon Torimi,Creative Commons Attribution-NonCommercial-ShareAlike 4.0,3.0,15:00,https://www.xeno-canto.org/291017,bkbplo/XC291017.ogg
bkbplo,[],['call'],34.6317,136.5488,Pluvialis squatarola,Black-bellied Plover,Anon Torimi,Creative Commons Attribution-NonCommercial-ShareAlike 4.0,4.0,15:00,https://www.xeno-canto.org/291018,bkbplo/XC291018.ogg
bkbplo,[],['call'],34.6317,136.5488,Pluvialis squatarola,Black-bellied Plover,Anon Torimi,Creative Commons Attribution-NonCommercial-ShareAlike 4.0,4.0,12:00,https://www.xeno-canto.org/294205,bkbplo/XC294205.ogg
bkbplo,[],['alarm call'],18.628,72.8885,Pluvialis squatarola,Black-bellied Plover,pradnyavant mane,Creative Commons Attribution-NonCommercial-ShareAlike 4.0,3.0,11:30,https://www.xeno-canto.org/294373,bkbplo/XC294373.ogg
bkbplo,[],['flight call'],18.628,72.8885,Pluvialis squatarola,Black-bellied Plover,pradnyavant mane,Creative Commons Attribution-NonCommercial-ShareAlike 4.0,3.0,11:30,https://www.xeno-canto.org/294374,bkbplo/XC294374.ogg
bkbplo,[],"['alarm call', 'call', 'flight call']",18.628,72.8885,Pluvialis squatarola,Black-bellied Plover,pradnyavant mane,Creative Commons Attribution-NonCommercial-ShareAlike 4.0,3.0,11:30,https://www.xeno-canto.org/294375,bkbplo/XC294375.ogg
bkbplo,[],['flight call'],51.6919,3.8496,Pluvialis squatarola,Black-bellied Plover,Alain Malengreau,Creative Commons Attribution-NonCommercial-ShareAlike 4.0,4.0,15:00,https://www.xeno-canto.org/297472,bkbplo/XC297472.ogg
bkbplo,[],['flight call'],32.7819,-117.2333,Pluvialis squatarola,Black-bellied Plover,Nick Komar,Creative Commons Attribution-NonCommercial-ShareAlike 4.0,3.0,11:00,https://www.xeno-canto.org/306126,bkbplo/XC306126.ogg
bkbplo,[],['flight call'],51.4062,3.5243,Pluvialis squatarola,Black-bellied Plover,Joost van Bruggen,Creative Commons Attribution-NonCommercial-ShareAlike 4.0,3.0,09:40,https://www.xeno-canto.org/310883,bkbplo/XC310883.ogg
bkbplo,[],['flight call'],51.2292,5.255,Pluvialis squatarola,Black-bellied Plover,Toon Jansen,Creative Commons Attribution-NonCommercial-ShareAlike 4.0,2.0,08:00,https://www.xeno-canto.org/313820,bkbplo/XC313820.ogg
bkbplo,[],['song'],25.7054,-80.157,Pluvialis squatarola,Black-bellied Plover,Sue Riffe,Creative Commons Attribution-NonCommercial-ShareAlike 4.0,3.0,11:57,https://www.xeno-canto.org/316265,bkbplo/XC316265.ogg
bkbplo,[],['call'],28.6328,-80.7717,Pluvialis squatarola,Black-bellied Plover,Paul Marvin,Creative Commons Attribution-NonCommercial-ShareAlike 4.0,4.5,07:59,https://www.xeno-canto.org/333387,bkbplo/XC333387.ogg
bkbplo,[],['flight call'],28.6328,-80.7717,Pluvialis squatarola,Black-bellied Plover,Paul Marvin,Creative Commons Attribution-NonCommercial-ShareAlike 4.0,4.0,06:53,https://www.xeno-canto.org/333388,bkbplo/XC333388.ogg
bkbplo,[],['call'],36.8149,-6.3366,Pluvialis squatarola,Black-bellied Plover,José Carlos Sires,Creative Commons Attribution-NonCommercial-ShareAlike 4.0,4.0,?,https://www.xeno-canto.org/333826,bkbplo/XC333826.ogg
bkbplo,[],['call'],38.6943,-27.0448,Pluvialis squatarola,Black-bellied Plover,Tero Linjama,Creative Commons Attribution-NonCommercial-ShareAlike 4.0,4.0,07:00,https://www.xeno-canto.org/342344,bkbplo/XC342344.ogg
bkbplo,[],['flight call'],24.499,54.3446,Pluvialis squatarola,Black-bellied Plover,Oscar Campbell,Creative Commons Attribution-NonCommercial-ShareAlike 4.0,4.0,07:00,https://www.xeno-canto.org/345691,bkbplo/XC345691.ogg
bkbplo,[],['call'],-33.594,26.8969,Pluvialis squatarola,Black-bellied Plover,Tim Cockcroft,Creative Commons Attribution-NonCommercial-ShareAlike 4.0,3.5,08:56,https://www.xeno-canto.org/355297,bkbplo/XC355297.ogg
bkbplo,[],['call'],-22.9423,14.5028,Pluvialis squatarola,Black-bellied Plover,James Lidster,Creative Commons Attribution-NonCommercial-ShareAlike 4.0,4.0,02:00,https://www.xeno-canto.org/358266,bkbplo/XC358266.ogg
bkbplo,[],['call'],-22.9423,14.5028,Pluvialis squatarola,Black-bellied Plover,James Lidster,Creative Commons Attribution-NonCommercial-ShareAlike 4.0,4.0,02:00,https://www.xeno-canto.org/358267,bkbplo/XC358267.ogg
bkbplo,[],['call'],-22.9423,14.5028,Pluvialis squatarola,Black-bellied Plover,James Lidster,Creative Commons Attribution-NonCommercial-ShareAlike 4.0,4.0,02:00,https://www.xeno-canto.org/358268,bkbplo/XC358268.ogg
bkbplo,[],['call'],-22.9423,14.5028,Pluvialis squatarola,Black-bellied Plover,James Lidster,Creative Commons Attribution-NonCommercial-ShareAlike 4.0,4.0,02:00,https://www.xeno-canto.org/358269,bkbplo/XC358269.ogg
bkbplo,[],['call'],43.0671,6.138,Pluvialis squatarola,Black-bellied Plover,Stanislas Wroza,Creative Commons Attribution-NonCommercial-ShareAlike 4.0,4.0,07:00,https://www.xeno-canto.org/360816,bkbplo/XC360816.ogg
bkbplo,"['brant', 'dunlin', 'skylar']",['call'],51.346,0.942,Pluvialis squatarola,Black-bellied Plover,Craig Brookes,Creative Commons Attribution-NonCommercial-ShareAlike 4.0,3.5,15:00,https://www.xeno-canto.org/362586,bkbplo/XC362586.ogg
bkbplo,[],['flight call'],52.3357,13.8076,Pluvialis squatarola,Black-bellied Plover,Sonnenburg,Creative Commons Attribution-NonCommercial-ShareAlike 4.0,2.5,08:40,https://www.xeno-canto.org/387328,bkbplo/XC387328.ogg
bkbplo,[],['call'],14.5178,-17.0545,Pluvialis squatarola,Black-bellied Plover,Bram Piot,Creative Commons Attribution-NonCommercial-ShareAlike 4.0,3.5,07:15,https://www.xeno-canto.org/390525,bkbplo/XC390525.ogg
bkbplo,[],['call'],70.9409,147.9749,Pluvialis squatarola,Black-bellied Plover,Sunny,Creative Commons Attribution-NonCommercial-ShareAlike 4.0,5.0,16:30,https://www.xeno-canto.org/396650,bkbplo/XC396650.ogg
bkbplo,[],['call'],70.9409,147.9749,Pluvialis squatarola,Black-bellied Plover,Sunny,Creative Commons Attribution-NonCommercial-ShareAlike 4.0,5.0,16:30,https://www.xeno-canto.org/396651,bkbplo/XC396651.ogg
bkbplo,[],['call'],70.9409,147.9749,Pluvialis squatarola,Black-bellied Plover,Sunny,Creative Commons Attribution-NonCommercial-ShareAlike 4.0,5.0,16:30,https://www.xeno-canto.org/396652,bkbplo/XC396652.ogg
bkbplo,[],['call'],43.0604,6.1423,Pluvialis squatarola,Black-bellied Plover,AUDEVARD Aurélien,Creative Commons Attribution-NonCommercial-ShareAlike 4.0,5.0,12:30,https://www.xeno-canto.org/401742,bkbplo/XC401742.ogg
bkbplo,[],['flight call'],37.1499,-6.0405,Pluvialis squatarola,Black-bellied Plover,José Carlos Sires,Creative Commons Attribution-NonCommercial-ShareAlike 4.0,3.0,?,https://www.xeno-canto.org/411638,bkbplo/XC411638.ogg
bkbplo,[],"['call', 'flight call', 'migrating birds flying over']",37.1599,-6.9139,Pluvialis squatarola,Black-bellied Plover,Stanislas Wroza,Creative Commons Attribution-NonCommercial-ShareAlike 4.0,3.0,09:00,https://www.xeno-canto.org/414687,bkbplo/XC414687.ogg
bkbplo,[],['call'],62.9461,74.4407,Pluvialis squatarola,Black-bellied Plover,Albert Lastukhin,Creative Commons Attribution-NonCommercial-ShareAlike 4.0,3.0,18:30,https://www.xeno-canto.org/430923,bkbplo/XC430923.ogg
bkbplo,[],"['flight call', 'song']",-3.85,-32.4167,Pluvialis squatarola,Black-bellied Plover,JAYRSON ARAUJO DE OLIVEIRA,Creative Commons Attribution-NonCommercial-ShareAlike 4.0,4.0,6:59,https://www.xeno-canto.org/431273,bkbplo/XC431273.ogg
bkbplo,[],['flight call'],47.8207,3.351,Pluvialis squatarola,Black-bellied Plover,François Bouzendorf,Creative Commons Attribution-NonCommercial-ShareAlike 4.0,4.0,00:09,https://www.xeno-canto.org/432907,bkbplo/XC432907.ogg
bkbplo,[],['flight call'],52.0612,5.371,Pluvialis squatarola,Black-bellied Plover,Aat Schaftenaar,Creative Commons Attribution-NonCommercial-ShareAlike 4.0,2.0,22:00,https://www.xeno-canto.org/433984,bkbplo/XC433984.ogg
bkbplo,[],['call'],37.025,-8.0137,Pluvialis squatarola,Black-bellied Plover,Jorge Leitão,Creative Commons Attribution-NonCommercial-ShareAlike 4.0,2.0,16:12,https://www.xeno-canto.org/437896,bkbplo/XC437896.ogg
bkbplo,[],['call'],48.2637,4.3033,Pluvialis squatarola,Black-bellied Plover,Morvan Corentin,Creative Commons Attribution-NonCommercial-ShareAlike 4.0,3.5,16:00,https://www.xeno-canto.org/441251,bkbplo/XC441251.ogg
bkbplo,[],['call'],37.0096,-7.9604,Pluvialis squatarola,Black-bellied Plover,Jorge Leitão,Creative Commons Attribution-NonCommercial-ShareAlike 4.0,4.5,18:46,https://www.xeno-canto.org/444641,bkbplo/XC444641.ogg
bkbplo,['dunlin'],['call'],37.0096,-7.9604,Pluvialis squatarola,Black-bellied Plover,Jorge Leitão,Creative Commons Attribution-NonCommercial-ShareAlike 4.0,4.5,18:47,https://www.xeno-canto.org/444643,bkbplo/XC444643.ogg
bkbplo,[],['call'],37.0096,-7.9604,Pluvialis squatarola,Black-bellied Plover,Jorge Leitão,Creative Commons Attribution-NonCommercial-ShareAlike 4.0,4.5,18:49,https://www.xeno-canto.org/444669,bkbplo/XC444669.ogg
bkbplo,"['dunlin', 'rudtur']",['call'],37.0096,-7.9604,Pluvialis squatarola,Black-bellied Plover,Jorge Leitão,Creative Commons Attribution-NonCommercial-ShareAlike 4.0,4.5,18:50,https://www.xeno-canto.org/444673,bkbplo/XC444673.ogg
bkbplo,['rudtur'],['call'],37.0096,-7.9604,Pluvialis squatarola,Black-bellied Plover,Jorge Leitão,Creative Commons Attribution-NonCommercial-ShareAlike 4.0,4.5,18:51,https://www.xeno-canto.org/444674,bkbplo/XC444674.ogg
bkbplo,[],['call'],46.8934,-124.0469,Pluvialis squatarola,Black-bellied Plover,Rachel Hudson,Creative Commons Attribution-NonCommercial-ShareAlike 4.0,4.0,16:00,https://www.xeno-canto.org/446667,bkbplo/XC446667.ogg
bkbplo,[],['call'],20.702,58.667,Pluvialis squatarola,Black-bellied Plover,AUDEVARD Aurélien,Creative Commons Attribution-NonCommercial-ShareAlike 4.0,5.0,05:19,https://www.xeno-canto.org/446862,bkbplo/XC446862.ogg
bkbplo,[],['call'],58.4439,14.4687,Pluvialis squatarola,Black-bellied Plover,Patrik Åberg,Creative Commons Attribution-NonCommercial-ShareAlike 4.0,5.0,18:19,https://www.xeno-canto.org/448381,bkbplo/XC448381.ogg
bkbplo,[],['flight call'],52.0612,5.371,Pluvialis squatarola,Black-bellied Plover,Aat Schaftenaar,Creative Commons Attribution-NonCommercial-ShareAlike 4.0,1.0,01:00,https://www.xeno-canto.org/450401,bkbplo/XC450401.ogg
bkbplo,[],['call'],41.5201,-8.7828,Pluvialis squatarola,Black-bellied Plover,Jorge Leitão,Creative Commons Attribution-NonCommercial-ShareAlike 4.0,5.0,15:44,https://www.xeno-canto.org/455396,bkbplo/XC455396.ogg
bkbplo,[],['song'],41.5201,-8.7828,Pluvialis squatarola,Black-bellied Plover,Jorge Leitão,Creative Commons Attribution-NonCommercial-ShareAlike 4.0,4.5,10:48,https://www.xeno-canto.org/455419,bkbplo/XC455419.ogg
bkbplo,[],['flight call'],40.6535,0.6857,Pluvialis squatarola,Black-bellied Plover,Jordi Calvet,Creative Commons Attribution-NonCommercial-ShareAlike 4.0,5.0,13:00,https://www.xeno-canto.org/456227,bkbplo/XC456227.ogg
bkbplo,['semplo'],['flight call'],28.6417,-80.7778,Pluvialis squatarola,Black-bellied Plover,Paul Marvin,Creative Commons Attribution-NonCommercial-ShareAlike 4.0,4.5,07:46,https://www.xeno-canto.org/460730,bkbplo/XC460730.ogg
bkbplo,[],['call'],37.1357,-7.6138,Pluvialis squatarola,Black-bellied Plover,Nelson Conceição,Creative Commons Attribution-NonCommercial-ShareAlike 4.0,3.5,11:05,https://www.xeno-canto.org/463951,bkbplo/XC463951.ogg
bkbplo,[],['call'],35.9995,126.7176,Pluvialis squatarola,Black-bellied Plover,Martin Sutherland,Creative Commons Attribution-NonCommercial-ShareAlike 4.0,4.5,17:00,https://www.xeno-canto.org/464628,bkbplo/XC464628.ogg
bkbplo,[],['flight call'],48.7221,-3.5738,Pluvialis squatarola,Black-bellied Plover,Morvan Corentin,Creative Commons Attribution-NonCommercial-ShareAlike 4.0,3.0,05:30,https://www.xeno-canto.org/468699,bkbplo/XC468699.ogg
bkbplo,[],"['call', 'female', 'flight call', 'male']",20.978,71.5564,Pluvialis squatarola,Black-bellied Plover,Viral joshi,Creative Commons Attribution-NonCommercial-ShareAlike 4.0,4.0,09:00,https://www.xeno-canto.org/469623,bkbplo/XC469623.ogg
bkbplo,[],"['NFC', 'Nocturnal Flight Call', 'flight call']",45.9286,-0.9757,Pluvialis squatarola,Black-bellied Plover,Louis Sallé,Creative Commons Attribution-NonCommercial-ShareAlike 4.0,4.0,03:00,https://www.xeno-canto.org/469978,bkbplo/XC469978.ogg
bkbplo,[],"['NFC', 'Nocturnal Flight Call', 'flight call']",45.9286,-0.9757,Pluvialis squatarola,Black-bellied Plover,Louis Sallé,Creative Commons Attribution-NonCommercial-ShareAlike 4.0,4.0,23:30,https://www.xeno-canto.org/471238,bkbplo/XC471238.ogg
bkbplo,[],['flight call'],50.1191,18.9721,Pluvialis squatarola,Black-bellied Plover,Ireneusz Oleksik,Creative Commons Attribution-NonCommercial-ShareAlike 4.0,3.0,22:41,https://www.xeno-canto.org/472298,bkbplo/XC472298.ogg
bkbplo,[],['flight call'],52.0612,5.371,Pluvialis squatarola,Black-bellied Plover,Aat Schaftenaar,Creative Commons Attribution-NonCommercial-ShareAlike 4.0,0.0,02:30,https://www.xeno-canto.org/473600,bkbplo/XC473600.ogg
bkbplo,[],['call'],51.4306,4.5497,Pluvialis squatarola,Black-bellied Plover,Bram Vogels,Creative Commons Attribution-NonCommercial-ShareAlike 4.0,0.0,00:00,https://www.xeno-canto.org/474928,bkbplo/XC474928.ogg
bkbplo,[],['flight call'],50.1191,18.9721,Pluvialis squatarola,Black-bellied Plover,Ireneusz Oleksik,Creative Commons Attribution-NonCommercial-ShareAlike 4.0,2.0,01:49,https://www.xeno-canto.org/476813,bkbplo/XC476813.ogg
bkbplo,[],"['Nocturnal flight call.', 'flight call']",48.675,2.3501,Pluvialis squatarola,Black-bellied Plover,julien Rochefort,Creative Commons Attribution-NonCommercial-ShareAlike 4.0,4.0,02:36,https://www.xeno-canto.org/477302,bkbplo/XC477302.ogg
bkbplo,[],['call'],46.3302,-1.3073,Pluvialis squatarola,Black-bellied Plover,Jack Berteau,Creative Commons Attribution-NonCommercial-ShareAlike 4.0,4.0,12:00,https://www.xeno-canto.org/478661,bkbplo/XC478661.ogg
bkbplo,[],['flight call'],50.1191,18.9721,Pluvialis squatarola,Black-bellied Plover,Ireneusz Oleksik,Creative Commons Attribution-NonCommercial-ShareAlike 4.0,1.0,22:49,https://www.xeno-canto.org/484715,bkbplo/XC484715.ogg
bkbplo,[],['call'],63.0673,179.3607,Pluvialis squatarola,Black-bellied Plover,Jens Kirkeby,Creative Commons Attribution-NonCommercial-ShareAlike 4.0,0.0,02:00,https://www.xeno-canto.org/486616,bkbplo/XC486616.ogg
bkbplo,[],['alarm call'],63.3462,178.9822,Pluvialis squatarola,Black-bellied Plover,Jens Kirkeby,Creative Commons Attribution-NonCommercial-ShareAlike 4.0,0.0,17:30,https://www.xeno-canto.org/490535,bkbplo/XC490535.ogg
bkbplo,[],"['flight call', 'nocturnal flight call']",50.8297,3.2408,Pluvialis squatarola,Black-bellied Plover,Ignaas Robbe,Creative Commons Attribution-NonCommercial-ShareAlike 4.0,4.0,01:42,https://www.xeno-canto.org/492310,bkbplo/XC492310.ogg
bkbplo,[],['nocturnal flight call'],43.5352,-1.4475,Pluvialis squatarola,Black-bellied Plover,Frédéric Cazaban,Creative Commons Attribution-NonCommercial-ShareAlike 4.0,2.0,05:30,https://www.xeno-canto.org/493546,bkbplo/XC493546.ogg
bkbplo,[],['flight call'],53.5342,8.6032,Pluvialis squatarola,Black-bellied Plover,Franck Hollander,Creative Commons Attribution-NonCommercial-ShareAlike 4.0,3.0,00:00,https://www.xeno-canto.org/493780,bkbplo/XC493780.ogg
bkbplo,[],['nocturnal flight call'],53.7475,9.6717,Pluvialis squatarola,Black-bellied Plover,Paul Ehlers,Creative Commons Attribution-NonCommercial-ShareAlike 4.0,4.0,00:00,https://www.xeno-canto.org/494353,bkbplo/XC494353.ogg
bkbplo,[],['flight call'],51.9033,4.6913,Pluvialis squatarola,Black-bellied Plover,Jonathan van Erkel,Creative Commons Attribution-NonCommercial-ShareAlike 4.0,3.0,23:29,https://www.xeno-canto.org/495508,bkbplo/XC495508.ogg
bkbplo,[],"['flight call', 'nocturnal flight call']",53.7476,9.67,Pluvialis squatarola,Black-bellied Plover,Paul Ehlers,Creative Commons Attribution-NonCommercial-ShareAlike 4.0,4.0,00:15,https://www.xeno-canto.org/495513,bkbplo/XC495513.ogg
bkbplo,[],"['call', 'flight call']",51.6825,4.3454,Pluvialis squatarola,Black-bellied Plover,Robbin van Dijk,Creative Commons Attribution-NonCommercial-ShareAlike 4.0,4.0,23:20,https://www.xeno-canto.org/498041,bkbplo/XC498041.ogg
bkbplo,[],['nocturnal flight call'],53.7476,9.67,Pluvialis squatarola,Black-bellied Plover,Paul Ehlers,Creative Commons Attribution-NonCommercial-ShareAlike 4.0,4.0,02:14,https://www.xeno-canto.org/498685,bkbplo/XC498685.ogg
bkbplo,[],['flight call'],56.7451,12.6311,Pluvialis squatarola,Black-bellied Plover,Henrik Storm ,Creative Commons Attribution-NonCommercial-ShareAlike 4.0,4.0,11:00,https://www.xeno-canto.org/498772,bkbplo/XC498772.ogg
bkbplo,[],['flight call'],50.1191,18.9721,Pluvialis squatarola,Black-bellied Plover,Ireneusz Oleksik,Creative Commons Attribution-NonCommercial-ShareAlike 4.0,2.5,22:04,https://www.xeno-canto.org/499035,bkbplo/XC499035.ogg
bkbplo,[],['flight call'],59.2826,18.0106,Pluvialis squatarola,Black-bellied Plover,Teet Sirotkin,Creative Commons Attribution-NonCommercial-ShareAlike 4.0,3.0,05:12,https://www.xeno-canto.org/499230,bkbplo/XC499230.ogg
bkbplo,[],['call'],54.1633,13.3956,Pluvialis squatarola,Black-bellied Plover,Regina Eidner,Creative Commons Attribution-NonCommercial-ShareAlike 4.0,3.5,08:35,https://www.xeno-canto.org/499958,bkbplo/XC499958.ogg
bkbplo,[],"['flight call', 'juvenile']",48.8826,9.0248,Pluvialis squatarola,Black-bellied Plover,Jochen Völlm,Creative Commons Attribution-NonCommercial-ShareAlike 4.0,3.5,11:40,https://www.xeno-canto.org/500634,bkbplo/XC500634.ogg
bkbplo,[],['flight call'],51.4155,4.822,Pluvialis squatarola,Black-bellied Plover,Stijn Leestmans,Creative Commons Attribution-NonCommercial-ShareAlike 4.0,4.0,10:00,https://www.xeno-canto.org/500662,bkbplo/XC500662.ogg
bkbplo,[],['flight call'],53.2439,14.8608,Pluvialis squatarola,Black-bellied Plover,Marcin Sołowiej,Creative Commons Attribution-NonCommercial-ShareAlike 4.0,4.5,11:00,https://www.xeno-canto.org/501179,bkbplo/XC501179.ogg
bkbplo,[],"['flight call', 'nocturnal flight call']",54.1818,-0.3203,Pluvialis squatarola,Black-bellied Plover,Will Scott,Creative Commons Attribution-NonCommercial-ShareAlike 4.0,0.0,01:30,https://www.xeno-canto.org/501472,bkbplo/XC501472.ogg
bkbplo,[],['flight call'],50.7552,3.3207,Pluvialis squatarola,Black-bellied Plover,Eddy Scheinpflug,Creative Commons Attribution-NonCommercial-ShareAlike 4.0,4.0,11:00,https://www.xeno-canto.org/502563,bkbplo/XC502563.ogg
bkbplo,[],"['call', 'flight call']",59.9674,17.9371,Pluvialis squatarola,Black-bellied Plover,Robert Ekman,Creative Commons Attribution-NonCommercial-ShareAlike 4.0,3.0,13:30,https://www.xeno-canto.org/502626,bkbplo/XC502626.ogg
bkbplo,[],['call'],55.3544,8.4663,Pluvialis squatarola,Black-bellied Plover,Jens Kirkeby,Creative Commons Attribution-NonCommercial-ShareAlike 4.0,0.0,15:00,https://www.xeno-canto.org/505056,bkbplo/XC505056.ogg
bkbplo,[],['call'],37.1181,-7.619,Pluvialis squatarola,Black-bellied Plover,Nelson Conceição,Creative Commons Attribution-NonCommercial-ShareAlike 4.0,3.5,10:10,https://www.xeno-canto.org/505599,bkbplo/XC505599.ogg
bkbplo,[],['call'],37.1181,-7.619,Pluvialis squatarola,Black-bellied Plover,Nelson Conceição,Creative Commons Attribution-NonCommercial-ShareAlike 4.0,4.0,10:11,https://www.xeno-canto.org/505600,bkbplo/XC505600.ogg
bkbplo,[],['call'],37.1181,-7.619,Pluvialis squatarola,Black-bellied Plover,Nelson Conceição,Creative Commons Attribution-NonCommercial-ShareAlike 4.0,4.0,10:14,https://www.xeno-canto.org/505604,bkbplo/XC505604.ogg
bkbplo,[],['call'],24.5428,54.439,Pluvialis squatarola,Black-bellied Plover,Oscar Campbell,Creative Commons Attribution-NonCommercial-ShareAlike 4.0,4.5,18:00,https://www.xeno-canto.org/505898,bkbplo/XC505898.ogg
bkbplo,['dunlin'],"['call', 'flight call', 'life stage uncertain', 'sex uncertain']",43.3339,-70.5423,Pluvialis squatarola,Black-bellied Plover,Will Sweet,Creative Commons Attribution-NonCommercial-ShareAlike 4.0,2.5,14:30,https://www.xeno-canto.org/508127,bkbplo/XC508127.ogg
bkbplo,[],['call'],37.133,-7.6147,Pluvialis squatarola,Black-bellied Plover,Nelson Conceição,Creative Commons Attribution-NonCommercial-ShareAlike 4.0,4.5,11:10,https://www.xeno-canto.org/510555,bkbplo/XC510555.ogg
bkbplo,[],"['flight call', 'rolled calls', 'various calls']",44.6562,-1.2553,Pluvialis squatarola,Black-bellied Plover,Stanislas Wroza,Creative Commons Attribution-NonCommercial-ShareAlike 4.0,5.0,09:00,https://www.xeno-canto.org/526251,bkbplo/XC526251.ogg
bkbplo,[],"['flight call', 'monotonous call']",44.6562,-1.2553,Pluvialis squatarola,Black-bellied Plover,Stanislas Wroza,Creative Commons Attribution-NonCommercial-ShareAlike 4.0,5.0,09:00,https://www.xeno-canto.org/526287,bkbplo/XC526287.ogg
bkbplo,[],"['alarm call', 'flight call']",44.6562,-1.2553,Pluvialis squatarola,Black-bellied Plover,Stanislas Wroza,Creative Commons Attribution-NonCommercial-ShareAlike 4.0,5.0,09:00,https://www.xeno-canto.org/526288,bkbplo/XC526288.ogg
bkbplo,[],['flight call'],44.6562,-1.2553,Pluvialis squatarola,Black-bellied Plover,Stanislas Wroza,Creative Commons Attribution-NonCommercial-ShareAlike 4.0,5.0,09:00,https://www.xeno-canto.org/526289,bkbplo/XC526289.ogg
bkbplo,[],['flight call'],44.6562,-1.2553,Pluvialis squatarola,Black-bellied Plover,Stanislas Wroza,Creative Commons Attribution-NonCommercial-ShareAlike 4.0,5.0,09:00,https://www.xeno-canto.org/526290,bkbplo/XC526290.ogg
bkbplo,[],"['flight call', 'rolled calls']",44.6562,-1.2553,Pluvialis squatarola,Black-bellied Plover,Stanislas Wroza,Creative Commons Attribution-NonCommercial-ShareAlike 4.0,5.0,09:00,https://www.xeno-canto.org/526406,bkbplo/XC526406.ogg
bkbplo,[],['flight call'],44.6562,-1.2553,Pluvialis squatarola,Black-bellied Plover,Stanislas Wroza,Creative Commons Attribution-NonCommercial-ShareAlike 4.0,4.0,09:00,https://www.xeno-canto.org/526407,bkbplo/XC526407.ogg
bkbplo,[],"['flight call', 'short calls']",44.6562,-1.2553,Pluvialis squatarola,Black-bellied Plover,Stanislas Wroza,Creative Commons Attribution-NonCommercial-ShareAlike 4.0,4.0,09:00,https://www.xeno-canto.org/526408,bkbplo/XC526408.ogg
bkbplo,[],['flight call'],44.6562,-1.2553,Pluvialis squatarola,Black-bellied Plover,Stanislas Wroza,Creative Commons Attribution-NonCommercial-ShareAlike 4.0,5.0,09:00,https://www.xeno-canto.org/526409,bkbplo/XC526409.ogg
bkbplo,[],['flight call'],44.6562,-1.2553,Pluvialis squatarola,Black-bellied Plover,Stanislas Wroza,Creative Commons Attribution-NonCommercial-ShareAlike 4.0,5.0,09:00,https://www.xeno-canto.org/526410,bkbplo/XC526410.ogg
bkbplo,[],['flight call'],44.6562,-1.2553,Pluvialis squatarola,Black-bellied Plover,Stanislas Wroza,Creative Commons Attribution-NonCommercial-ShareAlike 4.0,4.0,09:00,https://www.xeno-canto.org/526436,bkbplo/XC526436.ogg
bkbplo,[],"['alarm call', 'short calls']",44.6562,-1.2553,Pluvialis squatarola,Black-bellied Plover,Stanislas Wroza,Creative Commons Attribution-NonCommercial-ShareAlike 4.0,4.0,09:00,https://www.xeno-canto.org/526437,bkbplo/XC526437.ogg
bkbplo,[],"['alarm call', 'unusual call']",44.6562,-1.2553,Pluvialis squatarola,Black-bellied Plover,Stanislas Wroza,Creative Commons Attribution-NonCommercial-ShareAlike 4.0,4.0,09:00,https://www.xeno-canto.org/526439,bkbplo/XC526439.ogg
bkbplo,[],['flight call'],44.6562,-1.2553,Pluvialis squatarola,Black-bellied Plover,Stanislas Wroza,Creative Commons Attribution-NonCommercial-ShareAlike 4.0,5.0,09:00,https://www.xeno-canto.org/526440,bkbplo/XC526440.ogg
bkbplo,[],['flight call'],48.0372,-4.8622,Pluvialis squatarola,Black-bellied Plover,Stanislas Wroza,Creative Commons Attribution-NonCommercial-ShareAlike 4.0,5.0,09:00,https://www.xeno-canto.org/526473,bkbplo/XC526473.ogg
bkbplo,[],['flight call'],48.0372,-4.8622,Pluvialis squatarola,Black-bellied Plover,Stanislas Wroza,Creative Commons Attribution-NonCommercial-ShareAlike 4.0,4.0,09:00,https://www.xeno-canto.org/526502,bkbplo/XC526502.ogg
bkbplo,[],['flight call'],48.0372,-4.8622,Pluvialis squatarola,Black-bellied Plover,Stanislas Wroza,Creative Commons Attribution-NonCommercial-ShareAlike 4.0,4.0,09:00,https://www.xeno-canto.org/526552,bkbplo/XC526552.ogg
bkbplo,[],['flight call'],48.0372,-4.8622,Pluvialis squatarola,Black-bellied Plover,Stanislas Wroza,Creative Commons Attribution-NonCommercial-ShareAlike 4.0,4.0,09:00,https://www.xeno-canto.org/526553,bkbplo/XC526553.ogg
bkbplo,[],['nocturnal flight call'],47.9708,7.8284,Pluvialis squatarola,Black-bellied Plover,Jan Daniels-Trautner,Creative Commons Attribution-NonCommercial-ShareAlike 4.0,3.0,01:51,https://www.xeno-canto.org/528025,bkbplo/XC528025.ogg
bkbplo,[],"['call', 'sex uncertain']",25.6036,-109.0521,Pluvialis squatarola,Black-bellied Plover,Isain Contreras Rodríguez,Creative Commons Attribution-NonCommercial-ShareAlike 4.0,5.0,08:30,https://www.xeno-canto.org/531626,bkbplo/XC531626.ogg
bkbplo,[],['call'],46.3042,-1.2922,Pluvialis squatarola,Black-bellied Plover,Jack Berteau,Creative Commons Attribution-NonCommercial-ShareAlike 4.0,4.0,16:30,https://www.xeno-canto.org/534871,bkbplo/XC534871.ogg
bkbplo,[],['nocturnal flight call'],46.7012,0.5102,Pluvialis squatarola,Black-bellied Plover,Bertrand Dallet,Creative Commons Attribution-NonCommercial-ShareAlike 4.0,3.0,23:30,https://www.xeno-canto.org/538439,bkbplo/XC538439.ogg
bkbplo,[],['nocturnal flight call'],46.2027,-1.1649,Pluvialis squatarola,Black-bellied Plover,Simon BAUDOUIN,Creative Commons Attribution-NonCommercial-ShareAlike 4.0,3.0,01:00,https://www.xeno-canto.org/541525,bkbplo/XC541525.ogg
bkbplo,[],['nocturnal flight call'],37.1379,-7.6303,Pluvialis squatarola,Black-bellied Plover,Nelson Conceição,Creative Commons Attribution-NonCommercial-ShareAlike 4.0,4.0,20:46,https://www.xeno-canto.org/543015,bkbplo/XC543015.ogg
bkbplo,[],"['nocturnal flight call', 'sex uncertain']",37.1379,-7.6303,Pluvialis squatarola,Black-bellied Plover,Nelson Conceição,Creative Commons Attribution-NonCommercial-ShareAlike 4.0,3.0,02:41,https://www.xeno-canto.org/549027,bkbplo/XC549027.ogg
bkbplo,[],['nocturnal flight call'],51.5196,-0.3239,Pluvialis squatarola,Black-bellied Plover,Bill Haines,Creative Commons Attribution-NonCommercial-ShareAlike 4.0,2.0,22:46,https://www.xeno-canto.org/549790,bkbplo/XC549790.ogg
bkbplo,[],['call'],53.9299,-2.9833,Pluvialis squatarola,Black-bellied Plover,Chris Batty,Creative Commons Attribution-NonCommercial-ShareAlike 4.0,3.0,09:00,https://www.xeno-canto.org/552834,bkbplo/XC552834.ogg
bkbplo,[],"['call', 'flight call', 'nocturnal flight call']",53.9299,-2.9833,Pluvialis squatarola,Black-bellied Plover,Chris Batty,Creative Commons Attribution-NonCommercial-ShareAlike 4.0,3.0,01:00,https://www.xeno-canto.org/552837,bkbplo/XC552837.ogg
bkbplo,[],"['call', 'flight call', 'nocturnal flight call']",53.9299,-2.9833,Pluvialis squatarola,Black-bellied Plover,Chris Batty,Creative Commons Attribution-NonCommercial-ShareAlike 4.0,3.0,23:00,https://www.xeno-canto.org/552838,bkbplo/XC552838.ogg
bkbplo,[],"['call', 'flight call']",53.9299,-2.9833,Pluvialis squatarola,Black-bellied Plover,Chris Batty,Creative Commons Attribution-NonCommercial-ShareAlike 4.0,3.0,09:00,https://www.xeno-canto.org/552839,bkbplo/XC552839.ogg
bkbplo,[],"['call', 'flight call', 'nocturnal flight call']",53.9299,-2.9833,Pluvialis squatarola,Black-bellied Plover,Chris Batty,Creative Commons Attribution-NonCommercial-ShareAlike 4.0,3.0,01:00,https://www.xeno-canto.org/552841,bkbplo/XC552841.ogg
bkbplo,[],"['flight call', 'nocturnal flight call']",50.8297,3.2408,Pluvialis squatarola,Black-bellied Plover,Ignaas Robbe,Creative Commons Attribution-NonCommercial-ShareAlike 4.0,4.0,00:05,https://www.xeno-canto.org/554009,bkbplo/XC554009.ogg
bkbplo,[],['nocturnal flight call'],48.0228,0.1995,Pluvialis squatarola,Black-bellied Plover,Christian Kerihuel,Creative Commons Attribution-NonCommercial-ShareAlike 4.0,2.0,00:00,https://www.xeno-canto.org/555762,bkbplo/XC555762.ogg
bkbplo,[],['nocturnal flight call'],50.7193,3.2228,Pluvialis squatarola,Black-bellied Plover,Nicolas Selosse,Creative Commons Attribution-NonCommercial-ShareAlike 4.0,3.0,02:33,https://www.xeno-canto.org/556771,bkbplo/XC556771.ogg
bkbplo,[],['nocturnal flight call'],53.5342,8.6032,Pluvialis squatarola,Black-bellied Plover,Franck Hollander,Creative Commons Attribution-NonCommercial-ShareAlike 4.0,4.0,01:00,https://www.xeno-canto.org/558068,bkbplo/XC558068.ogg
bkbplo,[],['nocturnal flight call'],38.5553,-6.0661,Pluvialis squatarola,Black-bellied Plover,Eduardo Realinho,Creative Commons Attribution-NonCommercial-ShareAlike 4.0,4.0,03:30,https://www.xeno-canto.org/559201,bkbplo/XC559201.ogg
bkbplo,[],['call'],43.0547,6.1443,Pluvialis squatarola,Black-bellied Plover,AUDEVARD Aurélien,Creative Commons Attribution-NonCommercial-ShareAlike 4.0,4.5,09:39,https://www.xeno-canto.org/560188,bkbplo/XC560188.ogg
bkbplo,[],['call'],43.0547,6.1443,Pluvialis squatarola,Black-bellied Plover,AUDEVARD Aurélien,Creative Commons Attribution-NonCommercial-ShareAlike 4.0,4.5,09:39,https://www.xeno-canto.org/560193,bkbplo/XC560193.ogg
bkbplo,[],['call'],43.0547,6.1443,Pluvialis squatarola,Black-bellied Plover,AUDEVARD Aurélien,Creative Commons Attribution-NonCommercial-ShareAlike 4.0,2.5,09:38,https://www.xeno-canto.org/560196,bkbplo/XC560196.ogg
bkbplo,[],['call'],31.9237,-81.0559,Pluvialis squatarola,Black-bellied Plover,Russ Wigh,Creative Commons Attribution-NonCommercial-ShareAlike 4.0,5.0,14:00,https://www.xeno-canto.org/560597,bkbplo/XC560597.ogg
bkbplo,[],['flight call'],42.7397,13.9797,Pluvialis squatarola,Black-bellied Plover,Dimitri,Creative Commons Attribution-NonCommercial-ShareAlike 4.0,4.0,16:00,https://www.xeno-canto.org/560852,bkbplo/XC560852.ogg
bkbplo,[],['flight call'],59.8114,22.8946,Pluvialis squatarola,Black-bellied Plover,Sebastian Andrejeff,Creative Commons Attribution-NonCommercial-ShareAlike 4.0,3.0,05:00,https://www.xeno-canto.org/563506,bkbplo/XC563506.ogg
bkbplo,[],['flight call'],58.8334,23.1166,Pluvialis squatarola,Black-bellied Plover,Uku Paal,Creative Commons Attribution-NonCommercial-ShareAlike 4.0,1.5,12:00,https://www.xeno-canto.org/564513,bkbplo/XC564513.ogg
bkbplo,[],"['call', 'juvenile']",25.6602,-109.0033,Pluvialis squatarola,Black-bellied Plover,Isain Contreras Rodríguez,Creative Commons Attribution-NonCommercial-ShareAlike 4.0,5.0,08:00,https://www.xeno-canto.org/568817,bkbplo/XC568817.ogg
bkbplo,[],"['call', 'juvenile']",25.6602,-109.0033,Pluvialis squatarola,Black-bellied Plover,Isain Contreras Rodríguez,Creative Commons Attribution-NonCommercial-ShareAlike 4.0,5.0,08:00,https://www.xeno-canto.org/568819,bkbplo/XC568819.ogg
bkbplo,['laugul'],['call'],9.0095,-79.4684,Pluvialis squatarola,Black-bellied Plover,Mike Nelson,Creative Commons Attribution-NonCommercial-ShareAlike 3.0,3.5,5:00pm,https://www.xeno-canto.org/56913,bkbplo/XC56913.ogg
bkbplo,[],['nocturnal flight call'],40.7618,-3.7786,Pluvialis squatarola,Black-bellied Plover,Oscar Vilches Mendoza,Creative Commons Attribution-NonCommercial-ShareAlike 4.0,0.0,02:00,https://www.xeno-canto.org/569299,bkbplo/XC569299.ogg
bkbplo,[],['flight call'],64.191,21.113,Pluvialis squatarola,Black-bellied Plover,Alan Dalton,Creative Commons Attribution-NonCommercial-ShareAlike 4.0,5.0,21:30,https://www.xeno-canto.org/580119,bkbplo/XC580119.ogg
bkbplo,[],['nocturnal flight call'],53.5342,8.6032,Pluvialis squatarola,Black-bellied Plover,Franck Hollander,Creative Commons Attribution-NonCommercial-ShareAlike 4.0,2.0,03:30,https://www.xeno-canto.org/580611,bkbplo/XC580611.ogg
bkbplo,[],['flight call'],52.8527,0.445,Pluvialis squatarola,Black-bellied Plover,Andrew Harrop,Creative Commons Attribution-NonCommercial-ShareAlike 4.0,4.0,07:30,https://www.xeno-canto.org/581182,bkbplo/XC581182.ogg
bkbplo,[],['nocturnal flight call'],47.3431,0.6214,Pluvialis squatarola,Black-bellied Plover,Cedric Mroczko,Creative Commons Attribution-NonCommercial-ShareAlike 4.0,2.0,04:25,https://www.xeno-canto.org/581731,bkbplo/XC581731.ogg
bkbplo,[],['nocturnal flight call'],51.6825,4.3454,Pluvialis squatarola,Black-bellied Plover,Robbin van Dijk,Creative Commons Attribution-NonCommercial-ShareAlike 4.0,3.0,00:13,https://www.xeno-canto.org/583387,bkbplo/XC583387.ogg
bkbplo,[],['nocturnal flight call'],53.5342,8.6032,Pluvialis squatarola,Black-bellied Plover,Franck Hollander,Creative Commons Attribution-NonCommercial-ShareAlike 4.0,2.0,02:00,https://www.xeno-canto.org/583890,bkbplo/XC583890.ogg
bkbplo,[],"['flight call', 'nocturnal flight call']",50.7542,4.5672,Pluvialis squatarola,Black-bellied Plover,Frederik Fluyt,Creative Commons Attribution-NonCommercial-ShareAlike 4.0,4.0,04:00,https://www.xeno-canto.org/584264,bkbplo/XC584264.ogg
bkbplo,[],['nocturnal flight call'],46.4168,-1.5399,Pluvialis squatarola,Black-bellied Plover,Maxime Pirio,Creative Commons Attribution-NonCommercial-ShareAlike 4.0,4.0,23:39,https://www.xeno-canto.org/585630,bkbplo/XC585630.ogg
bkbplo,[],"['flight call', 'nocturnal flight call']",50.7542,4.5672,Pluvialis squatarola,Black-bellied Plover,Frederik Fluyt,Creative Commons Attribution-NonCommercial-ShareAlike 4.0,4.0,01:00,https://www.xeno-canto.org/585761,bkbplo/XC585761.ogg
bkbplo,[],['nocturnal flight call'],53.5342,8.6032,Pluvialis squatarola,Black-bellied Plover,Franck Hollander,Creative Commons Attribution-NonCommercial-ShareAlike 4.0,3.0,01:00,https://www.xeno-canto.org/586086,bkbplo/XC586086.ogg
bkbplo,[],"['life stage uncertain', 'nocturnal flight call', 'sex uncertain']",54.949,-1.48,Pluvialis squatarola,Black-bellied Plover,Mark Newsome,Creative Commons Attribution-NonCommercial-ShareAlike 4.0,4.0,23:52,https://www.xeno-canto.org/586478,bkbplo/XC586478.ogg
bkbplo,[],['nocturnal flight call'],52.6598,1.7274,Pluvialis squatarola,Black-bellied Plover,Calum Mckellar,Creative Commons Attribution-NonCommercial-ShareAlike 4.0,3.0,22:25,https://www.xeno-canto.org/588185,bkbplo/XC588185.ogg
bkbplo,[],['nocturnal flight call'],51.6825,4.3454,Pluvialis squatarola,Black-bellied Plover,Robbin van Dijk,Creative Commons Attribution-NonCommercial-ShareAlike 4.0,5.0,02:47,https://www.xeno-canto.org/588972,bkbplo/XC588972.ogg
bkbplo,[],['flight call'],52.4059,5.0344,Pluvialis squatarola,Black-bellied Plover,Piet,Creative Commons Attribution-NonCommercial-ShareAlike 4.0,4.0,14:00,https://www.xeno-canto.org/589079,bkbplo/XC589079.ogg
bkbplo,[],['nocturnal flight call'],51.0445,2.3912,Pluvialis squatarola,Black-bellied Plover,Julien Piette,Creative Commons Attribution-NonCommercial-ShareAlike 4.0,4.0,02:58,https://www.xeno-canto.org/589498,bkbplo/XC589498.ogg
bkbplo,[],['call'],51.9086,-8.3147,Pluvialis squatarola,Black-bellied Plover,Mr Mark Shorten,Creative Commons Attribution-NonCommercial-ShareAlike 4.0,4.0,18:00,https://www.xeno-canto.org/589944,bkbplo/XC589944.ogg
bkbplo,[],"['adult', 'alarm call', 'call', 'female', 'juvenile', 'male']",42.5378,-8.8728,Pluvialis squatarola,Black-bellied Plover,Jacobo Ramil MIllarengo,Creative Commons Attribution-NonCommercial-ShareAlike 4.0,5.0,14:30,https://www.xeno-canto.org/590213,bkbplo/XC590213.ogg
bkbplo,[],"['call', 'flight call']",51.8023,16.6543,Pluvialis squatarola,Black-bellied Plover,Adrianna Muszyńska,Creative Commons Attribution-NonCommercial-ShareAlike 4.0,3.0,18:15,https://www.xeno-canto.org/590381,bkbplo/XC590381.ogg
bkbplo,[],"['call', 'flight call']",51.8023,16.6543,Pluvialis squatarola,Black-bellied Plover,Adrianna Muszyńska,Creative Commons Attribution-NonCommercial-ShareAlike 4.0,3.0,18:30,https://www.xeno-canto.org/590383,bkbplo/XC590383.ogg
bkbplo,[],"['call', 'flight call', 'sex uncertain']",51.8048,16.6545,Pluvialis squatarola,Black-bellied Plover,Grzegorz Lorek,Creative Commons Attribution-NonCommercial-ShareAlike 4.0,4.0,18:00,https://www.xeno-canto.org/590409,bkbplo/XC590409.ogg
bkbplo,[],['flight call'],63.6666,20.0191,Pluvialis squatarola,Black-bellied Plover,Lars Edenius,Creative Commons Attribution-NonCommercial-ShareAlike 4.0,3.0,07:30,https://www.xeno-canto.org/590665,bkbplo/XC590665.ogg
bkbplo,[],['flight call'],63.6666,20.0191,Pluvialis squatarola,Black-bellied Plover,Lars Edenius,Creative Commons Attribution-NonCommercial-ShareAlike 4.0,3.0,07:30,https://www.xeno-canto.org/590666,bkbplo/XC590666.ogg
bkbplo,[],['flight call'],63.6735,20.0542,Pluvialis squatarola,Black-bellied Plover,Lars Edenius,Creative Commons Attribution-NonCommercial-ShareAlike 4.0,4.0,08:30,https://www.xeno-canto.org/591653,bkbplo/XC591653.ogg
bkbplo,[],['flight call'],63.6735,20.0542,Pluvialis squatarola,Black-bellied Plover,Lars Edenius,Creative Commons Attribution-NonCommercial-ShareAlike 4.0,4.0,08:30,https://www.xeno-canto.org/591654,bkbplo/XC591654.ogg
bkbplo,[],['flight call'],59.2271,23.512,Pluvialis squatarola,Black-bellied Plover,Uku Paal,Creative Commons Attribution-NonCommercial-ShareAlike 4.0,3.0,10:00,https://www.xeno-canto.org/592365,bkbplo/XC592365.ogg
bkbplo,[],['flight call'],49.3809,-1.1706,Pluvialis squatarola,Black-bellied Plover,Alain Verneau,Creative Commons Attribution-NonCommercial-ShareAlike 4.0,5.0,14:00,https://www.xeno-canto.org/592699,bkbplo/XC592699.ogg
bkbplo,[],['flight call'],50.7552,3.3207,Pluvialis squatarola,Black-bellied Plover,Eddy Scheinpflug,Creative Commons Attribution-NonCommercial-ShareAlike 4.0,3.0,10:00,https://www.xeno-canto.org/592717,bkbplo/XC592717.ogg
bkbplo,['bkbplo'],['flight call'],49.3907,-1.1681,Pluvialis squatarola,Black-bellied Plover,Alain Verneau,Creative Commons Attribution-NonCommercial-ShareAlike 4.0,4.5,14:30,https://www.xeno-canto.org/592723,bkbplo/XC592723.ogg
bkbplo,[],['call'],49.3907,-1.1681,Pluvialis squatarola,Black-bellied Plover,Alain Verneau,Creative Commons Attribution-NonCommercial-ShareAlike 4.0,5.0,14:30,https://www.xeno-canto.org/592726,bkbplo/XC592726.ogg
bkbplo,[],['call'],46.2676,-1.1985,Pluvialis squatarola,Black-bellied Plover,Jack Berteau,Creative Commons Attribution-NonCommercial-ShareAlike 4.0,3.5,10:00,https://www.xeno-canto.org/593266,bkbplo/XC593266.ogg
bkbplo,[],['flight call'],50.4337,8.8913,Pluvialis squatarola,Black-bellied Plover,brickegickel,Creative Commons Attribution-NonCommercial-ShareAlike 4.0,3.0,13:30,https://www.xeno-canto.org/593410,bkbplo/XC593410.ogg
bkbplo,[],"['life stage uncertain', 'nocturnal flight call', 'sex uncertain']",44.7973,-0.6094,Pluvialis squatarola,Black-bellied Plover,Marta Celej,Creative Commons Attribution-NonCommercial-ShareAlike 4.0,4.0,23:30,https://www.xeno-canto.org/593585,bkbplo/XC593585.ogg
bkbplo,[],"['flight call', 'life stage uncertain', 'nocturnal flight call', 'sex uncertain']",50.1191,18.9721,Pluvialis squatarola,Black-bellied Plover,Ireneusz Oleksik,Creative Commons Attribution-NonCommercial-ShareAlike 4.0,3.0,04:10,https://www.xeno-canto.org/594114,bkbplo/XC594114.ogg
bkbplo,[],"['call', 'flight call', 'nocturnal flight call']",54.2081,-0.2889,Pluvialis squatarola,Black-bellied Plover,Mark Pearson,Creative Commons Attribution-NonCommercial-ShareAlike 4.0,4.0,02:03,https://www.xeno-canto.org/594386,bkbplo/XC594386.ogg
bkbplo,[],['flight call'],58.9511,17.6184,Pluvialis squatarola,Black-bellied Plover,Teet Sirotkin,Creative Commons Attribution-NonCommercial-ShareAlike 4.0,5.0,09:45,https://www.xeno-canto.org/594762,bkbplo/XC594762.ogg
bkbplo,[],['nocturnal flight call'],51.8346,5.8519,Pluvialis squatarola,Black-bellied Plover,Martijn Verdoes,Creative Commons Attribution-NonCommercial-ShareAlike 4.0,2.0,00:27,https://www.xeno-canto.org/594802,bkbplo/XC594802.ogg
bkbplo,[],['uncertain'],50.8291,19.7226,Pluvialis squatarola,Black-bellied Plover,Grzegorz Kaczorowski,Creative Commons Attribution-NonCommercial-ShareAlike 4.0,3.5,13:00,https://www.xeno-canto.org/594982,bkbplo/XC594982.ogg
bkbplo,[],['nocturnal flight call'],51.8346,5.8519,Pluvialis squatarola,Black-bellied Plover,Martijn Verdoes,Creative Commons Attribution-NonCommercial-ShareAlike 4.0,4.0,22:14,https://www.xeno-canto.org/595047,bkbplo/XC595047.ogg
bkbplo,[],['nocturnal flight call'],51.8346,5.8519,Pluvialis squatarola,Black-bellied Plover,Martijn Verdoes,Creative Commons Attribution-NonCommercial-ShareAlike 4.0,3.0,22:23,https://www.xeno-canto.org/595052,bkbplo/XC595052.ogg
bkbplo,[],['nocturnal flight call'],51.899,-8.4944,Pluvialis squatarola,Black-bellied Plover,Mr Mark Shorten,Creative Commons Attribution-NonCommercial-ShareAlike 4.0,5.0,02:00,https://www.xeno-canto.org/595596,bkbplo/XC595596.ogg
bkbplo,[],"['flight call', 'life stage uncertain', 'sex uncertain']",40.7784,0.7213,Pluvialis squatarola,Black-bellied Plover,Xavier Riera,Creative Commons Attribution-NonCommercial-ShareAlike 4.0,5.0,10:30,https://www.xeno-canto.org/597774,bkbplo/XC597774.ogg
bkbplo,[],"['adult', 'alarm call', 'call', 'female', 'flight call', 'juvenile', 'male']",42.5378,-8.8728,Pluvialis squatarola,Black-bellied Plover,Jacobo Ramil MIllarengo,Creative Commons Attribution-NonCommercial-ShareAlike 4.0,5.0,16:00,https://www.xeno-canto.org/598721,bkbplo/XC598721.ogg
bkbplo,[],['call'],53.9354,20.3013,Pluvialis squatarola,Black-bellied Plover,Krzysztof Jankowski,Creative Commons Attribution-NonCommercial-ShareAlike 4.0,3.5,09:30,https://www.xeno-canto.org/600019,bkbplo/XC600019.ogg
bkbplo,[],['nocturnal flight call'],54.949,-1.48,Pluvialis squatarola,Black-bellied Plover,Mark Newsome,Creative Commons Attribution-NonCommercial-ShareAlike 4.0,4.0,01:38,https://www.xeno-canto.org/601355,bkbplo/XC601355.ogg
bkbplo,[],"['call', 'flight call', 'nocturnal flight call']",54.2081,-0.2889,Pluvialis squatarola,Black-bellied Plover,Mark Pearson,Creative Commons Attribution-NonCommercial-ShareAlike 4.0,5.0,04:00,https://www.xeno-canto.org/601462,bkbplo/XC601462.ogg
bkbplo,[],"['flight call', 'nocturnal flight call']",52.2183,0.1441,Pluvialis squatarola,Black-bellied Plover,Simon Gillings,Creative Commons Attribution-NonCommercial-ShareAlike 4.0,4.0,21:39,https://www.xeno-canto.org/603556,bkbplo/XC603556.ogg
bkbplo,[],"['flight call', 'nocturnal flight call']",52.2183,0.1441,Pluvialis squatarola,Black-bellied Plover,Simon Gillings,Creative Commons Attribution-NonCommercial-ShareAlike 4.0,3.0,01:50,https://www.xeno-canto.org/603557,bkbplo/XC603557.ogg
bkbplo,[],"['nocturnal flight call', 'sex uncertain']",52.687,1.2173,Pluvialis squatarola,Black-bellied Plover,Nick Edwards,Creative Commons Attribution-NonCommercial-ShareAlike 4.0,4.0,01:30,https://www.xeno-canto.org/603890,bkbplo/XC603890.ogg
bkbplo,[],['nocturnal flight call'],43.7412,-7.867,Pluvialis squatarola,Black-bellied Plover,Ricardo Hevia,Creative Commons Attribution-NonCommercial-ShareAlike 4.0,5.0,04:30,https://www.xeno-canto.org/603892,bkbplo/XC603892.ogg
bkbplo,[],['nocturnal flight call'],50.7347,3.2143,Pluvialis squatarola,Black-bellied Plover,Christophe Gruwier,Creative Commons Attribution-NonCommercial-ShareAlike 4.0,4.0,01:30,https://www.xeno-canto.org/604281,bkbplo/XC604281.ogg
bkbplo,[],['nocturnal flight call'],48.6995,2.2357,Pluvialis squatarola,Black-bellied Plover,Cédric JOUVE,Creative Commons Attribution-NonCommercial-ShareAlike 4.0,3.0,23:30,https://www.xeno-canto.org/604642,bkbplo/XC604642.ogg
bkbplo,[],['nocturnal flight call'],48.8268,3.0707,Pluvialis squatarola,Black-bellied Plover,Julien Bottinelli,Creative Commons Attribution-NonCommercial-ShareAlike 4.0,1.0,23:30,https://www.xeno-canto.org/604694,bkbplo/XC604694.ogg
bkbplo,[],['call'],37.0705,-7.7196,Pluvialis squatarola,Black-bellied Plover,Nelson Conceição,Creative Commons Attribution-NonCommercial-ShareAlike 4.0,4.0,14:12,https://www.xeno-canto.org/606159,bkbplo/XC606159.ogg
bkbplo,[],['call'],37.0705,-7.7196,Pluvialis squatarola,Black-bellied Plover,Nelson Conceição,Creative Commons Attribution-NonCommercial-ShareAlike 4.0,4.5,15:07,https://www.xeno-canto.org/606169,bkbplo/XC606169.ogg
bkbplo,[],['flight call'],54.1381,13.4291,Pluvialis squatarola,Black-bellied Plover,Micha Luhn,Creative Commons Attribution-NonCommercial-ShareAlike 4.0,3.5,14:30,https://www.xeno-canto.org/608664,bkbplo/XC608664.ogg
bkbplo,[],"['call', 'life stage uncertain', 'sex uncertain']",19.4216,-96.3222,Pluvialis squatarola,Black-bellied Plover,Fernando Uranga M.,Creative Commons Attribution-NonCommercial-ShareAlike 4.0,4.0,07:30,https://www.xeno-canto.org/609003,bkbplo/XC609003.ogg
bkbplo,[],"['call', 'life stage uncertain', 'sex uncertain']",24.4245,118.3048,Pluvialis squatarola,Black-bellied Plover,"Kuan-Chieh (Chuck) Hung, Taiwanbirdguide.com",Creative Commons Attribution-NonCommercial-ShareAlike 4.0,2.5,08:09,https://www.xeno-canto.org/612690,bkbplo/XC612690.ogg
bkbplo,['dunlin'],['call'],46.3047,-1.2921,Pluvialis squatarola,Black-bellied Plover,Jack Berteau,Creative Commons Attribution-NonCommercial-ShareAlike 4.0,3.5,10:30,https://www.xeno-canto.org/613206,bkbplo/XC613206.ogg
bkbplo,['gnwtea'],"['adult', 'flight call', 'sex uncertain']",48.6357,-4.2952,Pluvialis squatarola,Black-bellied Plover,Tristan Guillebot de Nerville,Creative Commons Attribution-NonCommercial-ShareAlike 4.0,3.5,12:34,https://www.xeno-canto.org/614452,bkbplo/XC614452.ogg
bkbplo,[],"['adult', 'call', 'sex uncertain', 'song']",-32.4101,-71.4108,Pluvialis squatarola,Black-bellied Plover,Ignacio Escobar,Creative Commons Attribution-NonCommercial-ShareAlike 4.0,4.0,10:00,https://www.xeno-canto.org/614564,bkbplo/XC614564.ogg
bkbplo,[],['call'],36.741,35.6243,Pluvialis squatarola,Black-bellied Plover,Cedric Mroczko,Creative Commons Attribution-NonCommercial-ShareAlike 4.0,3.0,12:35,https://www.xeno-canto.org/615615,bkbplo/XC615615.ogg
bkbplo,[],['call'],36.741,35.6243,Pluvialis squatarola,Black-bellied Plover,Cedric Mroczko,Creative Commons Attribution-NonCommercial-ShareAlike 4.0,3.0,13:05,https://www.xeno-canto.org/615632,bkbplo/XC615632.ogg
bkbplo,['gnwtea'],['call'],36.741,35.6243,Pluvialis squatarola,Black-bellied Plover,Cedric Mroczko,Creative Commons Attribution-NonCommercial-ShareAlike 4.0,1.5,16:20,https://www.xeno-canto.org/615882,bkbplo/XC615882.ogg
bkbplo,[],['call'],36.741,35.6243,Pluvialis squatarola,Black-bellied Plover,Cedric Mroczko,Creative Commons Attribution-NonCommercial-ShareAlike 4.0,2.5,16:40,https://www.xeno-canto.org/615997,bkbplo/XC615997.ogg
bkbplo,['eurwig'],['call'],36.741,35.6243,Pluvialis squatarola,Black-bellied Plover,Cedric Mroczko,Creative Commons Attribution-NonCommercial-ShareAlike 4.0,2.5,17:45,https://www.xeno-canto.org/616052,bkbplo/XC616052.ogg
bkbplo,[],['flight call'],47.5099,9.6573,Pluvialis squatarola,Black-bellied Plover,Georg Amann,Creative Commons Attribution-NonCommercial-ShareAlike 4.0,3.0,?,https://www.xeno-canto.org/616092,bkbplo/XC616092.ogg
bkbplo,[],['nocturnal flight call'],43.7412,-7.867,Pluvialis squatarola,Black-bellied Plover,Ricardo Hevia,Creative Commons Attribution-NonCommercial-ShareAlike 4.0,2.0,05:30,https://www.xeno-canto.org/617925,bkbplo/XC617925.ogg
bkbplo,[],['call'],52.0712,-7.6091,Pluvialis squatarola,Black-bellied Plover,Mr Mark Shorten,Creative Commons Attribution-NonCommercial-ShareAlike 4.0,4.0,14:00,https://www.xeno-canto.org/618313,bkbplo/XC618313.ogg
bkbplo,[],['call'],44.2086,-1.2872,Pluvialis squatarola,Black-bellied Plover,Marta Celej,Creative Commons Attribution-NonCommercial-ShareAlike 4.0,5.0,15:00,https://www.xeno-canto.org/623318,bkbplo/XC623318.ogg
bkbplo,[],['nocturnal flight call'],53.6296,7.5783,Pluvialis squatarola,Black-bellied Plover,Simon Kiesé,Creative Commons Attribution-NonCommercial-ShareAlike 4.0,3.0,02:02,https://www.xeno-canto.org/623717,bkbplo/XC623717.ogg
bkbplo,[],['nocturnal flight call'],48.6425,-1.4317,Pluvialis squatarola,Black-bellied Plover,Tanguy Loïs,Creative Commons Attribution-NonCommercial-ShareAlike 4.0,5.0,07:30,https://www.xeno-canto.org/623832,bkbplo/XC623832.ogg
bkbplo,[],['alarm call'],16.4294,-94.8793,Pluvialis squatarola,Black-bellied Plover,Manuel Grosselet,Creative Commons Attribution-NonCommercial-ShareAlike 4.0,4.0,06:30,https://www.xeno-canto.org/623944,bkbplo/XC623944.ogg
bkbplo,[],['flight call'],-12.248,49.3425,Pluvialis squatarola,Black-bellied Plover,Ken Behrens,Creative Commons Attribution-NonCommercial-ShareAlike 4.0,3.5,11:15,https://www.xeno-canto.org/624314,bkbplo/XC624314.ogg
bkbplo,[],"['call', 'flight call', 'nocturnal flight call']",53.1101,-0.4035,Pluvialis squatarola,Black-bellied Plover,James P,Creative Commons Attribution-NonCommercial-ShareAlike 4.0,3.0,23:47,https://www.xeno-canto.org/625964,bkbplo/XC625964.ogg
bkbplo,[],"['flight call', 'nocturnal flight call']",54.1818,-0.3203,Pluvialis squatarola,Black-bellied Plover,Will Scott,Creative Commons Attribution-NonCommercial-ShareAlike 4.0,4.0,19:33,https://www.xeno-canto.org/626154,bkbplo/XC626154.ogg
bkbplo,[],"['flight call', 'nocturnal flight call']",54.1818,-0.3203,Pluvialis squatarola,Black-bellied Plover,Will Scott,Creative Commons Attribution-NonCommercial-ShareAlike 4.0,4.0,22:27,https://www.xeno-canto.org/626155,bkbplo/XC626155.ogg
bkbplo,[],"['call', 'flight call', 'nocturnal flight call']",54.2081,-0.2889,Pluvialis squatarola,Black-bellied Plover,Mark Pearson,Creative Commons Attribution-NonCommercial-ShareAlike 4.0,4.0,20:01,https://www.xeno-canto.org/626224,bkbplo/XC626224.ogg
bkbplo,[],['call'],45.9241,-1.2291,Pluvialis squatarola,Black-bellied Plover,Bernard BOUSQUET,Creative Commons Attribution-NonCommercial-ShareAlike 4.0,3.5,10:00,https://www.xeno-canto.org/627961,bkbplo/XC627961.ogg
bkbplo,[],['nocturnal flight call'],43.5352,-1.4475,Pluvialis squatarola,Black-bellied Plover,Frédéric Cazaban,Creative Commons Attribution-NonCommercial-ShareAlike 4.0,4.0,00:44,https://www.xeno-canto.org/635338,bkbplo/XC635338.ogg
bkbplo,[],['nocturnal flight call'],43.7412,-7.867,Pluvialis squatarola,Black-bellied Plover,Ricardo Hevia,Creative Commons Attribution-NonCommercial-ShareAlike 4.0,4.0,03:30,https://www.xeno-canto.org/635404,bkbplo/XC635404.ogg
bkbplo,[],['nocturnal flight call'],54.2386,-0.4196,Pluvialis squatarola,Black-bellied Plover,Dan Lombard,Creative Commons Attribution-NonCommercial-ShareAlike 4.0,4.0,21:30,https://www.xeno-canto.org/636753,bkbplo/XC636753.ogg
bkbplo,[],['nocturnal flight call'],54.2386,-0.4196,Pluvialis squatarola,Black-bellied Plover,Dan Lombard,Creative Commons Attribution-NonCommercial-ShareAlike 4.0,3.0,00:30,https://www.xeno-canto.org/636754,bkbplo/XC636754.ogg
bkbplo,[],['flight call'],43.5351,3.8741,Pluvialis squatarola,Black-bellied Plover,Pierre Foulquier,Creative Commons Attribution-NonCommercial-ShareAlike 4.0,4.0,09:00,https://www.xeno-canto.org/641576,bkbplo/XC641576.ogg
bkbplo,[],['nocturnal flight call'],43.7412,-7.867,Pluvialis squatarola,Black-bellied Plover,Ricardo Hevia,Creative Commons Attribution-NonCommercial-ShareAlike 4.0,3.0,02:30,https://www.xeno-canto.org/644273,bkbplo/XC644273.ogg
bkbplo,[],"['Anthropogenic', 'Rain', 'nocturnal flight call']",52.3857,-1.7909,Pluvialis squatarola,Black-bellied Plover,John Sirrett,Creative Commons Attribution-NonCommercial-ShareAlike 4.0,4.0,03:00,https://www.xeno-canto.org/646334,bkbplo/XC646334.ogg
bkbplo,[],['nocturnal flight call'],53.2509,5.598,Pluvialis squatarola,Black-bellied Plover,Gosse Hoekstra,Creative Commons Attribution-NonCommercial-ShareAlike 4.0,4.0,00:00,https://www.xeno-canto.org/647066,bkbplo/XC647066.ogg
bkbplo,[],['nocturnal flight call'],43.7412,-7.867,Pluvialis squatarola,Black-bellied Plover,Ricardo Hevia,Creative Commons Attribution-NonCommercial-ShareAlike 4.0,4.0,04:30,https://www.xeno-canto.org/649430,bkbplo/XC649430.ogg
bkbplo,[],['nocturnal flight call'],48.0228,0.1995,Pluvialis squatarola,Black-bellied Plover,Christian Kerihuel,Creative Commons Attribution-NonCommercial-ShareAlike 4.0,3.0,00:30,https://www.xeno-canto.org/649542,bkbplo/XC649542.ogg
bkbplo,[],['nocturnal flight call'],55.4107,12.8449,Pluvialis squatarola,Black-bellied Plover,Johan Lorentzon,Creative Commons Attribution-NonCommercial-ShareAlike 4.0,4.5,02:11,https://www.xeno-canto.org/666630,bkbplo/XC666630.ogg
bkbplo,[],['nocturnal flight call'],53.5342,8.6032,Pluvialis squatarola,Black-bellied Plover,Franck Hollander,Creative Commons Attribution-NonCommercial-ShareAlike 4.0,2.5,01:30,https://www.xeno-canto.org/667181,bkbplo/XC667181.ogg
bkbplo,[],['nocturnal flight call'],53.5342,8.6032,Pluvialis squatarola,Black-bellied Plover,Franck Hollander,Creative Commons Attribution-NonCommercial-ShareAlike 4.0,3.0,03:00,https://www.xeno-canto.org/667182,bkbplo/XC667182.ogg
bknsti,[],['flight call'],-32.6313,-71.4286,Himantopus mexicanus,Black-necked Stilt,Francisco Rivas Fuenzalida,Creative Commons Attribution-NonCommercial-ShareAlike 3.0,5.0,13:30,https://www.xeno-canto.org/115034,bknsti/XC115034.ogg
bknsti,[],['call'],-22.6771,-47.9831,Himantopus mexicanus,Black-necked Stilt,GABRIEL LEITE,Creative Commons Attribution-NonCommercial-ShareAlike 3.0,5.0,08:30,https://www.xeno-canto.org/123242,bknsti/XC123242.ogg
bknsti,[],['flight call'],-19.8189,-40.2739,Himantopus mexicanus,Black-necked Stilt,Noé Eiterer,Creative Commons Attribution-NonCommercial-ShareAlike 3.0,5.0,16:00,https://www.xeno-canto.org/127678,bknsti/XC127678.ogg
bknsti,[],['call'],37.46,-122.105,Himantopus mexicanus,Black-necked Stilt,Jonathon Jongsma,Creative Commons Attribution-ShareAlike 3.0,4.0,07:18,https://www.xeno-canto.org/133081,bknsti/XC133081.ogg
bknsti,[],['call'],20.0407,-105.043,Himantopus mexicanus,Black-necked Stilt,Alejandro Salinas,Creative Commons Attribution-NonCommercial-ShareAlike 3.0,4.0,19:00,https://www.xeno-canto.org/135435,bknsti/XC135435.ogg
bknsti,[],['call'],43.5645,-70.3589,Himantopus mexicanus,Black-necked Stilt,Doug Hitchcox,Creative Commons Attribution-NonCommercial-ShareAlike 3.0,2.5,07:30,https://www.xeno-canto.org/139715,bknsti/XC139715.ogg
bknsti,[],['alarm call'],32.8196,-114.4583,Himantopus mexicanus,Black-necked Stilt,Bobby Wilcox,Creative Commons Attribution-NonCommercial-ShareAlike 3.0,4.0,08:00,https://www.xeno-canto.org/142546,bknsti/XC142546.ogg
bknsti,[],"['call', 'flight call']",28.6812,-80.6943,Himantopus mexicanus,Black-necked Stilt,Paul Marvin,Creative Commons Attribution-NonCommercial-ShareAlike 3.0,5.0,12:01,https://www.xeno-canto.org/143701,bknsti/XC143701.ogg
bknsti,[],['flight call'],28.6812,-80.6943,Himantopus mexicanus,Black-necked Stilt,Paul Marvin,Creative Commons Attribution-NonCommercial-ShareAlike 3.0,5.0,08:39,https://www.xeno-canto.org/143702,bknsti/XC143702.ogg
bknsti,[],"['call', 'flight call', 'juvenile']",28.6812,-80.6943,Himantopus mexicanus,Black-necked Stilt,Paul Marvin,Creative Commons Attribution-NonCommercial-ShareAlike 3.0,4.0,10:06,https://www.xeno-canto.org/143705,bknsti/XC143705.ogg
bknsti,[],"['call', 'juvenile']",28.6812,-80.6943,Himantopus mexicanus,Black-necked Stilt,Paul Marvin,Creative Commons Attribution-NonCommercial-ShareAlike 3.0,5.0,08:43,https://www.xeno-canto.org/143707,bknsti/XC143707.ogg
bknsti,[],"['alarm call', 'juvenile']",28.6812,-80.6943,Himantopus mexicanus,Black-necked Stilt,Paul Marvin,Creative Commons Attribution-NonCommercial-ShareAlike 3.0,5.0,08:56,https://www.xeno-canto.org/143712,bknsti/XC143712.ogg
bknsti,[],"['alarm call', 'juvenile']",28.6812,-80.6943,Himantopus mexicanus,Black-necked Stilt,Paul Marvin,Creative Commons Attribution-NonCommercial-ShareAlike 3.0,5.0,10:31,https://www.xeno-canto.org/143713,bknsti/XC143713.ogg
bknsti,[],"['alarm call', 'juvenile']",28.6812,-80.6943,Himantopus mexicanus,Black-necked Stilt,Paul Marvin,Creative Commons Attribution-NonCommercial-ShareAlike 3.0,5.0,10:35,https://www.xeno-canto.org/143720,bknsti/XC143720.ogg
bknsti,[],['alarm call'],-4.1064,-81.0553,Himantopus mexicanus,Black-necked Stilt,Yair G. Molina Martínez,Creative Commons Attribution-NonCommercial-ShareAlike 3.0,4.0,11:30,https://www.xeno-canto.org/145475,bknsti/XC145475.ogg
bknsti,[],['alarm call'],-4.1064,-81.0553,Himantopus mexicanus,Black-necked Stilt,Yair G. Molina Martínez,Creative Commons Attribution-NonCommercial-ShareAlike 3.0,4.0,11:30,https://www.xeno-canto.org/145476,bknsti/XC145476.ogg
bknsti,[],['alarm call'],-4.1064,-81.0553,Himantopus mexicanus,Black-necked Stilt,Yair G. Molina Martínez,Creative Commons Attribution-NonCommercial-ShareAlike 3.0,4.0,11:30,https://www.xeno-canto.org/145477,bknsti/XC145477.ogg
bknsti,[],['call'],28.6812,-80.6943,Himantopus mexicanus,Black-necked Stilt,Paul Marvin,Creative Commons Attribution-NonCommercial-ShareAlike 3.0,5.0,12:36,https://www.xeno-canto.org/145752,bknsti/XC145752.ogg
bknsti,[],['song'],-22.6771,-47.9831,Himantopus mexicanus,Black-necked Stilt,Robson Silva e Silva,Creative Commons Attribution-NonCommercial-ShareAlike 3.0,3.0,09:30,https://www.xeno-canto.org/147547,bknsti/XC147547.ogg
bknsti,['comgal1'],['call'],-17.4084,-66.1376,Himantopus mexicanus,Black-necked Stilt,Dan Lane,Creative Commons Attribution-NonCommercial-ShareAlike 3.0,3.5,16:30,https://www.xeno-canto.org/149983,bknsti/XC149983.ogg
bknsti,['lesyel'],['call'],-17.4084,-66.1376,Himantopus mexicanus,Black-necked Stilt,Dan Lane,Creative Commons Attribution-NonCommercial-ShareAlike 3.0,3.5,16:30,https://www.xeno-canto.org/149985,bknsti/XC149985.ogg
bknsti,[],['call'],-10.7054,-73.7509,Himantopus mexicanus,Black-necked Stilt,Herman van Oosten,Creative Commons Attribution-NonCommercial-ShareAlike 3.0,4.0,16:41,https://www.xeno-canto.org/152420,bknsti/XC152420.ogg
bknsti,[],['call'],-10.7054,-73.7509,Himantopus mexicanus,Black-necked Stilt,Herman van Oosten,Creative Commons Attribution-NonCommercial-ShareAlike 3.0,4.0,16:41,https://www.xeno-canto.org/152421,bknsti/XC152421.ogg
bknsti,[],['call'],48.5706,-123.4307,Himantopus mexicanus,Black-necked Stilt,Ian Cruickshank,Creative Commons Attribution-NonCommercial-ShareAlike 3.0,4.0,10:00,https://www.xeno-canto.org/157643,bknsti/XC157643.ogg
bknsti,[],['call'],48.5706,-123.4307,Himantopus mexicanus,Black-necked Stilt,Ian Cruickshank,Creative Commons Attribution-NonCommercial-ShareAlike 3.0,4.0,10:00,https://www.xeno-canto.org/157644,bknsti/XC157644.ogg
bknsti,[],['call'],18.012,-67.1043,Himantopus mexicanus,Black-necked Stilt,Eric DeFonso,Creative Commons Attribution-NonCommercial-ShareAlike 4.0,5.0,14:50,https://www.xeno-canto.org/173681,bknsti/XC173681.ogg
bknsti,[],"['flight call', 'song']",-26.8933,-50.1038,Himantopus mexicanus,Black-necked Stilt,Douglas Meyer,Creative Commons Attribution-NonCommercial-ShareAlike 4.0,5.0,15:05,https://www.xeno-canto.org/174261,bknsti/XC174261.ogg
bknsti,['wesmea'],['call'],41.787,-111.924,Himantopus mexicanus,Black-necked Stilt,Ryan P. O'Donnell,Creative Commons Attribution-NonCommercial-ShareAlike 4.0,4.5,20:25,https://www.xeno-canto.org/174956,bknsti/XC174956.ogg
bknsti,[],['call'],21.8999,-159.6049,Himantopus mexicanus,Black-necked Stilt,Dan Lane,Creative Commons Attribution-NonCommercial-ShareAlike 4.0,4.0,16:30,https://www.xeno-canto.org/174957,bknsti/XC174957.ogg
bknsti,[],['call'],21.8999,-159.6049,Himantopus mexicanus,Black-necked Stilt,Dan Lane,Creative Commons Attribution-NonCommercial-ShareAlike 4.0,4.0,16:30,https://www.xeno-canto.org/174958,bknsti/XC174958.ogg
bknsti,"['houfin', 'norcar', 'redjun', 'wesmea', 'zebdov']",['call'],21.8999,-159.6049,Himantopus mexicanus,Black-necked Stilt,Dan Lane,Creative Commons Attribution-NonCommercial-ShareAlike 4.0,3.5,16:30,https://www.xeno-canto.org/174961,bknsti/XC174961.ogg
bknsti,"['houspa', 'norcar']",['call'],30.415,-91.179,Himantopus mexicanus,Black-necked Stilt,Dan Lane,Creative Commons Attribution-NonCommercial-ShareAlike 4.0,3.5,12:00,https://www.xeno-canto.org/175552,bknsti/XC175552.ogg
bknsti,[],['alarm call'],25.9204,-80.1409,Himantopus mexicanus,Black-necked Stilt,Antonio Silveira,Creative Commons Attribution-NonCommercial-ShareAlike 4.0,3.0,10:00,https://www.xeno-canto.org/177581,bknsti/XC177581.ogg
bknsti,[],['alarm call'],33.5258,-112.2822,Himantopus mexicanus,Black-necked Stilt,Tim Marquardt,Creative Commons Attribution-NonCommercial-ShareAlike 4.0,5.0,10:51,https://www.xeno-canto.org/178759,bknsti/XC178759.ogg
bknsti,[],['call'],-6.921,-79.875,Himantopus mexicanus,Black-necked Stilt,Mike Nelson,Creative Commons Attribution-NonCommercial-ShareAlike 4.0,4.0,09:30,https://www.xeno-canto.org/180916,bknsti/XC180916.ogg
bknsti,[],['call'],12.562,-70.048,Himantopus mexicanus,Black-necked Stilt,Antonio Silveira,Creative Commons Attribution-NonCommercial-ShareAlike 4.0,2.5,08:00,https://www.xeno-canto.org/181041,bknsti/XC181041.ogg
bknsti,[],"['call', 'song']",-28.638,-49.498,Himantopus mexicanus,Black-necked Stilt,João Gava,Creative Commons Attribution-NonCommercial-ShareAlike 4.0,4.0,10:30,https://www.xeno-canto.org/181430,bknsti/XC181430.ogg
bknsti,[],['alarm call'],16.4017,-86.4003,Himantopus mexicanus,Black-necked Stilt,Oliver Komar,Creative Commons Attribution-NonCommercial-ShareAlike 4.0,5.0,17:00,https://www.xeno-canto.org/182834,bknsti/XC182834.ogg
bknsti,[],['call'],48.4183,-107.6657,Himantopus mexicanus,Black-necked Stilt,Richard E. Webster,Creative Commons Attribution-NonCommercial-ShareAlike 4.0,4.5,06:47,https://www.xeno-canto.org/185608,bknsti/XC185608.ogg
bknsti,[],['call'],-23.7449,-46.7224,Himantopus mexicanus,Black-necked Stilt,Fernando Igor de Godoy,Creative Commons Attribution-NonCommercial-ShareAlike 4.0,5.0,16:00,https://www.xeno-canto.org/186380,bknsti/XC186380.ogg
bknsti,[],['call'],33.5258,-112.2822,Himantopus mexicanus,Black-necked Stilt,Phoenix Birder,Creative Commons Attribution-NonCommercial-ShareAlike 4.0,4.5,08:49,https://www.xeno-canto.org/187426,bknsti/XC187426.ogg
bknsti,[],['alarm call'],10.198,-64.694,Himantopus mexicanus,Black-necked Stilt,Thore Noernberg,Creative Commons Attribution-NonCommercial-ShareAlike 4.0,4.0,08:30,https://www.xeno-canto.org/190079,bknsti/XC190079.ogg
bknsti,[],['call'],14.0752,-89.0844,Himantopus mexicanus,Black-necked Stilt,Guillermo Funes,Creative Commons Attribution-NonCommercial-ShareAlike 4.0,4.0,11:00,https://www.xeno-canto.org/197637,bknsti/XC197637.ogg
bknsti,[],"['call', 'juvenile']",21.391,-157.743,Himantopus mexicanus,Black-necked Stilt,Ross Gallardy,Creative Commons Attribution-NonCommercial-ShareAlike 4.0,5.0,09:00,https://www.xeno-canto.org/208161,bknsti/XC208161.ogg
bknsti,[],['call'],22.0385,-159.7803,Himantopus mexicanus,Black-necked Stilt,Ross Gallardy,Creative Commons Attribution-NonCommercial-ShareAlike 4.0,5.0,15:30,https://www.xeno-canto.org/210361,bknsti/XC210361.ogg
bknsti,['hawgoo'],['call'],22.0385,-159.7803,Himantopus mexicanus,Black-necked Stilt,Ross Gallardy,Creative Commons Attribution-NonCommercial-ShareAlike 4.0,3.5,15:30,https://www.xeno-canto.org/210362,bknsti/XC210362.ogg
bknsti,['hawgoo'],['call'],22.0385,-159.7803,Himantopus mexicanus,Black-necked Stilt,Ross Gallardy,Creative Commons Attribution-NonCommercial-ShareAlike 4.0,4.5,15:30,https://www.xeno-canto.org/210363,bknsti/XC210363.ogg
bknsti,[],"['call', 'flight call']",15.4174,-87.8159,Himantopus mexicanus,Black-necked Stilt,Francisco Dubon,Creative Commons Attribution-NonCommercial-ShareAlike 4.0,5.0,10:30,https://www.xeno-canto.org/211355,bknsti/XC211355.ogg
bknsti,[],['call'],-2.247,-80.941,Himantopus mexicanus,Black-necked Stilt,Jerome Fischer,Creative Commons Attribution-NonCommercial-ShareAlike 4.0,4.0,09:30,https://www.xeno-canto.org/211813,bknsti/XC211813.ogg
bknsti,[],"['alarm call', 'call', 'flight call']",-2.247,-80.941,Himantopus mexicanus,Black-necked Stilt,Jerome Fischer,Creative Commons Attribution-NonCommercial-ShareAlike 4.0,5.0,10:00,https://www.xeno-canto.org/211814,bknsti/XC211814.ogg
bknsti,[],"['alarm call', 'call', 'flight call']",-2.247,-80.941,Himantopus mexicanus,Black-necked Stilt,Jerome Fischer,Creative Commons Attribution-NonCommercial-ShareAlike 4.0,5.0,10:00,https://www.xeno-canto.org/211815,bknsti/XC211815.ogg
bknsti,[],['call'],28.2267,-80.7645,Himantopus mexicanus,Black-necked Stilt,Paul Marvin,Creative Commons Attribution-NonCommercial-ShareAlike 4.0,5.0,12:55,https://www.xeno-canto.org/217947,bknsti/XC217947.ogg
bknsti,[],"['call', 'interaction call']",28.2267,-80.7645,Himantopus mexicanus,Black-necked Stilt,Paul Marvin,Creative Commons Attribution-NonCommercial-ShareAlike 4.0,3.5,11:24,https://www.xeno-canto.org/217959,bknsti/XC217959.ogg
bknsti,['lesyel'],"['call', 'interaction call']",28.2267,-80.7645,Himantopus mexicanus,Black-necked Stilt,Paul Marvin,Creative Commons Attribution-NonCommercial-ShareAlike 4.0,3.5,11:24,https://www.xeno-canto.org/217961,bknsti/XC217961.ogg
bknsti,['lesyel'],['call'],28.2267,-80.7645,Himantopus mexicanus,Black-necked Stilt,Paul Marvin,Creative Commons Attribution-NonCommercial-ShareAlike 4.0,3.5,11:37,https://www.xeno-canto.org/217965,bknsti/XC217965.ogg
bknsti,"['lesyel', 'lobdow']",['call'],28.2267,-80.7645,Himantopus mexicanus,Black-necked Stilt,Paul Marvin,Creative Commons Attribution-NonCommercial-ShareAlike 4.0,3.5,11:53,https://www.xeno-canto.org/217967,bknsti/XC217967.ogg
bknsti,['lesyel'],"['call', 'interaction call']",28.2267,-80.7645,Himantopus mexicanus,Black-necked Stilt,Paul Marvin,Creative Commons Attribution-NonCommercial-ShareAlike 4.0,3.5,11:28,https://www.xeno-canto.org/217969,bknsti/XC217969.ogg
bknsti,[],"['call', 'flight call']",28.608,-80.7335,Himantopus mexicanus,Black-necked Stilt,Paul Marvin,Creative Commons Attribution-NonCommercial-ShareAlike 4.0,5.0,07:32,https://www.xeno-canto.org/217971,bknsti/XC217971.ogg
bknsti,[],['call'],24.696,-81.321,Himantopus mexicanus,Black-necked Stilt,Paul Marvin,Creative Commons Attribution-NonCommercial-ShareAlike 4.0,5.0,08:59,https://www.xeno-canto.org/217972,bknsti/XC217972.ogg
bknsti,[],['call'],24.696,-81.321,Himantopus mexicanus,Black-necked Stilt,Paul Marvin,Creative Commons Attribution-NonCommercial-ShareAlike 4.0,5.0,09:01,https://www.xeno-canto.org/217973,bknsti/XC217973.ogg
bknsti,"['leater1', 'lesyel']",['call'],28.2267,-80.7645,Himantopus mexicanus,Black-necked Stilt,Paul Marvin,Creative Commons Attribution-NonCommercial-ShareAlike 4.0,3.5,09:58,https://www.xeno-canto.org/217975,bknsti/XC217975.ogg
bknsti,[],['alarm call'],-3.431,-80.1,Himantopus mexicanus,Black-necked Stilt,Niels Krabbe,Creative Commons Attribution-NonCommercial-ShareAlike 3.0,4.5,7:35,https://www.xeno-canto.org/238377,bknsti/XC238377.ogg
bknsti,[],['alarm call'],13.4158,-87.3749,Himantopus mexicanus,Black-necked Stilt,Angel Fong,Creative Commons Attribution-NonCommercial-ShareAlike 4.0,4.0,08:30,https://www.xeno-canto.org/253555,bknsti/XC253555.ogg
bknsti,[],['calls'],-2.247,-80.941,Himantopus mexicanus,Black-necked Stilt,John V. Moore,Creative Commons Attribution-NonCommercial-ShareAlike 4.0,5.0,?,https://www.xeno-canto.org/257541,bknsti/XC257541.ogg
bknsti,[],['agitated calls'],-2.247,-80.941,Himantopus mexicanus,Black-necked Stilt,John V. Moore,Creative Commons Attribution-NonCommercial-ShareAlike 4.0,4.5,?,https://www.xeno-canto.org/257542,bknsti/XC257542.ogg
bknsti,[],['calls in flight'],0.083,-80.05,Himantopus mexicanus,Black-necked Stilt,John V. Moore,Creative Commons Attribution-NonCommercial-ShareAlike 4.0,5.0,?,https://www.xeno-canto.org/257543,bknsti/XC257543.ogg
bknsti,[],['calls'],0.083,-80.05,Himantopus mexicanus,Black-necked Stilt,John V. Moore,Creative Commons Attribution-NonCommercial-ShareAlike 4.0,5.0,?,https://www.xeno-canto.org/257544,bknsti/XC257544.ogg
bknsti,['laugul'],['flight calls'],0.083,-80.05,Himantopus mexicanus,Black-necked Stilt,John V. Moore,Creative Commons Attribution-NonCommercial-ShareAlike 4.0,4.5,?,https://www.xeno-canto.org/257545,bknsti/XC257545.ogg
bknsti,[],['2 call types'],-2.247,-80.941,Himantopus mexicanus,Black-necked Stilt,John V. Moore,Creative Commons Attribution-NonCommercial-ShareAlike 4.0,5.0,?,https://www.xeno-canto.org/257546,bknsti/XC257546.ogg
bknsti,[],"['alarm call', 'call']",33.0485,-117.0841,Himantopus mexicanus,Black-necked Stilt,Joshua Jaeger,Creative Commons Attribution-NonCommercial-ShareAlike 4.0,3.0,17:00,https://www.xeno-canto.org/261421,bknsti/XC261421.ogg
bknsti,['sposan'],['(?) alarm calls'],-2.509,-79.653,Himantopus mexicanus,Black-necked Stilt,Paul Coopmans,Creative Commons Attribution-NonCommercial-ShareAlike 4.0,4.5,?,https://www.xeno-canto.org/264404,bknsti/XC264404.ogg
bknsti,[],['alarm call'],12.5324,-87.2042,Himantopus mexicanus,Black-necked Stilt,Orlando Jarquín G.,Creative Commons Attribution-NonCommercial-ShareAlike 4.0,4.5,08:00,https://www.xeno-canto.org/268698,bknsti/XC268698.ogg
bknsti,[],['call'],41.4591,-112.3019,Himantopus mexicanus,Black-necked Stilt,Michael Lester,Creative Commons Attribution-NonCommercial-ShareAlike 4.0,2.5,12:55,https://www.xeno-canto.org/278957,bknsti/XC278957.ogg
bknsti,[],['alarm call'],32.2321,-109.8247,Himantopus mexicanus,Black-necked Stilt,Eric Hough,Creative Commons Attribution-NonCommercial-ShareAlike 4.0,1.5,15:00,https://www.xeno-canto.org/288171,bknsti/XC288171.ogg
bknsti,[],['call'],51.9273,-104.2387,Himantopus mexicanus,Black-necked Stilt,Patrick Turgeon,Creative Commons Attribution-NonCommercial-ShareAlike 4.0,2.0,14:22,https://www.xeno-canto.org/292679,bknsti/XC292679.ogg
bknsti,[],['alarm call'],18.0024,-94.5653,Himantopus mexicanus,Black-necked Stilt,Manuel Grosselet,Creative Commons Attribution-NonCommercial-ShareAlike 4.0,4.0,08:30,https://www.xeno-canto.org/292918,bknsti/XC292918.ogg
bknsti,[],['song'],13.0174,-87.1519,Himantopus mexicanus,Black-necked Stilt,Alfonso Auerbach,Creative Commons Attribution-NonCommercial-ShareAlike 4.0,3.5,14:00,https://www.xeno-canto.org/295821,bknsti/XC295821.ogg
bknsti,[],['call'],-27.6393,-48.497,Himantopus mexicanus,Black-necked Stilt,GABRIEL LEITE,Creative Commons Attribution-NonCommercial-ShareAlike 4.0,4.0,09:00,https://www.xeno-canto.org/298134,bknsti/XC298134.ogg
bknsti,[],['alarm call'],19.462,-98.9683,Himantopus mexicanus,Black-necked Stilt,Manuel Grosselet,Creative Commons Attribution-NonCommercial-ShareAlike 4.0,4.0,05:30,https://www.xeno-canto.org/304651,bknsti/XC304651.ogg
bknsti,[],"['alarm call', 'call']",28.2592,-105.4862,Himantopus mexicanus,Black-necked Stilt,fernando mondaca fernandez,Creative Commons Attribution-NonCommercial-ShareAlike 4.0,4.0,09:30,https://www.xeno-canto.org/312740,bknsti/XC312740.ogg
bknsti,[],"['alarm call', 'call', 'flight call']",33.1471,-90.5809,Himantopus mexicanus,Black-necked Stilt,Hal Mitchell,Creative Commons Attribution-NonCommercial-ShareAlike 4.0,5.0,13:00,https://www.xeno-canto.org/316121,bknsti/XC316121.ogg
bknsti,[],"['alarm call', 'call', 'flight call']",33.1471,-90.5809,Himantopus mexicanus,Black-necked Stilt,Hal Mitchell,Creative Commons Attribution-NonCommercial-ShareAlike 4.0,5.0,13:00,https://www.xeno-canto.org/316122,bknsti/XC316122.ogg
bknsti,['dunlin'],"['alarm call', 'call']",33.1066,-90.6365,Himantopus mexicanus,Black-necked Stilt,J.R. Rigby,Creative Commons Attribution-NonCommercial-ShareAlike 4.0,4.5,15:00,https://www.xeno-canto.org/316344,bknsti/XC316344.ogg
bknsti,[],['alarm call'],30.0954,-92.7752,Himantopus mexicanus,Black-necked Stilt,Jim Holmes,Creative Commons Attribution-NonCommercial-ShareAlike 4.0,5.0,17:00,https://www.xeno-canto.org/316538,bknsti/XC316538.ogg
bknsti,['pibgre'],['call'],37.274,-120.8467,Himantopus mexicanus,Black-necked Stilt,Thomas G. Graves,Creative Commons Attribution-NonCommercial-ShareAlike 4.0,4.5,9:12,https://www.xeno-canto.org/318015,bknsti/XC318015.ogg
bknsti,['lobdow'],['call'],37.274,-120.8467,Himantopus mexicanus,Black-necked Stilt,Thomas G. Graves,Creative Commons Attribution-NonCommercial-ShareAlike 4.0,4.5,9:15,https://www.xeno-canto.org/318016,bknsti/XC318016.ogg
bknsti,[],['call'],37.274,-120.8467,Himantopus mexicanus,Black-necked Stilt,Thomas G. Graves,Creative Commons Attribution-NonCommercial-ShareAlike 4.0,5.0,9:19,https://www.xeno-canto.org/318017,bknsti/XC318017.ogg
bknsti,[],['flight call'],-22.3001,-66.1001,Himantopus mexicanus,Black-necked Stilt,Niels Krabbe,Creative Commons Attribution-NonCommercial-ShareAlike 3.0,4.0,x,https://www.xeno-canto.org/32203,bknsti/XC32203.ogg
bknsti,[],['flight call'],-22.3001,-66.1001,Himantopus mexicanus,Black-necked Stilt,Niels Krabbe,Creative Commons Attribution-NonCommercial-ShareAlike 3.0,5.0,x,https://www.xeno-canto.org/32204,bknsti/XC32204.ogg
bknsti,[],['flight call'],-22.3501,-66.1334,Himantopus mexicanus,Black-necked Stilt,Niels Krabbe,Creative Commons Attribution-NonCommercial-ShareAlike 3.0,5.0,x,https://www.xeno-canto.org/32205,bknsti/XC32205.ogg
bknsti,['lesyel'],['flight call'],-22.6667,-65.7001,Himantopus mexicanus,Black-necked Stilt,Niels Krabbe,Creative Commons Attribution-NonCommercial-ShareAlike 3.0,4.5,12:00,https://www.xeno-canto.org/32206,bknsti/XC32206.ogg
bknsti,[],"['alarm call', 'call']",43.3694,-119.3139,Himantopus mexicanus,Black-necked Stilt,Bruce Lagerquist,Creative Commons Attribution-NonCommercial-ShareAlike 4.0,5.0,15:00,https://www.xeno-canto.org/322304,bknsti/XC322304.ogg
bknsti,[],"['alarm call', 'call']",43.3694,-119.3139,Himantopus mexicanus,Black-necked Stilt,Bruce Lagerquist,Creative Commons Attribution-NonCommercial-ShareAlike 4.0,4.5,15:00,https://www.xeno-canto.org/322306,bknsti/XC322306.ogg
bknsti,[],"['call', 'female', 'male']",41.7343,-88.4438,Himantopus mexicanus,Black-necked Stilt,Matt Wistrand,Creative Commons Attribution-NonCommercial-ShareAlike 4.0,5.0,06:00,https://www.xeno-canto.org/327932,bknsti/XC327932.ogg
bknsti,[],"['alarm call', 'call']",48.8278,-112.2238,Himantopus mexicanus,Black-necked Stilt,Thomas Magarian,Creative Commons Attribution-NonCommercial-ShareAlike 4.0,2.5,13:49,https://www.xeno-canto.org/337313,bknsti/XC337313.ogg
bknsti,[],['call'],20.7947,-156.4711,Himantopus mexicanus,Black-necked Stilt,Jim Holmes,Creative Commons Attribution-NonCommercial-ShareAlike 4.0,5.0,08:00,https://www.xeno-canto.org/342211,bknsti/XC342211.ogg
bknsti,[],['flight call'],-32.0501,-52.1001,Himantopus mexicanus,Black-necked Stilt,Jeremy Minns,Creative Commons Attribution-NonCommercial-ShareAlike 4.0,3.0,08:24,https://www.xeno-canto.org/344630,bknsti/XC344630.ogg
bknsti,[],['flight call'],10.5257,-75.469,Himantopus mexicanus,Black-necked Stilt,Nick Komar,Creative Commons Attribution-NonCommercial-ShareAlike 4.0,4.0,06:30,https://www.xeno-canto.org/346195,bknsti/XC346195.ogg
bknsti,[],['call'],37.1779,-120.6158,Himantopus mexicanus,Black-necked Stilt,Thomas G. Graves,Creative Commons Attribution-NonCommercial-ShareAlike 4.0,2.5,16:14,https://www.xeno-canto.org/357525,bknsti/XC357525.ogg
bknsti,[],['call'],37.1779,-120.6158,Himantopus mexicanus,Black-necked Stilt,Thomas G. Graves,Creative Commons Attribution-NonCommercial-ShareAlike 4.0,4.5,17:42,https://www.xeno-canto.org/357539,bknsti/XC357539.ogg
bknsti,[],"['alarm call', 'call', 'flight call']",33.1766,-115.6231,Himantopus mexicanus,Black-necked Stilt,Thomas G. Graves,Creative Commons Attribution-NonCommercial-ShareAlike 4.0,5.0,14:34,https://www.xeno-canto.org/357988,bknsti/XC357988.ogg
bknsti,[],['call'],28.5785,-80.9961,Himantopus mexicanus,Black-necked Stilt,Paul Marvin,Creative Commons Attribution-NonCommercial-ShareAlike 4.0,4.0,08:01,https://www.xeno-canto.org/363048,bknsti/XC363048.ogg
bknsti,[],"['call', 'flight call']",16.46,-85.8662,Himantopus mexicanus,Black-necked Stilt,Roland Rumm,Creative Commons Attribution-NonCommercial-ShareAlike 4.0,1.0,22:00,https://www.xeno-canto.org/363375,bknsti/XC363375.ogg
bknsti,[],['juvenile'],10.0421,-84.912,Himantopus mexicanus,Black-necked Stilt,Albert Lastukhin,Creative Commons Attribution-NonCommercial-ShareAlike 4.0,3.0,23:30,https://www.xeno-canto.org/372698,bknsti/XC372698.ogg
bknsti,[],['alarm call'],38.9612,-87.1689,Himantopus mexicanus,Black-necked Stilt,Don Gorney,Creative Commons Attribution-NonCommercial-ShareAlike 4.0,4.0,09:00,https://www.xeno-canto.org/373793,bknsti/XC373793.ogg
bknsti,[],['flight call'],10.144,-69.5539,Himantopus mexicanus,Black-necked Stilt,Miguel Angel Torres,Creative Commons Attribution-NonCommercial-ShareAlike 4.0,4.0,08:39,https://www.xeno-canto.org/374129,bknsti/XC374129.ogg
bknsti,[],['song'],-34.3338,-53.8347,Himantopus mexicanus,Black-necked Stilt,Pedro Rinaldi,Creative Commons Attribution-NonCommercial-ShareAlike 4.0,4.0,17:30,https://www.xeno-canto.org/375069,bknsti/XC375069.ogg
bknsti,[],['call'],10.0421,-84.912,Himantopus mexicanus,Black-necked Stilt,Albert Lastukhin,Creative Commons Attribution-NonCommercial-ShareAlike 4.0,5.0,06:00,https://www.xeno-canto.org/375669,bknsti/XC375669.ogg
bknsti,[],['call'],20.7946,-156.471,Himantopus mexicanus,Black-necked Stilt,Halina Pietrykowska,Creative Commons Attribution-NonCommercial-ShareAlike 4.0,3.0,09:00,https://www.xeno-canto.org/380496,bknsti/XC380496.ogg
bknsti,[],['call'],10.0421,-84.912,Himantopus mexicanus,Black-necked Stilt,Albert Lastukhin,Creative Commons Attribution-NonCommercial-ShareAlike 4.0,4.0,22:30,https://www.xeno-canto.org/383316,bknsti/XC383316.ogg
bknsti,[],['call'],10.0421,-84.912,Himantopus mexicanus,Black-necked Stilt,Albert Lastukhin,Creative Commons Attribution-NonCommercial-ShareAlike 4.0,4.0,22:30,https://www.xeno-canto.org/383317,bknsti/XC383317.ogg
bknsti,[],['alarm call'],28.2592,-105.4862,Himantopus mexicanus,Black-necked Stilt,fernando mondaca-fernandez,Creative Commons Attribution-NonCommercial-ShareAlike 4.0,4.5,09:00,https://www.xeno-canto.org/383809,bknsti/XC383809.ogg
bknsti,[],['alarm call'],28.2592,-105.4862,Himantopus mexicanus,Black-necked Stilt,fernando mondaca fernandez,Creative Commons Attribution-NonCommercial-ShareAlike 4.0,4.5,10:00,https://www.xeno-canto.org/384015,bknsti/XC384015.ogg
bknsti,[],['alarm call'],12.5324,-87.2042,Himantopus mexicanus,Black-necked Stilt,Orlando Jarquín G.,Creative Commons Attribution-NonCommercial-ShareAlike 4.0,5.0,09:30,https://www.xeno-canto.org/384212,bknsti/XC384212.ogg
bknsti,[],['alarm call'],9.9813,-69.5325,Himantopus mexicanus,Black-necked Stilt,Albert Lastukhin,Creative Commons Attribution-NonCommercial-ShareAlike 4.0,3.5,07:30,https://www.xeno-canto.org/385291,bknsti/XC385291.ogg
bknsti,[],['alarm call'],9.9813,-69.5325,Himantopus mexicanus,Black-necked Stilt,Albert Lastukhin,Creative Commons Attribution-NonCommercial-ShareAlike 4.0,3.0,07:30,https://www.xeno-canto.org/385342,bknsti/XC385342.ogg
bknsti,[],['song'],-27.3948,-55.955,Himantopus mexicanus,Black-necked Stilt,Aves del NEA,Creative Commons Attribution-NonCommercial-ShareAlike 4.0,0.0,10:00,https://www.xeno-canto.org/386084,bknsti/XC386084.ogg
bknsti,[],['call'],-22.9434,-43.0763,Himantopus mexicanus,Black-necked Stilt,Ricardo José Mitidieri,Creative Commons Attribution-NonCommercial-ShareAlike 4.0,5.0,09:15,https://www.xeno-canto.org/395772,bknsti/XC395772.ogg
bknsti,[],['call'],-42.4751,-63.9185,Himantopus mexicanus,Black-necked Stilt,Étienne Leroy,Creative Commons Attribution-NonCommercial-ShareAlike 4.0,5.0,10:00,https://www.xeno-canto.org/396790,bknsti/XC396790.ogg
bknsti,[],['flight call'],-38.8237,-59.9492,Himantopus mexicanus,Black-necked Stilt,Pablo Alejandro Pla,Creative Commons Attribution-NonCommercial-ShareAlike 4.0,0.0,08:00,https://www.xeno-canto.org/400731,bknsti/XC400731.ogg
bknsti,[],['call'],-19.8518,-43.9933,Himantopus mexicanus,Black-necked Stilt,Marcelo Müller,Creative Commons Attribution-NonCommercial-ShareAlike 4.0,4.0,16:30,https://www.xeno-canto.org/407350,bknsti/XC407350.ogg
bknsti,[],['call'],-24.2566,-65.3492,Himantopus mexicanus,Black-necked Stilt,Luis Fernandez Campos,Creative Commons Attribution-NonCommercial-ShareAlike 4.0,4.0,15:30,https://www.xeno-canto.org/410422,bknsti/XC410422.ogg
bknsti,['comgal1'],['call'],29.6073,-94.5546,Himantopus mexicanus,Black-necked Stilt,David Sarkozi,Creative Commons Attribution-NonCommercial-ShareAlike 4.0,3.5,09:29,https://www.xeno-canto.org/416421,bknsti/XC416421.ogg
bknsti,[],"['female', 'flight call', 'male', 'song']",-16.5728,-49.3122,Himantopus mexicanus,Black-necked Stilt,JAYRSON ARAUJO DE OLIVEIRA,Creative Commons Attribution-NonCommercial-ShareAlike 4.0,5.0,08:24,https://www.xeno-canto.org/418517,bknsti/XC418517.ogg
bknsti,[],['alarm call'],19.462,-98.9683,Himantopus mexicanus,Black-necked Stilt,Manuel Grosselet,Creative Commons Attribution-NonCommercial-ShareAlike 4.0,3.5,07:00,https://www.xeno-canto.org/421941,bknsti/XC421941.ogg
bknsti,[],['alarm call'],27.5691,-81.086,Himantopus mexicanus,Black-necked Stilt,Bruce Lagerquist,Creative Commons Attribution-NonCommercial-ShareAlike 4.0,3.5,11:30,https://www.xeno-canto.org/426245,bknsti/XC426245.ogg
bknsti,[],['alarm call'],-22.6997,-47.6297,Himantopus mexicanus,Black-necked Stilt,Fernando Igor de Godoy,Creative Commons Attribution-NonCommercial-ShareAlike 4.0,0.0,09:00,https://www.xeno-canto.org/435994,bknsti/XC435994.ogg
bknsti,[],['flight call'],-16.4353,-49.3948,Himantopus mexicanus,Black-necked Stilt,JAYRSON ARAUJO DE OLIVEIRA,Creative Commons Attribution-NonCommercial-ShareAlike 4.0,5.0,17:36,https://www.xeno-canto.org/440987,bknsti/XC440987.ogg
bknsti,[],"['alarm call', 'song']",-16.5728,-49.3122,Himantopus mexicanus,Black-necked Stilt,JAYRSON ARAUJO DE OLIVEIRA,Creative Commons Attribution-NonCommercial-ShareAlike 4.0,4.5,8:35,https://www.xeno-canto.org/441313,bknsti/XC441313.ogg
bknsti,[],['alarm call'],38.1578,-121.4426,Himantopus mexicanus,Black-necked Stilt,Ed Pandolfino,Creative Commons Attribution-NonCommercial-ShareAlike 4.0,4.5,06:40,https://www.xeno-canto.org/444205,bknsti/XC444205.ogg
bknsti,[],"['call', 'flight call']",28.229,-80.813,Himantopus mexicanus,Black-necked Stilt,Paul Marvin,Creative Commons Attribution-NonCommercial-ShareAlike 4.0,3.5,09:23,https://www.xeno-canto.org/451814,bknsti/XC451814.ogg
bknsti,[],['song'],-7.0849,-40.0832,Himantopus mexicanus,Black-necked Stilt,JAYRSON ARAUJO DE OLIVEIRA,Creative Commons Attribution-NonCommercial-ShareAlike 4.0,3.5,14:31,https://www.xeno-canto.org/451853,bknsti/XC451853.ogg
bknsti,[],['alarm call'],-21.9687,-40.9824,Himantopus mexicanus,Black-necked Stilt,Ricardo Gagliardi,Creative Commons Attribution-NonCommercial-ShareAlike 4.0,0.0,08:31,https://www.xeno-canto.org/471107,bknsti/XC471107.ogg
bknsti,[],['scold in flight'],-3.9001,-80.8501,Himantopus mexicanus,Black-necked Stilt,Niels Krabbe,Creative Commons Attribution-NonCommercial-ShareAlike 3.0,4.5,.,https://www.xeno-canto.org/47241,bknsti/XC47241.ogg
bknsti,[],"['alarm call', 'call']",-33.2051,-70.788,Himantopus mexicanus,Black-necked Stilt,Cristian Pinto,Creative Commons Attribution-NonCommercial-ShareAlike 4.0,5.0,12:00,https://www.xeno-canto.org/475623,bknsti/XC475623.ogg
bknsti,[],"['alarm call', 'call', 'flight call']",42.4433,-119.8267,Himantopus mexicanus,Black-necked Stilt,Bruce Lagerquist,Creative Commons Attribution-NonCommercial-ShareAlike 4.0,5.0,12:30,https://www.xeno-canto.org/481275,bknsti/XC481275.ogg
bknsti,[],['call'],33.2382,-111.7679,Himantopus mexicanus,Black-necked Stilt,Phoenix Birder,Creative Commons Attribution-NonCommercial-ShareAlike 4.0,5.0,17:30,https://www.xeno-canto.org/487937,bknsti/XC487937.ogg
bknsti,['lesyel'],['alarm call'],19.4525,-98.9896,Himantopus mexicanus,Black-necked Stilt,Manuel Grosselet,Creative Commons Attribution-NonCommercial-ShareAlike 4.0,4.5,10:30,https://www.xeno-canto.org/488339,bknsti/XC488339.ogg
bknsti,[],['alarm call'],19.2743,-99.0566,Himantopus mexicanus,Black-necked Stilt,Isain Contreras Rodríguez,Creative Commons Attribution-NonCommercial-ShareAlike 4.0,3.5,08:00,https://www.xeno-canto.org/490599,bknsti/XC490599.ogg
bknsti,[],['nocturnal flight call'],25.7324,-109.0271,Himantopus mexicanus,Black-necked Stilt,Manuel Grosselet,Creative Commons Attribution-NonCommercial-ShareAlike 4.0,4.0,21:00,https://www.xeno-canto.org/492064,bknsti/XC492064.ogg
bknsti,[],['nocturnal flight call'],25.7324,-109.0271,Himantopus mexicanus,Black-necked Stilt,Manuel Grosselet,Creative Commons Attribution-NonCommercial-ShareAlike 4.0,3.0,21:30,https://www.xeno-canto.org/492065,bknsti/XC492065.ogg
bknsti,[],['nocturnal flight call'],25.7324,-109.0271,Himantopus mexicanus,Black-necked Stilt,Manuel Grosselet,Creative Commons Attribution-NonCommercial-ShareAlike 4.0,4.0,06:30,https://www.xeno-canto.org/492142,bknsti/XC492142.ogg
bknsti,[],['nocturnal flight call'],25.7324,-109.0271,Himantopus mexicanus,Black-necked Stilt,Manuel Grosselet,Creative Commons Attribution-NonCommercial-ShareAlike 4.0,2.0,21:30,https://www.xeno-canto.org/492143,bknsti/XC492143.ogg
bknsti,[],"['alarm call', 'call']",25.7324,-109.0271,Himantopus mexicanus,Black-necked Stilt,Isain Contreras Rodríguez,Creative Commons Attribution-NonCommercial-ShareAlike 4.0,4.0,07:30,https://www.xeno-canto.org/492235,bknsti/XC492235.ogg
bknsti,[],['nocturnal flight call'],25.7324,-109.0271,Himantopus mexicanus,Black-necked Stilt,Manuel Grosselet,Creative Commons Attribution-NonCommercial-ShareAlike 4.0,2.0,00:00,https://www.xeno-canto.org/492411,bknsti/XC492411.ogg
bknsti,[],['flight call'],33.2016,-115.597,Himantopus mexicanus,Black-necked Stilt,Paul Marvin,Creative Commons Attribution-NonCommercial-ShareAlike 4.0,5.0,08:46,https://www.xeno-canto.org/493684,bknsti/XC493684.ogg
bknsti,[],"['alarm call', 'contacto y llamada alerta']",-32.6313,-71.4286,Himantopus mexicanus,Black-necked Stilt,Libertha,Creative Commons Attribution-NonCommercial-ShareAlike 4.0,5.0,13:29,https://www.xeno-canto.org/495165,bknsti/XC495165.ogg
bknsti,[],['call'],-22.8842,-48.4442,Himantopus mexicanus,Black-necked Stilt,Fernando Igor de Godoy,Creative Commons Attribution-NonCommercial-ShareAlike 4.0,0.0,06:00,https://www.xeno-canto.org/496116,bknsti/XC496116.ogg
bknsti,[],['song'],-23.0151,-48.0136,Himantopus mexicanus,Black-necked Stilt,Fernando Igor de Godoy,Creative Commons Attribution-NonCommercial-ShareAlike 4.0,0.0,06:00,https://www.xeno-canto.org/496117,bknsti/XC496117.ogg
bknsti,[],['song'],-23.0151,-48.0136,Himantopus mexicanus,Black-necked Stilt,Fernando Igor de Godoy,Creative Commons Attribution-NonCommercial-ShareAlike 4.0,0.0,06:00,https://www.xeno-canto.org/496118,bknsti/XC496118.ogg
bknsti,[],['flight call'],-22.9434,-43.0763,Himantopus mexicanus,Black-necked Stilt,Ricardo José Mitidieri,Creative Commons Attribution-NonCommercial-ShareAlike 4.0,0.0,07:30,https://www.xeno-canto.org/502776,bknsti/XC502776.ogg
bknsti,[],['call'],22.2029,-159.473,Himantopus mexicanus,Black-necked Stilt,Phoenix Birder,Creative Commons Attribution-NonCommercial-ShareAlike 4.0,5.0,13:17,https://www.xeno-canto.org/503289,bknsti/XC503289.ogg
bknsti,"['commyn', 'hawcoo']",['call'],22.2029,-159.473,Himantopus mexicanus,Black-necked Stilt,Phoenix Birder,Creative Commons Attribution-NonCommercial-ShareAlike 4.0,4.5,13:31,https://www.xeno-canto.org/503387,bknsti/XC503387.ogg
bknsti,[],['call'],10.0359,-84.9098,Himantopus mexicanus,Black-necked Stilt,Yoann Blanchon,Creative Commons Attribution-NonCommercial-ShareAlike 4.0,5.0,10:30,https://www.xeno-canto.org/511162,bknsti/XC511162.ogg
bknsti,[],"['adult', 'alarm call', 'sex uncertain']",33.5037,-115.9149,Himantopus mexicanus,Black-necked Stilt,Janine McCabe,Creative Commons Attribution-NonCommercial-ShareAlike 4.0,3.0,11:30,https://www.xeno-canto.org/516223,bknsti/XC516223.ogg
bknsti,[],"['adult', 'alarm call', 'flight call', 'sex uncertain']",25.6268,-109.0428,Himantopus mexicanus,Black-necked Stilt,Manuel Grosselet,Creative Commons Attribution-NonCommercial-ShareAlike 4.0,4.5,08:30,https://www.xeno-canto.org/531642,bknsti/XC531642.ogg
bknsti,[],"['adult', 'call', 'sex uncertain']",38.2014,-98.5192,Himantopus mexicanus,Black-necked Stilt,Sue Riffe,Creative Commons Attribution-NonCommercial-ShareAlike 4.0,4.0,11:14,https://www.xeno-canto.org/551474,bknsti/XC551474.ogg
bknsti,[],"['adult', 'alarm call', 'call', 'female', 'juvenile', 'male']",-5.2032,-36.7683,Himantopus mexicanus,Black-necked Stilt,Joserley Carlos,Creative Commons Attribution-NonCommercial-ShareAlike 4.0,2.5,07:47,https://www.xeno-canto.org/562188,bknsti/XC562188.ogg
bknsti,[],"['call', 'sex uncertain']",-35.2501,-59.2167,Himantopus mexicanus,Black-necked Stilt,Rosendo Manuel Fraga,Creative Commons Attribution-NonCommercial-ShareAlike 4.0,0.0,10:00,https://www.xeno-canto.org/562295,bknsti/XC562295.ogg
bknsti,[],"['adult', 'call', 'sex uncertain']",36.7064,-89.4647,Himantopus mexicanus,Black-necked Stilt,Matt Longabaugh,Creative Commons Attribution-NonCommercial-ShareAlike 4.0,3.5,19:00,https://www.xeno-canto.org/564656,bknsti/XC564656.ogg
bknsti,[],"['adult', 'call']",25.6189,-109.0131,Himantopus mexicanus,Black-necked Stilt,Isain Contreras Rodríguez,Creative Commons Attribution-NonCommercial-ShareAlike 4.0,5.0,07:00,https://www.xeno-canto.org/565568,bknsti/XC565568.ogg
bknsti,[],"['adult', 'alarm call', 'bird in hand', 'hatchling or nestling', 'sex uncertain']",25.6783,-108.9659,Himantopus mexicanus,Black-necked Stilt,Isain Contreras Rodríguez,Creative Commons Attribution-NonCommercial-ShareAlike 4.0,5.0,07:00,https://www.xeno-canto.org/567141,bknsti/XC567141.ogg
bknsti,[],"['adult', 'call', 'flight call']",25.6783,-108.9659,Himantopus mexicanus,Black-necked Stilt,Isain Contreras Rodríguez,Creative Commons Attribution-NonCommercial-ShareAlike 4.0,5.0,09:00,https://www.xeno-canto.org/570045,bknsti/XC570045.ogg
bknsti,[],"['adult', 'call', 'flight call']",25.6783,-108.9659,Himantopus mexicanus,Black-necked Stilt,Isain Contreras Rodríguez,Creative Commons Attribution-NonCommercial-ShareAlike 4.0,5.0,09:00,https://www.xeno-canto.org/570047,bknsti/XC570047.ogg
bknsti,[],"['adult', 'alarm call', 'call']",25.6602,-109.0033,Himantopus mexicanus,Black-necked Stilt,Isain Contreras Rodríguez,Creative Commons Attribution-NonCommercial-ShareAlike 4.0,4.0,07:00,https://www.xeno-canto.org/574033,bknsti/XC574033.ogg
bknsti,['cangoo'],"['adult', 'call', 'sex uncertain']",41.4591,-112.3019,Himantopus mexicanus,Black-necked Stilt,Richard E. Webster,Creative Commons Attribution-NonCommercial-ShareAlike 4.0,3.5,06:12,https://www.xeno-canto.org/575068,bknsti/XC575068.ogg
bknsti,[],['alarm call'],38.6653,-121.7174,Himantopus mexicanus,Black-necked Stilt,Steve Hampton,Creative Commons Attribution-NonCommercial-ShareAlike 4.0,5.0,17:30,https://www.xeno-canto.org/582699,bknsti/XC582699.ogg
bknsti,[],"['adult', 'call', 'sex uncertain']",19.2743,-99.0566,Himantopus mexicanus,Black-necked Stilt,Isain Contreras Rodríguez,Creative Commons Attribution-NonCommercial-ShareAlike 4.0,4.0,07:30,https://www.xeno-canto.org/586463,bknsti/XC586463.ogg
bknsti,[],"['call', 'juvenile', 'sex uncertain']",19.2743,-99.0566,Himantopus mexicanus,Black-necked Stilt,Isain Contreras Rodríguez,Creative Commons Attribution-NonCommercial-ShareAlike 4.0,4.0,07:30,https://www.xeno-canto.org/586464,bknsti/XC586464.ogg
bknsti,[],"['adult', 'call', 'sex uncertain']",41.509,-112.1082,Himantopus mexicanus,Black-necked Stilt,Craig Robertson,Creative Commons Attribution-NonCommercial-ShareAlike 4.0,5.0,17:30,https://www.xeno-canto.org/587207,bknsti/XC587207.ogg
bknsti,[],"['adult', 'call', 'flight call', 'juvenile', 'sex uncertain']",30.2218,-97.6475,Himantopus mexicanus,Black-necked Stilt,Caleb Helsel,Creative Commons Attribution-NonCommercial-ShareAlike 4.0,1.0,06:53,https://www.xeno-canto.org/591674,bknsti/XC591674.ogg
bknsti,[],"['adult', 'alarm call', 'sex uncertain']",8.2029,-80.5021,Himantopus mexicanus,Black-necked Stilt,Pedro Luis Castillo,Creative Commons Attribution-NonCommercial-ShareAlike 4.0,3.0,12:00,https://www.xeno-canto.org/598634,bknsti/XC598634.ogg
bknsti,[],"['adult', 'call']",19.2743,-99.0566,Himantopus mexicanus,Black-necked Stilt,Isain Contreras Rodríguez,Creative Commons Attribution-NonCommercial-ShareAlike 4.0,4.0,07:30,https://www.xeno-canto.org/607836,bknsti/XC607836.ogg
bknsti,[],"['adult', 'call']",19.2743,-99.0566,Himantopus mexicanus,Black-necked Stilt,Isain Contreras Rodríguez,Creative Commons Attribution-NonCommercial-ShareAlike 4.0,4.0,07:30,https://www.xeno-canto.org/607837,bknsti/XC607837.ogg
bknsti,[],['call'],19.2743,-99.0566,Himantopus mexicanus,Black-necked Stilt,Isain Contreras Rodríguez,Creative Commons Attribution-NonCommercial-ShareAlike 4.0,4.0,07:30,https://www.xeno-canto.org/607844,bknsti/XC607844.ogg
bknsti,[],"['adult', 'alarm call']",40.3396,-90.0943,Himantopus mexicanus,Black-necked Stilt,Adam Sell,Creative Commons Attribution-NonCommercial-ShareAlike 4.0,4.0,11:00,https://www.xeno-canto.org/651769,bknsti/XC651769.ogg
bknsti,[],"['adult', 'call', 'sex uncertain']",32.2003,-115.1111,Himantopus mexicanus,Black-necked Stilt,Richard E. Webster,Creative Commons Attribution-NonCommercial-ShareAlike 4.0,4.5,15:38,https://www.xeno-canto.org/662331,bknsti/XC662331.ogg
bknsti,[],['uncertain'],11.5394,-69.6941,Himantopus mexicanus,Black-necked Stilt,Francisco contreras,Creative Commons Attribution-NonCommercial-ShareAlike 4.0,4.0,09:00,https://www.xeno-canto.org/664283,bknsti/XC664283.ogg
bknsti,[],['alarm call'],37.46,-122.105,Himantopus mexicanus,Black-necked Stilt,Jonathon Jongsma,Creative Commons Attribution-ShareAlike 3.0,4.5,07:38,https://www.xeno-canto.org/99570,bknsti/XC99570.ogg
bkwpet,[],['call'],-44.2769,-176.3046,Pterodroma nigripennis,Black-winged Petrel,David Boyle,Creative Commons Attribution-NonCommercial-ShareAlike 4.0,3.5,03:30,https://www.xeno-canto.org/466074,bkwpet/XC466074.ogg
bkwpet,['sooshe'],"['adult', 'flight call', 'sex uncertain']",-44.3467,-176.1775,Pterodroma nigripennis,Black-winged Petrel,David Boyle,Creative Commons Attribution-NonCommercial-ShareAlike 4.0,4.5,21:45,https://www.xeno-canto.org/631559,bkwpet/XC631559.ogg
bkwpet,['sooshe'],"['adult', 'call', 'sex uncertain']",-44.3467,-176.1775,Pterodroma nigripennis,Black-winged Petrel,David Boyle,Creative Commons Attribution-NonCommercial-ShareAlike 4.0,4.5,22:30,https://www.xeno-canto.org/631561,bkwpet/XC631561.ogg
blkfra,[],"['call', 'male']",31.52,77.8,Francolinus francolinus,Black Francolin,Lakshminarasimha R,Creative Commons Attribution-NonCommercial-ShareAlike 3.0,4.0,15:00,https://www.xeno-canto.org/114320,blkfra/XC114320.ogg
blkfra,[],['song'],36.9764,36.0478,Francolinus francolinus,Black Francolin,Cedric MROCZKO,Creative Commons Attribution-NonCommercial-ShareAlike 3.0,4.5,12:00,https://www.xeno-canto.org/123022,blkfra/XC123022.ogg
blkfra,[],"['call', 'male']",39.8569,49.4331,Francolinus francolinus,Black Francolin,Tomas Belka,Creative Commons Attribution-NonCommercial-ShareAlike 3.0,5.0,10:00,https://www.xeno-canto.org/136060,blkfra/XC136060.ogg
blkfra,[],"['male', 'song']",34.6325,32.9302,Francolinus francolinus,Black Francolin,Johannes Honold,Creative Commons Attribution-NonCommercial-ShareAlike 3.0,4.5,07:06,https://www.xeno-canto.org/161001,blkfra/XC161001.ogg
blkfra,[],['song'],36.2944,33.9409,Francolinus francolinus,Black Francolin,Tero Linjama,Creative Commons Attribution-NonCommercial-ShareAlike 3.0,4.0,05:30,https://www.xeno-canto.org/163293,blkfra/XC163293.ogg
blkfra,[],['song'],33.1218,35.6272,Francolinus francolinus,Black Francolin,Yoav Perlman,Creative Commons Attribution-NonCommercial-ShareAlike 3.0,3.5,08:00,https://www.xeno-canto.org/168154,blkfra/XC168154.ogg
blkfra,[],"['call', 'male']",34.7862,32.4071,Francolinus francolinus,Black Francolin,John Anderson,Creative Commons Attribution-NonCommercial-ShareAlike 4.0,4.0,07:00,https://www.xeno-canto.org/174893,blkfra/XC174893.ogg
blkfra,"['norcar', 'saffin', 'warwhe1']",['song'],19.8208,-155.8373,Francolinus francolinus,Black Francolin,Dan Lane,Creative Commons Attribution-NonCommercial-ShareAlike 4.0,2.5,09:30,https://www.xeno-canto.org/175524,blkfra/XC175524.ogg
blkfra,[],['call'],37.0475,37.9897,Francolinus francolinus,Black Francolin,Jacek Betleja,Creative Commons Attribution-NonCommercial-ShareAlike 4.0,5.0,09:00,https://www.xeno-canto.org/179934,blkfra/XC179934.ogg
blkfra,[],"['call', 'male']",36.2944,33.9409,Francolinus francolinus,Black Francolin,a kezer,Creative Commons Attribution-NonCommercial-ShareAlike 4.0,3.0,08:00,https://www.xeno-canto.org/246438,blkfra/XC246438.ogg
blkfra,[],['song'],34.5945,32.9868,Francolinus francolinus,Black Francolin,Jerome Fischer,Creative Commons Attribution-NonCommercial-ShareAlike 4.0,5.0,13:00,https://www.xeno-canto.org/310876,blkfra/XC310876.ogg
blkfra,[],['call'],27.6203,84.4444,Francolinus francolinus,Black Francolin,Mike Dooher,Creative Commons Attribution-NonCommercial-ShareAlike 4.0,4.0,09:30,https://www.xeno-canto.org/336223,blkfra/XC336223.ogg
blkfra,[],['call'],27.6203,84.4444,Francolinus francolinus,Black Francolin,Mike Dooher,Creative Commons Attribution-NonCommercial-ShareAlike 4.0,4.0,09:30,https://www.xeno-canto.org/336224,blkfra/XC336224.ogg
blkfra,[],['call'],27.6203,84.4444,Francolinus francolinus,Black Francolin,Mike Dooher,Creative Commons Attribution-NonCommercial-ShareAlike 4.0,4.0,09:30,https://www.xeno-canto.org/336225,blkfra/XC336225.ogg
blkfra,[],['call'],27.6203,84.4444,Francolinus francolinus,Black Francolin,Mike Dooher,Creative Commons Attribution-NonCommercial-ShareAlike 4.0,4.0,09:30,https://www.xeno-canto.org/336226,blkfra/XC336226.ogg
blkfra,[],['song'],39.7508,49.1468,Francolinus francolinus,Black Francolin,Ukolov Ilya,Creative Commons Attribution-NonCommercial-ShareAlike 4.0,5.0,11:00,https://www.xeno-canto.org/359506,blkfra/XC359506.ogg
blkfra,[],['song'],26.7047,91.0373,Francolinus francolinus,Black Francolin,Paul J Willoughby,Creative Commons Attribution-NonCommercial-ShareAlike 4.0,4.0,08:03,https://www.xeno-canto.org/362923,blkfra/XC362923.ogg
blkfra,[],['song'],26.7047,91.0373,Francolinus francolinus,Black Francolin,Paul J Willoughby,Creative Commons Attribution-NonCommercial-ShareAlike 4.0,5.0,08:05,https://www.xeno-canto.org/362925,blkfra/XC362925.ogg
blkfra,[],['call'],35.2884,45.9159,Francolinus francolinus,Black Francolin,Heidi Guttschuss,Creative Commons Attribution-NonCommercial-ShareAlike 4.0,5.0,06:30,https://www.xeno-canto.org/364603,blkfra/XC364603.ogg
blkfra,[],['song'],33.745325,73.034363,Francolinus francolinus,Black Francolin,David Farrow,Creative Commons Attribution-NonCommercial-ShareAlike 3.0,5.0,?:?,https://www.xeno-canto.org/37412,blkfra/XC37412.ogg
blkfra,[],"['call', 'male']",39.6709,49.1822,Francolinus francolinus,Black Francolin,machyjakub,Creative Commons Attribution-NonCommercial-ShareAlike 4.0,3.5,05:30,https://www.xeno-canto.org/387647,blkfra/XC387647.ogg
blkfra,[],"['call', 'male']",34.8601,33.628,Francolinus francolinus,Black Francolin,Aidan Place,Creative Commons Attribution-NonCommercial-ShareAlike 4.0,3.5,07:30,https://www.xeno-canto.org/404959,blkfra/XC404959.ogg
blkfra,['houspa'],['song'],31.9232,48.5667,Francolinus francolinus,Black Francolin,Patrik Åberg,Creative Commons Attribution-NonCommercial-ShareAlike 4.0,3.5,18:43,https://www.xeno-canto.org/405307,blkfra/XC405307.ogg
blkfra,[],['song'],27.1372,57.0675,Francolinus francolinus,Black Francolin,Patrik Åberg,Creative Commons Attribution-NonCommercial-ShareAlike 4.0,4.0,17:03,https://www.xeno-canto.org/405332,blkfra/XC405332.ogg
blkfra,[],['song'],27.1372,57.0675,Francolinus francolinus,Black Francolin,Patrik Åberg,Creative Commons Attribution-NonCommercial-ShareAlike 4.0,5.0,17:29,https://www.xeno-canto.org/405333,blkfra/XC405333.ogg
blkfra,[],['song'],32.4131,48.4046,Francolinus francolinus,Black Francolin,Patrik Åberg,Creative Commons Attribution-NonCommercial-ShareAlike 4.0,5.0,08:58,https://www.xeno-canto.org/405351,blkfra/XC405351.ogg
blkfra,['houspa'],['song'],35.0378,32.4105,Francolinus francolinus,Black Francolin,Jonathan Farooqi,Creative Commons Attribution-NonCommercial-ShareAlike 4.0,4.5,18:00,https://www.xeno-canto.org/410266,blkfra/XC410266.ogg
blkfra,[],['song'],34.6755,32.9312,Francolinus francolinus,Black Francolin,Julia Wittmann,Creative Commons Attribution-NonCommercial-ShareAlike 4.0,4.0,05:30,https://www.xeno-canto.org/421125,blkfra/XC421125.ogg
blkfra,[],['song'],34.6334,32.9204,Francolinus francolinus,Black Francolin,Julia Wittmann,Creative Commons Attribution-NonCommercial-ShareAlike 4.0,4.0,06:00,https://www.xeno-canto.org/421126,blkfra/XC421126.ogg
blkfra,['blkfra'],"['Song', 'and call', 'call', 'male', 'song']",34.8892,33.6046,Francolinus francolinus,Black Francolin,ABDULAZIZ ALYOUSEF,Creative Commons Attribution-NonCommercial-ShareAlike 4.0,4.5,08:00,https://www.xeno-canto.org/422171,blkfra/XC422171.ogg
blkfra,[],"['call', 'male']",30.6694,78.3753,Francolinus francolinus,Black Francolin,chiefredearth,Creative Commons Attribution-NonCommercial-ShareAlike 4.0,0.0,17:30,https://www.xeno-canto.org/443774,blkfra/XC443774.ogg
blkfra,[],['call'],26.4906,88.3396,Francolinus francolinus,Black Francolin,Sayam U. Chowdhury ,Creative Commons Attribution-NonCommercial-ShareAlike 4.0,5.0,09:30,https://www.xeno-canto.org/447848,blkfra/XC447848.ogg
blkfra,[],['call'],38.7856,48.418,Francolinus francolinus,Black Francolin,Albert Lastukhin,Creative Commons Attribution-NonCommercial-ShareAlike 4.0,3.0,05:00,https://www.xeno-canto.org/480193,blkfra/XC480193.ogg
blkfra,[],['song'],34.7062,32.5282,Francolinus francolinus,Black Francolin,David Pennington,Creative Commons Attribution-NonCommercial-ShareAlike 4.0,5.0,09:00,https://www.xeno-canto.org/505695,blkfra/XC505695.ogg
blkfra,[],['call'],29.5334,78.9334,Francolinus francolinus,Black Francolin,Jean Roché,Creative Commons Attribution-NonCommercial-ShareAlike 4.0,4.0,?,https://www.xeno-canto.org/507748,blkfra/XC507748.ogg
blkfra,[],['call'],29.5334,78.9334,Francolinus francolinus,Black Francolin,Jean Roché,Creative Commons Attribution-NonCommercial-ShareAlike 4.0,4.0,?,https://www.xeno-canto.org/508290,blkfra/XC508290.ogg
blkfra,[],"['adult', 'call', 'male']",29.5442,78.8791,Francolinus francolinus,Black Francolin,Daniel Danckwerts,Creative Commons Attribution-NonCommercial-ShareAlike 4.0,0.0,08:00,https://www.xeno-canto.org/543388,blkfra/XC543388.ogg
blkfra,[],['song'],23.5435,68.6973,Francolinus francolinus,Black Francolin,Jelle Scharringa,Creative Commons Attribution-NonCommercial-ShareAlike 4.0,5.0,08:10,https://www.xeno-canto.org/569064,blkfra/XC569064.ogg
blkfra,[],['call'],34.7143,32.5135,Francolinus francolinus,Black Francolin,Aladdin,Creative Commons Attribution-NonCommercial-ShareAlike 4.0,1.0,10:30,https://www.xeno-canto.org/627501,blkfra/XC627501.ogg
blkfra,[],"['aberrant', 'adult', 'call', 'male', 'song']",32.591,35.5695,Francolinus francolinus,Black Francolin,Guy Avraham ,Creative Commons Attribution-NonCommercial-ShareAlike 4.0,5.0,08:30,https://www.xeno-canto.org/649198,blkfra/XC649198.ogg
blkfra,[],"['adult', 'male', 'song']",37.0475,37.9658,Francolinus francolinus,Black Francolin,Lider Sinav,Creative Commons Attribution-NonCommercial-ShareAlike 4.0,3.5,09:30,https://www.xeno-canto.org/654580,blkfra/XC654580.ogg
blknod,[],"['call', 'female', 'juvenile', 'male', 'song']",-3.85,-32.4167,Anous minutus,Black Noddy,GABRIEL LEITE,Creative Commons Attribution-NonCommercial-ShareAlike 3.0,4.0,09:00,https://www.xeno-canto.org/141446,blknod/XC141446.ogg
blknod,[],['call'],17.311,145.844,Anous minutus,Black Noddy,James Bradley,Creative Commons Attribution-NonCommercial-ShareAlike 4.0,5.0,13:30,https://www.xeno-canto.org/295393,blknod/XC295393.ogg
blknod,[],['call'],19.2941,-155.0993,Anous minutus,Black Noddy,Dan Lane,Creative Commons Attribution-NonCommercial-ShareAlike 4.0,3.0,11:00,https://www.xeno-canto.org/317144,blknod/XC317144.ogg
blknod,['refboo'],['call'],-3.85,-32.45,Anous minutus,Black Noddy,Jeremy Minns,Creative Commons Attribution-NonCommercial-ShareAlike 4.0,2.5,06:44,https://www.xeno-canto.org/338671,blknod/XC338671.ogg
blknod,['refboo'],['call'],-3.85,-32.45,Anous minutus,Black Noddy,Jeremy Minns,Creative Commons Attribution-NonCommercial-ShareAlike 4.0,1.5,06:52,https://www.xeno-canto.org/338672,blknod/XC338672.ogg
blknod,[],['flight call'],-0.5431,166.9498,Anous minutus,Black Noddy,Todd Mark,Creative Commons Attribution-NonCommercial-ShareAlike 4.0,4.0,08:30,https://www.xeno-canto.org/358636,blknod/XC358636.ogg
blknod,[],"['female', 'juvenile', 'male', 'song']",-3.85,-32.4167,Anous minutus,Black Noddy,JAYRSON ARAUJO DE OLIVEIRA,Creative Commons Attribution-NonCommercial-ShareAlike 4.0,5.0,8:40,https://www.xeno-canto.org/431359,blknod/XC431359.ogg
blknod,[],"['female', 'juvenile', 'male', 'song']",-3.85,-32.4167,Anous minutus,Black Noddy,JAYRSON ARAUJO DE OLIVEIRA,Creative Commons Attribution-NonCommercial-ShareAlike 4.0,5.0,8:40,https://www.xeno-canto.org/431360,blknod/XC431360.ogg
blknod,[],"['female', 'juvenile', 'male', 'song']",-3.85,-32.4167,Anous minutus,Black Noddy,JAYRSON ARAUJO DE OLIVEIRA,Creative Commons Attribution-NonCommercial-ShareAlike 4.0,5.0,8:41,https://www.xeno-canto.org/431361,blknod/XC431361.ogg
blknod,[],"['female', 'juvenile', 'male', 'song']",-3.85,-32.4167,Anous minutus,Black Noddy,JAYRSON ARAUJO DE OLIVEIRA,Creative Commons Attribution-NonCommercial-ShareAlike 4.0,5.0,8:39,https://www.xeno-canto.org/431362,blknod/XC431362.ogg
blknod,[],"['adult', 'alarm call', 'call']",-24.1135,152.7144,Anous minutus,Black Noddy,AUDEVARD Aurélien,Creative Commons Attribution-NonCommercial-ShareAlike 4.0,5.0,10:55,https://www.xeno-canto.org/539064,blknod/XC539064.ogg
blknod,[],"['adult', 'alarm call', 'call']",-24.1135,152.7144,Anous minutus,Black Noddy,AUDEVARD Aurélien,Creative Commons Attribution-NonCommercial-ShareAlike 4.0,5.0,10:56,https://www.xeno-canto.org/539070,blknod/XC539070.ogg
blknod,[],"['adult', 'call']",-24.1135,152.7144,Anous minutus,Black Noddy,AUDEVARD Aurélien,Creative Commons Attribution-NonCommercial-ShareAlike 4.0,5.0,11:45,https://www.xeno-canto.org/539114,blknod/XC539114.ogg
blknod,[],"['adult', 'call']",-24.1135,152.7144,Anous minutus,Black Noddy,AUDEVARD Aurélien,Creative Commons Attribution-NonCommercial-ShareAlike 4.0,5.0,11:45,https://www.xeno-canto.org/539126,blknod/XC539126.ogg
bongul,[],"['call', 'female', 'male', 'song']",58.7444,-93.8784,Chroicocephalus philadelphia,Bonaparte's Gull,Doug Hynes,Creative Commons Attribution-NonCommercial-ShareAlike 3.0,5.0,15:36,https://www.xeno-canto.org/114930,bongul/XC114930.ogg
bongul,[],['call'],56.7264,-111.3803,Chroicocephalus philadelphia,Bonaparte's Gull,Dugan Maynard,Creative Commons Attribution-NonCommercial-ShareAlike 3.0,3.5,22:00,https://www.xeno-canto.org/152339,bongul/XC152339.ogg
bongul,[],['call'],48.3291,-123.6761,Chroicocephalus philadelphia,Bonaparte's Gull,Ian Cruickshank,Creative Commons Attribution-NonCommercial-ShareAlike 3.0,4.0,10:00,https://www.xeno-canto.org/158517,bongul/XC158517.ogg
bongul,[],['flight call'],33.1612,-115.6414,Chroicocephalus philadelphia,Bonaparte's Gull,Paul Marvin,Creative Commons Attribution-NonCommercial-ShareAlike 3.0,4.0,06:30,https://www.xeno-canto.org/163060,bongul/XC163060.ogg
bongul,[],['flight call'],33.1612,-115.6414,Chroicocephalus philadelphia,Bonaparte's Gull,Paul Marvin,Creative Commons Attribution-NonCommercial-ShareAlike 3.0,5.0,06:37,https://www.xeno-canto.org/163061,bongul/XC163061.ogg
bongul,[],['flight call'],33.1612,-115.6414,Chroicocephalus philadelphia,Bonaparte's Gull,Paul Marvin,Creative Commons Attribution-NonCommercial-ShareAlike 3.0,4.0,01:50,https://www.xeno-canto.org/163062,bongul/XC163062.ogg
bongul,[],['flight call'],43.3463,-70.519,Chroicocephalus philadelphia,Bonaparte's Gull,Paul Marvin,Creative Commons Attribution-NonCommercial-ShareAlike 3.0,5.0,15:29,https://www.xeno-canto.org/163063,bongul/XC163063.ogg
bongul,[],['flight call'],43.3463,-70.519,Chroicocephalus philadelphia,Bonaparte's Gull,Paul Marvin,Creative Commons Attribution-NonCommercial-ShareAlike 3.0,5.0,15:30,https://www.xeno-canto.org/163064,bongul/XC163064.ogg
bongul,[],['flight call'],43.3463,-70.519,Chroicocephalus philadelphia,Bonaparte's Gull,Paul Marvin,Creative Commons Attribution-NonCommercial-ShareAlike 3.0,5.0,15:48,https://www.xeno-canto.org/163065,bongul/XC163065.ogg
bongul,[],['flight call'],43.3463,-70.519,Chroicocephalus philadelphia,Bonaparte's Gull,Paul Marvin,Creative Commons Attribution-NonCommercial-ShareAlike 3.0,5.0,15:48,https://www.xeno-canto.org/163066,bongul/XC163066.ogg
bongul,[],['flight call'],43.3463,-70.519,Chroicocephalus philadelphia,Bonaparte's Gull,Paul Marvin,Creative Commons Attribution-NonCommercial-ShareAlike 3.0,4.5,15:48,https://www.xeno-canto.org/163067,bongul/XC163067.ogg
bongul,[],['flight call'],43.3463,-70.519,Chroicocephalus philadelphia,Bonaparte's Gull,Paul Marvin,Creative Commons Attribution-NonCommercial-ShareAlike 3.0,4.5,15:48,https://www.xeno-canto.org/163068,bongul/XC163068.ogg
bongul,[],['flight call'],28.2267,-80.7645,Chroicocephalus philadelphia,Bonaparte's Gull,Paul Marvin,Creative Commons Attribution-NonCommercial-ShareAlike 3.0,4.0,08:14,https://www.xeno-canto.org/166083,bongul/XC166083.ogg
bongul,[],['flight call'],28.2267,-80.7645,Chroicocephalus philadelphia,Bonaparte's Gull,Paul Marvin,Creative Commons Attribution-NonCommercial-ShareAlike 3.0,4.0,07:53,https://www.xeno-canto.org/166084,bongul/XC166084.ogg
bongul,[],['call'],51.9215,-104.2376,Chroicocephalus philadelphia,Bonaparte's Gull,Ian Cruickshank,Creative Commons Attribution-NonCommercial-ShareAlike 4.0,5.0,11:00,https://www.xeno-canto.org/180077,bongul/XC180077.ogg
bongul,[],['call'],64.9118,-147.9403,Chroicocephalus philadelphia,Bonaparte's Gull,Andrew Spencer,Creative Commons Attribution-NonCommercial-ShareAlike 4.0,4.5,09:30,https://www.xeno-canto.org/188788,bongul/XC188788.ogg
bongul,[],['call'],61.124,-151.1033,Chroicocephalus philadelphia,Bonaparte's Gull,Garrett MacDonald,Creative Commons Attribution-NonCommercial-ShareAlike 4.0,4.0,09:24,https://www.xeno-canto.org/193659,bongul/XC193659.ogg
bongul,[],['call'],61.124,-151.1033,Chroicocephalus philadelphia,Bonaparte's Gull,Garrett MacDonald,Creative Commons Attribution-NonCommercial-ShareAlike 4.0,4.5,12:15,https://www.xeno-canto.org/193660,bongul/XC193660.ogg
bongul,[],['call'],33.1722,-115.6342,Chroicocephalus philadelphia,Bonaparte's Gull,Andrew Spencer,Creative Commons Attribution-NonCommercial-ShareAlike 4.0,5.0,19:15,https://www.xeno-canto.org/203778,bongul/XC203778.ogg
bongul,['belkin1'],['call'],40.8702,-124.1157,Chroicocephalus philadelphia,Bonaparte's Gull,Elias Aristides Elias,Creative Commons Attribution-NonCommercial-ShareAlike 4.0,3.5,12:14,https://www.xeno-canto.org/206849,bongul/XC206849.ogg
bongul,[],['call'],39.2928,-76.4876,Chroicocephalus philadelphia,Bonaparte's Gull,Daniel Lane,Creative Commons Attribution-NonCommercial-ShareAlike 3.0,4.0,15:00,https://www.xeno-canto.org/27545,bongul/XC27545.ogg
bongul,[],['call'],61.2089,-151.0103,Chroicocephalus philadelphia,Bonaparte's Gull,Garrett MacDonald,Creative Commons Attribution-NonCommercial-ShareAlike 4.0,3.0,12:00,https://www.xeno-canto.org/283622,bongul/XC283622.ogg
bongul,[],['flight call'],48.2673,-69.4947,Chroicocephalus philadelphia,Bonaparte's Gull,Martin St-Michel,Creative Commons Attribution-NonCommercial-ShareAlike 4.0,2.5,10:23,https://www.xeno-canto.org/292859,bongul/XC292859.ogg
bongul,[],['flight call'],48.2673,-69.4947,Chroicocephalus philadelphia,Bonaparte's Gull,Martin St-Michel,Creative Commons Attribution-NonCommercial-ShareAlike 4.0,3.0,10:26,https://www.xeno-canto.org/292860,bongul/XC292860.ogg
bongul,"['buwtea', 'dunlin', 'ribgul']",['flight call'],28.6781,-80.7717,Chroicocephalus philadelphia,Bonaparte's Gull,Paul Marvin,Creative Commons Attribution-NonCommercial-ShareAlike 4.0,3.5,07:49,https://www.xeno-canto.org/299017,bongul/XC299017.ogg
bongul,[],"['call', 'flight call']",69.3814,20.2599,Chroicocephalus philadelphia,Bonaparte's Gull,Stein Ø. Nilsen,Creative Commons Attribution-NonCommercial-ShareAlike 4.0,4.5,07:00,https://www.xeno-canto.org/325321,bongul/XC325321.ogg
bongul,[],"['call', 'flight call']",69.3814,20.2599,Chroicocephalus philadelphia,Bonaparte's Gull,Stein Ø. Nilsen,Creative Commons Attribution-NonCommercial-ShareAlike 4.0,4.5,07:00,https://www.xeno-canto.org/325322,bongul/XC325322.ogg
bongul,[],['call'],43.7655,-87.6956,Chroicocephalus philadelphia,Bonaparte's Gull,Ross Gallardy,Creative Commons Attribution-NonCommercial-ShareAlike 4.0,5.0,13:00,https://www.xeno-canto.org/325510,bongul/XC325510.ogg
bongul,[],['call'],43.7655,-87.6956,Chroicocephalus philadelphia,Bonaparte's Gull,Ross Gallardy,Creative Commons Attribution-NonCommercial-ShareAlike 4.0,5.0,13:00,https://www.xeno-canto.org/325511,bongul/XC325511.ogg
bongul,[],"['call', 'song']",56.7264,-111.3803,Chroicocephalus philadelphia,Bonaparte's Gull,Luis A Villamil,Creative Commons Attribution-NonCommercial-ShareAlike 4.0,0.0,22:30,https://www.xeno-canto.org/345197,bongul/XC345197.ogg
bongul,[],"['begging call', 'call', 'juvenile']",40.8581,-124.0905,Chroicocephalus philadelphia,Bonaparte's Gull,Ken Burton,Creative Commons Attribution-NonCommercial-ShareAlike 4.0,0.0,13:55,https://www.xeno-canto.org/348507,bongul/XC348507.ogg
bongul,[],"['call', 'flight call']",69.3814,20.2599,Chroicocephalus philadelphia,Bonaparte's Gull,Stein Ø. Nilsen,Creative Commons Attribution-NonCommercial-ShareAlike 4.0,4.5,06:30,https://www.xeno-canto.org/367429,bongul/XC367429.ogg
bongul,['ribgul'],"['call', 'flight call']",40.4404,-105.0609,Chroicocephalus philadelphia,Bonaparte's Gull,Nick Komar,Creative Commons Attribution-NonCommercial-ShareAlike 4.0,3.5,15:30,https://www.xeno-canto.org/392814,bongul/XC392814.ogg
bongul,[],"['call', 'flight call']",47.909,-122.5279,Chroicocephalus philadelphia,Bonaparte's Gull,Rachel Hudson,Creative Commons Attribution-NonCommercial-ShareAlike 4.0,5.0,13:30,https://www.xeno-canto.org/441374,bongul/XC441374.ogg
bongul,[],['call'],51.5083,0.1448,Chroicocephalus philadelphia,Bonaparte's Gull,David Darrell-Lambert,Creative Commons Attribution-NonCommercial-ShareAlike 4.0,5.0,14:00,https://www.xeno-canto.org/447324,bongul/XC447324.ogg
bongul,[],['call'],51.4837,0.1788,Chroicocephalus philadelphia,Bonaparte's Gull,David Darrell-Lambert,Creative Commons Attribution-NonCommercial-ShareAlike 4.0,4.5,12:00,https://www.xeno-canto.org/452980,bongul/XC452980.ogg
bongul,[],['call'],62.4541,-114.3995,Chroicocephalus philadelphia,Bonaparte's Gull,Christopher Moser-Purdy,Creative Commons Attribution-NonCommercial-ShareAlike 4.0,2.0,08:17,https://www.xeno-canto.org/473710,bongul/XC473710.ogg
bongul,[],['call'],42.0365,-82.5088,Chroicocephalus philadelphia,Bonaparte's Gull,David Darrell-Lambert,Creative Commons Attribution-NonCommercial-ShareAlike 4.0,5.0,12:00,https://www.xeno-canto.org/476523,bongul/XC476523.ogg
bongul,[],['call'],43.3339,-70.5423,Chroicocephalus philadelphia,Bonaparte's Gull,Will Sweet,Creative Commons Attribution-NonCommercial-ShareAlike 4.0,4.0,08:00,https://www.xeno-canto.org/494405,bongul/XC494405.ogg
bongul,[],['flight call'],32.55,-117.0618,Chroicocephalus philadelphia,Bonaparte's Gull,Paul Marvin,Creative Commons Attribution-NonCommercial-ShareAlike 4.0,4.0,09:02,https://www.xeno-canto.org/511146,bongul/XC511146.ogg
bongul,[],"['adult', 'call', 'sex uncertain']",33.5037,-115.9149,Chroicocephalus philadelphia,Bonaparte's Gull,Janine McCabe,Creative Commons Attribution-NonCommercial-ShareAlike 4.0,3.0,11:30,https://www.xeno-canto.org/516224,bongul/XC516224.ogg
bongul,[],"['adult', 'call', 'sex uncertain']",33.5037,-115.9149,Chroicocephalus philadelphia,Bonaparte's Gull,Janine McCabe,Creative Commons Attribution-NonCommercial-ShareAlike 4.0,3.0,11:30,https://www.xeno-canto.org/516225,bongul/XC516225.ogg
bongul,[],"['adult', 'call', 'sex uncertain']",33.5037,-115.9149,Chroicocephalus philadelphia,Bonaparte's Gull,Janine McCabe,Creative Commons Attribution-NonCommercial-ShareAlike 4.0,3.0,11:30,https://www.xeno-canto.org/516226,bongul/XC516226.ogg
bongul,[],"['adult', 'call', 'sex uncertain']",33.5037,-115.9149,Chroicocephalus philadelphia,Bonaparte's Gull,Janine McCabe,Creative Commons Attribution-NonCommercial-ShareAlike 4.0,3.0,11:30,https://www.xeno-canto.org/516227,bongul/XC516227.ogg
bongul,[],"['adult', 'call', 'sex uncertain']",33.5037,-115.9149,Chroicocephalus philadelphia,Bonaparte's Gull,Janine McCabe,Creative Commons Attribution-NonCommercial-ShareAlike 4.0,3.0,11:30,https://www.xeno-canto.org/516228,bongul/XC516228.ogg
bongul,[],"['adult', 'call', 'sex uncertain']",33.5037,-115.9149,Chroicocephalus philadelphia,Bonaparte's Gull,Janine McCabe,Creative Commons Attribution-NonCommercial-ShareAlike 4.0,3.0,11:30,https://www.xeno-canto.org/516229,bongul/XC516229.ogg
bongul,[],"['adult', 'call', 'sex uncertain']",33.5037,-115.9149,Chroicocephalus philadelphia,Bonaparte's Gull,Janine McCabe,Creative Commons Attribution-NonCommercial-ShareAlike 4.0,3.0,11:30,https://www.xeno-canto.org/516230,bongul/XC516230.ogg
bongul,[],"['adult', 'call', 'sex uncertain']",33.5037,-115.9149,Chroicocephalus philadelphia,Bonaparte's Gull,Janine McCabe,Creative Commons Attribution-NonCommercial-ShareAlike 4.0,3.0,11:30,https://www.xeno-canto.org/516231,bongul/XC516231.ogg
bongul,['bknsti'],"['adult', 'call', 'sex uncertain']",33.5037,-115.9149,Chroicocephalus philadelphia,Bonaparte's Gull,Janine McCabe,Creative Commons Attribution-NonCommercial-ShareAlike 4.0,2.5,11:30,https://www.xeno-canto.org/516232,bongul/XC516232.ogg
bongul,[],"['adult', 'call', 'female', 'flight call', 'juvenile', 'male']",25.4386,-109.3732,Chroicocephalus philadelphia,Bonaparte's Gull,Manuel Grosselet,Creative Commons Attribution-NonCommercial-ShareAlike 4.0,3.5,13:00,https://www.xeno-canto.org/523643,bongul/XC523643.ogg
bongul,[],['flight call'],33.5021,-115.915,Chroicocephalus philadelphia,Bonaparte's Gull,Paul Marvin,Creative Commons Attribution-NonCommercial-ShareAlike 4.0,4.0,11:51,https://www.xeno-canto.org/525245,bongul/XC525245.ogg
bongul,[],['flight call'],33.5021,-115.915,Chroicocephalus philadelphia,Bonaparte's Gull,Paul Marvin,Creative Commons Attribution-NonCommercial-ShareAlike 4.0,4.0,11:48,https://www.xeno-canto.org/525246,bongul/XC525246.ogg
bongul,[],['flight call'],33.5021,-115.915,Chroicocephalus philadelphia,Bonaparte's Gull,Paul Marvin,Creative Commons Attribution-NonCommercial-ShareAlike 4.0,4.0,11:50,https://www.xeno-canto.org/525247,bongul/XC525247.ogg
bongul,[],['flight call'],33.5021,-115.915,Chroicocephalus philadelphia,Bonaparte's Gull,Paul Marvin,Creative Commons Attribution-NonCommercial-ShareAlike 4.0,4.0,11:53,https://www.xeno-canto.org/525248,bongul/XC525248.ogg
bongul,[],['flight call'],33.5021,-115.915,Chroicocephalus philadelphia,Bonaparte's Gull,Paul Marvin,Creative Commons Attribution-NonCommercial-ShareAlike 4.0,4.0,11:55,https://www.xeno-canto.org/525249,bongul/XC525249.ogg
bongul,[],['Call'],35.849,-84.151,Chroicocephalus philadelphia,Bonaparte's Gull,Mike Nelson,Creative Commons Attribution-NonCommercial-ShareAlike 3.0,3.0,9:30am,https://www.xeno-canto.org/56898,bongul/XC56898.ogg
brant,[],['call'],56.2237,16.4231,Branta bernicla,Brant,Patrik Åberg,Creative Commons Attribution-NonCommercial-ShareAlike 3.0,5.0,07:00,https://www.xeno-canto.org/112697,brant/XC112697.ogg
brant,[],['flight call'],54.5592,11.9695,Branta bernicla,Brant,Louis A. Hansen,Creative Commons Attribution-NonCommercial-ShareAlike 3.0,3.5,06:32,https://www.xeno-canto.org/127691,brant/XC127691.ogg
brant,[],['call'],47.284,-2.4263,Branta bernicla,Brant,julien Rochefort,Creative Commons Attribution-NonCommercial-ShareAlike 3.0,4.5,09:30,https://www.xeno-canto.org/143518,brant/XC143518.ogg
brant,[],"['call', 'flight call']",40.591,-73.891,Branta bernicla,Brant,Daniel Parker,Creative Commons Attribution-NonCommercial-ShareAlike 3.0,3.0,16:30,https://www.xeno-canto.org/149188,brant/XC149188.ogg
brant,['cangoo'],"['call', 'flight call']",40.6158,-73.83,Branta bernicla,Brant,Daniel Parker,Creative Commons Attribution-NonCommercial-ShareAlike 3.0,2.5,16:00,https://www.xeno-canto.org/149189,brant/XC149189.ogg
brant,[],['call'],71.251,-156.7719,Branta bernicla,Brant,Andrew Spencer,Creative Commons Attribution-NonCommercial-ShareAlike 3.0,5.0,23:00,https://www.xeno-canto.org/149310,brant/XC149310.ogg
brant,[],['call'],71.2435,-156.6335,Branta bernicla,Brant,Andrew Spencer,Creative Commons Attribution-NonCommercial-ShareAlike 3.0,5.0,23:50,https://www.xeno-canto.org/149312,brant/XC149312.ogg
brant,['eurwig'],['call'],55.2978,8.6162,Branta bernicla,Brant,Jens Kirkeby,Creative Commons Attribution-NonCommercial-ShareAlike 3.0,4.5,11:30,https://www.xeno-canto.org/149389,brant/XC149389.ogg
brant,[],['call'],40.591,-73.891,Branta bernicla,Brant,Daniel Parker,Creative Commons Attribution-NonCommercial-ShareAlike 3.0,4.0,15:20,https://www.xeno-canto.org/161414,brant/XC161414.ogg
brant,[],"['alarm call', 'call', 'flight call']",40.591,-73.891,Branta bernicla,Brant,Daniel Parker,Creative Commons Attribution-NonCommercial-ShareAlike 3.0,3.0,15:25,https://www.xeno-canto.org/161421,brant/XC161421.ogg
brant,[],['call'],32.7802,-117.2154,Branta bernicla,Brant,Paul Marvin,Creative Commons Attribution-NonCommercial-ShareAlike 3.0,5.0,07:15,https://www.xeno-canto.org/163335,brant/XC163335.ogg
brant,[],['call'],32.7802,-117.2154,Branta bernicla,Brant,Paul Marvin,Creative Commons Attribution-NonCommercial-ShareAlike 3.0,4.0,09:23,https://www.xeno-canto.org/163339,brant/XC163339.ogg
brant,[],['call'],32.7802,-117.2154,Branta bernicla,Brant,Paul Marvin,Creative Commons Attribution-NonCommercial-ShareAlike 3.0,4.0,07:10,https://www.xeno-canto.org/163340,brant/XC163340.ogg
brant,[],['call'],32.7802,-117.2154,Branta bernicla,Brant,Paul Marvin,Creative Commons Attribution-NonCommercial-ShareAlike 3.0,4.0,07:12,https://www.xeno-canto.org/163342,brant/XC163342.ogg
brant,[],['call'],32.7802,-117.2154,Branta bernicla,Brant,Paul Marvin,Creative Commons Attribution-NonCommercial-ShareAlike 3.0,4.0,07:39,https://www.xeno-canto.org/163344,brant/XC163344.ogg
brant,[],['call'],32.7802,-117.2154,Branta bernicla,Brant,Paul Marvin,Creative Commons Attribution-NonCommercial-ShareAlike 3.0,4.0,13:22,https://www.xeno-canto.org/163349,brant/XC163349.ogg
brant,[],['flight call'],32.7566,-117.2371,Branta bernicla,Brant,Paul Marvin,Creative Commons Attribution-NonCommercial-ShareAlike 3.0,4.0,11:12,https://www.xeno-canto.org/163352,brant/XC163352.ogg
brant,[],"['call', 'flight call']",60.4849,27.7396,Branta bernicla,Brant,Tero Linjama,Creative Commons Attribution-NonCommercial-ShareAlike 3.0,4.5,06:00,https://www.xeno-canto.org/164608,brant/XC164608.ogg
brant,[],['call'],44.6494,-1.0964,Branta bernicla,Brant,Bernard BOUSQUET,Creative Commons Attribution-NonCommercial-ShareAlike 3.0,3.0,18:30,https://www.xeno-canto.org/167726,brant/XC167726.ogg
brant,[],['call'],78.2185,15.6479,Branta bernicla,Brant,Stein Ø. Nilsen,Creative Commons Attribution-NonCommercial-ShareAlike 4.0,5.0,04:30,https://www.xeno-canto.org/181189,brant/XC181189.ogg
brant,[],['call'],54.5767,-5.6621,Branta bernicla,Brant,Anthony McGeehan ,Creative Commons Attribution-NonCommercial-ShareAlike 4.0,3.0,10:30,https://www.xeno-canto.org/202722,brant/XC202722.ogg
brant,"['leater1', 'moudov']",['call'],40.4079,-73.9804,Branta bernicla,Brant,Dan Lane,Creative Commons Attribution-NonCommercial-ShareAlike 4.0,3.5,09:30,https://www.xeno-canto.org/241875,brant/XC241875.ogg
brant,['leater1'],['call'],40.4079,-73.9804,Branta bernicla,Brant,Dan Lane,Creative Commons Attribution-NonCommercial-ShareAlike 4.0,3.5,09:30,https://www.xeno-canto.org/241876,brant/XC241876.ogg
brant,[],['call'],34.6336,136.55,Branta bernicla,Brant,Anon Torimi,Creative Commons Attribution-NonCommercial-ShareAlike 4.0,1.0,12:00,https://www.xeno-canto.org/294370,brant/XC294370.ogg
brant,[],['call'],34.6336,136.55,Branta bernicla,Brant,Anon Torimi,Creative Commons Attribution-NonCommercial-ShareAlike 4.0,1.0,12:00,https://www.xeno-canto.org/294371,brant/XC294371.ogg
brant,[],"['call', 'female', 'flight call', 'juvenile', 'male']",53.0978,4.896,Branta bernicla,Brant,Ruud van Beusekom,Creative Commons Attribution-NonCommercial-ShareAlike 4.0,5.0,09:00,https://www.xeno-canto.org/295121,brant/XC295121.ogg
brant,[],['flight call'],48.3483,-69.389,Branta bernicla,Brant,Martin St-Michel,Creative Commons Attribution-NonCommercial-ShareAlike 4.0,4.0,07:06,https://www.xeno-canto.org/295511,brant/XC295511.ogg
brant,[],['flight call'],48.3483,-69.389,Branta bernicla,Brant,Martin St-Michel,Creative Commons Attribution-NonCommercial-ShareAlike 4.0,3.0,07:10,https://www.xeno-canto.org/295512,brant/XC295512.ogg
brant,[],['call'],32.7566,-117.2371,Branta bernicla,Brant,Paul Marvin,Creative Commons Attribution-NonCommercial-ShareAlike 4.0,3.5,08:42,https://www.xeno-canto.org/299241,brant/XC299241.ogg
brant,[],['call'],51.5217,0.6335,Branta bernicla,Brant,David Darrell-Lambert,Creative Commons Attribution-NonCommercial-ShareAlike 4.0,5.0,11:30,https://www.xeno-canto.org/305660,brant/XC305660.ogg
brant,[],"['Flock vocalizations', 'call']",41.7974,-71.3791,Branta bernicla,Brant,Dylan Pedro,Creative Commons Attribution-NonCommercial-ShareAlike 4.0,3.5,12:30,https://www.xeno-canto.org/309311,brant/XC309311.ogg
brant,['rudtur'],['call'],55.2821,8.5612,Branta bernicla,Brant,Niels Krabbe,Creative Commons Attribution-NonCommercial-ShareAlike 4.0,3.5,10:03,https://www.xeno-canto.org/337579,brant/XC337579.ogg
brant,[],['call'],54.877,8.3459,Branta bernicla,Brant,Paul Ehlers,Creative Commons Attribution-NonCommercial-ShareAlike 4.0,4.0,12:30,https://www.xeno-canto.org/339847,brant/XC339847.ogg
brant,[],['call'],40.476,-74.2676,Branta bernicla,Brant,William Whitehead,Creative Commons Attribution-NonCommercial-ShareAlike 4.0,5.0,10:00,https://www.xeno-canto.org/348495,brant/XC348495.ogg
brant,['bkbplo'],['call'],51.346,0.942,Branta bernicla,Brant,Craig Brookes,Creative Commons Attribution-NonCommercial-ShareAlike 4.0,4.5,08:00,https://www.xeno-canto.org/349592,brant/XC349592.ogg
brant,[],"['call', 'flight call']",53.4516,-6.1411,Branta bernicla,Brant,Lars Lachmann,Creative Commons Attribution-NonCommercial-ShareAlike 4.0,5.0,10:30,https://www.xeno-canto.org/352831,brant/XC352831.ogg
brant,[],['call'],52.9531,1.0427,Branta bernicla,Brant,Kieran Nixon,Creative Commons Attribution-NonCommercial-ShareAlike 4.0,1.0,12:30,https://www.xeno-canto.org/353619,brant/XC353619.ogg
brant,[],['call'],51.4642,4.0725,Branta bernicla,Brant,James Lidster,Creative Commons Attribution-NonCommercial-ShareAlike 4.0,2.5,14:00,https://www.xeno-canto.org/358369,brant/XC358369.ogg
brant,[],['call'],78.2185,15.6479,Branta bernicla,Brant,Stein Ø. Nilsen,Creative Commons Attribution-NonCommercial-ShareAlike 4.0,4.5,05:00,https://www.xeno-canto.org/373411,brant/XC373411.ogg
brant,[],['song'],52.65806,1.051941,Branta bernicla,Brant,David Farrow,Creative Commons Attribution-NonCommercial-ShareAlike 3.0,5.0,?:?,https://www.xeno-canto.org/37495,brant/XC37495.ogg
brant,['gwfgoo'],['call'],64.6601,178.8664,Branta bernicla,Brant,Jens Kirkeby,Creative Commons Attribution-NonCommercial-ShareAlike 4.0,3.5,09:00,https://www.xeno-canto.org/382144,brant/XC382144.ogg
brant,[],"['call', 'contact sounds']",78.1926,15.8011,Branta bernicla,Brant,Stein Ø. Nilsen,Creative Commons Attribution-NonCommercial-ShareAlike 4.0,4.5,17:30,https://www.xeno-canto.org/395838,brant/XC395838.ogg
brant,[],"['alarm call', 'call', 'various calls from a flock']",46.244,-1.511,Branta bernicla,Brant,Stanislas Wroza,Creative Commons Attribution-NonCommercial-ShareAlike 4.0,4.0,14:00,https://www.xeno-canto.org/397449,brant/XC397449.ogg
brant,[],"['alarm call', 'call', 'various calls from a flock']",46.244,-1.511,Branta bernicla,Brant,Stanislas Wroza,Creative Commons Attribution-NonCommercial-ShareAlike 4.0,5.0,14:00,https://www.xeno-canto.org/397450,brant/XC397450.ogg
brant,[],"['alarm call', 'call', 'flight call', 'flock alarming then taking off']",46.244,-1.511,Branta bernicla,Brant,Stanislas Wroza,Creative Commons Attribution-NonCommercial-ShareAlike 4.0,3.0,14:00,https://www.xeno-canto.org/397451,brant/XC397451.ogg
brant,[],['alarm call'],51.7546,3.8416,Branta bernicla,Brant,Twan Mols,Creative Commons Attribution-NonCommercial-ShareAlike 4.0,2.5,12:00,https://www.xeno-canto.org/402991,brant/XC402991.ogg
brant,[],['call'],48.5851,-1.9744,Branta bernicla,Brant,Bernard BOUSQUET,Creative Commons Attribution-NonCommercial-ShareAlike 4.0,3.0,16:00,https://www.xeno-canto.org/408264,brant/XC408264.ogg
brant,[],['call'],48.6763,-1.8462,Branta bernicla,Brant,Bernard BOUSQUET,Creative Commons Attribution-NonCommercial-ShareAlike 4.0,4.0,17:00,https://www.xeno-canto.org/408265,brant/XC408265.ogg
brant,[],['call'],78.2281,15.6901,Branta bernicla,Brant,Stein Ø. Nilsen,Creative Commons Attribution-NonCommercial-ShareAlike 4.0,4.5,06:00,https://www.xeno-canto.org/420152,brant/XC420152.ogg
brant,[],"['call', 'song']",78.1926,15.8011,Branta bernicla,Brant,Stein Ø. Nilsen,Creative Commons Attribution-NonCommercial-ShareAlike 4.0,4.5,05:00,https://www.xeno-canto.org/428390,brant/XC428390.ogg
brant,[],"['call', 'female', 'male']",54.7032,18.6657,Branta bernicla,Brant,Jarek Matusiak,Creative Commons Attribution-NonCommercial-ShareAlike 4.0,5.0,16:50,https://www.xeno-canto.org/437686,brant/XC437686.ogg
brant,[],"['call', 'female', 'flight call', 'male', 'wings']",54.7032,18.6657,Branta bernicla,Brant,Jarek Matusiak,Creative Commons Attribution-NonCommercial-ShareAlike 4.0,5.0,16:50,https://www.xeno-canto.org/437687,brant/XC437687.ogg
brant,[],"['flight call', 'wings']",54.7032,18.6657,Branta bernicla,Brant,Jarek Matusiak,Creative Commons Attribution-NonCommercial-ShareAlike 4.0,5.0,17:00,https://www.xeno-canto.org/437751,brant/XC437751.ogg
brant,[],"['female', 'flight call', 'male']",54.7032,18.6657,Branta bernicla,Brant,Jarek Matusiak,Creative Commons Attribution-NonCommercial-ShareAlike 4.0,5.0,17:00,https://www.xeno-canto.org/437760,brant/XC437760.ogg
brant,[],"['call', 'flight call']",47.9189,-2.2797,Branta bernicla,Brant,Gaëtan Mineau,Creative Commons Attribution-NonCommercial-ShareAlike 4.0,3.0,00:00,https://www.xeno-canto.org/439019,brant/XC439019.ogg
brant,[],['call'],53.283,5.039,Branta bernicla,Brant,Thijs Fijen,Creative Commons Attribution-NonCommercial-ShareAlike 4.0,5.0,18:00,https://www.xeno-canto.org/440582,brant/XC440582.ogg
brant,[],['call'],52.0747,4.7632,Branta bernicla,Brant,Michel Veldt,Creative Commons Attribution-NonCommercial-ShareAlike 4.0,1.0,01:32,https://www.xeno-canto.org/441013,brant/XC441013.ogg
brant,[],"['flight call', 'nocturnal flight call']",60.2357,25.0058,Branta bernicla,Brant,Juha Saari,Creative Commons Attribution-NonCommercial-ShareAlike 4.0,4.0,04:03,https://www.xeno-canto.org/441695,brant/XC441695.ogg
brant,[],"['call', 'flight call']",52.9215,4.9571,Branta bernicla,Brant,Peter de Rouw,Creative Commons Attribution-NonCommercial-ShareAlike 4.0,5.0,15:11,https://www.xeno-canto.org/452788,brant/XC452788.ogg
brant,[],"['call', 'flight call']",52.9215,4.9571,Branta bernicla,Brant,Peter de Rouw,Creative Commons Attribution-NonCommercial-ShareAlike 4.0,5.0,15:11,https://www.xeno-canto.org/452789,brant/XC452789.ogg
brant,[],['call'],52.8692,0.0969,Branta bernicla,Brant,Andrew Harrop,Creative Commons Attribution-NonCommercial-ShareAlike 4.0,4.0,12:28,https://www.xeno-canto.org/453499,brant/XC453499.ogg
brant,[],['call'],53.3963,5.3139,Branta bernicla,Brant,Pascal Christe,Creative Commons Attribution-ShareAlike 4.0,4.0,12:00,https://www.xeno-canto.org/466463,brant/XC466463.ogg
brant,[],"['flight call', 'night flight call']",53.2537,6.5954,Branta bernicla,Brant,Jacob Bosma,Creative Commons Attribution-NonCommercial-ShareAlike 4.0,0.0,01:00,https://www.xeno-canto.org/500404,brant/XC500404.ogg
brant,[],"['contact calls', 'flight call', 'nocturnal flight calls']",47.661,-3.1838,Branta bernicla,Brant,Philippe J. DUBOIS,Creative Commons Attribution-NonCommercial-ShareAlike 4.0,0.0,03:00,https://www.xeno-canto.org/500761,brant/XC500761.ogg
brant,[],"['contact calls', 'nocturnal flight calls']",47.661,-3.1838,Branta bernicla,Brant,Philippe J. DUBOIS,Creative Commons Attribution-NonCommercial-ShareAlike 4.0,0.0,00:00,https://www.xeno-canto.org/500762,brant/XC500762.ogg
brant,[],['call'],51.4893,0.2085,Branta bernicla,Brant,David Darrell-Lambert,Creative Commons Attribution-NonCommercial-ShareAlike 4.0,4.5,11:00,https://www.xeno-canto.org/501429,brant/XC501429.ogg
brant,[],"['adult', 'call', 'sex uncertain']",78.2264,15.6034,Branta bernicla,Brant,Stein Ø. Nilsen,Creative Commons Attribution-NonCommercial-ShareAlike 4.0,5.0,06:00,https://www.xeno-canto.org/504152,brant/XC504152.ogg
brant,[],['call'],40.476,-74.2676,Branta bernicla,Brant,William Whitehead,Creative Commons Attribution-NonCommercial-ShareAlike 4.0,5.0,08:00,https://www.xeno-canto.org/506388,brant/XC506388.ogg
brant,[],"['adult', 'call', 'sex uncertain']",57.5246,-4.0971,Branta bernicla,Brant,Peter Stronach,Creative Commons Attribution-NonCommercial-ShareAlike 4.0,0.5,14:30,https://www.xeno-canto.org/508454,brant/XC508454.ogg
brant,[],['contact call'],56.2237,16.4231,Branta bernicla,Brant,Patrik Åberg,Creative Commons Attribution-NonCommercial-ShareAlike 4.0,4.0,08:35,https://www.xeno-canto.org/511686,brant/XC511686.ogg
brant,[],"['adult', 'call']",25.6602,-109.0033,Branta bernicla,Brant,Manuel Grosselet,Creative Commons Attribution-NonCommercial-ShareAlike 4.0,4.0,09:30,https://www.xeno-canto.org/519620,brant/XC519620.ogg
brant,[],"['adult', 'call', 'female', 'juvenile', 'male']",51.9136,-7.884,Branta bernicla,Brant,Harry Hussey,Creative Commons Attribution-NonCommercial-ShareAlike 4.0,3.5,13:59,https://www.xeno-canto.org/522309,brant/XC522309.ogg
brant,[],['call'],25.6602,-109.0033,Branta bernicla,Brant,Manuel Grosselet,Creative Commons Attribution-NonCommercial-ShareAlike 4.0,4.0,10:30,https://www.xeno-canto.org/522921,brant/XC522921.ogg
brant,[],['flight call'],44.6562,-1.2553,Branta bernicla,Brant,Stanislas Wroza,Creative Commons Attribution-NonCommercial-ShareAlike 4.0,0.0,08:00,https://www.xeno-canto.org/523268,brant/XC523268.ogg
brant,[],"['alarm call', 'call', 'flight call', 'single bird flying off']",44.6562,-1.2553,Branta bernicla,Brant,Stanislas Wroza,Creative Commons Attribution-NonCommercial-ShareAlike 4.0,5.0,09:00,https://www.xeno-canto.org/526220,brant/XC526220.ogg
brant,[],"['alarm call', 'call', 'flight call', 'single bird flying off']",44.6562,-1.2553,Branta bernicla,Brant,Stanislas Wroza,Creative Commons Attribution-NonCommercial-ShareAlike 4.0,5.0,09:00,https://www.xeno-canto.org/526221,brant/XC526221.ogg
brant,[],"['call', 'flight call', 'rolled calls', 'single bird flying off']",44.6562,-1.2553,Branta bernicla,Brant,Stanislas Wroza,Creative Commons Attribution-NonCommercial-ShareAlike 4.0,5.0,09:00,https://www.xeno-canto.org/526222,brant/XC526222.ogg
brant,[],"['alarm call', 'call', 'flight call', 'single bird flying off', 'various calls']",44.6562,-1.2553,Branta bernicla,Brant,Stanislas Wroza,Creative Commons Attribution-NonCommercial-ShareAlike 4.0,0.0,09:00,https://www.xeno-canto.org/526223,brant/XC526223.ogg
brant,[],"['alarm call', 'call', 'flight call', 'rolled calls', 'short calls', 'single bird flying off']",44.6562,-1.2553,Branta bernicla,Brant,Stanislas Wroza,Creative Commons Attribution-NonCommercial-ShareAlike 4.0,5.0,09:00,https://www.xeno-canto.org/526224,brant/XC526224.ogg
brant,[],['flight call'],44.6562,-1.2553,Branta bernicla,Brant,Stanislas Wroza,Creative Commons Attribution-NonCommercial-ShareAlike 4.0,5.0,09:00,https://www.xeno-canto.org/526264,brant/XC526264.ogg
brant,[],"['call', 'flight call']",52.926,0.027,Branta bernicla,Brant,Andrew Harrop,Creative Commons Attribution-NonCommercial-ShareAlike 4.0,5.0,08:00,https://www.xeno-canto.org/530113,brant/XC530113.ogg
brant,[],['flight call'],51.8053,3.9622,Branta bernicla,Brant,Stanislas Wroza,Creative Commons Attribution-NonCommercial-ShareAlike 4.0,0.0,14:00,https://www.xeno-canto.org/531381,brant/XC531381.ogg
brant,[],['nocturnal flight call'],48.7221,-3.5738,Branta bernicla,Brant,Morvan Corentin,Creative Commons Attribution-NonCommercial-ShareAlike 4.0,3.0,01:00,https://www.xeno-canto.org/540354,brant/XC540354.ogg
brant,[],"['call', 'flight call', 'nocturnal flight call']",52.0172,-0.34,Branta bernicla,Brant,James P,Creative Commons Attribution-NonCommercial-ShareAlike 4.0,4.0,00:08,https://www.xeno-canto.org/540678,brant/XC540678.ogg
brant,[],['nocturnal flight call'],47.9189,-2.2797,Branta bernicla,Brant,Gaëtan Mineau,Creative Commons Attribution-NonCommercial-ShareAlike 4.0,4.0,23:30,https://www.xeno-canto.org/540716,brant/XC540716.ogg
brant,[],"['flight call', 'nocturnal flight call']",52.2183,0.1441,Branta bernicla,Brant,Simon Gillings,Creative Commons Attribution-NonCommercial-ShareAlike 4.0,3.0,01:19,https://www.xeno-canto.org/540936,brant/XC540936.ogg
brant,[],['nocturnal flight call'],47.9189,-2.2797,Branta bernicla,Brant,Gaëtan Mineau,Creative Commons Attribution-NonCommercial-ShareAlike 4.0,0.0,23:30,https://www.xeno-canto.org/540957,brant/XC540957.ogg
brant,[],['nocturnal flight call'],52.0869,-0.2642,Branta bernicla,Brant,Steve Blain,Creative Commons Attribution-NonCommercial-ShareAlike 4.0,3.0,01:07,https://www.xeno-canto.org/541303,brant/XC541303.ogg
brant,[],['nocturnal flight call'],52.0869,-0.2642,Branta bernicla,Brant,Steve Blain,Creative Commons Attribution-NonCommercial-ShareAlike 4.0,3.0,02:03,https://www.xeno-canto.org/541304,brant/XC541304.ogg
brant,[],['nocturnal flight call'],51.0445,2.3912,Branta bernicla,Brant,Julien Piette,Creative Commons Attribution-NonCommercial-ShareAlike 4.0,0.0,02:32,https://www.xeno-canto.org/541405,brant/XC541405.ogg
brant,[],['nocturnal flight call'],47.9189,-2.2797,Branta bernicla,Brant,Gaëtan Mineau,Creative Commons Attribution-NonCommercial-ShareAlike 4.0,0.0,22:00,https://www.xeno-canto.org/542364,brant/XC542364.ogg
brant,[],['nocturnal flight call'],51.3532,-0.1461,Branta bernicla,Brant,Arjun Dutta,Creative Commons Attribution-NonCommercial-ShareAlike 4.0,5.0,22:16,https://www.xeno-canto.org/542916,brant/XC542916.ogg
brant,[],['flight call'],53.0959,4.893,Branta bernicla,Brant,Ruud van Beusekom,Creative Commons Attribution-NonCommercial-ShareAlike 4.0,5.0,?,https://www.xeno-canto.org/552893,brant/XC552893.ogg
brant,[],['flight call'],53.0959,4.893,Branta bernicla,Brant,Ruud van Beusekom,Creative Commons Attribution-NonCommercial-ShareAlike 4.0,5.0,?,https://www.xeno-canto.org/552894,brant/XC552894.ogg
brant,[],['nocturnal flight call'],55.4107,12.8449,Branta bernicla,Brant,Johan Lorentzon,Creative Commons Attribution-NonCommercial-ShareAlike 4.0,4.0,02:43,https://www.xeno-canto.org/588758,brant/XC588758.ogg
brant,[],['nocturnal flight call'],55.4107,12.8449,Branta bernicla,Brant,Johan Lorentzon,Creative Commons Attribution-NonCommercial-ShareAlike 4.0,5.0,00:27,https://www.xeno-canto.org/590288,brant/XC590288.ogg
brant,[],['nocturnal flight call'],55.4107,12.8449,Branta bernicla,Brant,Johan Lorentzon,Creative Commons Attribution-NonCommercial-ShareAlike 4.0,4.0,23:36,https://www.xeno-canto.org/590289,brant/XC590289.ogg
brant,[],['nocturnal flight call'],55.4107,12.8449,Branta bernicla,Brant,Johan Lorentzon,Creative Commons Attribution-NonCommercial-ShareAlike 4.0,4.0,05:50,https://www.xeno-canto.org/590499,brant/XC590499.ogg
brant,[],"['adult', 'call', 'female', 'juvenile', 'male']",58.5527,-4.7836,Branta bernicla,Brant,Peter Stronach,Creative Commons Attribution-NonCommercial-ShareAlike 4.0,4.5,16:25,https://www.xeno-canto.org/591597,brant/XC591597.ogg
brant,[],"['adult', 'call', 'female', 'juvenile', 'male']",58.5527,-4.7836,Branta bernicla,Brant,Peter Stronach,Creative Commons Attribution-NonCommercial-ShareAlike 4.0,4.5,16:25,https://www.xeno-canto.org/591598,brant/XC591598.ogg
brant,[],"['adult', 'call', 'female', 'juvenile', 'male']",58.5527,-4.7836,Branta bernicla,Brant,Peter Stronach,Creative Commons Attribution-NonCommercial-ShareAlike 4.0,4.5,16:25,https://www.xeno-canto.org/591599,brant/XC591599.ogg
brant,[],['nocturnal flight call'],52.1418,5.3724,Branta bernicla,Brant,Frank Pierik,Creative Commons Attribution-NonCommercial-ShareAlike 4.0,4.0,05:39,https://www.xeno-canto.org/594893,brant/XC594893.ogg
brant,[],['nocturnal flight call'],53.5342,8.6032,Branta bernicla,Brant,Franck Hollander,Creative Commons Attribution-NonCommercial-ShareAlike 4.0,3.0,19:45,https://www.xeno-canto.org/597408,brant/XC597408.ogg
brant,[],['nocturnal flight call'],52.0773,4.7608,Branta bernicla,Brant,Martin Fousert,Creative Commons Attribution-NonCommercial-ShareAlike 4.0,3.0,5:15,https://www.xeno-canto.org/598566,brant/XC598566.ogg
brant,[],['flight call'],55.3409,8.4793,Branta bernicla,Brant,Jens Kirkeby,Creative Commons Attribution-NonCommercial-ShareAlike 4.0,4.0,11:30,https://www.xeno-canto.org/598958,brant/XC598958.ogg
brant,[],['flight call'],55.3409,8.4793,Branta bernicla,Brant,Jens Kirkeby,Creative Commons Attribution-NonCommercial-ShareAlike 4.0,5.0,11:30,https://www.xeno-canto.org/598961,brant/XC598961.ogg
brant,[],"['flight call', 'nocturnal flight call']",51.8989,-8.4943,Branta bernicla,Brant,Mr Mark Shorten,Creative Commons Attribution-NonCommercial-ShareAlike 4.0,5.0,22:30,https://www.xeno-canto.org/600218,brant/XC600218.ogg
brant,[],"['call', 'flight call', 'life stage uncertain', 'nocturnal flight call', 'sex uncertain']",53.209,5.8043,Branta bernicla,Brant,Lisette,Creative Commons Attribution-NonCommercial-ShareAlike 4.0,5.0,5:38,https://www.xeno-canto.org/600474,brant/XC600474.ogg
brant,[],['nocturnal flight call'],47.9417,-2.7145,Branta bernicla,Brant,Morvan Corentin,Creative Commons Attribution-NonCommercial-ShareAlike 4.0,3.0,02:30,https://www.xeno-canto.org/601065,brant/XC601065.ogg
brant,[],['nocturnal flight call'],51.0445,2.3912,Branta bernicla,Brant,Julien Piette,Creative Commons Attribution-NonCommercial-ShareAlike 4.0,5.0,01:35,https://www.xeno-canto.org/601524,brant/XC601524.ogg
brant,[],['nocturnal flight call'],51.0445,2.3912,Branta bernicla,Brant,Julien Piette,Creative Commons Attribution-NonCommercial-ShareAlike 4.0,5.0,22:56,https://www.xeno-canto.org/604122,brant/XC604122.ogg
brant,[],['nocturnal flight call'],51.0445,2.3912,Branta bernicla,Brant,Julien Piette,Creative Commons Attribution-NonCommercial-ShareAlike 4.0,5.0,23:14,https://www.xeno-canto.org/604124,brant/XC604124.ogg
brant,[],['nocturnal flight call'],51.0445,2.3912,Branta bernicla,Brant,Julien Piette,Creative Commons Attribution-NonCommercial-ShareAlike 4.0,5.0,23:28,https://www.xeno-canto.org/604125,brant/XC604125.ogg
brant,[],"['flight call', 'life stage uncertain', 'sex uncertain']",53.3723,-6.1492,Branta bernicla,Brant,Alan Dalton,Creative Commons Attribution-NonCommercial-ShareAlike 4.0,4.5,08:30,https://www.xeno-canto.org/610562,brant/XC610562.ogg
brant,"['eurwig', 'gnwtea']","['adult', 'call', 'female', 'juvenile', 'male']",53.3723,-6.1492,Branta bernicla,Brant,Alan Dalton,Creative Commons Attribution-NonCommercial-ShareAlike 4.0,4.5,12:00,https://www.xeno-canto.org/611630,brant/XC611630.ogg
brant,[],['flight call'],46.3024,-1.1324,Branta bernicla,Brant,Jack Berteau,Creative Commons Attribution-NonCommercial-ShareAlike 4.0,5.0,17:00,https://www.xeno-canto.org/613307,brant/XC613307.ogg
brant,[],['nocturnal flight call'],51.0445,2.3912,Branta bernicla,Brant,Julien Piette,Creative Commons Attribution-NonCommercial-ShareAlike 4.0,4.0,04:34,https://www.xeno-canto.org/614171,brant/XC614171.ogg
brant,[],['nocturnal flight call'],51.0445,2.3912,Branta bernicla,Brant,Julien Piette,Creative Commons Attribution-NonCommercial-ShareAlike 4.0,3.5,05:18,https://www.xeno-canto.org/614172,brant/XC614172.ogg
brant,[],"['call', 'flight call']",48.6214,-1.6099,Branta bernicla,Brant,Sébastien Provost - Birding Mont-Saint-Michel,Creative Commons Attribution-NonCommercial-ShareAlike 4.0,4.0,09:00,https://www.xeno-canto.org/615010,brant/XC615010.ogg
brant,[],['flight call'],52.0712,-7.6091,Branta bernicla,Brant,Mr Mark Shorten,Creative Commons Attribution-NonCommercial-ShareAlike 4.0,3.5,09:30,https://www.xeno-canto.org/615148,brant/XC615148.ogg
brant,[],['flight call'],52.0712,-7.6091,Branta bernicla,Brant,Mr Mark Shorten,Creative Commons Attribution-NonCommercial-ShareAlike 4.0,4.5,09:30,https://www.xeno-canto.org/615149,brant/XC615149.ogg
brant,[],['call'],47.3038,-2.4788,Branta bernicla,Brant,Olivier SWIFT,Creative Commons Attribution-NonCommercial-ShareAlike 4.0,4.0,15:50,https://www.xeno-canto.org/615587,brant/XC615587.ogg
brant,[],['call'],47.3038,-2.4788,Branta bernicla,Brant,Olivier SWIFT,Creative Commons Attribution-NonCommercial-ShareAlike 4.0,4.0,15:51,https://www.xeno-canto.org/615588,brant/XC615588.ogg
brant,[],['flight call'],48.6547,-1.4463,Branta bernicla,Brant,Sébastien Provost - Birding Mont-Saint-Michel,Creative Commons Attribution-NonCommercial-ShareAlike 4.0,4.0,18:30,https://www.xeno-canto.org/617355,brant/XC617355.ogg
brant,[],"['adult', 'call']",48.9799,-122.7885,Branta bernicla,Brant,Bruce Lagerquist,Creative Commons Attribution-NonCommercial-ShareAlike 4.0,5.0,14:35,https://www.xeno-canto.org/619269,brant/XC619269.ogg
brant,[],['nocturnal flight call'],51.0445,2.3912,Branta bernicla,Brant,Julien Piette,Creative Commons Attribution-NonCommercial-ShareAlike 4.0,3.0,21:29,https://www.xeno-canto.org/620567,brant/XC620567.ogg
brant,[],['nocturnal flight call'],51.8585,-8.2699,Branta bernicla,Brant,Irish Wildlife Sounds,Creative Commons Attribution-NonCommercial-ShareAlike 4.0,3.0,3:00,https://www.xeno-canto.org/621376,brant/XC621376.ogg
brant,[],['call'],48.628,-2.3205,Branta bernicla,Brant,Tanguy Loïs,Creative Commons Attribution-NonCommercial-ShareAlike 4.0,3.5,12:30,https://www.xeno-canto.org/623833,brant/XC623833.ogg
brant,[],"['call', 'flight call']",44.6443,-1.0831,Branta bernicla,Brant,Marta Celej,Creative Commons Attribution-NonCommercial-ShareAlike 4.0,3.0,15:00,https://www.xeno-canto.org/624932,brant/XC624932.ogg
brant,"['bkbplo', 'dunlin']","['call', 'hatchling or nestling']",45.9213,-1.2292,Branta bernicla,Brant,Bernard BOUSQUET,Creative Commons Attribution-NonCommercial-ShareAlike 4.0,3.5,10:00,https://www.xeno-canto.org/627430,brant/XC627430.ogg
brant,['skylar'],"['adult', 'call', 'juvenile']",53.1094,4.8958,Branta bernicla,Brant,Arend Wassink,Creative Commons Attribution-NonCommercial-ShareAlike 4.0,4.5,11:30,https://www.xeno-canto.org/627472,brant/XC627472.ogg
brant,[],['nocturnal flight call'],48.1113,0.2126,Branta bernicla,Brant,Christian Kerihuel,Creative Commons Attribution-NonCommercial-ShareAlike 4.0,3.0,05:00,https://www.xeno-canto.org/629712,brant/XC629712.ogg
brant,[],['call'],48.1176,-122.7494,Branta bernicla,Brant,Steve Hampton,Creative Commons Attribution-NonCommercial-ShareAlike 4.0,5.0,19:00,https://www.xeno-canto.org/631976,brant/XC631976.ogg
brant,['glwgul'],['call'],48.1176,-122.7494,Branta bernicla,Brant,Steve Hampton,Creative Commons Attribution-NonCommercial-ShareAlike 4.0,4.5,19:00,https://www.xeno-canto.org/631977,brant/XC631977.ogg
brant,[],['flight call'],48.1113,0.2126,Branta bernicla,Brant,Christian Kerihuel,Creative Commons Attribution-NonCommercial-ShareAlike 4.0,3.0,03:00,https://www.xeno-canto.org/635604,brant/XC635604.ogg
brnboo,[],['call'],19.5584,-105.1132,Sula leucogaster,Brown Booby,Alejandro Salinas,Creative Commons Attribution-NonCommercial-ShareAlike 3.0,5.0,11:00,https://www.xeno-canto.org/135428,brnboo/XC135428.ogg
brnboo,[],"['call', 'juvenile']",16.6164,-24.5926,Sula leucogaster,Brown Booby,Tero Linjama,Creative Commons Attribution-NonCommercial-ShareAlike 3.0,4.0,06:00,https://www.xeno-canto.org/164033,brnboo/XC164033.ogg
brnboo,[],"['breathing sound before diving', 'call', 'flight call']",-24.5401,-46.6936,Sula leucogaster,Brown Booby,Marco Cruz,Creative Commons Attribution-NonCommercial-ShareAlike 4.0,5.0,11:30,https://www.xeno-canto.org/194142,brnboo/XC194142.ogg
brnboo,[],['call'],20.7008,-105.5831,Sula leucogaster,Brown Booby,Manuel Grosselet,Creative Commons Attribution-NonCommercial-ShareAlike 4.0,4.0,13:00,https://www.xeno-canto.org/333003,brnboo/XC333003.ogg
brnboo,[],['call'],20.7008,-105.5831,Sula leucogaster,Brown Booby,Manuel Grosselet,Creative Commons Attribution-NonCommercial-ShareAlike 4.0,5.0,17:30,https://www.xeno-canto.org/335791,brnboo/XC335791.ogg
brnboo,[],"['call', 'male']",20.7008,-105.5831,Sula leucogaster,Brown Booby,Manuel Grosselet,Creative Commons Attribution-NonCommercial-ShareAlike 4.0,5.0,17:30,https://www.xeno-canto.org/335792,brnboo/XC335792.ogg
brnboo,[],"['call', 'juvenile']",20.7008,-105.5831,Sula leucogaster,Brown Booby,Manuel Grosselet,Creative Commons Attribution-NonCommercial-ShareAlike 4.0,5.0,17:30,https://www.xeno-canto.org/335793,brnboo/XC335793.ogg
brnboo,[],"['call', 'male']",20.7008,-105.5831,Sula leucogaster,Brown Booby,Manuel Grosselet,Creative Commons Attribution-NonCommercial-ShareAlike 4.0,4.0,17:30,https://www.xeno-canto.org/335794,brnboo/XC335794.ogg
brnboo,[],"['call', 'female', 'juvenile', 'male']",20.7008,-105.5831,Sula leucogaster,Brown Booby,Manuel Grosselet,Creative Commons Attribution-NonCommercial-ShareAlike 4.0,5.0,17:30,https://www.xeno-canto.org/335795,brnboo/XC335795.ogg
brnboo,[],"['begging call', 'call', 'juvenile']",20.7008,-105.5831,Sula leucogaster,Brown Booby,Manuel Grosselet,Creative Commons Attribution-NonCommercial-ShareAlike 4.0,5.0,17:30,https://www.xeno-canto.org/335796,brnboo/XC335796.ogg
brnboo,[],"['begging call', 'call', 'female', 'juvenile', 'male']",20.7008,-105.5831,Sula leucogaster,Brown Booby,Manuel Grosselet,Creative Commons Attribution-NonCommercial-ShareAlike 4.0,5.0,17:30,https://www.xeno-canto.org/335797,brnboo/XC335797.ogg
brnboo,[],['flight call'],39.4155,-9.5052,Sula leucogaster,Brown Booby,João Tomás,Creative Commons Attribution-NonCommercial-ShareAlike 4.0,4.0,14:00,https://www.xeno-canto.org/395000,brnboo/XC395000.ogg
brnboo,[],['flight call'],39.4155,-9.5052,Sula leucogaster,Brown Booby,João Tomás,Creative Commons Attribution-NonCommercial-ShareAlike 4.0,4.0,14:00,https://www.xeno-canto.org/395001,brnboo/XC395001.ogg
brnnod,[],['call'],-13.915,-171.747,Anous stolidus,Brown Noddy,Matthias Feuersenger,Creative Commons Attribution-NonCommercial-ShareAlike 3.0,1.5,08:26,https://www.xeno-canto.org/110548,brnnod/XC110548.ogg
brnnod,[],['call'],-13.915,-171.747,Anous stolidus,Brown Noddy,Matthias Feuersenger,Creative Commons Attribution-NonCommercial-ShareAlike 3.0,2.5,08:27,https://www.xeno-canto.org/110549,brnnod/XC110549.ogg
brnnod,[],['call'],-16.543,-151.7358,Anous stolidus,Brown Noddy,Matthias Feuersenger,Creative Commons Attribution-NonCommercial-ShareAlike 3.0,3.0,22:44,https://www.xeno-canto.org/111973,brnnod/XC111973.ogg
brnnod,[],"['call', 'flight call']",-16.543,-151.7358,Anous stolidus,Brown Noddy,Matthias Feuersenger,Creative Commons Attribution-NonCommercial-ShareAlike 3.0,4.0,22:45,https://www.xeno-canto.org/111974,brnnod/XC111974.ogg
brnnod,[],"['call', 'flight call']",-16.543,-151.7358,Anous stolidus,Brown Noddy,Matthias Feuersenger,Creative Commons Attribution-NonCommercial-ShareAlike 3.0,5.0,22:45,https://www.xeno-canto.org/111975,brnnod/XC111975.ogg
brnnod,[],"['call', 'flight call']",-16.543,-151.7358,Anous stolidus,Brown Noddy,Matthias Feuersenger,Creative Commons Attribution-NonCommercial-ShareAlike 3.0,4.0,22:45,https://www.xeno-canto.org/111976,brnnod/XC111976.ogg
brnnod,[],['call'],-16.543,-151.7358,Anous stolidus,Brown Noddy,Matthias Feuersenger,Creative Commons Attribution-NonCommercial-ShareAlike 3.0,4.0,22:50,https://www.xeno-canto.org/111977,brnnod/XC111977.ogg
brnnod,[],['begging call'],-20.4221,57.7332,Anous stolidus,Brown Noddy,Johannes Fischer,Creative Commons Attribution-NonCommercial-ShareAlike 3.0,5.0,08:00,https://www.xeno-canto.org/148420,brnnod/XC148420.ogg
brnnod,[],"['call', 'song']",-19.7187,63.301,Anous stolidus,Brown Noddy,Johannes Fischer,Creative Commons Attribution-NonCommercial-ShareAlike 3.0,5.0,10:30,https://www.xeno-canto.org/148686,brnnod/XC148686.ogg
brnnod,[],['call'],-14.2692,-170.5854,Anous stolidus,Brown Noddy,Samuel Jones,Creative Commons Attribution-NonCommercial-ShareAlike 4.0,3.0,07:00,https://www.xeno-canto.org/180823,brnnod/XC180823.ogg
brnnod,[],['call'],-14.2692,-170.5854,Anous stolidus,Brown Noddy,Samuel Jones,Creative Commons Attribution-NonCommercial-ShareAlike 4.0,3.0,07:00,https://www.xeno-canto.org/180824,brnnod/XC180824.ogg
brnnod,['sooter1'],['call'],-7.9812,-14.3971,Anous stolidus,Brown Noddy,Jim Holmes,Creative Commons Attribution-NonCommercial-ShareAlike 4.0,3.5,10:00,https://www.xeno-canto.org/314683,brnnod/XC314683.ogg
brnnod,['sooter1'],['call'],24.6279,-82.8728,Anous stolidus,Brown Noddy,Paul Marvin,Creative Commons Attribution-NonCommercial-ShareAlike 4.0,2.5,13:24,https://www.xeno-canto.org/315233,brnnod/XC315233.ogg
brnnod,['sooter1'],['call'],24.6279,-82.8728,Anous stolidus,Brown Noddy,Paul Marvin,Creative Commons Attribution-NonCommercial-ShareAlike 4.0,2.5,13:35,https://www.xeno-canto.org/315317,brnnod/XC315317.ogg
brnnod,[],['call'],24.6279,-82.8728,Anous stolidus,Brown Noddy,Paul Marvin,Creative Commons Attribution-NonCommercial-ShareAlike 4.0,3.0,13:25,https://www.xeno-canto.org/315318,brnnod/XC315318.ogg
brnnod,[],['begging call'],-0.5356,166.9206,Anous stolidus,Brown Noddy,Todd Mark,Creative Commons Attribution-NonCommercial-ShareAlike 4.0,3.0,14:00,https://www.xeno-canto.org/358645,brnnod/XC358645.ogg
brnnod,[],['flight call'],-17.4529,-143.4711,Anous stolidus,Brown Noddy,AUDEVARD Aurélien,Creative Commons Attribution-NonCommercial-ShareAlike 4.0,5.0,10:00,https://www.xeno-canto.org/619371,brnnod/XC619371.ogg
brnnod,[],['flight call'],-17.8474,-143.0691,Anous stolidus,Brown Noddy,AUDEVARD Aurélien,Creative Commons Attribution-NonCommercial-ShareAlike 4.0,5.0,22:00,https://www.xeno-canto.org/619372,brnnod/XC619372.ogg
brnnod,[],['call'],-17.498,-149.817,Anous stolidus,Brown Noddy,Todd Mark,Creative Commons Attribution-NonCommercial-ShareAlike 3.0,4.0,10:00,https://www.xeno-canto.org/75437,brnnod/XC75437.ogg
brnnod,[],['begging'],-22.662,-152.812,Anous stolidus,Brown Noddy,Todd Mark,Creative Commons Attribution-NonCommercial-ShareAlike 3.0,3.0,15:00,https://www.xeno-canto.org/75438,brnnod/XC75438.ogg
brnowl,[],['alarm call'],52.3009,6.762,Tyto alba,Barn Owl,Timo Roeke,Creative Commons Attribution-NonCommercial-ShareAlike 3.0,4.0,21:30,https://www.xeno-canto.org/112875,brnowl/XC112875.ogg
brnowl,[],['song'],-20.79,-42.8882,Tyto alba,Barn Owl,Noé Eiterer,Creative Commons Attribution-NonCommercial-ShareAlike 3.0,4.0,20:30,https://www.xeno-canto.org/115605,brnowl/XC115605.ogg
brnowl,[],['call'],18.5206,73.8398,Tyto alba,Barn Owl,Rajgopal Patil,Creative Commons Attribution-NonCommercial-ShareAlike 3.0,4.0,23:09,https://www.xeno-canto.org/120974,brnowl/XC120974.ogg
brnowl,[],"['', 'clicks']",-21.55,-47.7167,Tyto alba,Barn Owl,Bruno Arantes de Andrade Bueno,Creative Commons Attribution-NonCommercial-ShareAlike 3.0,4.0,05:30,https://www.xeno-canto.org/121413,brnowl/XC121413.ogg
brnowl,[],['begging call'],0.064,32.479,Tyto alba,Barn Owl,Bram Piot,Creative Commons Attribution-NonCommercial-ShareAlike 3.0,4.0,23:30,https://www.xeno-canto.org/138038,brnowl/XC138038.ogg
brnowl,[],"['begging call', 'call']",0.064,32.479,Tyto alba,Barn Owl,Bram Piot,Creative Commons Attribution-NonCommercial-ShareAlike 3.0,5.0,00:30,https://www.xeno-canto.org/138041,brnowl/XC138041.ogg
brnowl,[],['song'],-8.1952,128.8781,Tyto alba,Barn Owl,Colin Trainor,Creative Commons Attribution-NonCommercial-ShareAlike 3.0,2.0,19:30,https://www.xeno-canto.org/138613,brnowl/XC138613.ogg
brnowl,[],['song'],-7.5503,127.3768,Tyto alba,Barn Owl,Colin Trainor,Creative Commons Attribution-NonCommercial-ShareAlike 3.0,2.0,19:30,https://www.xeno-canto.org/138614,brnowl/XC138614.ogg
brnowl,[],['song'],-7.5503,127.3768,Tyto alba,Barn Owl,Colin Trainor,Creative Commons Attribution-NonCommercial-ShareAlike 3.0,2.0,19:30,https://www.xeno-canto.org/138615,brnowl/XC138615.ogg
brnowl,[],['begging call'],0.064,32.479,Tyto alba,Barn Owl,Bram Piot,Creative Commons Attribution-NonCommercial-ShareAlike 3.0,4.0,22:15,https://www.xeno-canto.org/138676,brnowl/XC138676.ogg
brnowl,[],"['call', 'female', 'male', 'song']",52.9094,1.0867,Tyto alba,Barn Owl,Patrik Åberg,Creative Commons Attribution-NonCommercial-ShareAlike 3.0,5.0,00:00,https://www.xeno-canto.org/143443,brnowl/XC143443.ogg
brnowl,[],"['call', 'female', 'male', 'song']",52.9094,1.0867,Tyto alba,Barn Owl,Patrik Åberg,Creative Commons Attribution-NonCommercial-ShareAlike 3.0,5.0,00:00,https://www.xeno-canto.org/143444,brnowl/XC143444.ogg
brnowl,[],"['call', 'female', 'male', 'song']",52.9094,1.0867,Tyto alba,Barn Owl,Patrik Åberg,Creative Commons Attribution-NonCommercial-ShareAlike 3.0,5.0,00:00,https://www.xeno-canto.org/143445,brnowl/XC143445.ogg
brnowl,[],"['call', 'female', 'male', 'song']",52.9094,1.0867,Tyto alba,Barn Owl,Patrik Åberg,Creative Commons Attribution-NonCommercial-ShareAlike 3.0,5.0,00:00,https://www.xeno-canto.org/143446,brnowl/XC143446.ogg
brnowl,[],['call'],13.198,-87.38,Tyto alba,Barn Owl,Mayron McKewy Mejía,Creative Commons Attribution-NonCommercial-ShareAlike 3.0,4.0,19:30,https://www.xeno-canto.org/145819,brnowl/XC145819.ogg
brnowl,[],"['Night Flight Call', 'Nocturnal Flight Call', 'call,flight call']",42.484,-76.383,Tyto alba,Barn Owl,Chris Tessaglia-Hymes,Creative Commons Attribution-NonCommercial-ShareAlike 3.0,2.5,00:30,https://www.xeno-canto.org/149264,brnowl/XC149264.ogg
brnowl,[],['flight call'],32.5837,-117.0429,Tyto alba,Barn Owl,Paul Marvin,Creative Commons Attribution-NonCommercial-ShareAlike 3.0,3.0,21:46,https://www.xeno-canto.org/149279,brnowl/XC149279.ogg
brnowl,[],['call'],32.5837,-117.0429,Tyto alba,Barn Owl,Paul Marvin,Creative Commons Attribution-NonCommercial-ShareAlike 3.0,4.0,05:31,https://www.xeno-canto.org/149281,brnowl/XC149281.ogg
brnowl,[],['alarm call'],-4.0025,-79.2,Tyto alba,Barn Owl,Leonardo Ordóñez-Delgado,Creative Commons Attribution-NonCommercial-ShareAlike 3.0,5.0,18:30,https://www.xeno-canto.org/152588,brnowl/XC152588.ogg
brnowl,[],['call'],26.5553,-98.068,Tyto alba,Barn Owl,Dan Lane,Creative Commons Attribution-NonCommercial-ShareAlike 3.0,4.5,00:00,https://www.xeno-canto.org/154980,brnowl/XC154980.ogg
brnowl,[],['call'],26.5553,-98.068,Tyto alba,Barn Owl,Dan Lane,Creative Commons Attribution-NonCommercial-ShareAlike 3.0,4.5,00:00,https://www.xeno-canto.org/154981,brnowl/XC154981.ogg
brnowl,[],['call'],26.5553,-98.068,Tyto alba,Barn Owl,Dan Lane,Creative Commons Attribution-NonCommercial-ShareAlike 3.0,5.0,00:30,https://www.xeno-canto.org/154983,brnowl/XC154983.ogg
brnowl,[],['call'],26.5553,-98.068,Tyto alba,Barn Owl,Dan Lane,Creative Commons Attribution-NonCommercial-ShareAlike 3.0,3.5,00:30,https://www.xeno-canto.org/154984,brnowl/XC154984.ogg
brnowl,[],['begging call'],-22.6707,-48.1469,Tyto alba,Barn Owl,Juha Honkala,Creative Commons Attribution-NonCommercial-ShareAlike 3.0,4.0,05:30,https://www.xeno-canto.org/166040,brnowl/XC166040.ogg
brnowl,[],['call'],21.5815,71.3317,Tyto alba,Barn Owl,vir joshi,Creative Commons Attribution-NonCommercial-ShareAlike 3.0,5.0,23:00,https://www.xeno-canto.org/168354,brnowl/XC168354.ogg
brnowl,[],['call'],43.5097,-0.2568,Tyto alba,Barn Owl,Bernard BOUSQUET,Creative Commons Attribution-NonCommercial-ShareAlike 4.0,4.0,22:30,https://www.xeno-canto.org/180966,brnowl/XC180966.ogg
brnowl,[],"['begging call', 'juvenile']",52.9094,1.0867,Tyto alba,Barn Owl,Patrik Åberg,Creative Commons Attribution-NonCommercial-ShareAlike 4.0,5.0,00:00,https://www.xeno-canto.org/186552,brnowl/XC186552.ogg
brnowl,[],['song'],52.9094,1.0867,Tyto alba,Barn Owl,Patrik Åberg,Creative Commons Attribution-NonCommercial-ShareAlike 4.0,5.0,00:00,https://www.xeno-canto.org/186611,brnowl/XC186611.ogg
brnowl,[],['song'],52.9094,1.0867,Tyto alba,Barn Owl,Patrik Åberg,Creative Commons Attribution-NonCommercial-ShareAlike 4.0,5.0,00:00,https://www.xeno-canto.org/186612,brnowl/XC186612.ogg
brnowl,[],['song'],52.9094,1.0867,Tyto alba,Barn Owl,Patrik Åberg,Creative Commons Attribution-NonCommercial-ShareAlike 4.0,5.0,00:00,https://www.xeno-canto.org/186613,brnowl/XC186613.ogg
brnowl,[],['begging call'],52.9094,1.0867,Tyto alba,Barn Owl,Patrik Åberg,Creative Commons Attribution-NonCommercial-ShareAlike 4.0,5.0,00:00,https://www.xeno-canto.org/186649,brnowl/XC186649.ogg
brnowl,[],['call'],41.4168,-70.5621,Tyto alba,Barn Owl,Brian Rusnica,Creative Commons Attribution-NonCommercial-ShareAlike 4.0,4.0,20:00,https://www.xeno-canto.org/189405,brnowl/XC189405.ogg
brnowl,[],['song'],46.47,-1.03,Tyto alba,Barn Owl,Niels Krabbe,Creative Commons Attribution-NonCommercial-ShareAlike 4.0,3.0,02:12,https://www.xeno-canto.org/190165,brnowl/XC190165.ogg
brnowl,[],['Bill click. Call (weak).'],-18.5667,-63.2001,Tyto alba,Barn Owl,Sjoerd Mayer,Creative Commons Attribution-NonCommercial-ShareAlike 3.0,2.5,?,https://www.xeno-canto.org/1951,brnowl/XC1951.ogg
brnowl,[],"['begging call', 'call']",51.6656,5.4949,Tyto alba,Barn Owl,Bart Gras,Creative Commons Attribution-NonCommercial-ShareAlike 4.0,5.0,21:55,https://www.xeno-canto.org/199259,brnowl/XC199259.ogg
brnowl,[],['call'],-6.0295,-77.0459,Tyto alba,Barn Owl,Dan Lane,Creative Commons Attribution-NonCommercial-ShareAlike 4.0,4.0,18:30,https://www.xeno-canto.org/199650,brnowl/XC199650.ogg
brnowl,[],['call'],-9.658,119.831,Tyto alba,Barn Owl,Philippe Verbelen,Creative Commons Attribution-NonCommercial-ShareAlike 4.0,3.0,18:44,https://www.xeno-canto.org/202367,brnowl/XC202367.ogg
brnowl,[],['call'],32.0351,-85.4732,Tyto alba,Barn Owl,John A. Trent,Creative Commons Attribution-NonCommercial-ShareAlike 4.0,4.5,22:00,https://www.xeno-canto.org/202599,brnowl/XC202599.ogg
brnowl,[],"['call', 'female']",49.6992,13.2132,Tyto alba,Barn Owl,David Melichar,Creative Commons Attribution-NonCommercial-ShareAlike 4.0,4.0,22:30,https://www.xeno-canto.org/208102,brnowl/XC208102.ogg
brnowl,[],['call'],22.444,-81.169,Tyto alba,Barn Owl,Andy Mitchell,Creative Commons Attribution-NonCommercial-ShareAlike 4.0,4.0,07:00,https://www.xeno-canto.org/209392,brnowl/XC209392.ogg
brnowl,[],['call'],41.9198,-1.2547,Tyto alba,Barn Owl,Luis Gracia,Creative Commons Attribution-NonCommercial-ShareAlike 4.0,4.0,20:30,https://www.xeno-canto.org/215978,brnowl/XC215978.ogg
brnowl,[],['flight call'],39.8869,-75.7215,Tyto alba,Barn Owl,Kelley Nunn,Creative Commons Attribution-NonCommercial-ShareAlike 4.0,4.0,22:00,https://www.xeno-canto.org/235436,brnowl/XC235436.ogg
brnowl,[],['call'],50.8744,3.3521,Tyto alba,Barn Owl,Eddy Scheinpflug,Creative Commons Attribution-NonCommercial-ShareAlike 4.0,5.0,22:17,https://www.xeno-canto.org/235525,brnowl/XC235525.ogg
brnowl,[],['call'],42.5065,24.3213,Tyto alba,Barn Owl,Nikolay Sariev,Creative Commons Attribution-NonCommercial-ShareAlike 4.0,3.5,00:58,https://www.xeno-canto.org/239642,brnowl/XC239642.ogg
brnowl,[],['call'],4.6741,-72.5743,Tyto alba,Barn Owl,Juan Alejandro Morales Betancourt,Creative Commons Attribution-NonCommercial-ShareAlike 4.0,1.0,01:39,https://www.xeno-canto.org/243719,brnowl/XC243719.ogg
brnowl,[],"['call', 'flight call']",8.5025,76.9472,Tyto alba,Barn Owl,Dilip KG,Creative Commons Attribution-NonCommercial-ShareAlike 4.0,3.0,20:00,https://www.xeno-canto.org/243921,brnowl/XC243921.ogg
brnowl,[],"['call,flight call']",42.485,-76.3835,Tyto alba,Barn Owl,Chris Tessaglia-Hymes,Creative Commons Attribution-NonCommercial-ShareAlike 4.0,3.0,03:32,https://www.xeno-canto.org/244100,brnowl/XC244100.ogg
brnowl,[],['song'],5.3130555555556,-71.368055555556,Tyto alba,Barn Owl,Oscar Humberto Marín Gómez & Juan Pablo López,Creative Commons Attribution-NonCommercial-ShareAlike 3.0,4.0,18:50,https://www.xeno-canto.org/244930,brnowl/XC244930.ogg
brnowl,[],['song'],-4.0025,-79.2,Tyto alba,Barn Owl,Leonardo Ordóñez-Delgado,Creative Commons Attribution-NonCommercial-ShareAlike 4.0,4.0,20:00,https://www.xeno-canto.org/276843,brnowl/XC276843.ogg
brnowl,[],['call'],48.1401,-123.1923,Tyto alba,Barn Owl,Greg Irving,Creative Commons Attribution-NonCommercial-ShareAlike 4.0,5.0,23:35,https://www.xeno-canto.org/277024,brnowl/XC277024.ogg
brnowl,[],['call'],-33.2821,26.4204,Tyto alba,Barn Owl,Lynette Rudman,Creative Commons Attribution-NonCommercial-ShareAlike 4.0,4.0,15:00,https://www.xeno-canto.org/278131,brnowl/XC278131.ogg
brnowl,[],['call'],-8.3005,124.7283,Tyto alba,Barn Owl,Philippe Verbelen,Creative Commons Attribution-NonCommercial-ShareAlike 4.0,3.0,21:37,https://www.xeno-canto.org/278856,brnowl/XC278856.ogg
brnowl,[],['call'],-8.3005,124.7283,Tyto alba,Barn Owl,Philippe Verbelen,Creative Commons Attribution-NonCommercial-ShareAlike 4.0,3.0,21:37,https://www.xeno-canto.org/278857,brnowl/XC278857.ogg
brnowl,[],['song'],-8.292,124.7214,Tyto alba,Barn Owl,Philippe Verbelen,Creative Commons Attribution-NonCommercial-ShareAlike 4.0,2.5,21:37,https://www.xeno-canto.org/278860,brnowl/XC278860.ogg
brnowl,[],['call'],6.654,-75.2004,Tyto alba,Barn Owl,Andrea Lopera-Salazar,Creative Commons Attribution-NonCommercial-ShareAlike 4.0,4.0,21:30,https://www.xeno-canto.org/282298,brnowl/XC282298.ogg
brnowl,[],['begging call'],52.387,5.0037,Tyto alba,Barn Owl,Rob van Bemmelen,Creative Commons Attribution-NonCommercial-ShareAlike 4.0,2.5,23:00,https://www.xeno-canto.org/288887,brnowl/XC288887.ogg
brnowl,[],['call'],-23.6834,-64.8834,Tyto alba,Barn Owl,Niels Krabbe,Creative Commons Attribution-NonCommercial-ShareAlike 3.0,2.5,21:25,https://www.xeno-canto.org/29131,brnowl/XC29131.ogg
brnowl,[],['call'],-33.1166,150.2796,Tyto alba,Barn Owl,Greg McLachlan,Creative Commons Attribution-NonCommercial-ShareAlike 4.0,3.5,20:00,https://www.xeno-canto.org/291466,brnowl/XC291466.ogg
brnowl,[],['call'],49.7006,13.2136,Tyto alba,Barn Owl,David Melichar,Creative Commons Attribution-NonCommercial-ShareAlike 4.0,5.0,19:00,https://www.xeno-canto.org/291522,brnowl/XC291522.ogg
brnowl,[],"['', 'cleaking', 'scream']",47.6798,-122.2622,Tyto alba,Barn Owl,Bruce Lagerquist,Creative Commons Attribution-NonCommercial-ShareAlike 4.0,4.0,00:00,https://www.xeno-canto.org/294965,brnowl/XC294965.ogg
brnowl,[],"['call,begging call']",26.5553,-98.068,Tyto alba,Barn Owl,Dan Lane,Creative Commons Attribution-NonCommercial-ShareAlike 4.0,4.0,22:00,https://www.xeno-canto.org/302319,brnowl/XC302319.ogg
brnowl,[],['call'],13.3145,-87.1911,Tyto alba,Barn Owl,Alfonso Auerbach,Creative Commons Attribution-NonCommercial-ShareAlike 4.0,2.0,07:00,https://www.xeno-canto.org/302374,brnowl/XC302374.ogg
brnowl,[],['flight call'],41.7612,-7.7503,Tyto alba,Barn Owl,Paulo Belo,Creative Commons Attribution-NonCommercial-ShareAlike 4.0,4.0,05:30,https://www.xeno-canto.org/303853,brnowl/XC303853.ogg
brnowl,[],['flight call'],-23.9571,-52.1851,Tyto alba,Barn Owl,Luiz C.  Silva,Creative Commons Attribution-NonCommercial-ShareAlike 4.0,5.0,13:00,https://www.xeno-canto.org/313519,brnowl/XC313519.ogg
brnowl,[],['call'],52.8404,6.7206,Tyto alba,Barn Owl,Liane,Creative Commons Attribution-NonCommercial-ShareAlike 4.0,3.0,22:00,https://www.xeno-canto.org/314005,brnowl/XC314005.ogg
brnowl,[],"['alarm call', 'call']",52.8404,6.7206,Tyto alba,Barn Owl,Liane,Creative Commons Attribution-NonCommercial-ShareAlike 4.0,3.0,22:00,https://www.xeno-canto.org/314007,brnowl/XC314007.ogg
brnowl,[],"['call', 'juvenile']",47.6058,6.9729,Tyto alba,Barn Owl,Olivier SWIFT,Creative Commons Attribution-NonCommercial-ShareAlike 4.0,4.0,23:00,https://www.xeno-canto.org/314156,brnowl/XC314156.ogg
brnowl,[],"['begging call', 'juvenile']",34.808,32.4653,Tyto alba,Barn Owl,Colin Richardson,Creative Commons Attribution-NonCommercial-ShareAlike 4.0,5.0,20:30,https://www.xeno-canto.org/319478,brnowl/XC319478.ogg
brnowl,[],"['begging call', 'juvenile']",34.808,32.4653,Tyto alba,Barn Owl,Colin Richardson,Creative Commons Attribution-NonCommercial-ShareAlike 4.0,5.0,20:30,https://www.xeno-canto.org/319480,brnowl/XC319480.ogg
brnowl,[],['call'],48.1413,-4.2324,Tyto alba,Barn Owl,Yannig Coulomb,Creative Commons Attribution-NonCommercial-ShareAlike 4.0,3.0,23:00,https://www.xeno-canto.org/319901,brnowl/XC319901.ogg
brnowl,[],"['begging call', 'call', 'juvenile']",14.7401,-17.5121,Tyto alba,Barn Owl,Bram Piot,Creative Commons Attribution-NonCommercial-ShareAlike 4.0,5.0,21:30,https://www.xeno-canto.org/320775,brnowl/XC320775.ogg
brnowl,[],"['begging call', 'call', 'juvenile']",14.7401,-17.5121,Tyto alba,Barn Owl,Bram Piot,Creative Commons Attribution-NonCommercial-ShareAlike 4.0,5.0,21:30,https://www.xeno-canto.org/320776,brnowl/XC320776.ogg
brnowl,[],['call'],37.784,-121.9378,Tyto alba,Barn Owl,Steve Lombardi,Creative Commons Attribution-NonCommercial-ShareAlike 4.0,4.0,21:00,https://www.xeno-canto.org/321036,brnowl/XC321036.ogg
brnowl,[],"['begging call', 'juvenile']",14.7401,-17.5121,Tyto alba,Barn Owl,Bram Piot,Creative Commons Attribution-NonCommercial-ShareAlike 4.0,4.5,21:00,https://www.xeno-canto.org/324372,brnowl/XC324372.ogg
brnowl,[],['flight call'],37.3006,-6.3783,Tyto alba,Barn Owl,José Carlos Sires,Creative Commons Attribution-NonCommercial-ShareAlike 4.0,4.0,?,https://www.xeno-canto.org/324853,brnowl/XC324853.ogg
brnowl,[],"['call', 'juvenile']",-15.9008,-49.0292,Tyto alba,Barn Owl,GABRIEL LEITE,Creative Commons Attribution-NonCommercial-ShareAlike 4.0,3.0,20:00,https://www.xeno-canto.org/330539,brnowl/XC330539.ogg
brnowl,[],['call'],52.129,4.3332,Tyto alba,Barn Owl,Merijn Loeve,Creative Commons Attribution-NonCommercial-ShareAlike 4.0,4.5,23:30,https://www.xeno-canto.org/335936,brnowl/XC335936.ogg
brnowl,[],['call'],32.7924,-17.0237,Tyto alba,Barn Owl,Jorick van Arneym,Creative Commons Attribution-NonCommercial-ShareAlike 4.0,3.0,02:44,https://www.xeno-canto.org/337241,brnowl/XC337241.ogg
brnowl,[],"['begging call', 'juvenile']",37.3213,-6.0653,Tyto alba,Barn Owl,José Carlos Sires,Creative Commons Attribution-NonCommercial-ShareAlike 4.0,4.0,?,https://www.xeno-canto.org/341231,brnowl/XC341231.ogg
brnowl,[],"['begging call', 'juvenile']",37.3213,-6.0653,Tyto alba,Barn Owl,José Carlos Sires,Creative Commons Attribution-NonCommercial-ShareAlike 4.0,4.0,?,https://www.xeno-canto.org/341244,brnowl/XC341244.ogg
brnowl,[],"['begging call', 'juvenile']",37.3213,-6.0653,Tyto alba,Barn Owl,José Carlos Sires,Creative Commons Attribution-NonCommercial-ShareAlike 4.0,4.0,?,https://www.xeno-canto.org/341245,brnowl/XC341245.ogg
brnowl,[],"['begging call', 'juvenile']",37.3213,-6.0653,Tyto alba,Barn Owl,José Carlos Sires,Creative Commons Attribution-NonCommercial-ShareAlike 4.0,5.0,?,https://www.xeno-canto.org/341248,brnowl/XC341248.ogg
brnowl,[],['song'],30.8001,34.4618,Tyto alba,Barn Owl,Tero Linjama,Creative Commons Attribution-NonCommercial-ShareAlike 4.0,4.0,07:00,https://www.xeno-canto.org/343141,brnowl/XC343141.ogg
brnowl,[],['Não sei'],-25.881,-52.9061,Tyto alba,Barn Owl,Luis Gustavo Rios,Creative Commons Attribution-NonCommercial-ShareAlike 4.0,3.0,22:00,https://www.xeno-canto.org/343957,brnowl/XC343957.ogg
brnowl,[],['call'],41.6075,-0.7568,Tyto alba,Barn Owl,Luis Gracia,Creative Commons Attribution-ShareAlike 4.0,5.0,07:00,https://www.xeno-canto.org/345927,brnowl/XC345927.ogg
brnowl,[],['begging call'],41.5576,-71.2466,Tyto alba,Barn Owl,Justin Lawson,Creative Commons Attribution-NonCommercial-ShareAlike 4.0,5.0,05:00,https://www.xeno-canto.org/346017,brnowl/XC346017.ogg
brnowl,[],['call'],51.9612,5.8104,Tyto alba,Barn Owl,James Lidster,Creative Commons Attribution-NonCommercial-ShareAlike 4.0,3.0,04:00,https://www.xeno-canto.org/347424,brnowl/XC347424.ogg
brnowl,[],['call'],0.1276,6.6386,Tyto alba,Barn Owl,Philippe Verbelen,Creative Commons Attribution-NonCommercial-ShareAlike 4.0,5.0,18:27,https://www.xeno-canto.org/348456,brnowl/XC348456.ogg
brnowl,[],['call'],0.1276,6.6386,Tyto alba,Barn Owl,Philippe Verbelen,Creative Commons Attribution-NonCommercial-ShareAlike 4.0,0.5,18:49,https://www.xeno-canto.org/348457,brnowl/XC348457.ogg
brnowl,[],['call'],-16.7928,26.9038,Tyto alba,Barn Owl,Lynette Rudman,Creative Commons Attribution-NonCommercial-ShareAlike 4.0,3.0,04:00,https://www.xeno-canto.org/349217,brnowl/XC349217.ogg
brnowl,[],['call'],35.1095,-120.6257,Tyto alba,Barn Owl,Antonio Xeira,Creative Commons Attribution-NonCommercial-ShareAlike 4.0,3.0,05:00,https://www.xeno-canto.org/351291,brnowl/XC351291.ogg
brnowl,[],"['call', 'female', 'male']",-33.7505,20.1976,Tyto alba,Barn Owl,Marion Maclean,Creative Commons Attribution-NonCommercial-ShareAlike 4.0,5.0,21:30,https://www.xeno-canto.org/353109,brnowl/XC353109.ogg
brnowl,[],"['call', 'female', 'male']",-33.7505,20.1976,Tyto alba,Barn Owl,Marion Maclean,Creative Commons Attribution-NonCommercial-ShareAlike 4.0,4.0,21:34,https://www.xeno-canto.org/353112,brnowl/XC353112.ogg
brnowl,[],"['', 'soft call by nest box']",47.6798,-122.2622,Tyto alba,Barn Owl,Bruce Lagerquist,Creative Commons Attribution-NonCommercial-ShareAlike 4.0,5.0,06:30,https://www.xeno-canto.org/353164,brnowl/XC353164.ogg
brnowl,[],['call'],-21.2489,32.3486,Tyto alba,Barn Owl,Derek Solomon,Creative Commons Attribution-NonCommercial-ShareAlike 4.0,2.0,20:30,https://www.xeno-canto.org/356107,brnowl/XC356107.ogg
brnowl,[],['call'],47.2712,7.7442,Tyto alba,Barn Owl,Thomas Lüthi,Creative Commons Attribution-NonCommercial-ShareAlike 4.0,5.0,19:37,https://www.xeno-canto.org/356814,brnowl/XC356814.ogg
brnowl,[],"['Traffic on freeway', 'call']",37.784,-121.9378,Tyto alba,Barn Owl,Steve Lombardi,Creative Commons Attribution-NonCommercial-ShareAlike 4.0,4.0,19:40,https://www.xeno-canto.org/359081,brnowl/XC359081.ogg
brnowl,[],['call'],19.1751,73.1504,Tyto alba,Barn Owl,Kuldeep Mhatre,Creative Commons Attribution-NonCommercial-ShareAlike 4.0,4.0,03:30,https://www.xeno-canto.org/359261,brnowl/XC359261.ogg
brnowl,[],['call'],52.1592,5.3563,Tyto alba,Barn Owl,Johan Jordaans,Creative Commons Attribution-NonCommercial-ShareAlike 4.0,4.0,23:05,https://www.xeno-canto.org/363016,brnowl/XC363016.ogg
brnowl,[],['call'],17.5323,73.5178,Tyto alba,Barn Owl,sachin balkrishna palkar,Creative Commons Attribution-NonCommercial-ShareAlike 4.0,3.0,20:30,https://www.xeno-canto.org/363372,brnowl/XC363372.ogg
brnowl,[],['call'],52.685,12.235,Tyto alba,Barn Owl,Annette Hamann,Creative Commons Attribution-NonCommercial-ShareAlike 4.0,2.0,22:30,https://www.xeno-canto.org/367104,brnowl/XC367104.ogg
brnowl,[],"['flight call', 'male', 'song']",53.4041,22.796,Tyto alba,Barn Owl,Jarek Matusiak,Creative Commons Attribution-NonCommercial-ShareAlike 4.0,5.0,21:20,https://www.xeno-canto.org/370711,brnowl/XC370711.ogg
brnowl,[],['flight call'],44.7186,33.5501,Tyto alba,Barn Owl,Albert Lastukhin,Creative Commons Attribution-NonCommercial-ShareAlike 4.0,4.0,21:00,https://www.xeno-canto.org/375020,brnowl/XC375020.ogg
brnowl,[],['call'],44.7186,33.5501,Tyto alba,Barn Owl,Albert Lastukhin,Creative Commons Attribution-NonCommercial-ShareAlike 4.0,4.0,22:00,https://www.xeno-canto.org/375022,brnowl/XC375022.ogg
brnowl,[],['flight call'],51.94,5.9038,Tyto alba,Barn Owl,Joost van Bruggen,Creative Commons Attribution-NonCommercial-ShareAlike 4.0,5.0,02:16,https://www.xeno-canto.org/384166,brnowl/XC384166.ogg
brnowl,[],['flight call'],45.7954,8.6933,Tyto alba,Barn Owl,Luca Giussani,Creative Commons Attribution-NonCommercial-ShareAlike 4.0,4.0,22:20,https://www.xeno-canto.org/387822,brnowl/XC387822.ogg
brnowl,[],['call'],49.0782,8.3874,Tyto alba,Barn Owl,brickegickel,Creative Commons Attribution-NonCommercial-ShareAlike 4.0,5.0,05:30,https://www.xeno-canto.org/388102,brnowl/XC388102.ogg
brnowl,[],['call'],49.0782,8.3874,Tyto alba,Barn Owl,brickegickel,Creative Commons Attribution-NonCommercial-ShareAlike 4.0,5.0,05:30,https://www.xeno-canto.org/388147,brnowl/XC388147.ogg
brnowl,[],"['call', 'female', 'male']",-25.5898,28.3303,Tyto alba,Barn Owl,Werner van der Walt,Creative Commons Attribution-NonCommercial-ShareAlike 4.0,3.5,21:00,https://www.xeno-canto.org/391911,brnowl/XC391911.ogg
brnowl,[],['flight call'],40.5688,-105.1275,Tyto alba,Barn Owl,Nick Komar,Creative Commons Attribution-NonCommercial-ShareAlike 4.0,3.0,23:15,https://www.xeno-canto.org/395018,brnowl/XC395018.ogg
brnowl,[],['call'],23.8462,72.1921,Tyto alba,Barn Owl,Viral Patel & Pankaj Maheria,Creative Commons Attribution-NonCommercial-ShareAlike 4.0,5.0,20:00,https://www.xeno-canto.org/399660,brnowl/XC399660.ogg
brnowl,[],"['call,flight call,begging call']",20.9984,-77.7106,Tyto alba,Barn Owl,Julia Wittmann,Creative Commons Attribution-NonCommercial-ShareAlike 4.0,5.0,18:50,https://www.xeno-canto.org/406759,brnowl/XC406759.ogg
brnowl,[],"['call,flight call,begging call']",20.9984,-77.7106,Tyto alba,Barn Owl,Julia Wittmann,Creative Commons Attribution-NonCommercial-ShareAlike 4.0,5.0,18:50,https://www.xeno-canto.org/406760,brnowl/XC406760.ogg
brnowl,[],"['call', 'flight call']",47.2712,7.7442,Tyto alba,Barn Owl,Thomas Lüthi,Creative Commons Attribution-NonCommercial-ShareAlike 4.0,4.0,20:00,https://www.xeno-canto.org/407153,brnowl/XC407153.ogg
brnowl,[],"['call', 'juvenile']",-5.8352,-35.1901,Tyto alba,Barn Owl,Rafael Lima,Creative Commons Attribution-NonCommercial-ShareAlike 4.0,3.0,22:46,https://www.xeno-canto.org/408159,brnowl/XC408159.ogg
brnowl,[],['call'],10.7589,78.8132,Tyto alba,Barn Owl,Amol Mande,Creative Commons Attribution-NonCommercial-ShareAlike 4.0,5.0,21:00,https://www.xeno-canto.org/409529,brnowl/XC409529.ogg
brnowl,[],['alarm call'],28.7664,-80.8623,Tyto alba,Barn Owl,Paul Marvin,Creative Commons Attribution-NonCommercial-ShareAlike 4.0,5.0,05:22,https://www.xeno-canto.org/413554,brnowl/XC413554.ogg
brnowl,[],['call'],-31.9289,25.3109,Tyto alba,Barn Owl,Alan Collett,Creative Commons Attribution-NonCommercial-ShareAlike 4.0,3.0,19:30,https://www.xeno-canto.org/416217,brnowl/XC416217.ogg
brnowl,[],['call'],32.7241,-17.157,Tyto alba,Barn Owl,Hugo Wieleman,Creative Commons Attribution-NonCommercial-ShareAlike 4.0,5.0,23:00,https://www.xeno-canto.org/420920,brnowl/XC420920.ogg
brnowl,[],['call'],50.0799,15.0349,Tyto alba,Barn Owl,Jan Studecky,Creative Commons Attribution-NonCommercial-ShareAlike 4.0,1.0,01:53,https://www.xeno-canto.org/422832,brnowl/XC422832.ogg
brnowl,[],"['alarm call,juvenile']",-16.6156,-48.7405,Tyto alba,Barn Owl,JAYRSON ARAUJO DE OLIVEIRA,Creative Commons Attribution-NonCommercial-ShareAlike 4.0,5.0,13:49,https://www.xeno-canto.org/424193,brnowl/XC424193.ogg
brnowl,[],['call'],41.8259,-7.7911,Tyto alba,Barn Owl,Jorge Leitão,Creative Commons Attribution-NonCommercial-ShareAlike 4.0,3.0,22:10,https://www.xeno-canto.org/425790,brnowl/XC425790.ogg
brnowl,[],"['abberant call', 'flight call']",37.1976,-6.1841,Tyto alba,Barn Owl,Joost van Bruggen,Creative Commons Attribution-ShareAlike 4.0,5.0,00:55,https://www.xeno-canto.org/432000,brnowl/XC432000.ogg
brnowl,[],['flight call'],52.2183,0.1441,Tyto alba,Barn Owl,Simon Gillings,Creative Commons Attribution-NonCommercial-ShareAlike 4.0,4.0,02:18,https://www.xeno-canto.org/432861,brnowl/XC432861.ogg
brnowl,[],['flight call'],51.94,5.9038,Tyto alba,Barn Owl,Joost van Bruggen,Creative Commons Attribution-ShareAlike 4.0,3.5,01:17,https://www.xeno-canto.org/433736,brnowl/XC433736.ogg
brnowl,[],"['flight call', 'nocturnal flight call']",52.4504,5.5613,Tyto alba,Barn Owl,G Berger,Creative Commons Attribution-NonCommercial-ShareAlike 4.0,3.0,00:40,https://www.xeno-canto.org/434151,brnowl/XC434151.ogg
brnowl,[],"['flight call', 'nocturnal flight call']",52.4504,5.5613,Tyto alba,Barn Owl,G Berger,Creative Commons Attribution-NonCommercial-ShareAlike 4.0,5.0,03:00,https://www.xeno-canto.org/434210,brnowl/XC434210.ogg
brnowl,[],"['flight call', 'nocturnal flight call']",53.4053,5.3801,Tyto alba,Barn Owl,Joost van Bruggen,Creative Commons Attribution-ShareAlike 4.0,4.0,22:18,https://www.xeno-canto.org/436946,brnowl/XC436946.ogg
brnowl,[],"['flight call', 'nocturnal flight call']",51.94,5.9038,Tyto alba,Barn Owl,Joost van Bruggen,Creative Commons Attribution-ShareAlike 4.0,5.0,23:31,https://www.xeno-canto.org/436948,brnowl/XC436948.ogg
brnowl,[],"['Nocmig Call', 'flight call']",52.2575,-1.3147,Tyto alba,Barn Owl,Keith Yates,Creative Commons Attribution-NonCommercial-ShareAlike 4.0,4.0,03:00,https://www.xeno-canto.org/440099,brnowl/XC440099.ogg
brnowl,[],['call'],24.3961,55.4364,Tyto alba,Barn Owl,Geoffrey Monchaux,Creative Commons Attribution-NonCommercial-ShareAlike 4.0,4.0,02:05,https://www.xeno-canto.org/441277,brnowl/XC441277.ogg
brnowl,[],['begging call'],52.9456,-2.5113,Tyto alba,Barn Owl,Huw Lloyd,Creative Commons Attribution-NonCommercial-ShareAlike 4.0,3.0,02:30,https://www.xeno-canto.org/441454,brnowl/XC441454.ogg
brnowl,[],['call'],52.9456,-2.5113,Tyto alba,Barn Owl,Huw Lloyd,Creative Commons Attribution-NonCommercial-ShareAlike 4.0,4.0,03:00,https://www.xeno-canto.org/441455,brnowl/XC441455.ogg
brnowl,[],['flight call'],42.7272,2.9837,Tyto alba,Barn Owl,Quentin GIRAUDON,Creative Commons Attribution-NonCommercial-ShareAlike 4.0,3.0,04:30,https://www.xeno-canto.org/442100,brnowl/XC442100.ogg
brnowl,[],['call'],49.0834,8.3874,Tyto alba,Barn Owl,brickegickel,Creative Commons Attribution-NonCommercial-ShareAlike 4.0,4.0,06:00,https://www.xeno-canto.org/443641,brnowl/XC443641.ogg
brnowl,[],['call'],49.0834,8.3874,Tyto alba,Barn Owl,brickegickel,Creative Commons Attribution-NonCommercial-ShareAlike 4.0,4.0,06:00,https://www.xeno-canto.org/443642,brnowl/XC443642.ogg
brnowl,[],['call'],-27.2339,26.6189,Tyto alba,Barn Owl,Tony Archer,Creative Commons Attribution-NonCommercial-ShareAlike 4.0,2.0,10:00,https://www.xeno-canto.org/446727,brnowl/XC446727.ogg
brnowl,[],['flight call'],45.5679,1.2926,Tyto alba,Barn Owl,AUDEVARD Aurélien,Creative Commons Attribution-NonCommercial-ShareAlike 4.0,4.5,22:00,https://www.xeno-canto.org/447058,brnowl/XC447058.ogg
brnowl,[],['flight call'],45.5679,1.2926,Tyto alba,Barn Owl,AUDEVARD Aurélien,Creative Commons Attribution-NonCommercial-ShareAlike 4.0,5.0,22:00,https://www.xeno-canto.org/447061,brnowl/XC447061.ogg
brnowl,[],['call'],-27.2491,26.6477,Tyto alba,Barn Owl,Tony Archer,Creative Commons Attribution-NonCommercial-ShareAlike 4.0,2.0,10:00,https://www.xeno-canto.org/447820,brnowl/XC447820.ogg
brnowl,[],['call'],-26.6646,26.5401,Tyto alba,Barn Owl,Tony Archer,Creative Commons Attribution-NonCommercial-ShareAlike 4.0,4.5,05:00,https://www.xeno-canto.org/451924,brnowl/XC451924.ogg
brnowl,[],['call'],-26.7365,26.7085,Tyto alba,Barn Owl,Tony Archer,Creative Commons Attribution-NonCommercial-ShareAlike 4.0,3.0,05:30,https://www.xeno-canto.org/459082,brnowl/XC459082.ogg
brnowl,[],"['call', 'female', 'male']",-35.2501,-59.2167,Tyto alba,Barn Owl,Rosendo Manuel Fraga,Creative Commons Attribution-NonCommercial-ShareAlike 4.0,0.0,20:30,https://www.xeno-canto.org/463374,brnowl/XC463374.ogg
brnowl,[],['song'],39.4699,-8.0305,Tyto alba,Barn Owl,Paulo Alves,Creative Commons Attribution-NonCommercial-ShareAlike 4.0,3.0,21:00,https://www.xeno-canto.org/463882,brnowl/XC463882.ogg
brnowl,[],['call'],53.4915,22.7376,Tyto alba,Barn Owl,Ireneusz Oleksik,Creative Commons Attribution-NonCommercial-ShareAlike 4.0,3.0,22:30,https://www.xeno-canto.org/466540,brnowl/XC466540.ogg
brnowl,[],['song'],47.4796,7.4566,Tyto alba,Barn Owl,Nicolas Martinez,Creative Commons Attribution-NonCommercial-ShareAlike 4.0,0.0,23:00,https://www.xeno-canto.org/471934,brnowl/XC471934.ogg
brnowl,[],['call'],50.9792,11.6006,Tyto alba,Barn Owl,Christoph,Creative Commons Attribution-NonCommercial-ShareAlike 4.0,5.0,02:00,https://www.xeno-canto.org/473895,brnowl/XC473895.ogg
brnowl,[],['song'],53.1755,-2.3069,Tyto alba,Barn Owl,Huw Lloyd,Creative Commons Attribution-NonCommercial-ShareAlike 4.0,5.0,22:00,https://www.xeno-canto.org/476282,brnowl/XC476282.ogg
brnowl,[],['flight call'],48.6858,1.9892,Tyto alba,Barn Owl,Stanislas Wroza,Creative Commons Attribution-NonCommercial-ShareAlike 4.0,0.0,02:00,https://www.xeno-canto.org/476818,brnowl/XC476818.ogg
brnowl,[],['begging call'],48.6858,1.9892,Tyto alba,Barn Owl,Stanislas Wroza,Creative Commons Attribution-NonCommercial-ShareAlike 4.0,5.0,02:00,https://www.xeno-canto.org/476819,brnowl/XC476819.ogg
brnowl,[],['begging call'],48.6858,1.9892,Tyto alba,Barn Owl,Stanislas Wroza,Creative Commons Attribution-NonCommercial-ShareAlike 4.0,0.0,02:00,https://www.xeno-canto.org/476820,brnowl/XC476820.ogg
brnowl,[],"['alarm call', 'call', 'female', 'flight call', 'male', 'song']",48.6858,1.9892,Tyto alba,Barn Owl,Stanislas Wroza,Creative Commons Attribution-NonCommercial-ShareAlike 4.0,5.0,02:00,https://www.xeno-canto.org/476821,brnowl/XC476821.ogg
brnowl,[],"['flight call', 'nocturnal flight call']",52.2183,0.1441,Tyto alba,Barn Owl,Simon Gillings,Creative Commons Attribution-NonCommercial-ShareAlike 4.0,5.0,01:01,https://www.xeno-canto.org/478801,brnowl/XC478801.ogg
brnowl,[],"['NFC', 'Nocturnal flight call', 'flight call', 'song']",42.7285,2.9876,Tyto alba,Barn Owl,Quentin GIRAUDON,Creative Commons Attribution-NonCommercial-ShareAlike 4.0,4.0,02:00,https://www.xeno-canto.org/478930,brnowl/XC478930.ogg
brnowl,[],['call'],-26.9162,26.401,Tyto alba,Barn Owl,Tony Archer,Creative Commons Attribution-NonCommercial-ShareAlike 4.0,4.0,06:30,https://www.xeno-canto.org/479324,brnowl/XC479324.ogg
brnowl,[],"['begging call', 'call']",51.8261,5.9319,Tyto alba,Barn Owl,J. Veeken,Creative Commons Attribution-NonCommercial-ShareAlike 4.0,5.0,00:30,https://www.xeno-canto.org/480257,brnowl/XC480257.ogg
brnowl,[],"['call', 'flight call', 'nocturnal flight call']",52.0172,-0.34,Tyto alba,Barn Owl,James P,Creative Commons Attribution-NonCommercial-ShareAlike 4.0,3.0,02:17,https://www.xeno-canto.org/482060,brnowl/XC482060.ogg
brnowl,[],"['alarm call', 'juvenile']",19.392,-99.241,Tyto alba,Barn Owl,Manuel Grosselet,Creative Commons Attribution-NonCommercial-ShareAlike 4.0,5.0,09:30,https://www.xeno-canto.org/483357,brnowl/XC483357.ogg
brnowl,['mallar3'],['song'],46.3335,1.4531,Tyto alba,Barn Owl,Olivier SWIFT,Creative Commons Attribution-NonCommercial-ShareAlike 4.0,2.5,22:00,https://www.xeno-canto.org/484049,brnowl/XC484049.ogg
brnowl,[],['call'],50.3431,5.1495,Tyto alba,Barn Owl,"Walravens, Eric",Creative Commons Attribution-NonCommercial-ShareAlike 4.0,4.0,22:05,https://www.xeno-canto.org/486273,brnowl/XC486273.ogg
brnowl,[],['flight call'],52.1418,5.3724,Tyto alba,Barn Owl,Frank Pierik,Creative Commons Attribution-NonCommercial-ShareAlike 4.0,2.0,02:39,https://www.xeno-canto.org/491792,brnowl/XC491792.ogg
brnowl,[],['call'],53.1091,17.1755,Tyto alba,Barn Owl,Ireneusz Oleksik,Creative Commons Attribution-NonCommercial-ShareAlike 4.0,4.0,03:13,https://www.xeno-canto.org/493522,brnowl/XC493522.ogg
brnowl,[],['call'],52.3559,4.9373,Tyto alba,Barn Owl,guus van duin,Creative Commons Attribution-NonCommercial-ShareAlike 4.0,5.0,03:00,https://www.xeno-canto.org/493908,brnowl/XC493908.ogg
brnowl,[],['nocturnal flight call'],53.7476,9.67,Tyto alba,Barn Owl,Paul Ehlers,Creative Commons Attribution-NonCommercial-ShareAlike 4.0,0.0,22:00,https://www.xeno-canto.org/496312,brnowl/XC496312.ogg
brnowl,[],"['call', 'flight call']",52.0172,-0.34,Tyto alba,Barn Owl,James P,Creative Commons Attribution-NonCommercial-ShareAlike 4.0,5.0,02:30,https://www.xeno-canto.org/497852,brnowl/XC497852.ogg
brnowl,[],['begging call'],-15.2798,-39.0897,Tyto alba,Barn Owl,Dante Buzzetti,Creative Commons Attribution-NonCommercial-ShareAlike 4.0,4.0,17:50,https://www.xeno-canto.org/497971,brnowl/XC497971.ogg
brnowl,[],['call'],52.0193,5.1852,Tyto alba,Barn Owl,Lauren Zwemer,Creative Commons Attribution-NonCommercial-ShareAlike 4.0,4.0,04:51,https://www.xeno-canto.org/499718,brnowl/XC499718.ogg
brnowl,[],['call'],53.9299,-2.9833,Tyto alba,Barn Owl,Chris Batty,Creative Commons Attribution-NonCommercial-ShareAlike 4.0,3.0,01:00,https://www.xeno-canto.org/500379,brnowl/XC500379.ogg
brnowl,[],['call'],53.9299,-2.9833,Tyto alba,Barn Owl,Chris Batty,Creative Commons Attribution-NonCommercial-ShareAlike 4.0,2.5,04:26,https://www.xeno-canto.org/500384,brnowl/XC500384.ogg
brnowl,[],['call'],53.9299,-2.9833,Tyto alba,Barn Owl,Chris Batty,Creative Commons Attribution-NonCommercial-ShareAlike 4.0,3.0,23:24,https://www.xeno-canto.org/500385,brnowl/XC500385.ogg
brnowl,[],['call'],53.9299,-2.9833,Tyto alba,Barn Owl,Chris Batty,Creative Commons Attribution-NonCommercial-ShareAlike 4.0,2.5,01:53,https://www.xeno-canto.org/500386,brnowl/XC500386.ogg
brnowl,[],['call'],15.4542,73.8306,Tyto alba,Barn Owl,Andrew Mascarenhas,Creative Commons Attribution-NonCommercial-ShareAlike 4.0,5.0,19:30,https://www.xeno-canto.org/500733,brnowl/XC500733.ogg
brnowl,[],['flight call'],48.8299,9.1514,Tyto alba,Barn Owl,Christoph Himmel,Creative Commons Attribution-NonCommercial-ShareAlike 4.0,4.0,23:30,https://www.xeno-canto.org/502756,brnowl/XC502756.ogg
brnowl,[],"['begging call', 'juvenile', 'sex uncertain']",-22.3557,-44.7949,Tyto alba,Barn Owl,Ricardo José Mitidieri,Creative Commons Attribution-NonCommercial-ShareAlike 4.0,0.0,20:15,https://www.xeno-canto.org/503658,brnowl/XC503658.ogg
brnowl,[],"['life stage uncertain', 'nocturnal flight call', 'sex uncertain']",52.3857,-1.7909,Tyto alba,Barn Owl,John Sirrett,Creative Commons Attribution-NonCommercial-ShareAlike 4.0,0.0,22:30,https://www.xeno-canto.org/505587,brnowl/XC505587.ogg
brnowl,[],['nocturnal flight call'],52.0773,4.7608,Tyto alba,Barn Owl,Martin Fousert,Creative Commons Attribution-NonCommercial-ShareAlike 4.0,2.0,01:13,https://www.xeno-canto.org/507555,brnowl/XC507555.ogg
brnowl,[],"['adult', 'female', 'flight call', 'male']",37.0498,-7.9505,Tyto alba,Barn Owl,Nelson Conceição,Creative Commons Attribution-NonCommercial-ShareAlike 4.0,4.0,20:41,https://www.xeno-canto.org/509290,brnowl/XC509290.ogg
brnowl,[],"['adult', 'female', 'flight call', 'male']",37.0498,-7.9505,Tyto alba,Barn Owl,Nelson Conceição,Creative Commons Attribution-NonCommercial-ShareAlike 4.0,4.0,20:43,https://www.xeno-canto.org/509291,brnowl/XC509291.ogg
brnowl,['brnowl'],"['begging call', 'hatchling or nestling', 'sex uncertain']",54.618,-6.2134,Tyto alba,Barn Owl,Ciarán Walsh,Creative Commons Attribution-NonCommercial-ShareAlike 4.0,4.5,22:30,https://www.xeno-canto.org/510735,brnowl/XC510735.ogg
brnowl,[],['nocturnal flight call'],43.5352,-1.4475,Tyto alba,Barn Owl,Frédéric Cazaban,Creative Commons Attribution-NonCommercial-ShareAlike 4.0,4.0,01:00,https://www.xeno-canto.org/510810,brnowl/XC510810.ogg
brnowl,[],['song'],-34.234167,-58.886111,Tyto alba,Barn Owl,Bernabe Lopez-Lanus,Creative Commons Attribution-NonCommercial-ShareAlike 3.0,3.0,?:?,https://www.xeno-canto.org/51608,brnowl/XC51608.ogg
brnowl,[],"['Possibly a food begging call.', 'hatchling or nestling', 'sex uncertain']",18.6472,72.8903,Tyto alba,Barn Owl,Tushar Bhagwat,Creative Commons Attribution-NonCommercial-ShareAlike 4.0,0.0,19:24,https://www.xeno-canto.org/518955,brnowl/XC518955.ogg
brnowl,[],"['adult', 'call', 'female', 'male']",-26.6552,26.4968,Tyto alba,Barn Owl,Tony Archer,Creative Commons Attribution-NonCommercial-ShareAlike 4.0,3.0,05:00,https://www.xeno-canto.org/520405,brnowl/XC520405.ogg
brnowl,[],"['adult', 'song']",54.6502,-6.2378,Tyto alba,Barn Owl,Ciarán Walsh,Creative Commons Attribution-NonCommercial-ShareAlike 4.0,0.0,18:07,https://www.xeno-canto.org/524312,brnowl/XC524312.ogg
brnowl,[],"['call', 'flight call', 'nocturnal flight call']",53.9299,-2.9833,Tyto alba,Barn Owl,Chris Batty,Creative Commons Attribution-NonCommercial-ShareAlike 4.0,3.0,22:37,https://www.xeno-canto.org/524626,brnowl/XC524626.ogg
brnowl,[],['nocturnal flight call'],48.4549,-5.1297,Tyto alba,Barn Owl,Stanislas Wroza,Creative Commons Attribution-NonCommercial-ShareAlike 4.0,4.0,01:00,https://www.xeno-canto.org/526890,brnowl/XC526890.ogg
brnowl,[],"['adult', 'nocturnal flight call']",54.6407,-6.262,Tyto alba,Barn Owl,Ciarán Walsh,Creative Commons Attribution-NonCommercial-ShareAlike 4.0,5.0,21:15,https://www.xeno-canto.org/527828,brnowl/XC527828.ogg
brnowl,[],"['call', 'nocturnal flight call']",51.9612,5.8104,Tyto alba,Barn Owl,James Lidster,Creative Commons Attribution-NonCommercial-ShareAlike 4.0,5.0,05:00,https://www.xeno-canto.org/528101,brnowl/XC528101.ogg
brnowl,[],"['call', 'nocturnal flight call']",47.5399,7.5964,Tyto alba,Barn Owl,Samuel Büttler,Creative Commons Attribution-NonCommercial-ShareAlike 4.0,4.0,03:50,https://www.xeno-canto.org/530385,brnowl/XC530385.ogg
brnowl,[],['flight call'],37.1379,-7.6303,Tyto alba,Barn Owl,Nelson Conceição,Creative Commons Attribution-NonCommercial-ShareAlike 4.0,4.0,23:59,https://www.xeno-canto.org/532126,brnowl/XC532126.ogg
brnowl,[],"['female', 'flight call', 'male']",37.1379,-7.6303,Tyto alba,Barn Owl,Nelson Conceição,Creative Commons Attribution-NonCommercial-ShareAlike 4.0,4.0,01:06,https://www.xeno-canto.org/532130,brnowl/XC532130.ogg
brnowl,[],"['adult', 'call', 'sex uncertain']",41.1684,0.974,Tyto alba,Barn Owl,Xavier Riera,Creative Commons Attribution-NonCommercial-ShareAlike 4.0,5.0,06:00,https://www.xeno-canto.org/534826,brnowl/XC534826.ogg
brnowl,[],"['flight call', 'nocturnal flight call']",52.0831,5.6141,Tyto alba,Barn Owl,Jorrit Vlot,Creative Commons Attribution-NonCommercial-ShareAlike 4.0,5.0,22:30,https://www.xeno-canto.org/535968,brnowl/XC535968.ogg
brnowl,[],['song'],51.4131,6.0427,Tyto alba,Barn Owl,Geert Lamers,Creative Commons Attribution-NonCommercial-ShareAlike 4.0,0.0,02:15,https://www.xeno-canto.org/536263,brnowl/XC536263.ogg
brnowl,[],"['call', 'nocturnal flight call', 'sex uncertain']",53.4697,9.7893,Tyto alba,Barn Owl,Lars Burnus,Creative Commons Attribution-NonCommercial-ShareAlike 4.0,5.0,23:17,https://www.xeno-canto.org/536600,brnowl/XC536600.ogg
brnowl,[],['nocturnal flight call'],52.0831,5.6141,Tyto alba,Barn Owl,Jorrit Vlot,Creative Commons Attribution-NonCommercial-ShareAlike 4.0,4.0,21:00,https://www.xeno-canto.org/536637,brnowl/XC536637.ogg
brnowl,[],"['female', 'flight call', 'male', 'song']",45.2867,4.8289,Tyto alba,Barn Owl,Vincent Palomares,Creative Commons Attribution-NonCommercial-ShareAlike 4.0,5.0,20:30,https://www.xeno-canto.org/537640,brnowl/XC537640.ogg
brnowl,[],"['adult', 'call', 'male', 'nocturnal flight call']",54.6456,-6.2613,Tyto alba,Barn Owl,Ciarán Walsh,Creative Commons Attribution-NonCommercial-ShareAlike 4.0,5.0,20:30,https://www.xeno-canto.org/537722,brnowl/XC537722.ogg
brnowl,[],['nocturnal flight call'],51.9839,5.3368,Tyto alba,Barn Owl,Peter van Vlaardingen,Creative Commons Attribution-NonCommercial-ShareAlike 4.0,3.0,02:27,https://www.xeno-canto.org/538088,brnowl/XC538088.ogg
brnowl,[],['song'],50.1845,8.7516,Tyto alba,Barn Owl,brickegickel,Creative Commons Attribution-NonCommercial-ShareAlike 4.0,3.0,01:30,https://www.xeno-canto.org/538535,brnowl/XC538535.ogg
brnowl,[],"['call', 'flight call']",48.8441,2.0031,Tyto alba,Barn Owl,Stanislas Wroza,Creative Commons Attribution-NonCommercial-ShareAlike 4.0,0.0,00:00,https://www.xeno-canto.org/538679,brnowl/XC538679.ogg
brnowl,[],['song'],47.9189,-2.2797,Tyto alba,Barn Owl,Gaëtan Mineau,Creative Commons Attribution-NonCommercial-ShareAlike 4.0,5.0,01:00,https://www.xeno-canto.org/539087,brnowl/XC539087.ogg
brnowl,[],['song'],47.9189,-2.2797,Tyto alba,Barn Owl,Gaëtan Mineau,Creative Commons Attribution-NonCommercial-ShareAlike 4.0,5.0,01:00,https://www.xeno-canto.org/539097,brnowl/XC539097.ogg
brnowl,[],['nocturnal flight call'],56.4516,10.1732,Tyto alba,Barn Owl,j.dencker@gmail.com,Creative Commons Attribution-NonCommercial-ShareAlike 4.0,3.0,03:00,https://www.xeno-canto.org/539319,brnowl/XC539319.ogg
brnowl,[],"['alarm call', 'female', 'flight call', 'male']",48.8441,2.0031,Tyto alba,Barn Owl,Stanislas Wroza,Creative Commons Attribution-NonCommercial-ShareAlike 4.0,5.0,02:30,https://www.xeno-canto.org/540470,brnowl/XC540470.ogg
brnowl,[],['flight call'],48.8441,2.0031,Tyto alba,Barn Owl,Stanislas Wroza,Creative Commons Attribution-NonCommercial-ShareAlike 4.0,5.0,02:30,https://www.xeno-canto.org/540471,brnowl/XC540471.ogg
brnowl,[],"['arrival at the nest', 'flight call']",48.8441,2.0031,Tyto alba,Barn Owl,Stanislas Wroza,Creative Commons Attribution-NonCommercial-ShareAlike 4.0,0.0,02:30,https://www.xeno-canto.org/540473,brnowl/XC540473.ogg
brnowl,[],"['call', 'nocturnal flight call']",52.8846,1.2979,Tyto alba,Barn Owl,Kieran Nixon,Creative Commons Attribution-NonCommercial-ShareAlike 4.0,4.0,02:30,https://www.xeno-canto.org/540744,brnowl/XC540744.ogg
brnowl,[],['call'],51.1715,-0.5644,Tyto alba,Barn Owl,Ed Stubbs,Creative Commons Attribution-NonCommercial-ShareAlike 4.0,1.0,03:23,https://www.xeno-canto.org/540818,brnowl/XC540818.ogg
brnowl,[],['nocturnal flight call'],51.9839,5.3368,Tyto alba,Barn Owl,Peter van Vlaardingen,Creative Commons Attribution-NonCommercial-ShareAlike 4.0,4.0,01:24,https://www.xeno-canto.org/541380,brnowl/XC541380.ogg
brnowl,[],"['adult', 'call', 'sex uncertain']",40.4857,-4.1741,Tyto alba,Barn Owl,John Muddeman,Creative Commons Attribution-NonCommercial-ShareAlike 4.0,0.0,23:00,https://www.xeno-canto.org/541536,brnowl/XC541536.ogg
brnowl,[],"['adult', 'call', 'sex uncertain']",56.2854,-3.678,Tyto alba,Barn Owl,Jonathan Daisley,Creative Commons Attribution-NonCommercial-ShareAlike 4.0,4.0,02:30,https://www.xeno-canto.org/541825,brnowl/XC541825.ogg
brnowl,[],"['aberrant', 'flight call']",53.5342,8.6032,Tyto alba,Barn Owl,Franck Hollander,Creative Commons Attribution-NonCommercial-ShareAlike 4.0,0.0,22:00,https://www.xeno-canto.org/542128,brnowl/XC542128.ogg
brnowl,[],"['call', 'nocturnal flight call']",52.8832,1.2917,Tyto alba,Barn Owl,Kieran Nixon,Creative Commons Attribution-NonCommercial-ShareAlike 4.0,5.0,04:30,https://www.xeno-canto.org/542216,brnowl/XC542216.ogg
brnowl,[],['call'],43.6141,3.8743,Tyto alba,Barn Owl,Boris Delahaie,Creative Commons Attribution-NonCommercial-ShareAlike 4.0,4.0,21:14,https://www.xeno-canto.org/542328,brnowl/XC542328.ogg
brnowl,[],['song'],53.1755,-2.3069,Tyto alba,Barn Owl,Huw Lloyd,Creative Commons Attribution-NonCommercial-ShareAlike 4.0,2.0,20:00,https://www.xeno-canto.org/542397,brnowl/XC542397.ogg
brnowl,[],"['adult', 'call', 'nocturnal flight call']",51.6944,3.7462,Tyto alba,Barn Owl,Maarten Sluijter,Creative Commons Attribution-NonCommercial-ShareAlike 4.0,5.0,00:47,https://www.xeno-canto.org/542402,brnowl/XC542402.ogg
brnowl,[],"['flight call', 'squeaky call']",48.845,1.9989,Tyto alba,Barn Owl,Stanislas Wroza,Creative Commons Attribution-NonCommercial-ShareAlike 4.0,0.0,03:00,https://www.xeno-canto.org/542912,brnowl/XC542912.ogg
brnowl,[],['call'],44.0635,1.9515,Tyto alba,Barn Owl,Cedric Mroczko,Creative Commons Attribution-NonCommercial-ShareAlike 4.0,3.0,02:20,https://www.xeno-canto.org/543693,brnowl/XC543693.ogg
brnowl,[],['call'],42.827,13.7118,Tyto alba,Barn Owl,Dimitri,Creative Commons Attribution-NonCommercial-ShareAlike 4.0,3.5,00:30,https://www.xeno-canto.org/543907,brnowl/XC543907.ogg
brnowl,[],"['call', 'nocturnal flight call']",51.1724,4.3357,Tyto alba,Barn Owl,Joachim Pintens,Creative Commons Attribution-NonCommercial-ShareAlike 4.0,4.0,00:30,https://www.xeno-canto.org/543916,brnowl/XC543916.ogg
brnowl,[],"['flight call', 'nocturnal flight call']",37.1379,-7.6303,Tyto alba,Barn Owl,Nelson Conceição,Creative Commons Attribution-NonCommercial-ShareAlike 4.0,4.0,00:04,https://www.xeno-canto.org/544496,brnowl/XC544496.ogg
brnowl,[],['flight call'],44.0635,1.9515,Tyto alba,Barn Owl,Cedric Mroczko,Creative Commons Attribution-NonCommercial-ShareAlike 4.0,4.0,02:15,https://www.xeno-canto.org/544624,brnowl/XC544624.ogg
brnowl,[],"['adult', 'call', 'flight call', 'male', 'song']",45.999,1.4672,Tyto alba,Barn Owl,Erwan Fressinaud Mas de Feix,Creative Commons Attribution-NonCommercial-ShareAlike 4.0,5.0,01:00,https://www.xeno-canto.org/544634,brnowl/XC544634.ogg
brnowl,[],"['adult', 'call']",54.0113,-0.3886,Tyto alba,Barn Owl,James Spencer,Creative Commons Attribution-NonCommercial-ShareAlike 4.0,2.5,20:41,https://www.xeno-canto.org/544661,brnowl/XC544661.ogg
brnowl,[],"['adult', 'nocturnal flight call', 'sex uncertain']",41.7494,2.1151,Tyto alba,Barn Owl,ramiro aibar pujol,Creative Commons Attribution-NonCommercial-ShareAlike 4.0,5.0,01:44,https://www.xeno-canto.org/545053,brnowl/XC545053.ogg
brnowl,[],"['call', 'female', 'flight call', 'life stage uncertain', 'male', 'nocturnal flight call']",52.9323,-0.6459,Tyto alba,Barn Owl,Trevor Lee,Creative Commons Attribution-NonCommercial-ShareAlike 4.0,4.0,00:00,https://www.xeno-canto.org/545114,brnowl/XC545114.ogg
brnowl,[],"['call', 'flight call', 'nocturnal flight call', 'single calls']",47.5118,-3.138,Tyto alba,Barn Owl,Guillaume Bruneau,Creative Commons Attribution-NonCommercial-ShareAlike 4.0,5.0,01:02,https://www.xeno-canto.org/545181,brnowl/XC545181.ogg
brnowl,[],"['adult', 'male', 'song']",43.6207,3.8725,Tyto alba,Barn Owl,Thierry THOMAS,Creative Commons Attribution-NonCommercial-ShareAlike 4.0,0.0,23:46,https://www.xeno-canto.org/545387,brnowl/XC545387.ogg
brnowl,[],['call'],45.3103,1.639,Tyto alba,Barn Owl,Julien Barataud,Creative Commons Attribution-NonCommercial-ShareAlike 4.0,0.0,22:23,https://www.xeno-canto.org/545470,brnowl/XC545470.ogg
brnowl,[],"['flight call', 'nocturnal flight call']",51.4131,6.0427,Tyto alba,Barn Owl,Geert Lamers,Creative Commons Attribution-NonCommercial-ShareAlike 4.0,4.0,23:00,https://www.xeno-canto.org/545504,brnowl/XC545504.ogg
brnowl,[],['flight call'],46.5339,0.2707,Tyto alba,Barn Owl,Benoît Van Hecke,Creative Commons Attribution-ShareAlike 4.0,0.0,02:18,https://www.xeno-canto.org/545944,brnowl/XC545944.ogg
brnowl,[],['song'],45.8271,1.293,Tyto alba,Barn Owl,MERCIER Christophe,Creative Commons Attribution-NonCommercial-ShareAlike 4.0,4.0,23:41,https://www.xeno-canto.org/546013,brnowl/XC546013.ogg
brnowl,[],['call'],42.5034,9.4659,Tyto alba,Barn Owl,Thomas ARMAND,Creative Commons Attribution-NonCommercial-ShareAlike 4.0,4.0,23:30,https://www.xeno-canto.org/546383,brnowl/XC546383.ogg
brnowl,[],['nocturnal flight call'],55.5042,9.7364,Tyto alba,Barn Owl,Michael Brunhøj Hansen,Creative Commons Attribution-NonCommercial-ShareAlike 4.0,3.0,02:21,https://www.xeno-canto.org/546392,brnowl/XC546392.ogg
brnowl,[],['nocturnal flight call'],37.1379,-7.6303,Tyto alba,Barn Owl,Nelson Conceição,Creative Commons Attribution-NonCommercial-ShareAlike 4.0,3.0,04:51,https://www.xeno-canto.org/546509,brnowl/XC546509.ogg
brnowl,[],"['call', 'nocturnal flight call']",53.4697,9.7893,Tyto alba,Barn Owl,Lars Burnus,Creative Commons Attribution-NonCommercial-ShareAlike 4.0,4.0,23:09,https://www.xeno-canto.org/546629,brnowl/XC546629.ogg
brnowl,[],"['flight call', 'nocturnal flight call']",50.1191,18.9721,Tyto alba,Barn Owl,Ireneusz Oleksik,Creative Commons Attribution-NonCommercial-ShareAlike 4.0,5.0,00:58,https://www.xeno-canto.org/546888,brnowl/XC546888.ogg
brnowl,[],['call'],52.9009,1.342,Tyto alba,Barn Owl,Andy Benson,Creative Commons Attribution-NonCommercial-ShareAlike 4.0,5.0,02:00,https://www.xeno-canto.org/546889,brnowl/XC546889.ogg
brnowl,[],['nocturnal flight call'],42.8071,-1.59,Tyto alba,Barn Owl,Raul Pascual,Creative Commons Attribution-NonCommercial-ShareAlike 4.0,3.0,03:00,https://www.xeno-canto.org/547015,brnowl/XC547015.ogg
brnowl,[],['nocturnal flight call'],47.4591,-0.5531,Tyto alba,Barn Owl,Grégoire Duffez,Creative Commons Attribution-NonCommercial-ShareAlike 4.0,4.0,04:30,https://www.xeno-canto.org/547049,brnowl/XC547049.ogg
brnowl,[],['call'],50.7542,4.5672,Tyto alba,Barn Owl,Frederik Fluyt,Creative Commons Attribution-NonCommercial-ShareAlike 4.0,0.0,21:40,https://www.xeno-canto.org/548623,brnowl/XC548623.ogg
brnowl,[],"['call', 'sex uncertain']",40.7618,-3.7786,Tyto alba,Barn Owl,Oscar Vilches,Creative Commons Attribution-NonCommercial-ShareAlike 4.0,4.0,03:30,https://www.xeno-canto.org/549352,brnowl/XC549352.ogg
brnowl,[],"['adult', 'song']",47.7907,-0.6461,Tyto alba,Barn Owl,Manceau Lionel,Creative Commons Attribution-NonCommercial-ShareAlike 4.0,0.0,21:30,https://www.xeno-canto.org/549377,brnowl/XC549377.ogg
brnowl,[],"['adult', 'flight call', 'sex uncertain']",52.0165,-8.5699,Tyto alba,Barn Owl,Michael John O Mahony,Creative Commons Attribution-NonCommercial-ShareAlike 4.0,5.0,10:30,https://www.xeno-canto.org/550791,brnowl/XC550791.ogg
brnowl,[],['nocturnal flight call'],53.1559,8.2333,Tyto alba,Barn Owl,Elias Engel,Creative Commons Attribution-NonCommercial-ShareAlike 4.0,1.0,23:15,https://www.xeno-canto.org/551852,brnowl/XC551852.ogg
brnowl,[],"['call', 'flight call', 'life stage uncertain', 'sex uncertain']",52.3088,-1.3115,Tyto alba,Barn Owl,Theo de Clermont,Creative Commons Attribution-NonCommercial-ShareAlike 4.0,4.0,01:00,https://www.xeno-canto.org/552169,brnowl/XC552169.ogg
brnowl,[],"['adult', 'song']",47.7907,-0.6461,Tyto alba,Barn Owl,Manceau Lionel,Creative Commons Attribution-NonCommercial-ShareAlike 4.0,4.0,23:30,https://www.xeno-canto.org/552181,brnowl/XC552181.ogg
brnowl,[],"['adult', 'call', 'sex uncertain']",40.7618,-3.7786,Tyto alba,Barn Owl,Oscar Vilches,Creative Commons Attribution-NonCommercial-ShareAlike 4.0,4.0,01:30,https://www.xeno-canto.org/552394,brnowl/XC552394.ogg
brnowl,[],"['adult', 'call', 'sex uncertain']",40.7618,-3.7786,Tyto alba,Barn Owl,Oscar Vilches,Creative Commons Attribution-NonCommercial-ShareAlike 4.0,4.0,03:00,https://www.xeno-canto.org/552402,brnowl/XC552402.ogg
brnowl,[],"['adult', 'call', 'sex uncertain']",40.7618,-3.7786,Tyto alba,Barn Owl,Oscar Vilches,Creative Commons Attribution-NonCommercial-ShareAlike 4.0,4.0,03:00,https://www.xeno-canto.org/552404,brnowl/XC552404.ogg
brnowl,[],"['call', 'song']",50.7542,4.5672,Tyto alba,Barn Owl,Frederik Fluyt,Creative Commons Attribution-NonCommercial-ShareAlike 4.0,1.0,02:30,https://www.xeno-canto.org/552590,brnowl/XC552590.ogg
brnowl,[],['call'],43.5074,5.3497,Tyto alba,Barn Owl,paul MENARD,Creative Commons Attribution-NonCommercial-ShareAlike 4.0,3.0,21:00,https://www.xeno-canto.org/552643,brnowl/XC552643.ogg
brnowl,[],['call'],50.8522,3.2908,Tyto alba,Barn Owl,Free Claerbout,Creative Commons Attribution-NonCommercial-ShareAlike 4.0,5.0,00:30,https://www.xeno-canto.org/554293,brnowl/XC554293.ogg
brnowl,[],['nocturnal flight call'],50.7347,3.2143,Tyto alba,Barn Owl,Gruwier,Creative Commons Attribution-NonCommercial-ShareAlike 4.0,4.0,00:00,https://www.xeno-canto.org/554678,brnowl/XC554678.ogg
brnowl,[],['nocturnal flight call'],57.4706,-4.163,Tyto alba,Barn Owl,B Whyte,Creative Commons Attribution-NonCommercial-ShareAlike 4.0,4.0,02:30,https://www.xeno-canto.org/555267,brnowl/XC555267.ogg
brnowl,[],['nocturnal flight call'],53.5342,8.6032,Tyto alba,Barn Owl,Franck Hollander,Creative Commons Attribution-NonCommercial-ShareAlike 4.0,4.0,01:00,https://www.xeno-canto.org/555395,brnowl/XC555395.ogg
brnowl,[],"['flight call', 'nocturnal flight call']",51.9839,5.3368,Tyto alba,Barn Owl,Peter van Vlaardingen,Creative Commons Attribution-NonCommercial-ShareAlike 4.0,3.0,4:37,https://www.xeno-canto.org/556025,brnowl/XC556025.ogg
brnowl,[],['nocturnal flight call'],52.0831,5.6141,Tyto alba,Barn Owl,Jorrit Vlot,Creative Commons Attribution-NonCommercial-ShareAlike 4.0,4.0,23:30,https://www.xeno-canto.org/556852,brnowl/XC556852.ogg
brnowl,[],"['adult', 'nocturnal flight call', 'sex uncertain']",53.4031,-1.5105,Tyto alba,Barn Owl,Andy Deighton,Creative Commons Attribution-NonCommercial-ShareAlike 4.0,1.0,21:51,https://www.xeno-canto.org/557079,brnowl/XC557079.ogg
brnowl,[],"['adult', 'call', 'flight call', 'nocturnal flight call', 'sex uncertain']",57.2821,-3.6965,Tyto alba,Barn Owl,Peter Stronach,Creative Commons Attribution-NonCommercial-ShareAlike 4.0,3.0,03:18,https://www.xeno-canto.org/558203,brnowl/XC558203.ogg
brnowl,[],['nocturnal flight call'],50.5971,-1.2012,Tyto alba,Barn Owl,Jon Sparshott,Creative Commons Attribution-NonCommercial-ShareAlike 4.0,4.0,22:46,https://www.xeno-canto.org/558906,brnowl/XC558906.ogg
brnowl,[],"['call', 'flight call', 'nocturnal flight call', 'song']",51.7489,5.8896,Tyto alba,Barn Owl,J. Veeken,Creative Commons Attribution-NonCommercial-ShareAlike 4.0,5.0,04:06,https://www.xeno-canto.org/559102,brnowl/XC559102.ogg
brnowl,[],['nocturnal flight call'],46.3035,5.9102,Tyto alba,Barn Owl,Cargnelutti,Creative Commons Attribution-NonCommercial-ShareAlike 4.0,3.0,23:30,https://www.xeno-canto.org/559605,brnowl/XC559605.ogg
brnowl,[],['nocturnal flight call'],50.5981,-1.2028,Tyto alba,Barn Owl,Jon Sparshott,Creative Commons Attribution-NonCommercial-ShareAlike 4.0,5.0,23:43,https://www.xeno-canto.org/559609,brnowl/XC559609.ogg
brnowl,[],"['flight call', 'nocturnal flight call']",50.598,-1.2019,Tyto alba,Barn Owl,Jon Sparshott,Creative Commons Attribution-NonCommercial-ShareAlike 4.0,5.0,23:30,https://www.xeno-canto.org/560086,brnowl/XC560086.ogg
brnowl,[],"['flight call', 'nocturnal flight call']",51.9839,5.3368,Tyto alba,Barn Owl,Peter van Vlaardingen,Creative Commons Attribution-NonCommercial-ShareAlike 4.0,3.0,1:49,https://www.xeno-canto.org/560163,brnowl/XC560163.ogg
brnowl,[],"['call', 'life stage uncertain', 'sex uncertain']",52.3016,0.2678,Tyto alba,Barn Owl,Simon Gillings,Creative Commons Attribution-NonCommercial-ShareAlike 4.0,5.0,21:50,https://www.xeno-canto.org/561551,brnowl/XC561551.ogg
brnowl,[],"['adult', 'begging call', 'female', 'juvenile', 'sex uncertain']",54.6502,-6.2378,Tyto alba,Barn Owl,Ciarán Walsh,Creative Commons Attribution-NonCommercial-ShareAlike 4.0,5.0,23:00,https://www.xeno-canto.org/562273,brnowl/XC562273.ogg
brnowl,[],['call'],53.249,6.5819,Tyto alba,Barn Owl,Jacob Bosma,Creative Commons Attribution-NonCommercial-ShareAlike 4.0,5.0,02:00,https://www.xeno-canto.org/562367,brnowl/XC562367.ogg
brnowl,[],"['adult', 'nocturnal flight call', 'sex uncertain']",52.0165,-8.5699,Tyto alba,Barn Owl,Michael John O Mahony,Creative Commons Attribution-NonCommercial-ShareAlike 4.0,5.0,23:30,https://www.xeno-canto.org/562463,brnowl/XC562463.ogg
brnowl,[],"['adult', 'call', 'sex uncertain']",53.2408,-1.9106,Tyto alba,Barn Owl,Rowan Wakefield,Creative Commons Attribution-NonCommercial-ShareAlike 4.0,4.0,22:30,https://www.xeno-canto.org/562705,brnowl/XC562705.ogg
brnowl,[],"['call', 'flight call', 'nocturnal flight call']",57.2821,-3.6965,Tyto alba,Barn Owl,Peter Stronach,Creative Commons Attribution-NonCommercial-ShareAlike 4.0,5.0,00:08,https://www.xeno-canto.org/564501,brnowl/XC564501.ogg
brnowl,[],"['life stage uncertain', 'nocturnal flight call', 'sex uncertain']",52.2688,-7.1063,Tyto alba,Barn Owl,Mícheál Cowming,Creative Commons Attribution-NonCommercial-ShareAlike 4.0,3.0,23:30,https://www.xeno-canto.org/567077,brnowl/XC567077.ogg
brnowl,[],"['call', 'life stage uncertain', 'sex uncertain']",48.7044,-2.9879,Tyto alba,Barn Owl,LE ROY Renaud,Creative Commons Attribution-NonCommercial-ShareAlike 4.0,3.0,02:30,https://www.xeno-canto.org/567757,brnowl/XC567757.ogg
brnowl,[],"['Nocturnal call', 'call']",39.6216,-0.2614,Tyto alba,Barn Owl,jesus carrion,Creative Commons Attribution-NonCommercial-ShareAlike 4.0,4.0,23:32,https://www.xeno-canto.org/568078,brnowl/XC568078.ogg
brnowl,[],"['Short calls', 'call']",39.6216,-0.2614,Tyto alba,Barn Owl,jesus carrion,Creative Commons Attribution-NonCommercial-ShareAlike 4.0,4.0,23:45,https://www.xeno-canto.org/568081,brnowl/XC568081.ogg
brnowl,[],"['Short calls', 'call']",39.6216,-0.2614,Tyto alba,Barn Owl,jesus carrion,Creative Commons Attribution-NonCommercial-ShareAlike 4.0,4.0,05:59,https://www.xeno-canto.org/568082,brnowl/XC568082.ogg
brnowl,[],"['Short calls', 'call']",39.6216,-0.2614,Tyto alba,Barn Owl,jesus carrion,Creative Commons Attribution-NonCommercial-ShareAlike 4.0,4.0,23:19,https://www.xeno-canto.org/568083,brnowl/XC568083.ogg
brnowl,[],"['Short calls. Aggressive calls', 'call']",39.6216,-0.2614,Tyto alba,Barn Owl,jesus carrion,Creative Commons Attribution-NonCommercial-ShareAlike 4.0,4.0,00:18,https://www.xeno-canto.org/568085,brnowl/XC568085.ogg
brnowl,[],"['Nocturnal call', 'call']",39.6216,-0.2614,Tyto alba,Barn Owl,jesus carrion,Creative Commons Attribution-NonCommercial-ShareAlike 4.0,5.0,01:15,https://www.xeno-canto.org/568087,brnowl/XC568087.ogg
brnowl,[],"['Nocturnal call', 'call']",39.6216,-0.2614,Tyto alba,Barn Owl,jesus carrion,Creative Commons Attribution-NonCommercial-ShareAlike 4.0,5.0,01:32,https://www.xeno-canto.org/568088,brnowl/XC568088.ogg
brnowl,[],"['Nocturnal call', 'call']",39.6216,-0.2614,Tyto alba,Barn Owl,jesus carrion,Creative Commons Attribution-NonCommercial-ShareAlike 4.0,5.0,00:56,https://www.xeno-canto.org/568098,brnowl/XC568098.ogg
brnowl,[],"['Nocturnal call', 'call']",39.6216,-0.2614,Tyto alba,Barn Owl,jesus carrion,Creative Commons Attribution-NonCommercial-ShareAlike 4.0,5.0,03:26,https://www.xeno-canto.org/568100,brnowl/XC568100.ogg
brnowl,[],"['Nocturnal call', 'call']",39.6216,-0.2614,Tyto alba,Barn Owl,jesus carrion,Creative Commons Attribution-NonCommercial-ShareAlike 4.0,5.0,03:37,https://www.xeno-canto.org/568101,brnowl/XC568101.ogg
brnowl,[],"['Nocturnal call', 'call']",39.6216,-0.2614,Tyto alba,Barn Owl,jesus carrion,Creative Commons Attribution-NonCommercial-ShareAlike 4.0,5.0,04:08,https://www.xeno-canto.org/568102,brnowl/XC568102.ogg
brnowl,[],"['Nocturnal call', 'call']",39.6216,-0.2614,Tyto alba,Barn Owl,jesus carrion,Creative Commons Attribution-NonCommercial-ShareAlike 4.0,5.0,04:09,https://www.xeno-canto.org/568103,brnowl/XC568103.ogg
brnowl,[],"['Nocturnal call', 'call']",39.6216,-0.2614,Tyto alba,Barn Owl,jesus carrion,Creative Commons Attribution-NonCommercial-ShareAlike 4.0,5.0,22:14,https://www.xeno-canto.org/568105,brnowl/XC568105.ogg
brnowl,[],"['Nocturnal call', 'call']",39.6216,-0.2614,Tyto alba,Barn Owl,jesus carrion,Creative Commons Attribution-NonCommercial-ShareAlike 4.0,5.0,22:20,https://www.xeno-canto.org/568106,brnowl/XC568106.ogg
brnowl,[],"['Nocturnal call', 'call']",39.6216,-0.2614,Tyto alba,Barn Owl,jesus carrion,Creative Commons Attribution-NonCommercial-ShareAlike 4.0,5.0,22:35,https://www.xeno-canto.org/568107,brnowl/XC568107.ogg
brnowl,[],"['Nocturnal call', 'call']",39.6216,-0.2614,Tyto alba,Barn Owl,jesus carrion,Creative Commons Attribution-NonCommercial-ShareAlike 4.0,5.0,23:00,https://www.xeno-canto.org/568109,brnowl/XC568109.ogg
brnowl,[],"['adult', 'nocturnal flight call', 'sex uncertain']",26.9624,75.7734,Tyto alba,Barn Owl,Sudhir Garg,Creative Commons Attribution-NonCommercial-ShareAlike 4.0,4.0,06:30,https://www.xeno-canto.org/568195,brnowl/XC568195.ogg
brnowl,['rocpig'],['call'],39.6216,-0.2614,Tyto alba,Barn Owl,jesus carrion,Creative Commons Attribution-NonCommercial-ShareAlike 4.0,2.5,09:10,https://www.xeno-canto.org/568471,brnowl/XC568471.ogg
brnowl,[],['call'],39.6216,-0.2614,Tyto alba,Barn Owl,jesus carrion,Creative Commons Attribution-NonCommercial-ShareAlike 4.0,4.5,06:37,https://www.xeno-canto.org/568474,brnowl/XC568474.ogg
brnowl,[],['call'],39.6216,-0.2614,Tyto alba,Barn Owl,jesus carrion,Creative Commons Attribution-NonCommercial-ShareAlike 4.0,4.0,00:57,https://www.xeno-canto.org/568475,brnowl/XC568475.ogg
brnowl,[],['call'],39.6216,-0.2614,Tyto alba,Barn Owl,jesus carrion,Creative Commons Attribution-NonCommercial-ShareAlike 4.0,4.0,05:20,https://www.xeno-canto.org/568476,brnowl/XC568476.ogg
brnowl,[],"['Unusually long call', 'call']",39.6216,-0.2614,Tyto alba,Barn Owl,jesus carrion,Creative Commons Attribution-NonCommercial-ShareAlike 4.0,4.0,21:29,https://www.xeno-canto.org/568477,brnowl/XC568477.ogg
brnowl,[],"['Short calls', 'call']",39.6216,-0.2614,Tyto alba,Barn Owl,jesus carrion,Creative Commons Attribution-NonCommercial-ShareAlike 4.0,3.5,05:55,https://www.xeno-canto.org/568479,brnowl/XC568479.ogg
brnowl,[],"['Short calls', 'call']",39.6216,-0.2614,Tyto alba,Barn Owl,jesus carrion,Creative Commons Attribution-NonCommercial-ShareAlike 4.0,4.0,21:53,https://www.xeno-canto.org/568481,brnowl/XC568481.ogg
brnowl,[],"['alarm call', 'hatchling or nestling', 'sex uncertain']",47.808,16.9177,Tyto alba,Barn Owl,Leander Khil,Creative Commons Attribution-NonCommercial-ShareAlike 4.0,4.5,16:00,https://www.xeno-canto.org/569522,brnowl/XC569522.ogg
brnowl,[],['nocturnal flight call'],50.7193,3.2228,Tyto alba,Barn Owl,Nicolas Selosse,Creative Commons Attribution-NonCommercial-ShareAlike 4.0,3.0,03:10,https://www.xeno-canto.org/569849,brnowl/XC569849.ogg
brnowl,[],"['adult', 'call', 'sex uncertain']",51.8388,-8.0186,Tyto alba,Barn Owl,Mr Mark Shorten,Creative Commons Attribution-NonCommercial-ShareAlike 4.0,2.0,01:00,https://www.xeno-canto.org/570181,brnowl/XC570181.ogg
brnowl,[],"['flight call', 'nocturnal flight call']",48.7459,-3.2643,Tyto alba,Barn Owl,Emmanuel Roy,Creative Commons Attribution-NonCommercial-ShareAlike 4.0,1.0,01:00,https://www.xeno-canto.org/570646,brnowl/XC570646.ogg
brnowl,[],"['adult', 'call', 'sex uncertain']",52.7759,0.6613,Tyto alba,Barn Owl,Gary Elton,Creative Commons Attribution-NonCommercial-ShareAlike 4.0,5.0,00:01,https://www.xeno-canto.org/571764,brnowl/XC571764.ogg
brnowl,[],"['life stage uncertain', 'nocturnal flight call', 'sex uncertain']",54.949,-1.48,Tyto alba,Barn Owl,Mark Newsome,Creative Commons Attribution-NonCommercial-ShareAlike 4.0,4.0,01:12,https://www.xeno-canto.org/574283,brnowl/XC574283.ogg
brnowl,[],"['flight call', 'sex uncertain']",48.6137,-2.8753,Tyto alba,Barn Owl,Alain Beuget,Creative Commons Attribution-NonCommercial-ShareAlike 4.0,5.0,01:00,https://www.xeno-canto.org/575632,brnowl/XC575632.ogg
brnowl,[],['call'],48.6137,-2.8753,Tyto alba,Barn Owl,Alain Beuget,Creative Commons Attribution-NonCommercial-ShareAlike 4.0,4.0,04:00,https://www.xeno-canto.org/575633,brnowl/XC575633.ogg
brnowl,[],"['adult', 'call', 'flight call', 'nocturnal flight call', 'sex uncertain', 'song']",51.7489,5.8896,Tyto alba,Barn Owl,J. Veeken,Creative Commons Attribution-NonCommercial-ShareAlike 4.0,4.5,00:04,https://www.xeno-canto.org/576317,brnowl/XC576317.ogg
brnowl,[],"['call', 'life stage uncertain', 'sex uncertain']",48.7043,-2.9879,Tyto alba,Barn Owl,LE ROY Renaud,Creative Commons Attribution-NonCommercial-ShareAlike 4.0,2.5,00:30,https://www.xeno-canto.org/576516,brnowl/XC576516.ogg
brnowl,[],"['call', 'life stage uncertain', 'sex uncertain']",48.7044,-2.988,Tyto alba,Barn Owl,LE ROY Renaud,Creative Commons Attribution-NonCommercial-ShareAlike 4.0,3.0,01:30,https://www.xeno-canto.org/576517,brnowl/XC576517.ogg
brnowl,[],"['call', 'life stage uncertain', 'sex uncertain']",48.7043,-2.9878,Tyto alba,Barn Owl,LE ROY Renaud,Creative Commons Attribution-NonCommercial-ShareAlike 4.0,3.0,01:00,https://www.xeno-canto.org/576518,brnowl/XC576518.ogg
brnowl,[],"['begging call', 'juvenile']",47.661,-3.1838,Tyto alba,Barn Owl,Philippe J. DUBOIS,Creative Commons Attribution-NonCommercial-ShareAlike 4.0,5.0,03:00,https://www.xeno-canto.org/576672,brnowl/XC576672.ogg
brnowl,[],"['adult', 'call', 'nocturnal flight call', 'sex uncertain']",52.7759,0.6613,Tyto alba,Barn Owl,Gary Elton,Creative Commons Attribution-NonCommercial-ShareAlike 4.0,5.0,00:30,https://www.xeno-canto.org/577243,brnowl/XC577243.ogg
brnowl,[],['uncertain'],0.0797,-78.6838,Tyto alba,Barn Owl,José María Loaiza B.,Creative Commons Attribution-NonCommercial-ShareAlike 4.0,4.0,05:38,https://www.xeno-canto.org/577974,brnowl/XC577974.ogg
brnowl,[],"['life stage uncertain', 'sex uncertain']",47.9861,-122.8942,Tyto alba,Barn Owl,Naomi,Creative Commons Attribution-NonCommercial-ShareAlike 4.0,3.0,21:30,https://www.xeno-canto.org/579211,brnowl/XC579211.ogg
brnowl,[],"['alarm call', 'life stage uncertain', 'nocturnal flight call', 'sex uncertain']",47.9861,-122.8942,Tyto alba,Barn Owl,Naomi,Creative Commons Attribution-NonCommercial-ShareAlike 4.0,4.0,22:00,https://www.xeno-canto.org/579215,brnowl/XC579215.ogg
brnowl,[],"['begging call', 'hatchling or nestling', 'juvenile']",50.5986,-1.2009,Tyto alba,Barn Owl,Jon Sparshott,Creative Commons Attribution-NonCommercial-ShareAlike 4.0,1.5,22:03,https://www.xeno-canto.org/579682,brnowl/XC579682.ogg
brnowl,[],"['adult', 'begging call', 'flight call', 'juvenile', 'nocturnal flight call']",50.5988,-1.2005,Tyto alba,Barn Owl,Jon Sparshott,Creative Commons Attribution-NonCommercial-ShareAlike 4.0,1.0,02:33,https://www.xeno-canto.org/580277,brnowl/XC580277.ogg
brnowl,[],"['begging call', 'hatchling or nestling', 'juvenile']",50.5985,-1.2004,Tyto alba,Barn Owl,Jon Sparshott,Creative Commons Attribution-NonCommercial-ShareAlike 4.0,2.0,23:14,https://www.xeno-canto.org/580638,brnowl/XC580638.ogg
brnowl,[],"['alarm call', 'begging call', 'hatchling or nestling', 'sex uncertain']",57.3316,-3.6079,Tyto alba,Barn Owl,Peter Stronach,Creative Commons Attribution-NonCommercial-ShareAlike 4.0,5.0,11:30,https://www.xeno-canto.org/580738,brnowl/XC580738.ogg
brnowl,[],"['nocturnal flight call', 'sex uncertain']",50.5987,-1.199,Tyto alba,Barn Owl,Jon Sparshott,Creative Commons Attribution-NonCommercial-ShareAlike 4.0,3.0,00:20,https://www.xeno-canto.org/581807,brnowl/XC581807.ogg
brnowl,[],"['call', 'life stage uncertain', 'sex uncertain']",50.8707,16.6727,Tyto alba,Barn Owl,Ireneusz Oleksik,Creative Commons Attribution-NonCommercial-ShareAlike 4.0,3.0,22:41,https://www.xeno-canto.org/582638,brnowl/XC582638.ogg
brnowl,[],['call'],48.9649,4.3522,Tyto alba,Barn Owl,Antoine Salmon,Creative Commons Attribution-NonCommercial-ShareAlike 4.0,5.0,01:00,https://www.xeno-canto.org/583438,brnowl/XC583438.ogg
brnowl,[],"['adult', 'call']",-26.5334,26.2564,Tyto alba,Barn Owl,Tony Archer,Creative Commons Attribution-NonCommercial-ShareAlike 4.0,5.0,05:00,https://www.xeno-canto.org/583993,brnowl/XC583993.ogg
brnowl,[],"['call', 'sex uncertain']",47.7881,-2.9226,Tyto alba,Barn Owl,LE ROY Renaud,Creative Commons Attribution-NonCommercial-ShareAlike 4.0,3.0,05:30,https://www.xeno-canto.org/584285,brnowl/XC584285.ogg
brnowl,[],['flight call'],56.1872,-3.9688,Tyto alba,Barn Owl,Fiona Morton,Creative Commons Attribution-NonCommercial-ShareAlike 4.0,5.0,02:10,https://www.xeno-canto.org/584665,brnowl/XC584665.ogg
brnowl,[],['call'],41.6497,1.3387,Tyto alba,Barn Owl,Daniel Espejo Fraga,Creative Commons Attribution-NonCommercial-ShareAlike 4.0,3.5,21:46,https://www.xeno-canto.org/584730,brnowl/XC584730.ogg
brnowl,[],"['call', 'nocturnal flight call']",50.5995,-1.1991,Tyto alba,Barn Owl,Jon Sparshott,Creative Commons Attribution-NonCommercial-ShareAlike 4.0,3.0,23:00,https://www.xeno-canto.org/585592,brnowl/XC585592.ogg
brnowl,[],"['aberrant', 'flight call']",56.1872,-3.9688,Tyto alba,Barn Owl,Fiona Morton,Creative Commons Attribution-NonCommercial-ShareAlike 4.0,4.0,04:11,https://www.xeno-canto.org/586825,brnowl/XC586825.ogg
brnowl,[],"['adult', 'sex uncertain']",11.8047,13.1966,Tyto alba,Barn Owl,Sun Madakan ,Creative Commons Attribution-NonCommercial-ShareAlike 4.0,3.0,18:30,https://www.xeno-canto.org/586947,brnowl/XC586947.ogg
brnowl,[],['song'],52.9908,-2.5086,Tyto alba,Barn Owl,Phil Stockton,Creative Commons Attribution-NonCommercial-ShareAlike 4.0,5.0,01:14,https://www.xeno-canto.org/587001,brnowl/XC587001.ogg
brnowl,[],"['adult', 'song']",54.0113,-0.3886,Tyto alba,Barn Owl,James Spencer,Creative Commons Attribution-NonCommercial-ShareAlike 4.0,4.0,00:26,https://www.xeno-canto.org/587458,brnowl/XC587458.ogg
brnowl,[],"['life stage uncertain', 'sex uncertain']",52.6363,1.2763,Tyto alba,Barn Owl,Graham Clarke,Creative Commons Attribution-NonCommercial-ShareAlike 4.0,2.0,11:30,https://www.xeno-canto.org/587521,brnowl/XC587521.ogg
brnowl,[],"['life stage uncertain', 'nocturnal flight call', 'sex uncertain']",43.7545,-0.8624,Tyto alba,Barn Owl,tardy sylvain,Creative Commons Attribution-NonCommercial-ShareAlike 4.0,5.0,00:14,https://www.xeno-canto.org/587530,brnowl/XC587530.ogg
brnowl,[],"['adult', 'sex uncertain']",11.8047,13.1966,Tyto alba,Barn Owl,Sun Madakan ,Creative Commons Attribution-NonCommercial-ShareAlike 4.0,3.0,18:30,https://www.xeno-canto.org/587706,brnowl/XC587706.ogg
brnowl,[],"['adult', 'sex uncertain']",11.8047,13.1966,Tyto alba,Barn Owl,Sun Madakan ,Creative Commons Attribution-NonCommercial-ShareAlike 4.0,1.0,18:30,https://www.xeno-canto.org/587707,brnowl/XC587707.ogg
brnowl,[],"['adult', 'flight call', 'nocturnal flight call']",46.4168,-1.5399,Tyto alba,Barn Owl,Maxime Pirio,Creative Commons Attribution-NonCommercial-ShareAlike 4.0,4.0,05:01,https://www.xeno-canto.org/588218,brnowl/XC588218.ogg
brnowl,[],['call'],47.5959,7.66,Tyto alba,Barn Owl,Steffen Hartmann,Creative Commons Attribution-NonCommercial-ShareAlike 4.0,4.0,03:21,https://www.xeno-canto.org/588365,brnowl/XC588365.ogg
brnowl,[],"['call', 'life stage uncertain', 'sex uncertain']",52.3345,0.3318,Tyto alba,Barn Owl,Andy Hannaford,Creative Commons Attribution-NonCommercial-ShareAlike 4.0,4.0,21:46,https://www.xeno-canto.org/588394,brnowl/XC588394.ogg
brnowl,[],['call'],47.5959,7.66,Tyto alba,Barn Owl,Steffen Hartmann,Creative Commons Attribution-NonCommercial-ShareAlike 4.0,2.0,02:56,https://www.xeno-canto.org/589224,brnowl/XC589224.ogg
brnowl,[],"['alarm call', 'call']",47.5959,7.66,Tyto alba,Barn Owl,Steffen Hartmann,Creative Commons Attribution-NonCommercial-ShareAlike 4.0,5.0,00:15,https://www.xeno-canto.org/590202,brnowl/XC590202.ogg
brnowl,[],"['flight call', 'nocturnal flight call']",50.1191,18.9721,Tyto alba,Barn Owl,Ireneusz Oleksik,Creative Commons Attribution-NonCommercial-ShareAlike 4.0,2.0,02:13,https://www.xeno-canto.org/590387,brnowl/XC590387.ogg
brnowl,[],['uncertain'],12.9242,80.1546,Tyto alba,Barn Owl,Venkataramanan R,Creative Commons Attribution-NonCommercial-ShareAlike 4.0,4.0,20:00,https://www.xeno-canto.org/590434,brnowl/XC590434.ogg
brnowl,[],['uncertain'],12.9242,80.1546,Tyto alba,Barn Owl,Venkataramanan R,Creative Commons Attribution-NonCommercial-ShareAlike 4.0,4.0,20:00,https://www.xeno-canto.org/590436,brnowl/XC590436.ogg
brnowl,[],"['call', 'juvenile call']",51.3532,-0.1461,Tyto alba,Barn Owl,Arjun Dutta,Creative Commons Attribution-NonCommercial-ShareAlike 4.0,4.0,22:55,https://www.xeno-canto.org/590722,brnowl/XC590722.ogg
brnowl,[],"['life stage uncertain', 'sex uncertain']",12.9732,77.6645,Tyto alba,Barn Owl,Bhaskar Pandeti,Creative Commons Attribution-NonCommercial-ShareAlike 4.0,4.0,22:00,https://www.xeno-canto.org/591330,brnowl/XC591330.ogg
brnowl,[],['nocturnal flight call'],51.0601,13.7714,Tyto alba,Barn Owl,Jens Loose,Creative Commons Attribution-ShareAlike 4.0,4.0,01:36,https://www.xeno-canto.org/592539,brnowl/XC592539.ogg
brnowl,[],"['life stage uncertain', 'nocturnal flight call', 'sex uncertain']",52.2688,-7.1063,Tyto alba,Barn Owl,Mícheál Cowming,Creative Commons Attribution-NonCommercial-ShareAlike 4.0,4.0,23:30,https://www.xeno-canto.org/592557,brnowl/XC592557.ogg
brnowl,[],"['call', 'juvenile']",51.3532,-0.1461,Tyto alba,Barn Owl,Arjun Dutta,Creative Commons Attribution-NonCommercial-ShareAlike 4.0,5.0,03:30,https://www.xeno-canto.org/592956,brnowl/XC592956.ogg
brnowl,[],"['life stage uncertain', 'sex uncertain']",52.4234,4.728,Tyto alba,Barn Owl,Hans Groot,Creative Commons Attribution-NonCommercial-ShareAlike 4.0,4.0,23:40,https://www.xeno-canto.org/593245,brnowl/XC593245.ogg
brnowl,[],"['call', 'life stage uncertain', 'sex uncertain']",52.1174,4.4216,Tyto alba,Barn Owl,Mark Bos,Creative Commons Attribution-NonCommercial-ShareAlike 4.0,4.0,05:00,https://www.xeno-canto.org/593780,brnowl/XC593780.ogg
brnowl,[],"['call', 'life stage uncertain', 'sex uncertain']",52.1174,4.4216,Tyto alba,Barn Owl,Mark Bos,Creative Commons Attribution-NonCommercial-ShareAlike 4.0,4.0,05:00,https://www.xeno-canto.org/593781,brnowl/XC593781.ogg
brnowl,[],"['life stage uncertain', 'nocturnal flight call', 'sex uncertain']",56.7028,-2.6114,Tyto alba,Barn Owl,Simon Busuttil,Creative Commons Attribution-NonCommercial-ShareAlike 4.0,3.0,03:30,https://www.xeno-canto.org/594974,brnowl/XC594974.ogg
brnowl,[],"['life stage uncertain', 'nocturnal flight call', 'sex uncertain']",56.7028,-2.6114,Tyto alba,Barn Owl,Simon Busuttil,Creative Commons Attribution-NonCommercial-ShareAlike 4.0,3.0,00:00,https://www.xeno-canto.org/594975,brnowl/XC594975.ogg
brnowl,[],"['call', 'nocturnal flight call']",50.5986,-1.2005,Tyto alba,Barn Owl,Jon Sparshott,Creative Commons Attribution-NonCommercial-ShareAlike 4.0,4.0,01:14,https://www.xeno-canto.org/595099,brnowl/XC595099.ogg
brnowl,[],['call'],50.7542,4.5672,Tyto alba,Barn Owl,Frederik Fluyt,Creative Commons Attribution-NonCommercial-ShareAlike 4.0,4.0,01:30,https://www.xeno-canto.org/595854,brnowl/XC595854.ogg
brnowl,[],"['call', 'flight call', 'nocturnal flight call', 'song']",51.7489,5.8896,Tyto alba,Barn Owl,J. Veeken,Creative Commons Attribution-NonCommercial-ShareAlike 4.0,3.0,00:05,https://www.xeno-canto.org/595907,brnowl/XC595907.ogg
brnowl,[],['nocturnal flight call'],57.7441,10.6363,Tyto alba,Barn Owl,Martin Grienenberger,Creative Commons Attribution-NonCommercial-ShareAlike 4.0,3.0,23:42,https://www.xeno-canto.org/597056,brnowl/XC597056.ogg
brnowl,[],['call'],51.056,-1.322,Tyto alba,Barn Owl,Tom Jordan,Creative Commons Attribution-NonCommercial-ShareAlike 4.0,3.0,01:44,https://www.xeno-canto.org/597493,brnowl/XC597493.ogg
brnowl,[],['call'],45.1385,18.3342,Tyto alba,Barn Owl,Domagoj Tomičić,Creative Commons Attribution-NonCommercial-ShareAlike 4.0,5.0,00:00,https://www.xeno-canto.org/597654,brnowl/XC597654.ogg
brnowl,[],['sex uncertain'],40.7618,-3.7786,Tyto alba,Barn Owl,Oscar Vilches Mendoza,Creative Commons Attribution-NonCommercial-ShareAlike 4.0,4.0,03:00,https://www.xeno-canto.org/597985,brnowl/XC597985.ogg
brnowl,[],"['nocturnal flight call', 'sex uncertain']",47.5959,7.66,Tyto alba,Barn Owl,Steffen Hartmann,Creative Commons Attribution-NonCommercial-ShareAlike 4.0,4.0,01:27,https://www.xeno-canto.org/599136,brnowl/XC599136.ogg
brnowl,[],"['call', 'flight call', 'nocturnal flight call']",43.6786,4.6265,Tyto alba,Barn Owl,julien Birard,Creative Commons Attribution-NonCommercial-ShareAlike 4.0,5.0,21:28,https://www.xeno-canto.org/599935,brnowl/XC599935.ogg
brnowl,[],['flight call'],47.9417,-2.7145,Tyto alba,Barn Owl,Morvan Corentin,Creative Commons Attribution-NonCommercial-ShareAlike 4.0,4.0,02:30,https://www.xeno-canto.org/600229,brnowl/XC600229.ogg
brnowl,[],['nocturnal flight call'],50.5986,-1.202,Tyto alba,Barn Owl,Jon Sparshott,Creative Commons Attribution-NonCommercial-ShareAlike 4.0,4.0,06:05,https://www.xeno-canto.org/601143,brnowl/XC601143.ogg
brnowl,[],"['call', 'life stage uncertain', 'sex uncertain']",52.6363,1.2763,Tyto alba,Barn Owl,Graham Clarke,Creative Commons Attribution-NonCommercial-ShareAlike 4.0,5.0,00:00,https://www.xeno-canto.org/601429,brnowl/XC601429.ogg
brnowl,[],"['adult', 'call', 'sex uncertain']",40.7618,-3.7786,Tyto alba,Barn Owl,Oscar Vilches Mendoza,Creative Commons Attribution-NonCommercial-ShareAlike 4.0,5.0,01:00,https://www.xeno-canto.org/601528,brnowl/XC601528.ogg
brnowl,[],['nocturnal flight call'],52.9908,-2.5086,Tyto alba,Barn Owl,Phil Stockton,Creative Commons Attribution-NonCommercial-ShareAlike 4.0,5.0,03:10,https://www.xeno-canto.org/601572,brnowl/XC601572.ogg
brnowl,[],['call'],50.7542,4.5672,Tyto alba,Barn Owl,Frederik Fluyt,Creative Commons Attribution-NonCommercial-ShareAlike 4.0,5.0,23:00,https://www.xeno-canto.org/601634,brnowl/XC601634.ogg
brnowl,[],['call'],52.1174,4.4216,Tyto alba,Barn Owl,Mark Bos,Creative Commons Attribution-NonCommercial-ShareAlike 4.0,4.0,01:00,https://www.xeno-canto.org/601779,brnowl/XC601779.ogg
brnowl,[],['flight call'],51.3626,4.4419,Tyto alba,Barn Owl,Bram Vogels,Creative Commons Attribution-NonCommercial-ShareAlike 4.0,4.0,08:00,https://www.xeno-canto.org/603014,brnowl/XC603014.ogg
brnowl,[],['flight call'],51.3626,4.4419,Tyto alba,Barn Owl,Bram Vogels,Creative Commons Attribution-NonCommercial-ShareAlike 4.0,4.0,08:00,https://www.xeno-canto.org/603015,brnowl/XC603015.ogg
brnowl,[],['flight call'],51.3626,4.4419,Tyto alba,Barn Owl,Bram Vogels,Creative Commons Attribution-NonCommercial-ShareAlike 4.0,4.0,08:00,https://www.xeno-canto.org/603016,brnowl/XC603016.ogg
brnowl,[],['flight call'],51.3626,4.4419,Tyto alba,Barn Owl,Bram Vogels,Creative Commons Attribution-NonCommercial-ShareAlike 4.0,5.0,08:00,https://www.xeno-canto.org/603017,brnowl/XC603017.ogg
brnowl,[],['flight call'],51.3626,4.4419,Tyto alba,Barn Owl,Bram Vogels,Creative Commons Attribution-NonCommercial-ShareAlike 4.0,4.0,08:00,https://www.xeno-canto.org/603018,brnowl/XC603018.ogg
brnowl,[],"['adult', 'song']",43.6745,4.1354,Tyto alba,Barn Owl,Pierrick Devoucoux,Creative Commons Attribution-NonCommercial-ShareAlike 4.0,4.0,23:57,https://www.xeno-canto.org/603189,brnowl/XC603189.ogg
brnowl,[],['nocturnal flight call'],50.5989,-1.2018,Tyto alba,Barn Owl,Jon Sparshott,Creative Commons Attribution-NonCommercial-ShareAlike 4.0,4.0,03:40,https://www.xeno-canto.org/603771,brnowl/XC603771.ogg
brnowl,[],['call'],50.8024,-1.9836,Tyto alba,Barn Owl,Martin Wood,Creative Commons Attribution-NonCommercial-ShareAlike 4.0,4.0,01:30,https://www.xeno-canto.org/604085,brnowl/XC604085.ogg
brnowl,[],['call'],46.2406,-1.5037,Tyto alba,Barn Owl,Sophie Neill,Creative Commons Attribution-NonCommercial-ShareAlike 4.0,5.0,20:00,https://www.xeno-canto.org/604208,brnowl/XC604208.ogg
brnowl,[],['flight call'],41.5646,2.2254,Tyto alba,Barn Owl,Oriol Baena,Creative Commons Attribution-NonCommercial-ShareAlike 4.0,5.0,00:18,https://www.xeno-canto.org/604255,brnowl/XC604255.ogg
brnowl,[],"['aberrant', 'flight call']",53.1101,-0.4035,Tyto alba,Barn Owl,James P,Creative Commons Attribution-NonCommercial-ShareAlike 4.0,3.0,00:20,https://www.xeno-canto.org/604292,brnowl/XC604292.ogg
brnowl,[],"['adult', 'flight call', 'sex uncertain']",50.4873,2.6613,Tyto alba,Barn Owl,Claude Jougleux,Creative Commons Attribution-NonCommercial-ShareAlike 4.0,3.0,01:39,https://www.xeno-canto.org/604929,brnowl/XC604929.ogg
brnowl,[],['call'],43.1896,-0.4409,Tyto alba,Barn Owl,Sébastien Arriubergé,Creative Commons Attribution-NonCommercial-ShareAlike 4.0,5.0,01:00,https://www.xeno-canto.org/609485,brnowl/XC609485.ogg
brnowl,[],"['adult', 'sex uncertain']",4.9467,-73.9624,Tyto alba,Barn Owl,Jonathan Candil Méndez,Creative Commons Attribution-NonCommercial-ShareAlike 4.0,5.0,00:30,https://www.xeno-canto.org/609707,brnowl/XC609707.ogg
brnowl,[],"['call', 'duet', 'nocturnal flight call', 'song']",51.7489,5.8896,Tyto alba,Barn Owl,J. Veeken,Creative Commons Attribution-NonCommercial-ShareAlike 4.0,5.0,02:14,https://www.xeno-canto.org/610188,brnowl/XC610188.ogg
brnowl,[],"['call', 'nocturnal flight call', 'song']",51.7489,5.8896,Tyto alba,Barn Owl,J. Veeken,Creative Commons Attribution-NonCommercial-ShareAlike 4.0,5.0,04:07,https://www.xeno-canto.org/610189,brnowl/XC610189.ogg
brnowl,[],['song'],32.6384,-16.8508,Tyto alba,Barn Owl,Rob van Bemmelen,Creative Commons Attribution-NonCommercial-ShareAlike 4.0,5.0,00:30,https://www.xeno-canto.org/611761,brnowl/XC611761.ogg
brnowl,[],['nocturnal flight call'],54.949,-1.48,Tyto alba,Barn Owl,Mark Newsome,Creative Commons Attribution-NonCommercial-ShareAlike 4.0,5.0,01:24,https://www.xeno-canto.org/611875,brnowl/XC611875.ogg
brnowl,[],"['call', 'sex uncertain']",4.5778,-74.1601,Tyto alba,Barn Owl,Alexandra Liberato,Creative Commons Attribution-ShareAlike 4.0,4.0,18:54,https://www.xeno-canto.org/611957,brnowl/XC611957.ogg
brnowl,[],['call'],52.1174,4.4216,Tyto alba,Barn Owl,Mark Bos,Creative Commons Attribution-NonCommercial-ShareAlike 4.0,4.0,02:30,https://www.xeno-canto.org/612382,brnowl/XC612382.ogg
brnowl,[],"['begging call', 'juvenile', 'sex uncertain']",50.1509,1.7178,Tyto alba,Barn Owl,Tristan Guillebot de Nerville,Creative Commons Attribution-NonCommercial-ShareAlike 4.0,3.0,00:23,https://www.xeno-canto.org/614397,brnowl/XC614397.ogg
brnowl,[],['nocturnal flight call'],42.2918,2.6027,Tyto alba,Barn Owl,Robert Manzano,Creative Commons Attribution-NonCommercial-ShareAlike 4.0,3.0,00:22,https://www.xeno-canto.org/616198,brnowl/XC616198.ogg
brnowl,[],['nocturnal flight call'],42.3285,2.5512,Tyto alba,Barn Owl,Robert Manzano,Creative Commons Attribution-NonCommercial-ShareAlike 4.0,3.0,00:54,https://www.xeno-canto.org/616201,brnowl/XC616201.ogg
brnowl,[],"['flight call', 'sex uncertain']",53.2854,22.5764,Tyto alba,Barn Owl,Romuald Mikusek,Creative Commons Attribution-NonCommercial-ShareAlike 4.0,4.5,0:40,https://www.xeno-canto.org/616326,brnowl/XC616326.ogg
brnowl,[],"['adult', 'song']",37.1393,-7.6019,Tyto alba,Barn Owl,Renato Bagarrão,Creative Commons Attribution-NonCommercial-ShareAlike 4.0,4.0,01:00,https://www.xeno-canto.org/617806,brnowl/XC617806.ogg
brnowl,[],"['call', 'sex uncertain']",38.0923,13.4656,Tyto alba,Barn Owl,Giuseppe Esposito,Creative Commons Attribution-NonCommercial-ShareAlike 4.0,1.0,02:30,https://www.xeno-canto.org/619213,brnowl/XC619213.ogg
brnowl,[],"['call', 'flight call', 'nocturnal flight call']",53.9299,-2.9833,Tyto alba,Barn Owl,Chris Batty,Creative Commons Attribution-NonCommercial-ShareAlike 4.0,3.0,01:27,https://www.xeno-canto.org/621646,brnowl/XC621646.ogg
brnowl,[],['song'],44.2493,4.6857,Tyto alba,Barn Owl,Charlie Bodin,Creative Commons Attribution-NonCommercial-ShareAlike 4.0,3.0,19:00,https://www.xeno-canto.org/622668,brnowl/XC622668.ogg
brnowl,[],['call'],50.7542,4.5672,Tyto alba,Barn Owl,Frederik Fluyt,Creative Commons Attribution-NonCommercial-ShareAlike 4.0,4.0,02:00,https://www.xeno-canto.org/622961,brnowl/XC622961.ogg
brnowl,[],['call'],42.3534,-0.7945,Tyto alba,Barn Owl,Eduardo Realinho,Creative Commons Attribution-NonCommercial-ShareAlike 4.0,4.0,00:00,https://www.xeno-canto.org/623428,brnowl/XC623428.ogg
brnowl,[],['call'],50.7542,4.5672,Tyto alba,Barn Owl,Frederik Fluyt,Creative Commons Attribution-NonCommercial-ShareAlike 4.0,4.0,00:30,https://www.xeno-canto.org/623842,brnowl/XC623842.ogg
brnowl,[],['call'],50.7542,4.5672,Tyto alba,Barn Owl,Frederik Fluyt,Creative Commons Attribution-NonCommercial-ShareAlike 4.0,4.0,03:30,https://www.xeno-canto.org/624030,brnowl/XC624030.ogg
brnowl,[],['call'],-26.9785,26.3066,Tyto alba,Barn Owl,Tony Archer,Creative Commons Attribution-NonCommercial-ShareAlike 4.0,1.5,05:00,https://www.xeno-canto.org/625014,brnowl/XC625014.ogg
brnowl,[],"['call', 'flight call']",42.3534,-0.7945,Tyto alba,Barn Owl,Eduardo Realinho,Creative Commons Attribution-NonCommercial-ShareAlike 4.0,4.0,21:30,https://www.xeno-canto.org/625655,brnowl/XC625655.ogg
brnowl,[],"['call', 'flight call']",42.3534,-0.7945,Tyto alba,Barn Owl,Eduardo Realinho,Creative Commons Attribution-NonCommercial-ShareAlike 4.0,4.0,23:30,https://www.xeno-canto.org/625656,brnowl/XC625656.ogg
brnowl,[],['flight call'],51.7575,-0.4687,Tyto alba,Barn Owl,Calum Mckellar,Creative Commons Attribution-NonCommercial-ShareAlike 4.0,1.0,23:00,https://www.xeno-canto.org/626165,brnowl/XC626165.ogg
brnowl,[],['flight call'],36.741,35.6243,Tyto alba,Barn Owl,Cedric Mroczko,Creative Commons Attribution-NonCommercial-ShareAlike 4.0,3.0,18:05,https://www.xeno-canto.org/626737,brnowl/XC626737.ogg
brnowl,[],['nocturnal flight call'],42.009,2.0278,Tyto alba,Barn Owl,Albert Subirà,Creative Commons Attribution-NonCommercial-ShareAlike 4.0,2.0,05:30,https://www.xeno-canto.org/626843,brnowl/XC626843.ogg
brnowl,[],"['flight call', 'nocturnal flight call']",54.1818,-0.3203,Tyto alba,Barn Owl,Will Scott,Creative Commons Attribution-NonCommercial-ShareAlike 4.0,5.0,01:06,https://www.xeno-canto.org/627481,brnowl/XC627481.ogg
brnowl,[],"['call', 'nocturnal flight call']",50.5987,-1.2003,Tyto alba,Barn Owl,Jon Sparshott,Creative Commons Attribution-NonCommercial-ShareAlike 4.0,1.0,22:30,https://www.xeno-canto.org/627509,brnowl/XC627509.ogg
brnowl,[],['call'],-26.8162,26.4654,Tyto alba,Barn Owl,Tony Archer,Creative Commons Attribution-NonCommercial-ShareAlike 4.0,3.5,05:30,https://www.xeno-canto.org/627952,brnowl/XC627952.ogg
brnowl,[],"['life stage uncertain', 'nocturnal flight call', 'sex uncertain']",9.957,-85.1374,Tyto alba,Barn Owl,Carlos Venegas-Elizondo,Creative Commons Attribution-NonCommercial-ShareAlike 4.0,4.0,23:07,https://www.xeno-canto.org/628170,brnowl/XC628170.ogg
brnowl,[],['nocturnal flight call'],54.7448,-1.6178,Tyto alba,Barn Owl,Stephen G Addinall,Creative Commons Attribution-NonCommercial-ShareAlike 4.0,5.0,01:00,https://www.xeno-canto.org/628211,brnowl/XC628211.ogg
brnowl,[],"['adult', 'nocturnal flight call', 'sex uncertain', 'song']",50.5987,-1.2003,Tyto alba,Barn Owl,Jon Sparshott,Creative Commons Attribution-NonCommercial-ShareAlike 4.0,2.0,23:55,https://www.xeno-canto.org/629379,brnowl/XC629379.ogg
brnowl,[],"['call', 'life stage uncertain', 'sex uncertain']",41.2243,1.7254,Tyto alba,Barn Owl,Sergi,Creative Commons Attribution-NonCommercial-ShareAlike 4.0,4.0,02:45,https://www.xeno-canto.org/629793,brnowl/XC629793.ogg
brnowl,[],['nocturnal flight call'],42.009,2.0278,Tyto alba,Barn Owl,Albert Subirà,Creative Commons Attribution-NonCommercial-ShareAlike 4.0,4.0,23:30,https://www.xeno-canto.org/630147,brnowl/XC630147.ogg
brnowl,[],['call'],51.8992,-8.4945,Tyto alba,Barn Owl,Mr Mark Shorten,Creative Commons Attribution-NonCommercial-ShareAlike 4.0,2.0,00:00,https://www.xeno-canto.org/630545,brnowl/XC630545.ogg
brnowl,[],"['adult', 'call', 'sex uncertain']",47.5959,7.66,Tyto alba,Barn Owl,Steffen Hartmann,Creative Commons Attribution-NonCommercial-ShareAlike 4.0,4.0,01:33,https://www.xeno-canto.org/630627,brnowl/XC630627.ogg
brnowl,[],"['adult', 'nocturnal flight call']",52.3462,-0.871,Tyto alba,Barn Owl,Jacob Spinks,Creative Commons Attribution-NonCommercial-ShareAlike 4.0,2.0,00:45,https://www.xeno-canto.org/631139,brnowl/XC631139.ogg
brnowl,[],['flight call'],53.5919,-1.6509,Tyto alba,Barn Owl,Kristian Whittaker,Creative Commons Attribution-NonCommercial-ShareAlike 4.0,2.0,23:17,https://www.xeno-canto.org/631263,brnowl/XC631263.ogg
brnowl,[],"['adult', 'flight call', 'nocturnal flight call']",50.5815,-1.2984,Tyto alba,Barn Owl,Jon Sparshott,Creative Commons Attribution-NonCommercial-ShareAlike 4.0,1.0,00:05,https://www.xeno-canto.org/631431,brnowl/XC631431.ogg
brnowl,[],['nocturnal flight call'],51.7446,-1.2149,Tyto alba,Barn Owl,Isaac West,Creative Commons Attribution-NonCommercial-ShareAlike 4.0,2.0,21:30,https://www.xeno-canto.org/631452,brnowl/XC631452.ogg
brnowl,[],"['adult', 'nocturnal flight call']",52.0629,-1.3398,Tyto alba,Barn Owl,Gareth Blockley,Creative Commons Attribution-NonCommercial-ShareAlike 4.0,3.0,21:21,https://www.xeno-canto.org/632369,brnowl/XC632369.ogg
brnowl,[],"['adult', 'nocturnal flight call']",52.0629,-1.3398,Tyto alba,Barn Owl,Gareth Blockley,Creative Commons Attribution-NonCommercial-ShareAlike 4.0,3.0,23:53,https://www.xeno-canto.org/632462,brnowl/XC632462.ogg
brnowl,[],"['adult', 'sex uncertain', 'song']",47.7907,-0.6461,Tyto alba,Barn Owl,Manceau Lionel,Creative Commons Attribution-NonCommercial-ShareAlike 4.0,4.0,23:30,https://www.xeno-canto.org/632870,brnowl/XC632870.ogg
brnowl,[],['nocturnal flight call'],50.7542,4.5672,Tyto alba,Barn Owl,Frederik Fluyt,Creative Commons Attribution-NonCommercial-ShareAlike 4.0,4.0,00:30,https://www.xeno-canto.org/633081,brnowl/XC633081.ogg
brnowl,[],"['call', 'flight call']",42.1445,-0.6568,Tyto alba,Barn Owl,Eduardo Realinho,Creative Commons Attribution-NonCommercial-ShareAlike 4.0,3.5,20:30,https://www.xeno-canto.org/633131,brnowl/XC633131.ogg
brnowl,[],['flight call'],39.4555,-8.071,Tyto alba,Barn Owl,Paulo Alves,Creative Commons Attribution-NonCommercial-ShareAlike 4.0,4.0,02:30,https://www.xeno-canto.org/633874,brnowl/XC633874.ogg
brnowl,[],['nocturnal flight call'],51.0445,2.3912,Tyto alba,Barn Owl,Julien Piette,Creative Commons Attribution-NonCommercial-ShareAlike 4.0,2.0,22:39,https://www.xeno-canto.org/634207,brnowl/XC634207.ogg
brnowl,[],['flight call'],48.6741,2.4511,Tyto alba,Barn Owl,julien Rochefort,Creative Commons Attribution-NonCommercial-ShareAlike 4.0,5.0,01:14,https://www.xeno-canto.org/634362,brnowl/XC634362.ogg
brnowl,[],['nocturnal flight call'],54.7448,-1.6178,Tyto alba,Barn Owl,Stephen Addinall,Creative Commons Attribution-NonCommercial-ShareAlike 4.0,4.0,03:00,https://www.xeno-canto.org/634365,brnowl/XC634365.ogg
brnowl,[],"['adult', 'nocturnal flight call']",53.6719,-1.7852,Tyto alba,Barn Owl,David Tattersley,Creative Commons Attribution-NonCommercial-ShareAlike 4.0,2.0,22:37,https://www.xeno-canto.org/634470,brnowl/XC634470.ogg
brnowl,[],"['call', 'nocturnal flight call']",50.7542,4.5672,Tyto alba,Barn Owl,Frederik Fluyt,Creative Commons Attribution-NonCommercial-ShareAlike 4.0,4.0,03:30,https://www.xeno-canto.org/634901,brnowl/XC634901.ogg
brnowl,[],"['male', 'song']",53.1461,14.8928,Tyto alba,Barn Owl,Zbigniew Kajzer,Creative Commons Attribution-NonCommercial-ShareAlike 4.0,4.0,02:00,https://www.xeno-canto.org/635289,brnowl/XC635289.ogg
brnowl,[],['alarm call'],53.181,14.9026,Tyto alba,Barn Owl,Zbigniew Kajzer,Creative Commons Attribution-NonCommercial-ShareAlike 4.0,4.0,02:00,https://www.xeno-canto.org/635290,brnowl/XC635290.ogg
brnowl,[],['nocturnal flight call'],48.1113,0.2126,Tyto alba,Barn Owl,Christian Kerihuel,Creative Commons Attribution-NonCommercial-ShareAlike 4.0,5.0,05:00,https://www.xeno-canto.org/635621,brnowl/XC635621.ogg
brnowl,[],"['call', 'flight call', 'nocturnal flight call']",53.5919,-1.6509,Tyto alba,Barn Owl,Kristian Whittaker,Creative Commons Attribution-NonCommercial-ShareAlike 4.0,2.0,22:49,https://www.xeno-canto.org/635896,brnowl/XC635896.ogg
brnowl,[],"['adult', 'nocturnal flight call', 'sex uncertain']",57.3294,-3.61,Tyto alba,Barn Owl,Peter Stronach,Creative Commons Attribution-NonCommercial-ShareAlike 4.0,2.0,21:16,https://www.xeno-canto.org/636018,brnowl/XC636018.ogg
brnowl,[],"['adult', 'nocturnal flight call', 'sex uncertain']",54.2386,-0.4196,Tyto alba,Barn Owl,Dan Lombard,Creative Commons Attribution-NonCommercial-ShareAlike 4.0,4.0,00:30,https://www.xeno-canto.org/636636,brnowl/XC636636.ogg
brnowl,[],"['adult', 'nocturnal flight call', 'sex uncertain']",54.2386,-0.4196,Tyto alba,Barn Owl,Dan Lombard,Creative Commons Attribution-NonCommercial-ShareAlike 4.0,4.0,23:00,https://www.xeno-canto.org/636637,brnowl/XC636637.ogg
brnowl,[],"['adult', 'male', 'nocturnal flight call']",54.2386,-0.4196,Tyto alba,Barn Owl,Dan Lombard,Creative Commons Attribution-NonCommercial-ShareAlike 4.0,4.0,02:00,https://www.xeno-canto.org/636638,brnowl/XC636638.ogg
brnowl,[],['call'],51.5196,-0.3239,Tyto alba,Barn Owl,Bill Haines,Creative Commons Attribution-NonCommercial-ShareAlike 4.0,5.0,01:47,https://www.xeno-canto.org/637093,brnowl/XC637093.ogg
brnowl,[],['flight call'],52.2321,-8.6701,Tyto alba,Barn Owl,Irish Wildlife Sounds,Creative Commons Attribution-NonCommercial-ShareAlike 4.0,4.0,3:00,https://www.xeno-canto.org/637598,brnowl/XC637598.ogg
brnowl,[],['flight call'],52.2321,-8.6701,Tyto alba,Barn Owl,Irish Wildlife Sounds,Creative Commons Attribution-NonCommercial-ShareAlike 4.0,4.0,3:00,https://www.xeno-canto.org/637630,brnowl/XC637630.ogg
brnowl,[],['nocturnal flight call'],54.7448,-1.6178,Tyto alba,Barn Owl,Stephen Addinall,Creative Commons Attribution-NonCommercial-ShareAlike 4.0,4.0,22:56,https://www.xeno-canto.org/637686,brnowl/XC637686.ogg
brnowl,[],['flight call'],52.2321,-8.6701,Tyto alba,Barn Owl,Irish Wildlife Sounds,Creative Commons Attribution-NonCommercial-ShareAlike 4.0,5.0,3:00,https://www.xeno-canto.org/637786,brnowl/XC637786.ogg
brnowl,[],['sex uncertain'],47.5959,7.66,Tyto alba,Barn Owl,Steffen Hartmann,Creative Commons Attribution-NonCommercial-ShareAlike 4.0,4.0,23:50,https://www.xeno-canto.org/638225,brnowl/XC638225.ogg
brnowl,[],"['life stage uncertain', 'nocturnal flight call', 'sex uncertain']",41.2243,1.7254,Tyto alba,Barn Owl,Sergi,Creative Commons Attribution-NonCommercial-ShareAlike 4.0,4.0,00:23,https://www.xeno-canto.org/638856,brnowl/XC638856.ogg
brnowl,[],"['life stage uncertain', 'nocturnal flight call', 'sex uncertain']",41.2243,1.7254,Tyto alba,Barn Owl,Sergi,Creative Commons Attribution-NonCommercial-ShareAlike 4.0,3.0,01:07,https://www.xeno-canto.org/639188,brnowl/XC639188.ogg
brnowl,[],['nocturnal flight call'],55.5566,8.0872,Tyto alba,Barn Owl,Blåvand Fuglestation,Creative Commons Attribution-NonCommercial-ShareAlike 4.0,4.0,22:06,https://www.xeno-canto.org/640571,brnowl/XC640571.ogg
brnowl,[],"['adult', 'nocturnal flight call', 'sex uncertain']",50.5795,-1.3063,Tyto alba,Barn Owl,Jon Sparshott,Creative Commons Attribution-NonCommercial-ShareAlike 4.0,1.0,21:45,https://www.xeno-canto.org/641804,brnowl/XC641804.ogg
brnowl,[],['call'],44.0635,1.9515,Tyto alba,Barn Owl,Cedric Mroczko,Creative Commons Attribution-NonCommercial-ShareAlike 4.0,2.0,00:35,https://www.xeno-canto.org/641944,brnowl/XC641944.ogg
brnowl,[],"['adult', 'call', 'male']",52.6363,1.2763,Tyto alba,Barn Owl,Graham Clarke,Creative Commons Attribution-NonCommercial-ShareAlike 4.0,3.0,01:00,https://www.xeno-canto.org/642596,brnowl/XC642596.ogg
brnowl,[],['nocturnal flight call'],53.4902,-2.6299,Tyto alba,Barn Owl,Robert Thorpe,Creative Commons Attribution-NonCommercial-ShareAlike 4.0,3.0,23:36,https://www.xeno-canto.org/643261,brnowl/XC643261.ogg
brnowl,[],['nocturnal flight call'],53.4902,-2.6299,Tyto alba,Barn Owl,Robert Thorpe,Creative Commons Attribution-NonCommercial-ShareAlike 4.0,4.0,23:36,https://www.xeno-canto.org/643276,brnowl/XC643276.ogg
brnowl,[],"['call', 'flight call', 'nocturnal flight call']",52.0172,-0.34,Tyto alba,Barn Owl,James P,Creative Commons Attribution-NonCommercial-ShareAlike 4.0,4.0,02:20,https://www.xeno-canto.org/644165,brnowl/XC644165.ogg
brnowl,[],"['call', 'juvenile', 'sex uncertain']",1.294,103.864,Tyto alba,Barn Owl,Kim Chuah Lim,Creative Commons Attribution-NonCommercial-ShareAlike 4.0,4.0,20:30,https://www.xeno-canto.org/644250,brnowl/XC644250.ogg
brnowl,[],"['call', 'life stage uncertain', 'nocturnal flight call', 'sex uncertain']",41.5427,1.3851,Tyto alba,Barn Owl,Sergi,Creative Commons Attribution-NonCommercial-ShareAlike 4.0,4.0,23:08,https://www.xeno-canto.org/644292,brnowl/XC644292.ogg
brnowl,[],"['adult', 'call', 'copulation in a nest box', 'female', 'male']",47.1855,5.2412,Tyto alba,Barn Owl,Gerard OLIVIER,Creative Commons Attribution-NonCommercial-ShareAlike 4.0,4.0,01:50,https://www.xeno-canto.org/644403,brnowl/XC644403.ogg
brnowl,[],"['call', 'life stage uncertain', 'nocturnal flight call', 'sex uncertain']",41.2243,1.7254,Tyto alba,Barn Owl,Sergi,Creative Commons Attribution-NonCommercial-ShareAlike 4.0,4.0,04:12,https://www.xeno-canto.org/645722,brnowl/XC645722.ogg
brnowl,[],['call'],52.1988,5.8445,Tyto alba,Barn Owl,Ad Hilders,Creative Commons Attribution-NonCommercial-ShareAlike 4.0,3.0,22:14,https://www.xeno-canto.org/646242,brnowl/XC646242.ogg
brnowl,[],"['flight call', 'nocturnal flight call']",43.3448,-1.8045,Tyto alba,Barn Owl,David Santamaría Urbano,Creative Commons Attribution-NonCommercial-ShareAlike 4.0,4.0,23:30,https://www.xeno-canto.org/647111,brnowl/XC647111.ogg
brnowl,[],['call'],49.0523,-1.452,Tyto alba,Barn Owl,LE ROY Renaud,Creative Commons Attribution-NonCommercial-ShareAlike 4.0,3.0,23:30,https://www.xeno-canto.org/647481,brnowl/XC647481.ogg
brnowl,[],['call'],49.0523,-1.452,Tyto alba,Barn Owl,LE ROY Renaud,Creative Commons Attribution-NonCommercial-ShareAlike 4.0,3.0,23:30,https://www.xeno-canto.org/647482,brnowl/XC647482.ogg
brnowl,[],"['aberrant', 'call', 'flight call', 'nocturnal flight call']",52.0172,-0.34,Tyto alba,Barn Owl,James P,Creative Commons Attribution-NonCommercial-ShareAlike 4.0,4.0,22:46,https://www.xeno-canto.org/648588,brnowl/XC648588.ogg
brnowl,[],['nocturnal flight call'],53.2509,5.598,Tyto alba,Barn Owl,Gosse Hoekstra,Creative Commons Attribution-NonCommercial-ShareAlike 4.0,2.0,02:00,https://www.xeno-canto.org/648631,brnowl/XC648631.ogg
brnowl,[],['call'],50.7542,4.5672,Tyto alba,Barn Owl,Frederik Fluyt,Creative Commons Attribution-NonCommercial-ShareAlike 4.0,4.0,03:30,https://www.xeno-canto.org/648708,brnowl/XC648708.ogg
brnowl,[],"['begging call', 'juvenile', 'sex uncertain']",33.5341,-117.5512,Tyto alba,Barn Owl,Ron Overholtz,Creative Commons Attribution-NonCommercial-ShareAlike 4.0,4.0,20:00,https://www.xeno-canto.org/648847,brnowl/XC648847.ogg
brnowl,[],"['begging call', 'juvenile', 'sex uncertain']",33.5341,-117.5512,Tyto alba,Barn Owl,Ron Overholtz,Creative Commons Attribution-NonCommercial-ShareAlike 4.0,4.0,20:00,https://www.xeno-canto.org/648848,brnowl/XC648848.ogg
brnowl,[],"['call', 'song']",52.457,10.1972,Tyto alba,Barn Owl,Sven Kransel,Creative Commons Attribution-NonCommercial-ShareAlike 4.0,2.0,03:20,https://www.xeno-canto.org/648958,brnowl/XC648958.ogg
brnowl,[],['nocturnal flight call'],53.2509,5.598,Tyto alba,Barn Owl,Gosse Hoekstra,Creative Commons Attribution-NonCommercial-ShareAlike 4.0,5.0,00:30,https://www.xeno-canto.org/649696,brnowl/XC649696.ogg
brnowl,[],['nocturnal flight call'],52.0773,4.7608,Tyto alba,Barn Owl,Martin Fousert,Creative Commons Attribution-NonCommercial-ShareAlike 4.0,5.0,04:30,https://www.xeno-canto.org/650100,brnowl/XC650100.ogg
brnowl,[],['nocturnal flight call'],53.4902,-2.6299,Tyto alba,Barn Owl,Robert Thorpe,Creative Commons Attribution-NonCommercial-ShareAlike 4.0,2.0,01:39,https://www.xeno-canto.org/650127,brnowl/XC650127.ogg
brnowl,[],['nocturnal flight call'],53.5802,9.7645,Tyto alba,Barn Owl,Alexander Mitschke,Creative Commons Attribution-NonCommercial-ShareAlike 4.0,4.0,01:27,https://www.xeno-canto.org/651461,brnowl/XC651461.ogg
brnowl,[],"['aberrant', 'flight call']",45.1343,1.8395,Tyto alba,Barn Owl,Testaert Dominique,Creative Commons Attribution-NonCommercial-ShareAlike 4.0,3.0,23:30,https://www.xeno-canto.org/651535,brnowl/XC651535.ogg
brnowl,[],['nocturnal flight call'],41.4875,2.3653,Tyto alba,Barn Owl,Feliu López i Gelats,Creative Commons Attribution-NonCommercial-ShareAlike 4.0,5.0,02:30,https://www.xeno-canto.org/652556,brnowl/XC652556.ogg
brnowl,[],"['adult', 'call', 'nocturnal flight call']",52.4351,6.5364,Tyto alba,Barn Owl,R. Gerritsen,Creative Commons Attribution-NonCommercial-ShareAlike 4.0,5.0,02:00,https://www.xeno-canto.org/652599,brnowl/XC652599.ogg
brnowl,[],"['call', 'flight call', 'nocturnal flight call']",52.0172,-0.34,Tyto alba,Barn Owl,James P,Creative Commons Attribution-NonCommercial-ShareAlike 4.0,5.0,00:42,https://www.xeno-canto.org/653076,brnowl/XC653076.ogg
brnowl,[],"['call', 'life stage uncertain', 'nocturnal flight call', 'sex uncertain']",41.2243,1.7254,Tyto alba,Barn Owl,Sergi,Creative Commons Attribution-NonCommercial-ShareAlike 4.0,5.0,02:05,https://www.xeno-canto.org/653192,brnowl/XC653192.ogg
brnowl,[],"['adult', 'sex uncertain', 'song']",47.7907,-0.6461,Tyto alba,Barn Owl,Manceau Lionel,Creative Commons Attribution-NonCommercial-ShareAlike 4.0,5.0,05:00,https://www.xeno-canto.org/654116,brnowl/XC654116.ogg
brnowl,[],['uncertain'],-12.0138,-75.2803,Tyto alba,Barn Owl,Wendy Carolay Navarro Romo,Creative Commons Attribution-NonCommercial-ShareAlike 4.0,4.0,18:30,https://www.xeno-canto.org/654934,brnowl/XC654934.ogg
brnowl,[],"['aberrant', 'begging call', 'juvenile', 'sex uncertain']",56.4545,9.6331,Tyto alba,Barn Owl,Lars Mogensen,Creative Commons Attribution-NonCommercial-ShareAlike 4.0,4.0,00:10,https://www.xeno-canto.org/657875,brnowl/XC657875.ogg
brnowl,[],"['aberrant', 'begging call', 'juvenile', 'sex uncertain']",56.4545,9.6331,Tyto alba,Barn Owl,Lars Mogensen,Creative Commons Attribution-NonCommercial-ShareAlike 4.0,4.0,00:10,https://www.xeno-canto.org/657876,brnowl/XC657876.ogg
brnowl,['brnowl'],"['begging call', 'juvenile']",47.7907,-0.6461,Tyto alba,Barn Owl,Manceau Lionel,Creative Commons Attribution-NonCommercial-ShareAlike 4.0,4.5,00:00,https://www.xeno-canto.org/658990,brnowl/XC658990.ogg
brnowl,['brnowl'],"['adult', 'begging call', 'flight call', 'juvenile', 'sex uncertain', 'song']",47.7907,-0.6461,Tyto alba,Barn Owl,Manceau Lionel,Creative Commons Attribution-NonCommercial-ShareAlike 4.0,4.5,00:00,https://www.xeno-canto.org/658991,brnowl/XC658991.ogg
brnowl,[],"['adult', 'call', 'sex uncertain']",11.8047,13.1966,Tyto alba,Barn Owl,Sun Madakan ,Creative Commons Attribution-NonCommercial-ShareAlike 4.0,4.0,19:30,https://www.xeno-canto.org/659764,brnowl/XC659764.ogg
brnowl,[],"['begging call', 'juvenile']",47.7907,-0.6461,Tyto alba,Barn Owl,Manceau Lionel,Creative Commons Attribution-NonCommercial-ShareAlike 4.0,5.0,23:00,https://www.xeno-canto.org/659876,brnowl/XC659876.ogg
brnowl,[],"['call', 'female', 'male', 'nocturnal flight call']",52.3857,-1.7909,Tyto alba,Barn Owl,John Sirrett,Creative Commons Attribution-NonCommercial-ShareAlike 4.0,4.0,23:00,https://www.xeno-canto.org/660020,brnowl/XC660020.ogg
brnowl,[],"['anthropogenic:', 'nocturnal flight call']",52.3857,-1.7909,Tyto alba,Barn Owl,John Sirrett,Creative Commons Attribution-NonCommercial-ShareAlike 4.0,4.0,23:00,https://www.xeno-canto.org/660025,brnowl/XC660025.ogg
brnowl,[],"['bird coming in', 'nocturnal flight call']",46.5256,5.6822,Tyto alba,Barn Owl,Stanislas Wroza,Creative Commons Attribution-NonCommercial-ShareAlike 4.0,5.0,21:00,https://www.xeno-canto.org/662775,brnowl/XC662775.ogg
brnowl,[],"['adult', 'nocturnal flight call', 'sex uncertain']",52.754,-8.4961,Tyto alba,Barn Owl,Michael John O Mahony,Creative Commons Attribution-NonCommercial-ShareAlike 4.0,5.0,05:00,https://www.xeno-canto.org/662864,brnowl/XC662864.ogg
brnowl,[],"['call', 'life stage uncertain', 'sex uncertain']",57.0161,-6.2787,Tyto alba,Barn Owl,Sean Morris,Creative Commons Attribution-NonCommercial-ShareAlike 4.0,3.0,00:08,https://www.xeno-canto.org/663272,brnowl/XC663272.ogg
brnowl,[],"['begging call', 'juvenile']",52.6209,-0.6215,Tyto alba,Barn Owl,Andrew Harrop,Creative Commons Attribution-NonCommercial-ShareAlike 4.0,4.0,04:00,https://www.xeno-canto.org/663440,brnowl/XC663440.ogg
brnowl,[],"['begging call', 'juvenile']",52.6209,-0.6215,Tyto alba,Barn Owl,Andrew Harrop,Creative Commons Attribution-NonCommercial-ShareAlike 4.0,4.0,22:00,https://www.xeno-canto.org/663441,brnowl/XC663441.ogg
brnowl,[],"['begging call', 'juvenile']",52.6209,-0.6215,Tyto alba,Barn Owl,Andrew Harrop,Creative Commons Attribution-NonCommercial-ShareAlike 4.0,5.0,21:30,https://www.xeno-canto.org/664006,brnowl/XC664006.ogg
brnowl,[],"['begging call', 'hatchling or nestling']",50.9375,6.9603,Tyto alba,Barn Owl,Franz Lindinger,Creative Commons Attribution-NonCommercial-ShareAlike 4.0,5.0,23:30,https://www.xeno-canto.org/664820,brnowl/XC664820.ogg
brnowl,[],"['begging call', 'hatchling or nestling']",50.9375,6.9603,Tyto alba,Barn Owl,Franz Lindinger,Creative Commons Attribution-NonCommercial-ShareAlike 4.0,5.0,03:00,https://www.xeno-canto.org/664822,brnowl/XC664822.ogg
brnowl,[],"['call', 'flight call', 'life stage uncertain', 'nocturnal flight call', 'sex uncertain']",53.2671,5.7642,Tyto alba,Barn Owl,Lisette,Creative Commons Attribution-NonCommercial-ShareAlike 4.0,2.0,01:59,https://www.xeno-canto.org/665018,brnowl/XC665018.ogg
brnowl,[],"['flight call', 'life stage uncertain', 'sex uncertain']",50.3827,3.5857,Tyto alba,Barn Owl,Eric Cuvelier,Creative Commons Attribution-NonCommercial-ShareAlike 4.0,4.0,01:30,https://www.xeno-canto.org/665547,brnowl/XC665547.ogg
brnowl,[],"['begging call', 'hatchling or nestling', 'sex uncertain']",52.368,6.3113,Tyto alba,Barn Owl,djsaaltink,Creative Commons Attribution-NonCommercial-ShareAlike 4.0,5.0,22:00,https://www.xeno-canto.org/666272,brnowl/XC666272.ogg
brtcur,[],['call'],59.7789,-151.8645,Numenius tahitiensis,Bristle-thighed Curlew,Andrew Spencer,Creative Commons Attribution-NonCommercial-ShareAlike 3.0,4.0,10:00,https://www.xeno-canto.org/134491,brtcur/XC134491.ogg
brtcur,[],['song'],65.2655,-164.8014,Numenius tahitiensis,Bristle-thighed Curlew,Andrew Spencer,Creative Commons Attribution-NonCommercial-ShareAlike 3.0,5.0,10:00,https://www.xeno-canto.org/139544,brtcur/XC139544.ogg
brtcur,[],['call'],65.2655,-164.8014,Numenius tahitiensis,Bristle-thighed Curlew,Andrew Spencer,Creative Commons Attribution-NonCommercial-ShareAlike 3.0,5.0,10:00,https://www.xeno-canto.org/140992,brtcur/XC140992.ogg
brtcur,[],['call'],21.6853,-157.9473,Numenius tahitiensis,Bristle-thighed Curlew,Dan Lane,Creative Commons Attribution-NonCommercial-ShareAlike 4.0,4.0,02:30,https://www.xeno-canto.org/174848,brtcur/XC174848.ogg
brtcur,[],['call'],21.6853,-157.9473,Numenius tahitiensis,Bristle-thighed Curlew,Dan Lane,Creative Commons Attribution-NonCommercial-ShareAlike 4.0,4.0,02:30,https://www.xeno-canto.org/174849,brtcur/XC174849.ogg
brtcur,[],['call'],21.6853,-157.9473,Numenius tahitiensis,Bristle-thighed Curlew,Dan Lane,Creative Commons Attribution-NonCommercial-ShareAlike 4.0,4.0,02:30,https://www.xeno-canto.org/174860,brtcur/XC174860.ogg
brtcur,['rinphe'],['call'],21.6853,-157.9473,Numenius tahitiensis,Bristle-thighed Curlew,Dan Lane,Creative Commons Attribution-NonCommercial-ShareAlike 4.0,3.5,02:30,https://www.xeno-canto.org/174861,brtcur/XC174861.ogg
brtcur,[],['call'],21.6853,-157.9473,Numenius tahitiensis,Bristle-thighed Curlew,Ross Gallardy,Creative Commons Attribution-NonCommercial-ShareAlike 4.0,4.0,08:00,https://www.xeno-canto.org/208167,brtcur/XC208167.ogg
brtcur,[],['call'],21.6853,-157.9473,Numenius tahitiensis,Bristle-thighed Curlew,Ross Gallardy,Creative Commons Attribution-NonCommercial-ShareAlike 4.0,4.0,08:00,https://www.xeno-canto.org/208168,brtcur/XC208168.ogg
brtcur,[],['call'],21.6853,-157.9473,Numenius tahitiensis,Bristle-thighed Curlew,Ross Gallardy,Creative Commons Attribution-NonCommercial-ShareAlike 4.0,4.0,08:00,https://www.xeno-canto.org/208169,brtcur/XC208169.ogg
brtcur,[],['call'],21.6853,-157.9473,Numenius tahitiensis,Bristle-thighed Curlew,Ross Gallardy,Creative Commons Attribution-NonCommercial-ShareAlike 4.0,4.0,08:00,https://www.xeno-canto.org/208170,brtcur/XC208170.ogg
brtcur,[],['flight call'],21.6853,-157.9473,Numenius tahitiensis,Bristle-thighed Curlew,Ross Gallardy,Creative Commons Attribution-NonCommercial-ShareAlike 4.0,4.0,08:00,https://www.xeno-canto.org/208171,brtcur/XC208171.ogg
brtcur,[],"['call', 'song']",21.6853,-157.9473,Numenius tahitiensis,Bristle-thighed Curlew,Dan Lane,Creative Commons Attribution-NonCommercial-ShareAlike 4.0,5.0,14:30,https://www.xeno-canto.org/234968,brtcur/XC234968.ogg
brtcur,[],['song'],65.2655,-164.8014,Numenius tahitiensis,Bristle-thighed Curlew,Patrik Åberg,Creative Commons Attribution-NonCommercial-ShareAlike 4.0,5.0,06:25,https://www.xeno-canto.org/406101,brtcur/XC406101.ogg
brtcur,[],['song'],65.2655,-164.8014,Numenius tahitiensis,Bristle-thighed Curlew,Patrik Åberg,Creative Commons Attribution-NonCommercial-ShareAlike 4.0,4.0,08:27,https://www.xeno-canto.org/406102,brtcur/XC406102.ogg
brtcur,['brtcur'],['flight call'],-16.9586,-144.7337,Numenius tahitiensis,Bristle-thighed Curlew,AUDEVARD Aurélien,Creative Commons Attribution-NonCommercial-ShareAlike 4.0,4.5,16:15,https://www.xeno-canto.org/619182,brtcur/XC619182.ogg
brtcur,[],"['call', 'flight call']",-16.9586,-144.7337,Numenius tahitiensis,Bristle-thighed Curlew,AUDEVARD Aurélien,Creative Commons Attribution-NonCommercial-ShareAlike 4.0,5.0,16:20,https://www.xeno-canto.org/619250,brtcur/XC619250.ogg
brtcur,[],['flight call'],-17.8474,-143.0691,Numenius tahitiensis,Bristle-thighed Curlew,AUDEVARD Aurélien,Creative Commons Attribution-NonCommercial-ShareAlike 4.0,5.0,09:00,https://www.xeno-canto.org/619618,brtcur/XC619618.ogg
brtcur,[],['flight call'],-17.4529,-143.4711,Numenius tahitiensis,Bristle-thighed Curlew,AUDEVARD Aurélien,Creative Commons Attribution-NonCommercial-ShareAlike 4.0,5.0,11:30,https://www.xeno-canto.org/619657,brtcur/XC619657.ogg
brtcur,['whiter'],['flight call'],-17.4529,-143.4711,Numenius tahitiensis,Bristle-thighed Curlew,AUDEVARD Aurélien,Creative Commons Attribution-NonCommercial-ShareAlike 4.0,4.5,11:00,https://www.xeno-canto.org/619662,brtcur/XC619662.ogg
brtcur,['whiter'],['call'],-17.4529,-143.4711,Numenius tahitiensis,Bristle-thighed Curlew,AUDEVARD Aurélien,Creative Commons Attribution-NonCommercial-ShareAlike 4.0,3.5,11:00,https://www.xeno-canto.org/619663,brtcur/XC619663.ogg
brtcur,['brnnod'],['call'],-17.4529,-143.4711,Numenius tahitiensis,Bristle-thighed Curlew,AUDEVARD Aurélien,Creative Commons Attribution-NonCommercial-ShareAlike 4.0,3.5,11:00,https://www.xeno-canto.org/619664,brtcur/XC619664.ogg
brtcur,['rettro'],['flight call'],-17.8474,-143.0691,Numenius tahitiensis,Bristle-thighed Curlew,AUDEVARD Aurélien,Creative Commons Attribution-NonCommercial-ShareAlike 4.0,4.5,16:00,https://www.xeno-canto.org/620160,brtcur/XC620160.ogg
brtcur,[],['flight call'],-17.8474,-143.0691,Numenius tahitiensis,Bristle-thighed Curlew,AUDEVARD Aurélien,Creative Commons Attribution-NonCommercial-ShareAlike 4.0,5.0,16:00,https://www.xeno-canto.org/620162,brtcur/XC620162.ogg
bubsan,[],['flight call'],-4.2889,-70.2948,Calidris subruficollis,Buff-breasted Sandpiper,Jerome Fischer,Creative Commons Attribution-NonCommercial-ShareAlike 4.0,3.0,17:00,https://www.xeno-canto.org/435876,bubsan/XC435876.ogg
bubsan,[],['flight call'],-4.2889,-70.2948,Calidris subruficollis,Buff-breasted Sandpiper,Jerome Fischer,Creative Commons Attribution-NonCommercial-ShareAlike 4.0,3.0,17:00,https://www.xeno-canto.org/435877,bubsan/XC435877.ogg
bubsan,[],['song'],-30.583027,-59.948959,Calidris subruficollis,Buff-breasted Sandpiper,Bernabe Lopez-Lanus,Creative Commons Attribution-NonCommercial-ShareAlike 3.0,4.0,?:?,https://www.xeno-canto.org/51881,bubsan/XC51881.ogg
bubsan,[],['call'],-4.2889,-70.2948,Calidris subruficollis,Buff-breasted Sandpiper,Jerome Fischer,Creative Commons Attribution-NonCommercial-ShareAlike 4.0,4.0,17:30,https://www.xeno-canto.org/591398,bubsan/XC591398.ogg
bubsan,[],['call'],-4.2889,-70.2948,Calidris subruficollis,Buff-breasted Sandpiper,Jerome Fischer,Creative Commons Attribution-NonCommercial-ShareAlike 4.0,4.0,17:30,https://www.xeno-canto.org/591401,bubsan/XC591401.ogg
buffle,[],['call'],56.7264,-111.3803,Bucephala albeola,Bufflehead,Dugan Maynard,Creative Commons Attribution-NonCommercial-ShareAlike 3.0,5.0,06:00,https://www.xeno-canto.org/152601,buffle/XC152601.ogg
buffle,[],['call'],40.1098,-75.4709,Bucephala albeola,Bufflehead,Paul Driver,Creative Commons Attribution-NonCommercial-ShareAlike 3.0,2.5,02:30,https://www.xeno-canto.org/165566,buffle/XC165566.ogg
buffle,[],"['call', 'female']",40.1098,-75.4709,Bucephala albeola,Bufflehead,Paul Driver,Creative Commons Attribution-NonCommercial-ShareAlike 3.0,2.5,15:30,https://www.xeno-canto.org/167970,buffle/XC167970.ogg
buffle,['cangoo'],"['call', 'female']",40.1098,-75.4709,Bucephala albeola,Bufflehead,Paul Driver,Creative Commons Attribution-NonCommercial-ShareAlike 3.0,3.5,08:00,https://www.xeno-canto.org/168609,buffle/XC168609.ogg
buffle,[],['display sound'],40.027,-74.99,Bucephala albeola,Bufflehead,Paul Driver,Creative Commons Attribution-NonCommercial-ShareAlike 3.0,3.0,12:34,https://www.xeno-canto.org/168876,buffle/XC168876.ogg
buffle,[],['call'],48.1454,-123.567,Bucephala albeola,Bufflehead,Andrew Spencer,Creative Commons Attribution-NonCommercial-ShareAlike 4.0,4.5,08:40,https://www.xeno-canto.org/203984,buffle/XC203984.ogg
buffle,"['amewig', 'gnwtea']",['call'],40.8581,-124.0905,Bucephala albeola,Bufflehead,Paul Marvin,Creative Commons Attribution-NonCommercial-ShareAlike 4.0,3.5,14:00,https://www.xeno-canto.org/361916,buffle/XC361916.ogg
buffle,[],['call'],40.8581,-124.0905,Bucephala albeola,Bufflehead,Paul Marvin,Creative Commons Attribution-NonCommercial-ShareAlike 4.0,5.0,12:58,https://www.xeno-canto.org/361920,buffle/XC361920.ogg
buffle,[],"['call', 'female']",48.3736,-113.2859,Bucephala albeola,Bufflehead,Thomas Magarian,Creative Commons Attribution-NonCommercial-ShareAlike 4.0,0.0,13:47,https://www.xeno-canto.org/388267,buffle/XC388267.ogg
buffle,[],"['call', 'female']",48.3736,-113.2859,Bucephala albeola,Bufflehead,Thomas Magarian,Creative Commons Attribution-NonCommercial-ShareAlike 4.0,0.0,13:49,https://www.xeno-canto.org/388268,buffle/XC388268.ogg
buffle,[],"['call', 'female']",48.3736,-113.2859,Bucephala albeola,Bufflehead,Thomas Magarian,Creative Commons Attribution-NonCommercial-ShareAlike 4.0,0.0,14:20,https://www.xeno-canto.org/388269,buffle/XC388269.ogg
buffle,[],"['call', 'female']",40.8918,-91.0756,Bucephala albeola,Bufflehead,Bobby Wilcox,Creative Commons Attribution-NonCommercial-ShareAlike 4.0,3.0,18:00,https://www.xeno-canto.org/470952,buffle/XC470952.ogg
buffle,[],"['call', 'female']",40.8918,-91.0756,Bucephala albeola,Bufflehead,Bobby Wilcox,Creative Commons Attribution-NonCommercial-ShareAlike 4.0,1.5,18:00,https://www.xeno-canto.org/470954,buffle/XC470954.ogg
buffle,['cangoo'],"['adult', 'call', 'female']",44.4203,-78.3789,Bucephala albeola,Bufflehead,Christopher Moser-Purdy,Creative Commons Attribution-NonCommercial-ShareAlike 4.0,2.5,09:00,https://www.xeno-canto.org/542492,buffle/XC542492.ogg
buffle,[],['alarm call'],37.8373,-122.1363,Bucephala albeola,Bufflehead,Denise Wight,Creative Commons Attribution-NonCommercial-ShareAlike 4.0,3.0,08:30,https://www.xeno-canto.org/590242,buffle/XC590242.ogg
bulpet,[],['song'],30.1501,-15.8667,Bulweria bulwerii,Bulwer's Petrel,James Bradley,Creative Commons Attribution-NonCommercial-ShareAlike 4.0,4.0,21:00,https://www.xeno-canto.org/295062,bulpet/XC295062.ogg
bulpet,[],['call'],30.1501,-15.8667,Bulweria bulwerii,Bulwer's Petrel,James Bradley,Creative Commons Attribution-NonCommercial-ShareAlike 4.0,5.0,21:00,https://www.xeno-canto.org/407940,bulpet/XC407940.ogg
bulpet,[],['song'],29.299,-13.5365,Bulweria bulwerii,Bulwer's Petrel,Marcel Gil Velasco,Creative Commons Attribution-NonCommercial-ShareAlike 4.0,4.5,03:00,https://www.xeno-canto.org/441957,bulpet/XC441957.ogg
bulpet,[],['song'],29.299,-13.5365,Bulweria bulwerii,Bulwer's Petrel,Marcel Gil Velasco,Creative Commons Attribution-NonCommercial-ShareAlike 4.0,5.0,02:30,https://www.xeno-canto.org/619497,bulpet/XC619497.ogg
bulpet,[],['song'],29.299,-13.5365,Bulweria bulwerii,Bulwer's Petrel,Marcel Gil Velasco,Creative Commons Attribution-NonCommercial-ShareAlike 4.0,5.0,03:00,https://www.xeno-canto.org/619502,bulpet/XC619502.ogg
bulpet,[],['song'],29.2569,-13.505,Bulweria bulwerii,Bulwer's Petrel,Marcel Gil Velasco,Creative Commons Attribution-NonCommercial-ShareAlike 4.0,5.0,04:00,https://www.xeno-canto.org/619770,bulpet/XC619770.ogg
bulpet,[],['song'],29.2569,-13.505,Bulweria bulwerii,Bulwer's Petrel,Marcel Gil Velasco,Creative Commons Attribution-NonCommercial-ShareAlike 4.0,5.0,04:00,https://www.xeno-canto.org/619771,bulpet/XC619771.ogg
burpar,[],['call'],-35.6937,-71.2228,Cyanoliseus patagonus,Burrowing Parakeet,Ross Gallardy,Creative Commons Attribution-NonCommercial-ShareAlike 4.0,5.0,11:00,https://www.xeno-canto.org/296123,burpar/XC296123.ogg
burpar,[],['call'],-35.6937,-71.2228,Cyanoliseus patagonus,Burrowing Parakeet,Ross Gallardy,Creative Commons Attribution-NonCommercial-ShareAlike 4.0,5.0,11:00,https://www.xeno-canto.org/296124,burpar/XC296124.ogg
burpar,[],['flight calls of 7 groups of each ten birds'],-26.4834,-66.01,Cyanoliseus patagonus,Burrowing Parakeet,Niels Krabbe,Creative Commons Attribution-NonCommercial-ShareAlike 3.0,5.0,07:20,https://www.xeno-canto.org/32509,burpar/XC32509.ogg
burpar,[],['flight calls of a small group'],-26.4834,-66.01,Cyanoliseus patagonus,Burrowing Parakeet,Niels Krabbe,Creative Commons Attribution-NonCommercial-ShareAlike 3.0,5.0,08:00,https://www.xeno-canto.org/32510,burpar/XC32510.ogg
burpar,[],['flight call'],-26.4834,-66.01,Cyanoliseus patagonus,Burrowing Parakeet,Niels Krabbe,Creative Commons Attribution-NonCommercial-ShareAlike 3.0,4.0,08:28,https://www.xeno-canto.org/32511,burpar/XC32511.ogg
burpar,[],['flight calls of group of 10'],-26.4834,-66.01,Cyanoliseus patagonus,Burrowing Parakeet,Niels Krabbe,Creative Commons Attribution-NonCommercial-ShareAlike 3.0,5.0,10:55,https://www.xeno-canto.org/32512,burpar/XC32512.ogg
burpar,[],['calls from perch'],-26.5323,-65.9837,Cyanoliseus patagonus,Burrowing Parakeet,Ana Laura Sureda and Niels Krabbe,Creative Commons Attribution-NonCommercial-ShareAlike 3.0,5.0,x,https://www.xeno-canto.org/32513,burpar/XC32513.ogg
burpar,[],['song'],-32.1494,-65.0578,Cyanoliseus patagonus,Burrowing Parakeet,Carlos Ferrari,Creative Commons Attribution-NonCommercial-ShareAlike 4.0,4.0,08:30,https://www.xeno-canto.org/339725,burpar/XC339725.ogg
burpar,[],['begging call'],-34.8983,-70.5245,Cyanoliseus patagonus,Burrowing Parakeet,Cristian Pinto,Creative Commons Attribution-NonCommercial-ShareAlike 4.0,5.0,15:00,https://www.xeno-canto.org/380835,burpar/XC380835.ogg
burpar,[],['alarm call'],-34.8983,-70.5245,Cyanoliseus patagonus,Burrowing Parakeet,Cristian Pinto,Creative Commons Attribution-NonCommercial-ShareAlike 4.0,5.0,15:00,https://www.xeno-canto.org/380836,burpar/XC380836.ogg
burpar,[],['call'],-45.5479,-69.2877,Cyanoliseus patagonus,Burrowing Parakeet,Bobby Wilcox,Creative Commons Attribution-NonCommercial-ShareAlike 4.0,4.0,12:00,https://www.xeno-canto.org/415816,burpar/XC415816.ogg
burpar,[],['call'],-42.796,-65.016,Cyanoliseus patagonus,Burrowing Parakeet,Bernabe Lopez-Lanus,Creative Commons Attribution-NonCommercial-ShareAlike 3.0,5.0,am,https://www.xeno-canto.org/48691,burpar/XC48691.ogg
burpar,[],['call'],-26.4834,-66.01,Cyanoliseus patagonus,Burrowing Parakeet,Niels Krabbe,Creative Commons Attribution-NonCommercial-ShareAlike 4.0,4.5,05:59,https://www.xeno-canto.org/506323,burpar/XC506323.ogg
burpar,[],['calls'],-26.4834,-66.01,Cyanoliseus patagonus,Burrowing Parakeet,Niels Krabbe,Creative Commons Attribution-NonCommercial-ShareAlike 4.0,4.5,07:29,https://www.xeno-canto.org/506334,burpar/XC506334.ogg
burpar,[],['calls'],-26.4834,-66.01,Cyanoliseus patagonus,Burrowing Parakeet,Niels Krabbe,Creative Commons Attribution-NonCommercial-ShareAlike 4.0,4.5,07:32,https://www.xeno-canto.org/506335,burpar/XC506335.ogg
burpar,[],['calls'],-26.3969,-66.004,Cyanoliseus patagonus,Burrowing Parakeet,Niels Krabbe,Creative Commons Attribution-NonCommercial-ShareAlike 4.0,5.0,09:10,https://www.xeno-canto.org/506340,burpar/XC506340.ogg
burpar,[],['calls'],-26.3969,-66.004,Cyanoliseus patagonus,Burrowing Parakeet,Niels Krabbe,Creative Commons Attribution-NonCommercial-ShareAlike 4.0,5.0,09:24,https://www.xeno-canto.org/506341,burpar/XC506341.ogg
burpar,[],['call'],-42.754008,-65.049019,Cyanoliseus patagonus,Burrowing Parakeet,Bernabe Lopez-Lanus,Creative Commons Attribution-NonCommercial-ShareAlike 3.0,4.0,?:?,https://www.xeno-canto.org/51659,burpar/XC51659.ogg
burpar,[],"['adult', 'call', 'flight call', 'sex uncertain']",-41.0566,-62.835,Cyanoliseus patagonus,Burrowing Parakeet,Craig Robertson,Creative Commons Attribution-NonCommercial-ShareAlike 4.0,4.0,12:30,https://www.xeno-canto.org/583147,burpar/XC583147.ogg
burpar,[],['call'],-25.0501,-66.0939,Cyanoliseus patagonus,Burrowing Parakeet,Nick Athanas,Creative Commons Attribution-NonCommercial-ShareAlike 3.0,5.0,17:34,https://www.xeno-canto.org/8957,burpar/XC8957.ogg
buwtea,['cangoo'],"['call', 'male']",44.942,-93.259,Spatula discors,Blue-winged Teal,Jonathon Jongsma,Creative Commons Attribution-ShareAlike 3.0,2.5,08:30,https://www.xeno-canto.org/101288,buwtea/XC101288.ogg
buwtea,[],['call'],48.731,-102.703,Spatula discors,Blue-winged Teal,Andrew Spencer,Creative Commons Attribution-NonCommercial-ShareAlike 3.0,5.0,11:00,https://www.xeno-canto.org/110078,buwtea/XC110078.ogg
buwtea,[],['call'],48.731,-102.703,Spatula discors,Blue-winged Teal,Andrew Spencer,Creative Commons Attribution-NonCommercial-ShareAlike 3.0,5.0,11:00,https://www.xeno-canto.org/110079,buwtea/XC110079.ogg
buwtea,[],['call'],48.731,-102.703,Spatula discors,Blue-winged Teal,Andrew Spencer,Creative Commons Attribution-NonCommercial-ShareAlike 3.0,5.0,11:00,https://www.xeno-canto.org/110080,buwtea/XC110080.ogg
buwtea,['pibgre'],['call'],48.731,-102.703,Spatula discors,Blue-winged Teal,Andrew Spencer,Creative Commons Attribution-NonCommercial-ShareAlike 3.0,4.5,08:00,https://www.xeno-canto.org/110081,buwtea/XC110081.ogg
buwtea,[],['call'],27.8283,-97.0803,Spatula discors,Blue-winged Teal,Chris Harrison,Creative Commons Attribution-NonCommercial-ShareAlike 3.0,4.0,17:00,https://www.xeno-canto.org/123343,buwtea/XC123343.ogg
buwtea,[],['call'],26.479,-80.143,Spatula discors,Blue-winged Teal,Mike Nelson,Creative Commons Attribution-NonCommercial-ShareAlike 3.0,2.5,11:30,https://www.xeno-canto.org/130513,buwtea/XC130513.ogg
buwtea,[],['flight call'],42.343,-76.3,Spatula discors,Blue-winged Teal,Steve Kelling,Creative Commons Attribution-NonCommercial-ShareAlike 3.0,2.0,00:00,https://www.xeno-canto.org/131462,buwtea/XC131462.ogg
buwtea,[],['call'],51.7772,-103.5795,Spatula discors,Blue-winged Teal,Patrick Turgeon,Creative Commons Attribution-NonCommercial-ShareAlike 3.0,4.0,20:04,https://www.xeno-canto.org/139897,buwtea/XC139897.ogg
buwtea,['sora'],['call'],56.7264,-111.3803,Spatula discors,Blue-winged Teal,Dugan Maynard,Creative Commons Attribution-NonCommercial-ShareAlike 3.0,1.5,04:00,https://www.xeno-canto.org/152886,buwtea/XC152886.ogg
buwtea,[],['call'],56.7264,-111.3803,Spatula discors,Blue-winged Teal,Dugan Maynard,Creative Commons Attribution-NonCommercial-ShareAlike 3.0,2.5,22:00,https://www.xeno-canto.org/153859,buwtea/XC153859.ogg
buwtea,[],"['call', 'female']",51.7772,-103.5795,Spatula discors,Blue-winged Teal,Ian Cruickshank,Creative Commons Attribution-NonCommercial-ShareAlike 3.0,4.0,09:30,https://www.xeno-canto.org/157459,buwtea/XC157459.ogg
buwtea,[],"['flight call', 'male']",28.2267,-80.7645,Spatula discors,Blue-winged Teal,Paul Marvin,Creative Commons Attribution-NonCommercial-ShareAlike 3.0,4.0,09:09,https://www.xeno-canto.org/160978,buwtea/XC160978.ogg
buwtea,[],"['call', 'female', 'flight call', 'male']",28.2267,-80.7645,Spatula discors,Blue-winged Teal,Paul Marvin,Creative Commons Attribution-NonCommercial-ShareAlike 3.0,4.0,08:46,https://www.xeno-canto.org/162091,buwtea/XC162091.ogg
buwtea,[],['song'],6.2138,-75.2219,Spatula discors,Blue-winged Teal,Danny Zapata-Henao,Creative Commons Attribution-NonCommercial-ShareAlike 3.0,4.5,6:49,https://www.xeno-canto.org/163734,buwtea/XC163734.ogg
buwtea,[],['song'],6.2138,-75.2219,Spatula discors,Blue-winged Teal,Danny Zapata-Henao,Creative Commons Attribution-NonCommercial-ShareAlike 3.0,1.0,15:06,https://www.xeno-canto.org/163751,buwtea/XC163751.ogg
buwtea,[],"['Calls', 'female']",42.5759,-82.8087,Spatula discors,Blue-winged Teal,Allen T. Chartier,Creative Commons Attribution-NonCommercial-ShareAlike 3.0,2.5,?,https://www.xeno-canto.org/16917,buwtea/XC16917.ogg
buwtea,[],['call'],28.6902,-80.7137,Spatula discors,Blue-winged Teal,Paul Marvin,Creative Commons Attribution-NonCommercial-ShareAlike 4.0,5.0,10:41,https://www.xeno-canto.org/173306,buwtea/XC173306.ogg
buwtea,[],"['female', 'flight call', 'male']",28.7599,-80.798,Spatula discors,Blue-winged Teal,Paul Marvin,Creative Commons Attribution-NonCommercial-ShareAlike 4.0,5.0,07:57,https://www.xeno-canto.org/173312,buwtea/XC173312.ogg
buwtea,[],"['female', 'flight call', 'male']",28.7599,-80.798,Spatula discors,Blue-winged Teal,Paul Marvin,Creative Commons Attribution-NonCommercial-ShareAlike 4.0,4.0,07:57,https://www.xeno-canto.org/173313,buwtea/XC173313.ogg
buwtea,[],"['female', 'flight call']",28.5785,-80.9961,Spatula discors,Blue-winged Teal,Paul Marvin,Creative Commons Attribution-NonCommercial-ShareAlike 4.0,5.0,11:09,https://www.xeno-canto.org/173315,buwtea/XC173315.ogg
buwtea,[],"['call', 'female', 'flight call', 'male']",28.7599,-80.798,Spatula discors,Blue-winged Teal,Paul Marvin,Creative Commons Attribution-NonCommercial-ShareAlike 4.0,5.0,08:06,https://www.xeno-canto.org/173319,buwtea/XC173319.ogg
buwtea,[],"['call', 'female']",28.5785,-80.9961,Spatula discors,Blue-winged Teal,Paul Marvin,Creative Commons Attribution-NonCommercial-ShareAlike 4.0,3.5,11:15,https://www.xeno-canto.org/173321,buwtea/XC173321.ogg
buwtea,[],"['call', 'female']",28.5785,-80.9961,Spatula discors,Blue-winged Teal,Paul Marvin,Creative Commons Attribution-NonCommercial-ShareAlike 4.0,5.0,11:09,https://www.xeno-canto.org/173322,buwtea/XC173322.ogg
buwtea,[],['call'],30.415,-91.179,Spatula discors,Blue-winged Teal,Dan Lane,Creative Commons Attribution-NonCommercial-ShareAlike 4.0,3.5,12:00,https://www.xeno-canto.org/175547,buwtea/XC175547.ogg
buwtea,"['houspa', 'lesyel', 'norcar']",['call'],30.415,-91.179,Spatula discors,Blue-winged Teal,Dan Lane,Creative Commons Attribution-NonCommercial-ShareAlike 4.0,3.5,12:00,https://www.xeno-canto.org/175548,buwtea/XC175548.ogg
buwtea,['pibgre'],['call'],44.707,-93.329,Spatula discors,Blue-winged Teal,Jonathon Jongsma,Creative Commons Attribution-ShareAlike 4.0,3.5,07:45,https://www.xeno-canto.org/179673,buwtea/XC179673.ogg
buwtea,['sora'],['interaction calls'],40.6409,-104.3397,Spatula discors,Blue-winged Teal,Richard E. Webster,Creative Commons Attribution-NonCommercial-ShareAlike 4.0,3.5,04:48,https://www.xeno-canto.org/184981,buwtea/XC184981.ogg
buwtea,[],['interaction calls'],40.6409,-104.3397,Spatula discors,Blue-winged Teal,Richard E. Webster,Creative Commons Attribution-NonCommercial-ShareAlike 4.0,4.5,04:44,https://www.xeno-canto.org/184982,buwtea/XC184982.ogg
buwtea,[],"['flight call', 'male']",46.154,-72.7455,Spatula discors,Blue-winged Teal,Martin St-Michel,Creative Commons Attribution-NonCommercial-ShareAlike 4.0,4.0,06:32,https://www.xeno-canto.org/191488,buwtea/XC191488.ogg
buwtea,[],['take-off and flight calls'],-2.247,-80.941,Spatula discors,Blue-winged Teal,John V. Moore,Creative Commons Attribution-NonCommercial-ShareAlike 4.0,5.0,?,https://www.xeno-canto.org/257286,buwtea/XC257286.ogg
buwtea,[],['call (female)'],29.9589,-92.6373,Spatula discors,Blue-winged Teal,Daniel Lane,Creative Commons Attribution-NonCommercial-ShareAlike 3.0,2.5,17:35,https://www.xeno-canto.org/28267,buwtea/XC28267.ogg
buwtea,[],"['call', 'flight call', 'male']",48.5982,-102.4547,Spatula discors,Blue-winged Teal,Paul Marvin,Creative Commons Attribution-NonCommercial-ShareAlike 4.0,3.5,07:07,https://www.xeno-canto.org/295589,buwtea/XC295589.ogg
buwtea,[],['call'],52.8214,-119.244,Spatula discors,Blue-winged Teal,James Bradley,Creative Commons Attribution-NonCommercial-ShareAlike 4.0,4.0,17:00,https://www.xeno-canto.org/302953,buwtea/XC302953.ogg
buwtea,[],['call'],34.3398,-90.1667,Spatula discors,Blue-winged Teal,J.R. Rigby,Creative Commons Attribution-NonCommercial-ShareAlike 4.0,3.5,12:00,https://www.xeno-canto.org/308711,buwtea/XC308711.ogg
buwtea,[],['call'],34.3398,-90.1667,Spatula discors,Blue-winged Teal,J.R. Rigby,Creative Commons Attribution-NonCommercial-ShareAlike 4.0,4.5,12:00,https://www.xeno-canto.org/308712,buwtea/XC308712.ogg
buwtea,[],['call'],34.9878,-90.2088,Spatula discors,Blue-winged Teal,Hal Mitchell,Creative Commons Attribution-NonCommercial-ShareAlike 4.0,5.0,08:00,https://www.xeno-canto.org/309454,buwtea/XC309454.ogg
buwtea,['cangoo'],['call'],41.5759,-87.8614,Spatula discors,Blue-winged Teal,Matt Wistrand,Creative Commons Attribution-NonCommercial-ShareAlike 4.0,2.5,06:30,https://www.xeno-canto.org/312710,buwtea/XC312710.ogg
buwtea,[],['call'],48.1726,-106.8716,Spatula discors,Blue-winged Teal,Thomas Magarian,Creative Commons Attribution-NonCommercial-ShareAlike 4.0,0.0,16:14,https://www.xeno-canto.org/341819,buwtea/XC341819.ogg
buwtea,[],['call'],48.1726,-106.8716,Spatula discors,Blue-winged Teal,Thomas Magarian,Creative Commons Attribution-NonCommercial-ShareAlike 4.0,0.0,16:14,https://www.xeno-canto.org/341821,buwtea/XC341821.ogg
buwtea,[],"['call', 'female', 'flight call']",28.2267,-80.7645,Spatula discors,Blue-winged Teal,Paul Marvin,Creative Commons Attribution-NonCommercial-ShareAlike 4.0,5.0,08:11,https://www.xeno-canto.org/346077,buwtea/XC346077.ogg
buwtea,[],"['call', 'female']",28.2267,-80.7645,Spatula discors,Blue-winged Teal,Paul Marvin,Creative Commons Attribution-NonCommercial-ShareAlike 4.0,5.0,08:31,https://www.xeno-canto.org/363099,buwtea/XC363099.ogg
buwtea,[],['call'],10.0421,-84.912,Spatula discors,Blue-winged Teal,Albert Lastukhin,Creative Commons Attribution-NonCommercial-ShareAlike 4.0,4.0,05:00,https://www.xeno-canto.org/380748,buwtea/XC380748.ogg
buwtea,[],['call'],9.9813,-69.5325,Spatula discors,Blue-winged Teal,Albert Lastukhin,Creative Commons Attribution-NonCommercial-ShareAlike 4.0,2.5,08:00,https://www.xeno-canto.org/385601,buwtea/XC385601.ogg
buwtea,[],"['call', 'female']",4.6834,-74.3834,Spatula discors,Blue-winged Teal,Bernabe Lopez-Lanus,Creative Commons Attribution-NonCommercial-ShareAlike 3.0,3.0,am,https://www.xeno-canto.org/45479,buwtea/XC45479.ogg
buwtea,[],"['call', 'female']",4.6834,-74.3834,Spatula discors,Blue-winged Teal,Bernabe Lopez-Lanus,Creative Commons Attribution-NonCommercial-ShareAlike 3.0,3.0,am,https://www.xeno-canto.org/45480,buwtea/XC45480.ogg
buwtea,[],"['call', 'female']",4.6834,-74.3834,Spatula discors,Blue-winged Teal,Bernabe Lopez-Lanus,Creative Commons Attribution-NonCommercial-ShareAlike 3.0,4.0,am,https://www.xeno-canto.org/45481,buwtea/XC45481.ogg
buwtea,['comgal1'],"['female', 'flight call', 'male']",28.608,-80.7335,Spatula discors,Blue-winged Teal,Paul Marvin,Creative Commons Attribution-NonCommercial-ShareAlike 4.0,3.5,07:13,https://www.xeno-canto.org/461521,buwtea/XC461521.ogg
buwtea,[],"['female', 'male']",4.9488,-73.9577,Spatula discors,Blue-winged Teal,Fernando Castro,Creative Commons Attribution-NonCommercial-ShareAlike 4.0,3.0,17:30,https://www.xeno-canto.org/492291,buwtea/XC492291.ogg
buwtea,[],"['female', 'song']",4.9488,-73.9577,Spatula discors,Blue-winged Teal,Fernando Castro,Creative Commons Attribution-NonCommercial-ShareAlike 4.0,5.0,17:30,https://www.xeno-canto.org/501464,buwtea/XC501464.ogg
buwtea,[],"['sex uncertain', 'song']",14.1045,-87.2744,Spatula discors,Blue-winged Teal,Alfonso Auerbach,Creative Commons Attribution-NonCommercial-ShareAlike 4.0,1.0,10:00,https://www.xeno-canto.org/612616,buwtea/XC612616.ogg
buwtea,[],"['alarm call', 'sex uncertain']",17.8186,-94.548,Spatula discors,Blue-winged Teal,Manuel Grosselet,Creative Commons Attribution-NonCommercial-ShareAlike 4.0,3.5,08:30,https://www.xeno-canto.org/617750,buwtea/XC617750.ogg
cacgoo1,[],['flight call'],46.9459,-124.1499,Branta hutchinsii,Cackling Goose,Tayler Brooks,Creative Commons Attribution-NonCommercial-ShareAlike 3.0,5.0,13:00,https://www.xeno-canto.org/113142,cacgoo1/XC113142.ogg
cacgoo1,[],['call'],40.6864,-124.2127,Branta hutchinsii,Cackling Goose,Andrew Spencer,Creative Commons Attribution-NonCommercial-ShareAlike 3.0,5.0,09:30,https://www.xeno-canto.org/144036,cacgoo1/XC144036.ogg
cacgoo1,[],['call'],40.6864,-124.2127,Branta hutchinsii,Cackling Goose,Andrew Spencer,Creative Commons Attribution-NonCommercial-ShareAlike 3.0,5.0,09:30,https://www.xeno-canto.org/144037,cacgoo1/XC144037.ogg
cacgoo1,[],['call'],40.6864,-124.2127,Branta hutchinsii,Cackling Goose,Andrew Spencer,Creative Commons Attribution-NonCommercial-ShareAlike 3.0,5.0,09:30,https://www.xeno-canto.org/144038,cacgoo1/XC144038.ogg
cacgoo1,[],['call'],40.6864,-124.2127,Branta hutchinsii,Cackling Goose,Andrew Spencer,Creative Commons Attribution-NonCommercial-ShareAlike 3.0,5.0,09:30,https://www.xeno-canto.org/144040,cacgoo1/XC144040.ogg
cacgoo1,[],['call'],64.5643,-165.5106,Branta hutchinsii,Cackling Goose,Andrew Spencer,Creative Commons Attribution-NonCommercial-ShareAlike 3.0,5.0,21:00,https://www.xeno-canto.org/144041,cacgoo1/XC144041.ogg
cacgoo1,[],['call'],64.4655,-165.1492,Branta hutchinsii,Cackling Goose,Andrew Spencer,Creative Commons Attribution-NonCommercial-ShareAlike 3.0,5.0,23:30,https://www.xeno-canto.org/144042,cacgoo1/XC144042.ogg
cacgoo1,[],['flight call'],49.0802,-125.7755,Branta hutchinsii,Cackling Goose,Ian Cruickshank,Creative Commons Attribution-NonCommercial-ShareAlike 4.0,4.0,07:30,https://www.xeno-canto.org/182146,cacgoo1/XC182146.ogg
cacgoo1,[],['call'],39.9976,-105.1179,Branta hutchinsii,Cackling Goose,Ted Floyd,Creative Commons Attribution-NonCommercial-ShareAlike 4.0,4.0,06:57,https://www.xeno-canto.org/206053,cacgoo1/XC206053.ogg
cacgoo1,[],['call'],48.3197,-123.5463,Branta hutchinsii,Cackling Goose,Ian Cruickshank,Creative Commons Attribution-NonCommercial-ShareAlike 4.0,5.0,07:30,https://www.xeno-canto.org/210101,cacgoo1/XC210101.ogg
cacgoo1,[],"['call', 'wingbeats']",40.8702,-124.1157,Branta hutchinsii,Cackling Goose,Elias Aristides Elias,Creative Commons Attribution-NonCommercial-ShareAlike 4.0,3.5,15:48,https://www.xeno-canto.org/285214,cacgoo1/XC285214.ogg
cacgoo1,[],['flight call'],40.5543,-104.951,Branta hutchinsii,Cackling Goose,Nick Komar,Creative Commons Attribution-NonCommercial-ShareAlike 4.0,5.0,09:00,https://www.xeno-canto.org/295322,cacgoo1/XC295322.ogg
cacgoo1,[],['flight call'],40.389,-105.0835,Branta hutchinsii,Cackling Goose,Nick Komar,Creative Commons Attribution-NonCommercial-ShareAlike 4.0,5.0,11:30,https://www.xeno-canto.org/301687,cacgoo1/XC301687.ogg
cacgoo1,"['cangoo', 'mallar3']",['call'],40.4203,-105.0938,Branta hutchinsii,Cackling Goose,Nick Komar,Creative Commons Attribution-NonCommercial-ShareAlike 4.0,4.5,12:00,https://www.xeno-canto.org/320748,cacgoo1/XC320748.ogg
cacgoo1,[],['call'],40.4203,-105.0938,Branta hutchinsii,Cackling Goose,Nick Komar,Creative Commons Attribution-NonCommercial-ShareAlike 4.0,5.0,12:00,https://www.xeno-canto.org/320749,cacgoo1/XC320749.ogg
cacgoo1,[],"['call', 'flight call']",40.4203,-105.0938,Branta hutchinsii,Cackling Goose,Nick Komar,Creative Commons Attribution-NonCommercial-ShareAlike 4.0,5.0,12:30,https://www.xeno-canto.org/320750,cacgoo1/XC320750.ogg
cacgoo1,[],['flight call'],40.4168,-105.0915,Branta hutchinsii,Cackling Goose,Nick Komar,Creative Commons Attribution-NonCommercial-ShareAlike 4.0,4.0,16:15,https://www.xeno-canto.org/348514,cacgoo1/XC348514.ogg
cacgoo1,[],['call'],39.9976,-105.1179,Branta hutchinsii,Cackling Goose,Ted Floyd,Creative Commons Attribution-NonCommercial-ShareAlike 4.0,4.0,13:01,https://www.xeno-canto.org/351643,cacgoo1/XC351643.ogg
cacgoo1,[],['call'],38.1943,-122.3154,Branta hutchinsii,Cackling Goose,Jim Holmes,Creative Commons Attribution-NonCommercial-ShareAlike 4.0,4.0,07:00,https://www.xeno-canto.org/357042,cacgoo1/XC357042.ogg
cacgoo1,[],"['call', 'flight call']",45.6789,-122.7634,Branta hutchinsii,Cackling Goose,Rachel Hudson,Creative Commons Attribution-NonCommercial-ShareAlike 4.0,3.5,09:55,https://www.xeno-canto.org/358686,cacgoo1/XC358686.ogg
cacgoo1,[],['flight call'],40.6864,-124.2127,Branta hutchinsii,Cackling Goose,Paul Marvin,Creative Commons Attribution-NonCommercial-ShareAlike 4.0,5.0,03:23,https://www.xeno-canto.org/361080,cacgoo1/XC361080.ogg
cacgoo1,[],['flight call'],40.6864,-124.2127,Branta hutchinsii,Cackling Goose,Paul Marvin,Creative Commons Attribution-NonCommercial-ShareAlike 4.0,4.0,03:33,https://www.xeno-canto.org/361084,cacgoo1/XC361084.ogg
cacgoo1,[],['flight call'],40.6864,-124.2127,Branta hutchinsii,Cackling Goose,Paul Marvin,Creative Commons Attribution-NonCommercial-ShareAlike 4.0,3.0,15:45,https://www.xeno-canto.org/362438,cacgoo1/XC362438.ogg
cacgoo1,[],['call'],64.5035,-165.4053,Branta hutchinsii,Cackling Goose,Patrik Åberg,Creative Commons Attribution-NonCommercial-ShareAlike 4.0,5.0,09:48,https://www.xeno-canto.org/406173,cacgoo1/XC406173.ogg
cacgoo1,['snogoo'],['call'],46.8441,-119.4536,Branta hutchinsii,Cackling Goose,Bruce Lagerquist,Creative Commons Attribution-NonCommercial-ShareAlike 4.0,4.5,07:30,https://www.xeno-canto.org/467750,cacgoo1/XC467750.ogg
cacgoo1,[],['call'],44.3897,-123.296,Branta hutchinsii,Cackling Goose,Thomas Magarian,Creative Commons Attribution-NonCommercial-ShareAlike 4.0,0.0,14:01,https://www.xeno-canto.org/477238,cacgoo1/XC477238.ogg
cacgoo1,[],['call'],44.3897,-123.296,Branta hutchinsii,Cackling Goose,Thomas Magarian,Creative Commons Attribution-NonCommercial-ShareAlike 4.0,0.0,14:07,https://www.xeno-canto.org/477239,cacgoo1/XC477239.ogg
cacgoo1,[],['call'],44.3897,-123.296,Branta hutchinsii,Cackling Goose,Thomas Magarian,Creative Commons Attribution-NonCommercial-ShareAlike 4.0,0.0,14:27,https://www.xeno-canto.org/477240,cacgoo1/XC477240.ogg
cacgoo1,[],['call'],44.3895,-123.3159,Branta hutchinsii,Cackling Goose,Thomas Magarian,Creative Commons Attribution-NonCommercial-ShareAlike 4.0,0.0,15:49,https://www.xeno-canto.org/477241,cacgoo1/XC477241.ogg
cacgoo1,['cangoo'],['call'],44.3897,-123.296,Branta hutchinsii,Cackling Goose,Thomas Magarian,Creative Commons Attribution-NonCommercial-ShareAlike 4.0,0.0,14:03,https://www.xeno-canto.org/477242,cacgoo1/XC477242.ogg
cacgoo1,[],"['adult', 'call']",50.1205,8.7223,Branta hutchinsii,Cackling Goose,W. Agster,Creative Commons Attribution-NonCommercial-ShareAlike 4.0,5.0,08:30,https://www.xeno-canto.org/524517,cacgoo1/XC524517.ogg
cacgoo1,[],['call'],45.6989,-122.8352,Branta hutchinsii,Cackling Goose,Thomas Magarian,Creative Commons Attribution-NonCommercial-ShareAlike 4.0,0.0,11:55,https://www.xeno-canto.org/530316,cacgoo1/XC530316.ogg
cacgoo1,['snogoo'],['call'],45.702,-122.781,Branta hutchinsii,Cackling Goose,Thomas Magarian,Creative Commons Attribution-NonCommercial-ShareAlike 4.0,0.0,14:58,https://www.xeno-canto.org/530560,cacgoo1/XC530560.ogg
cacgoo1,[],['call'],45.702,-122.781,Branta hutchinsii,Cackling Goose,Thomas Magarian,Creative Commons Attribution-NonCommercial-ShareAlike 4.0,0.0,14:59,https://www.xeno-canto.org/530562,cacgoo1/XC530562.ogg
cacgoo1,[],"['adult', 'call', 'flight call', 'sex uncertain']",49.1576,-123.1218,Branta hutchinsii,Cackling Goose,Melissa Hafting,Creative Commons Attribution-NonCommercial-ShareAlike 4.0,4.0,12:30,https://www.xeno-canto.org/555057,cacgoo1/XC555057.ogg
cacgoo1,[],['flight call'],38.1578,-121.4426,Branta hutchinsii,Cackling Goose,Ed Pandolfino,Creative Commons Attribution-NonCommercial-ShareAlike 4.0,4.0,09:28,https://www.xeno-canto.org/578139,cacgoo1/XC578139.ogg
cacgoo1,[],"['adult', 'call', 'sex uncertain']",69.0125,-148.8176,Branta hutchinsii,Cackling Goose,"Seth Beaudreault, Toolik Field Station",Creative Commons Attribution-NonCommercial-ShareAlike 4.0,3.0,08:30,https://www.xeno-canto.org/590057,cacgoo1/XC590057.ogg
cacgoo1,['mallar3'],['call'],40.5653,-105.0476,Branta hutchinsii,Cackling Goose,Nick Komar,Creative Commons Attribution-NonCommercial-ShareAlike 4.0,4.5,16:22,https://www.xeno-canto.org/621436,cacgoo1/XC621436.ogg
calqua,[],['call'],37.3144,-122.0632,Callipepla californica,California Quail,Jonathon Jongsma,Creative Commons Attribution-ShareAlike 3.0,3.0,07:19,https://www.xeno-canto.org/109664,calqua/XC109664.ogg
calqua,[],['call'],37.2942,-122.0573,Callipepla californica,California Quail,Jonathon Jongsma,Creative Commons Attribution-ShareAlike 3.0,4.0,10:19,https://www.xeno-canto.org/109825,calqua/XC109825.ogg
calqua,[],"['call', 'flock calls during foraging']",35.2751,-120.8814,Callipepla californica,California Quail,Thomas G. Graves,Creative Commons Attribution-NonCommercial-ShareAlike 3.0,2.5,17:05,https://www.xeno-canto.org/124482,calqua/XC124482.ogg
calqua,[],['call'],29.727,-114.717,Callipepla californica,California Quail,Thore Noernberg,Creative Commons Attribution-NonCommercial-ShareAlike 3.0,3.0,16:30,https://www.xeno-canto.org/127191,calqua/XC127191.ogg
calqua,['moudov'],"['call', 'song', 'two calling back and forth']",35.329,-120.4782,Callipepla californica,California Quail,Thomas G. Graves,Creative Commons Attribution-NonCommercial-ShareAlike 3.0,4.5,9:02,https://www.xeno-canto.org/129078,calqua/XC129078.ogg
calqua,[],"['alarm call', 'female', 'juvenile']",36.4416,-121.8631,Callipepla californica,California Quail,Antonio Silveira,Creative Commons Attribution-NonCommercial-ShareAlike 3.0,2.0,15:30,https://www.xeno-canto.org/144280,calqua/XC144280.ogg
calqua,[],['call'],33.2808,-116.4337,Callipepla californica,California Quail,Paul Marvin,Creative Commons Attribution-NonCommercial-ShareAlike 3.0,4.0,08:46,https://www.xeno-canto.org/146151,calqua/XC146151.ogg
calqua,[],['song'],32.6809,-116.8189,Callipepla californica,California Quail,Paul Marvin,Creative Commons Attribution-NonCommercial-ShareAlike 3.0,5.0,08:38,https://www.xeno-canto.org/153452,calqua/XC153452.ogg
calqua,[],['song'],32.6809,-116.8189,Callipepla californica,California Quail,Paul Marvin,Creative Commons Attribution-NonCommercial-ShareAlike 3.0,5.0,09:24,https://www.xeno-canto.org/153453,calqua/XC153453.ogg
calqua,[],['call'],32.6809,-116.8189,Callipepla californica,California Quail,Paul Marvin,Creative Commons Attribution-NonCommercial-ShareAlike 3.0,3.5,12:23,https://www.xeno-canto.org/153454,calqua/XC153454.ogg
calqua,[],['call'],32.8226,-117.0744,Callipepla californica,California Quail,Paul Marvin,Creative Commons Attribution-NonCommercial-ShareAlike 3.0,4.0,09:15,https://www.xeno-canto.org/153455,calqua/XC153455.ogg
calqua,[],['call'],33.2897,-116.8076,Callipepla californica,California Quail,Paul Marvin,Creative Commons Attribution-NonCommercial-ShareAlike 3.0,5.0,11:40,https://www.xeno-canto.org/153486,calqua/XC153486.ogg
calqua,['houfin'],['call'],32.6287,-116.923,Callipepla californica,California Quail,Paul Marvin,Creative Commons Attribution-NonCommercial-ShareAlike 3.0,4.5,08:31,https://www.xeno-canto.org/153487,calqua/XC153487.ogg
calqua,[],"['call', 'song']",32.7963,-116.48,Callipepla californica,California Quail,Paul Marvin,Creative Commons Attribution-NonCommercial-ShareAlike 3.0,4.5,07:58,https://www.xeno-canto.org/153492,calqua/XC153492.ogg
calqua,[],['song'],32.7963,-116.48,Callipepla californica,California Quail,Paul Marvin,Creative Commons Attribution-NonCommercial-ShareAlike 3.0,4.5,08:01,https://www.xeno-canto.org/153493,calqua/XC153493.ogg
calqua,[],['1-syllable song from adult male.'],48.4764,-123.3563,Callipepla californica,California Quail,Ian Cruickshank,Creative Commons Attribution-NonCommercial-ShareAlike 3.0,5.0,07:00,https://www.xeno-canto.org/156533,calqua/XC156533.ogg
calqua,[],['call'],39.6787,-120.3142,Callipepla californica,California Quail,Eric DeFonso,Creative Commons Attribution-NonCommercial-ShareAlike 4.0,2.5,10:19,https://www.xeno-canto.org/172403,calqua/XC172403.ogg
calqua,[],['call'],36.4744,-121.1864,Callipepla californica,California Quail,Thomas G. Graves,Creative Commons Attribution-NonCommercial-ShareAlike 4.0,3.5,?,https://www.xeno-canto.org/187299,calqua/XC187299.ogg
calqua,[],['call'],37.5226,-122.3423,Callipepla californica,California Quail,Thomas G. Graves,Creative Commons Attribution-NonCommercial-ShareAlike 4.0,2.5,?,https://www.xeno-canto.org/187306,calqua/XC187306.ogg
calqua,[],['call'],-45.0025,168.7548,Callipepla californica,California Quail,nick talbot,Creative Commons Attribution-NonCommercial-ShareAlike 4.0,3.5,16:00,https://www.xeno-canto.org/198565,calqua/XC198565.ogg
calqua,[],"['call', 'male']",-40.81,173.0116,Callipepla californica,California Quail,Rob van Bemmelen,Creative Commons Attribution-NonCommercial-ShareAlike 4.0,3.0,18:00,https://www.xeno-canto.org/198893,calqua/XC198893.ogg
calqua,[],['call'],-38.318,175.6522,Callipepla californica,California Quail,Dan Lane,Creative Commons Attribution-NonCommercial-ShareAlike 4.0,3.5,07:30,https://www.xeno-canto.org/206336,calqua/XC206336.ogg
calqua,[],"['call', 'wing sounds']",48.3197,-123.5463,Callipepla californica,California Quail,Ian Cruickshank,Creative Commons Attribution-NonCommercial-ShareAlike 4.0,3.0,08:00,https://www.xeno-canto.org/210116,calqua/XC210116.ogg
calqua,[],"['call', 'clucking', 'male', 'song']",40.1543,-123.601,Callipepla californica,California Quail,Elias Aristides Elias,Creative Commons Attribution-NonCommercial-ShareAlike 4.0,5.0,18:41,https://www.xeno-canto.org/241151,calqua/XC241151.ogg
calqua,[],['call'],19.8239,-155.6089,Callipepla californica,California Quail,Todd Mark,Creative Commons Attribution-NonCommercial-ShareAlike 4.0,3.0,07:00,https://www.xeno-canto.org/252698,calqua/XC252698.ogg
calqua,"['houfin', 'moudov']","['alarm call', 'call']",32.7893,-117.0777,Callipepla californica,California Quail,Paul Marvin,Creative Commons Attribution-NonCommercial-ShareAlike 4.0,4.5,10:24,https://www.xeno-canto.org/283719,calqua/XC283719.ogg
calqua,"['houfin', 'normoc']",['call'],33.2924,-117.0246,Callipepla californica,California Quail,Paul Marvin,Creative Commons Attribution-NonCommercial-ShareAlike 4.0,4.5,11:38,https://www.xeno-canto.org/283730,calqua/XC283730.ogg
calqua,['normoc'],['call'],32.7761,-117.1861,Callipepla californica,California Quail,Paul Marvin,Creative Commons Attribution-NonCommercial-ShareAlike 4.0,3.5,06:49,https://www.xeno-canto.org/283738,calqua/XC283738.ogg
calqua,[],"['aggitated call', 'call']",34.6347,-120.1408,Callipepla californica,California Quail,Ross Gallardy,Creative Commons Attribution-NonCommercial-ShareAlike 4.0,5.0,08:00,https://www.xeno-canto.org/297459,calqua/XC297459.ogg
calqua,[],"['aggitated call', 'call']",34.6347,-120.1408,Callipepla californica,California Quail,Ross Gallardy,Creative Commons Attribution-NonCommercial-ShareAlike 4.0,5.0,08:00,https://www.xeno-canto.org/297460,calqua/XC297460.ogg
calqua,[],['call'],33.2808,-116.4337,Callipepla californica,California Quail,Paul Marvin,Creative Commons Attribution-NonCommercial-ShareAlike 4.0,3.5,08:26,https://www.xeno-canto.org/299259,calqua/XC299259.ogg
calqua,[],['alarm call'],33.2808,-116.4337,Callipepla californica,California Quail,Paul Marvin,Creative Commons Attribution-NonCommercial-ShareAlike 4.0,5.0,08:29,https://www.xeno-canto.org/299260,calqua/XC299260.ogg
calqua,[],"['alarm call', 'song']",40.7797,-111.8825,Callipepla californica,California Quail,Michael Lester,Creative Commons Attribution-NonCommercial-ShareAlike 4.0,4.0,17:30,https://www.xeno-canto.org/301764,calqua/XC301764.ogg
calqua,[],"['Wing flapping', 'call']",35.4242,-120.7375,Callipepla californica,California Quail,Thomas G. Graves,Creative Commons Attribution-NonCommercial-ShareAlike 4.0,4.5,10:17,https://www.xeno-canto.org/312755,calqua/XC312755.ogg
calqua,[],"['advertisement and aggressive calls', 'alarm call', 'call', 'male']",36.4744,-121.1864,Callipepla californica,California Quail,Thomas G. Graves,Creative Commons Attribution-NonCommercial-ShareAlike 4.0,4.5,12:32,https://www.xeno-canto.org/317015,calqua/XC317015.ogg
calqua,[],['call'],38.5355,-121.5249,Callipepla californica,California Quail,Jim Holmes,Creative Commons Attribution-NonCommercial-ShareAlike 4.0,4.0,07:30,https://www.xeno-canto.org/319139,calqua/XC319139.ogg
calqua,[],"['alarm call', 'call']",38.7055,-118.9756,Callipepla californica,California Quail,Bobby Wilcox,Creative Commons Attribution-NonCommercial-ShareAlike 4.0,2.5,08:30,https://www.xeno-canto.org/322041,calqua/XC322041.ogg
calqua,[],['song'],48.5986,-123.4168,Callipepla californica,California Quail,James Bradley,Creative Commons Attribution-NonCommercial-ShareAlike 4.0,5.0,10:40,https://www.xeno-canto.org/325227,calqua/XC325227.ogg
calqua,[],['alarm call'],37.5964,-120.0039,Callipepla californica,California Quail,Antonio Xeira,Creative Commons Attribution-NonCommercial-ShareAlike 4.0,5.0,19:00,https://www.xeno-canto.org/346215,calqua/XC346215.ogg
calqua,[],"['call', 'song']",38.5692,-121.3712,Callipepla californica,California Quail,Jim Holmes,Creative Commons Attribution-NonCommercial-ShareAlike 4.0,4.0,16:30,https://www.xeno-canto.org/347903,calqua/XC347903.ogg
calqua,[],"['call', 'song']",30.973,-116.093,Callipepla californica,California Quail,Richard E. Webster,Creative Commons Attribution-NonCommercial-ShareAlike 4.0,4.0,19:29,https://www.xeno-canto.org/348768,calqua/XC348768.ogg
calqua,[],"['call', 'song']",30.921,-115.637,Callipepla californica,California Quail,Richard E. Webster,Creative Commons Attribution-NonCommercial-ShareAlike 4.0,2.5,15:40,https://www.xeno-canto.org/348769,calqua/XC348769.ogg
calqua,[],['song'],38.705,-119.3212,Callipepla californica,California Quail,Jim Holmes,Creative Commons Attribution-NonCommercial-ShareAlike 4.0,5.0,07:30,https://www.xeno-canto.org/364572,calqua/XC364572.ogg
calqua,[],"['call', 'male']",39.5696,-119.6918,Callipepla californica,California Quail,Bobby Wilcox,Creative Commons Attribution-NonCommercial-ShareAlike 4.0,5.0,15:00,https://www.xeno-canto.org/373587,calqua/XC373587.ogg
calqua,[],"['call', 'song']",35.332,-120.415,Callipepla californica,California Quail,Thomas G. Graves,Creative Commons Attribution-NonCommercial-ShareAlike 4.0,2.5,6:29,https://www.xeno-canto.org/376283,calqua/XC376283.ogg
calqua,[],['call'],35.3205,-120.422,Callipepla californica,California Quail,Thomas G. Graves,Creative Commons Attribution-NonCommercial-ShareAlike 4.0,4.5,6:17,https://www.xeno-canto.org/377109,calqua/XC377109.ogg
calqua,[],"['call', 'female', 'male']",38.9983,-119.8259,Callipepla californica,California Quail,Joshua Jaeger,Creative Commons Attribution-NonCommercial-ShareAlike 4.0,4.0,16:58,https://www.xeno-canto.org/378150,calqua/XC378150.ogg
calqua,[],['call'],-36.8053,175.4737,Callipepla californica,California Quail,nick talbot,Creative Commons Attribution-NonCommercial-ShareAlike 4.0,4.0,11:00,https://www.xeno-canto.org/389078,calqua/XC389078.ogg
calqua,[],"['call', 'wing noise']",-42.2131,-71.446,Callipepla californica,California Quail,Étienne Leroy,Creative Commons Attribution-NonCommercial-ShareAlike 4.0,5.0,11:00,https://www.xeno-canto.org/396621,calqua/XC396621.ogg
calqua,[],['song'],-38.5239,-70.364,Callipepla californica,California Quail,Hugo Caverzasi,Creative Commons Attribution-NonCommercial-ShareAlike 4.0,3.0,13:00,https://www.xeno-canto.org/407389,calqua/XC407389.ogg
calqua,[],['call'],34.4565,-119.71,Callipepla californica,California Quail,Thomas G. Graves,Creative Commons Attribution-NonCommercial-ShareAlike 4.0,4.5,10:19,https://www.xeno-canto.org/413031,calqua/XC413031.ogg
calqua,[],['call'],39.5696,-119.6918,Callipepla californica,California Quail,Bobby Wilcox,Creative Commons Attribution-NonCommercial-ShareAlike 4.0,5.0,19:30,https://www.xeno-canto.org/418522,calqua/XC418522.ogg
calqua,[],"['call', 'song']",34.187,-109.3042,Callipepla californica,California Quail,Eric Hough,Creative Commons Attribution-NonCommercial-ShareAlike 4.0,2.0,13:00,https://www.xeno-canto.org/430794,calqua/XC430794.ogg
calqua,[],['call'],34.187,-109.3042,Callipepla californica,California Quail,Eric Hough,Creative Commons Attribution-NonCommercial-ShareAlike 4.0,1.5,13:00,https://www.xeno-canto.org/430795,calqua/XC430795.ogg
calqua,[],"['male', 'song']",-22.9022,-68.2056,Callipepla californica,California Quail,Rosendo Manuel Fraga,Creative Commons Attribution-NonCommercial-ShareAlike 4.0,4.0,07:30,https://www.xeno-canto.org/447806,calqua/XC447806.ogg
calqua,['houspa'],['song'],-38.7201,176.0971,Callipepla californica,California Quail,Dan Lane,Creative Commons Attribution-NonCommercial-ShareAlike 4.0,3.5,05:30,https://www.xeno-canto.org/466576,calqua/XC466576.ogg
calqua,[],['song'],42.1172,9.4087,Callipepla californica,California Quail,Stanislas Wroza,Creative Commons Attribution-NonCommercial-ShareAlike 4.0,5.0,06:30,https://www.xeno-canto.org/471657,calqua/XC471657.ogg
calqua,[],"['2 males countersinging', 'song']",42.1172,9.4087,Callipepla californica,California Quail,Stanislas Wroza,Creative Commons Attribution-NonCommercial-ShareAlike 4.0,5.0,06:30,https://www.xeno-canto.org/471658,calqua/XC471658.ogg
calqua,[],['song'],42.1172,9.4087,Callipepla californica,California Quail,Stanislas Wroza,Creative Commons Attribution-NonCommercial-ShareAlike 4.0,5.0,06:30,https://www.xeno-canto.org/471660,calqua/XC471660.ogg
calqua,[],['song'],42.1172,9.4087,Callipepla californica,California Quail,Stanislas Wroza,Creative Commons Attribution-NonCommercial-ShareAlike 4.0,0.0,06:30,https://www.xeno-canto.org/471661,calqua/XC471661.ogg
calqua,[],['song'],42.1172,9.4087,Callipepla californica,California Quail,Stanislas Wroza,Creative Commons Attribution-NonCommercial-ShareAlike 4.0,0.0,06:30,https://www.xeno-canto.org/471662,calqua/XC471662.ogg
calqua,[],"['alarm call', 'flight call', 'song']",42.1172,9.4087,Callipepla californica,California Quail,Stanislas Wroza,Creative Commons Attribution-NonCommercial-ShareAlike 4.0,0.0,06:30,https://www.xeno-canto.org/471663,calqua/XC471663.ogg
calqua,[],"['alarm call', 'outburst call']",42.1172,9.4087,Callipepla californica,California Quail,Stanislas Wroza,Creative Commons Attribution-NonCommercial-ShareAlike 4.0,5.0,06:30,https://www.xeno-canto.org/471664,calqua/XC471664.ogg
calqua,[],"['call', 'feeding calls']",42.1172,9.4087,Callipepla californica,California Quail,Stanislas Wroza,Creative Commons Attribution-NonCommercial-ShareAlike 4.0,0.0,06:30,https://www.xeno-canto.org/471665,calqua/XC471665.ogg
calqua,[],['flight call'],42.1172,9.4087,Callipepla californica,California Quail,Stanislas Wroza,Creative Commons Attribution-NonCommercial-ShareAlike 4.0,0.0,06:30,https://www.xeno-canto.org/471666,calqua/XC471666.ogg
calqua,[],"['alarm call', 'flight call']",42.1172,9.4087,Callipepla californica,California Quail,Stanislas Wroza,Creative Commons Attribution-NonCommercial-ShareAlike 4.0,5.0,06:30,https://www.xeno-canto.org/471667,calqua/XC471667.ogg
calqua,[],"['alarm call', 'outburst and whining call']",42.1172,9.4087,Callipepla californica,California Quail,Stanislas Wroza,Creative Commons Attribution-NonCommercial-ShareAlike 4.0,5.0,06:30,https://www.xeno-canto.org/471669,calqua/XC471669.ogg
calqua,[],"['alarm call', 'outburst calls']",42.1172,9.4087,Callipepla californica,California Quail,Stanislas Wroza,Creative Commons Attribution-NonCommercial-ShareAlike 4.0,5.0,06:30,https://www.xeno-canto.org/471670,calqua/XC471670.ogg
calqua,[],"['call', 'feeding calls']",42.1172,9.4087,Callipepla californica,California Quail,Stanislas Wroza,Creative Commons Attribution-NonCommercial-ShareAlike 4.0,0.0,06:30,https://www.xeno-canto.org/471671,calqua/XC471671.ogg
calqua,[],"['call', 'feeding calls', 'short call']",42.1172,9.4087,Callipepla californica,California Quail,Stanislas Wroza,Creative Commons Attribution-NonCommercial-ShareAlike 4.0,0.0,06:30,https://www.xeno-canto.org/471672,calqua/XC471672.ogg
calqua,[],['song'],42.1172,9.4087,Callipepla californica,California Quail,Stanislas Wroza,Creative Commons Attribution-NonCommercial-ShareAlike 4.0,0.0,06:30,https://www.xeno-canto.org/471673,calqua/XC471673.ogg
calqua,[],"['alarm call', 'outburst call']",42.1172,9.4087,Callipepla californica,California Quail,Stanislas Wroza,Creative Commons Attribution-NonCommercial-ShareAlike 4.0,0.0,06:30,https://www.xeno-canto.org/471674,calqua/XC471674.ogg
calqua,[],"['call', 'song', 'whinny calls']",42.1172,9.4087,Callipepla californica,California Quail,Stanislas Wroza,Creative Commons Attribution-NonCommercial-ShareAlike 4.0,5.0,06:30,https://www.xeno-canto.org/471675,calqua/XC471675.ogg
calqua,[],['song'],42.115,9.4122,Callipepla californica,California Quail,Thomas ARMAND,Creative Commons Attribution-NonCommercial-ShareAlike 4.0,4.0,16:30,https://www.xeno-canto.org/475047,calqua/XC475047.ogg
calqua,[],['call'],36.4728,-121.1873,Callipepla californica,California Quail,Meena Haribal,Creative Commons Attribution-NonCommercial-ShareAlike 4.0,4.0,14:00,https://www.xeno-canto.org/481086,calqua/XC481086.ogg
calqua,[],"['call', 'song']",36.4728,-121.1873,Callipepla californica,California Quail,Meena Haribal,Creative Commons Attribution-NonCommercial-ShareAlike 4.0,4.5,14:30,https://www.xeno-canto.org/481114,calqua/XC481114.ogg
calqua,[],['call'],36.4728,-121.1873,Callipepla californica,California Quail,Meena Haribal,Creative Commons Attribution-NonCommercial-ShareAlike 4.0,5.0,15:00,https://www.xeno-canto.org/481129,calqua/XC481129.ogg
calqua,[],['call'],36.4728,-121.1873,Callipepla californica,California Quail,Meena Haribal,Creative Commons Attribution-NonCommercial-ShareAlike 4.0,4.5,09:00,https://www.xeno-canto.org/481137,calqua/XC481137.ogg
calqua,[],['call'],36.4728,-121.1873,Callipepla californica,California Quail,Meena Haribal,Creative Commons Attribution-NonCommercial-ShareAlike 4.0,5.0,09:00,https://www.xeno-canto.org/481139,calqua/XC481139.ogg
calqua,[],['call'],36.4728,-121.1873,Callipepla californica,California Quail,Meena Haribal,Creative Commons Attribution-NonCommercial-ShareAlike 4.0,4.5,09:00,https://www.xeno-canto.org/481140,calqua/XC481140.ogg
calqua,[],['call'],32.6442,-117.0199,Callipepla californica,California Quail,Paul Marvin,Creative Commons Attribution-NonCommercial-ShareAlike 4.0,4.0,09:36,https://www.xeno-canto.org/482519,calqua/XC482519.ogg
calqua,[],"['call', 'flight call']",32.6287,-116.923,Callipepla californica,California Quail,Paul Marvin,Creative Commons Attribution-NonCommercial-ShareAlike 4.0,4.5,08:06,https://www.xeno-canto.org/493109,calqua/XC493109.ogg
calqua,[],"['flock calls', 'song']",35.3448,-120.8417,Callipepla californica,California Quail,Thomas G. Graves,Creative Commons Attribution-NonCommercial-ShareAlike 4.0,3.5,9:49,https://www.xeno-canto.org/496347,calqua/XC496347.ogg
calqua,[],['call'],37.1716,-122.2228,Callipepla californica,California Quail,Sunny Tseng,Creative Commons Attribution-NonCommercial-ShareAlike 4.0,4.0,09:00,https://www.xeno-canto.org/503345,calqua/XC503345.ogg
calqua,[],['call'],37.1716,-122.2228,Callipepla californica,California Quail,Sunny Tseng,Creative Commons Attribution-NonCommercial-ShareAlike 4.0,4.0,09:00,https://www.xeno-canto.org/503346,calqua/XC503346.ogg
calqua,[],['call'],-22.9713,-68.2413,Callipepla californica,California Quail,Étienne Leroy,Creative Commons Attribution-NonCommercial-ShareAlike 4.0,5.0,07:00,https://www.xeno-canto.org/508093,calqua/XC508093.ogg
calqua,[],['song'],36.4918,-121.2097,Callipepla californica,California Quail,Fernando del Valle,Creative Commons Attribution-NonCommercial-ShareAlike 4.0,3.0,13:30,https://www.xeno-canto.org/513780,calqua/XC513780.ogg
calqua,[],['song'],49.5663,-119.6523,Callipepla californica,California Quail,Fernando del Valle,Creative Commons Attribution-NonCommercial-ShareAlike 4.0,2.0,07:00,https://www.xeno-canto.org/514859,calqua/XC514859.ogg
calqua,[],"['alarm call', 'song']",46.9661,-119.249,Callipepla californica,California Quail,Andy Martin,Creative Commons Attribution-NonCommercial-ShareAlike 4.0,4.5,00:00,https://www.xeno-canto.org/528036,calqua/XC528036.ogg
calqua,[],"['adult', 'call']",45.6989,-122.8352,Callipepla californica,California Quail,Thomas Magarian,Creative Commons Attribution-NonCommercial-ShareAlike 4.0,0.0,11:50,https://www.xeno-canto.org/530563,calqua/XC530563.ogg
calqua,[],"['adult', 'call', 'song']",45.6989,-122.8352,Callipepla californica,California Quail,Thomas Magarian,Creative Commons Attribution-NonCommercial-ShareAlike 4.0,0.0,11:51,https://www.xeno-canto.org/530564,calqua/XC530564.ogg
calqua,[],"['adult', 'call']",45.6989,-122.8352,Callipepla californica,California Quail,Thomas Magarian,Creative Commons Attribution-NonCommercial-ShareAlike 4.0,0.0,11:52,https://www.xeno-canto.org/530565,calqua/XC530565.ogg
calqua,['cacgoo1'],"['adult', 'call']",45.6989,-122.8352,Callipepla californica,California Quail,Thomas Magarian,Creative Commons Attribution-NonCommercial-ShareAlike 4.0,0.0,11:53,https://www.xeno-canto.org/530566,calqua/XC530566.ogg
calqua,['cacgoo1'],"['adult', 'call', 'song']",45.6989,-122.8352,Callipepla californica,California Quail,Thomas Magarian,Creative Commons Attribution-NonCommercial-ShareAlike 4.0,0.0,11:54,https://www.xeno-canto.org/530567,calqua/XC530567.ogg
calqua,['cacgoo1'],"['adult', 'alarm call', 'call', 'song']",45.6989,-122.8352,Callipepla californica,California Quail,Thomas Magarian,Creative Commons Attribution-NonCommercial-ShareAlike 4.0,0.0,12:21,https://www.xeno-canto.org/530569,calqua/XC530569.ogg
calqua,[],"['adult', 'alarm call', 'call', 'song']",45.6989,-122.8352,Callipepla californica,California Quail,Thomas Magarian,Creative Commons Attribution-NonCommercial-ShareAlike 4.0,0.0,12:22,https://www.xeno-canto.org/530570,calqua/XC530570.ogg
calqua,[],['call'],32.6675,-116.9268,Callipepla californica,California Quail,Paul Marvin,Creative Commons Attribution-NonCommercial-ShareAlike 4.0,4.0,07:06,https://www.xeno-canto.org/534189,calqua/XC534189.ogg
calqua,"['moudov', 'wesmea']",['call'],32.6675,-116.9268,Callipepla californica,California Quail,Paul Marvin,Creative Commons Attribution-NonCommercial-ShareAlike 4.0,3.5,06:36,https://www.xeno-canto.org/538546,calqua/XC538546.ogg
calqua,[],['call'],32.6675,-116.9268,Callipepla californica,California Quail,Paul Marvin,Creative Commons Attribution-NonCommercial-ShareAlike 4.0,4.0,06:47,https://www.xeno-canto.org/541190,calqua/XC541190.ogg
calqua,[],"['call', 'song']",32.6003,-116.8419,Callipepla californica,California Quail,Paul Marvin,Creative Commons Attribution-NonCommercial-ShareAlike 4.0,4.5,10:00,https://www.xeno-canto.org/541635,calqua/XC541635.ogg
calqua,[],"['call', 'male']",34.4518,-117.8121,Callipepla californica,California Quail,Lance A. M. Benner,Creative Commons Attribution-NonCommercial-ShareAlike 4.0,0.0,09:23,https://www.xeno-canto.org/551159,calqua/XC551159.ogg
calqua,[],['call'],32.6675,-116.9268,Callipepla californica,California Quail,Paul Marvin,Creative Commons Attribution-NonCommercial-ShareAlike 4.0,5.0,06:35,https://www.xeno-canto.org/551593,calqua/XC551593.ogg
calqua,['moudov'],"['call', 'song']",32.6674,-116.7198,Callipepla californica,California Quail,Paul Marvin,Creative Commons Attribution-NonCommercial-ShareAlike 4.0,3.5,05:56,https://www.xeno-canto.org/557423,calqua/XC557423.ogg
calqua,['wesmea'],['song'],32.6675,-116.9268,Callipepla californica,California Quail,Paul Marvin,Creative Commons Attribution-NonCommercial-ShareAlike 4.0,4.5,06:21,https://www.xeno-canto.org/559824,calqua/XC559824.ogg
calqua,[],"['adult', 'call', 'male', 'song']",47.5772,-122.0065,Callipepla californica,California Quail,Carl Haynie,Creative Commons Attribution-NonCommercial-ShareAlike 4.0,4.0,15:20,https://www.xeno-canto.org/565448,calqua/XC565448.ogg
calqua,[],"['adult', 'alarm call', 'juvenile', 'male', 'sex uncertain', 'song']",35.2498,-120.6994,Callipepla californica,California Quail,Thomas G. Graves,Creative Commons Attribution-NonCommercial-ShareAlike 4.0,3.5,17:10,https://www.xeno-canto.org/567213,calqua/XC567213.ogg
calqua,[],"['adult', 'alarm call', 'call', 'juvenile', 'male', 'sex uncertain', 'song']",35.2498,-120.6994,Callipepla californica,California Quail,Thomas G. Graves,Creative Commons Attribution-NonCommercial-ShareAlike 4.0,3.5,17:14,https://www.xeno-canto.org/567214,calqua/XC567214.ogg
calqua,[],"['call', 'life stage uncertain', 'sex uncertain']",37.4811,-117.9065,Callipepla californica,California Quail,Ron Overholtz,Creative Commons Attribution-NonCommercial-ShareAlike 4.0,0.0,08:00,https://www.xeno-canto.org/570687,calqua/XC570687.ogg
calqua,[],['call'],32.6675,-116.9268,Callipepla californica,California Quail,Paul Marvin,Creative Commons Attribution-NonCommercial-ShareAlike 4.0,3.5,06:48,https://www.xeno-canto.org/574237,calqua/XC574237.ogg
calqua,[],"['alarm call', 'life stage uncertain', 'sex uncertain']",36.9969,-121.9917,Callipepla californica,California Quail,Jasper Barnes,Creative Commons Attribution-NonCommercial-ShareAlike 4.0,3.5,20:17,https://www.xeno-canto.org/575060,calqua/XC575060.ogg
calqua,[],"['male', 'song']",38.9978,-122.2155,Callipepla californica,California Quail,Ed Pandolfino,Creative Commons Attribution-NonCommercial-ShareAlike 4.0,5.0,06:23,https://www.xeno-canto.org/578135,calqua/XC578135.ogg
calqua,[],['call'],38.4751,-122.0874,Callipepla californica,California Quail,Ed Pandolfino,Creative Commons Attribution-NonCommercial-ShareAlike 4.0,5.0,09:08,https://www.xeno-canto.org/578136,calqua/XC578136.ogg
calqua,[],['alarm call'],42.8048,-118.8669,Callipepla californica,California Quail,Scott Olmstead,Creative Commons Attribution-NonCommercial-ShareAlike 4.0,4.0,05:55,https://www.xeno-canto.org/579926,calqua/XC579926.ogg
calqua,[],['call'],32.6675,-116.9268,Callipepla californica,California Quail,Paul Marvin,Creative Commons Attribution-NonCommercial-ShareAlike 4.0,5.0,09:51,https://www.xeno-canto.org/584999,calqua/XC584999.ogg
calqua,['normoc'],['call'],34.2043,-118.1197,Callipepla californica,California Quail,Lance A. M. Benner,Creative Commons Attribution-NonCommercial-ShareAlike 4.0,3.5,19:45,https://www.xeno-canto.org/587447,calqua/XC587447.ogg
calqua,[],"['call', 'wings in flight']",37.9139,-122.2027,Callipepla californica,California Quail,Denise Wight,Creative Commons Attribution-NonCommercial-ShareAlike 4.0,4.0,12:00,https://www.xeno-canto.org/588823,calqua/XC588823.ogg
calqua,['moudov'],"['adult', 'call', 'male']",49.1747,-119.5869,Callipepla californica,California Quail,Peter Ward and Ken Hall,Creative Commons Attribution-NonCommercial-ShareAlike 4.0,4.5,08:00,https://www.xeno-canto.org/603751,calqua/XC603751.ogg
calqua,[],"['adult', 'male', 'song']",49.1747,-119.5869,Callipepla californica,California Quail,Peter Ward and Ken Hall,Creative Commons Attribution-NonCommercial-ShareAlike 4.0,5.0,08:30,https://www.xeno-canto.org/603752,calqua/XC603752.ogg
calqua,"['moudov', 'normoc']","['adult', 'call']",34.2043,-118.1197,Callipepla californica,California Quail,Lance A. M. Benner,Creative Commons Attribution-NonCommercial-ShareAlike 4.0,3.5,19:35,https://www.xeno-canto.org/604903,calqua/XC604903.ogg
calqua,[],"['aberrant', 'alarm call', 'sex uncertain']",46.9927,-120.3962,Callipepla californica,California Quail,Bruce Lagerquist,Creative Commons Attribution-NonCommercial-ShareAlike 4.0,5.0,11:26,https://www.xeno-canto.org/636976,calqua/XC636976.ogg
calqua,['moudov'],"['adult', 'call', 'life stage uncertain', 'sex uncertain', 'song']",35.253,-120.876,Callipepla californica,California Quail,Thomas G. Graves,Creative Commons Attribution-NonCommercial-ShareAlike 4.0,4.5,8:49,https://www.xeno-canto.org/646522,calqua/XC646522.ogg
calqua,"['glwgul', 'houfin']","['adult', 'call', 'male']",48.419,-123.404,Callipepla californica,California Quail,Barry Edmonston,Creative Commons Attribution-NonCommercial-ShareAlike 4.0,4.5,17:00,https://www.xeno-canto.org/648354,calqua/XC648354.ogg
calqua,"['glwgul', 'houfin']","['adult', 'call', 'male']",48.4192,-123.4049,Callipepla californica,California Quail,Barry Edmonston,Creative Commons Attribution-NonCommercial-ShareAlike 4.0,4.5,17:30,https://www.xeno-canto.org/648358,calqua/XC648358.ogg
calqua,"['glwgul', 'houfin']","['adult', 'call', 'male']",48.4191,-123.404,Callipepla californica,California Quail,Barry Edmonston,Creative Commons Attribution-NonCommercial-ShareAlike 4.0,4.5,16:30,https://www.xeno-canto.org/648360,calqua/XC648360.ogg
calqua,[],"['adult', 'alarm call', 'call', 'male', 'sex uncertain']",43.075,-123.9445,Callipepla californica,California Quail,Don Henise,Creative Commons Attribution-NonCommercial-ShareAlike 4.0,3.0,12:39,https://www.xeno-canto.org/649052,calqua/XC649052.ogg
calqua,[],"['adult', 'alarm call', 'call', 'male', 'sex uncertain', 'song']",43.075,-123.9445,Callipepla californica,California Quail,Don Henise,Creative Commons Attribution-NonCommercial-ShareAlike 4.0,3.0,12:41,https://www.xeno-canto.org/649054,calqua/XC649054.ogg
calqua,['glwgul'],"['call', 'song']",48.1176,-122.7741,Callipepla californica,California Quail,Steve Hampton,Creative Commons Attribution-NonCommercial-ShareAlike 4.0,4.5,13:30,https://www.xeno-canto.org/656340,calqua/XC656340.ogg
calqua,[],"['adult', 'call', 'male', 'song']",29.6264,-114.6089,Callipepla californica,California Quail,Richard E. Webster,Creative Commons Attribution-NonCommercial-ShareAlike 4.0,3.5,06:15,https://www.xeno-canto.org/661332,calqua/XC661332.ogg
calqua,[],"['adult', 'call', 'male', 'sex uncertain', 'song']",29.6264,-114.6089,Callipepla californica,California Quail,Richard E. Webster,Creative Commons Attribution-NonCommercial-ShareAlike 4.0,5.0,05:59,https://www.xeno-canto.org/661333,calqua/XC661333.ogg
calqua,['houfin'],"['adult', 'call', 'female', 'male', 'sex uncertain', 'song']",29.6264,-114.6089,Callipepla californica,California Quail,Richard E. Webster,Creative Commons Attribution-NonCommercial-ShareAlike 4.0,4.5,08:31,https://www.xeno-canto.org/661336,calqua/XC661336.ogg
calqua,['houfin'],"['adult', 'call', 'female', 'male', 'sex uncertain', 'song']",29.6683,-114.9188,Callipepla californica,California Quail,Richard E. Webster,Creative Commons Attribution-NonCommercial-ShareAlike 4.0,4.5,07:47,https://www.xeno-canto.org/661339,calqua/XC661339.ogg
calqua,[],"['adult', 'call', 'sex uncertain', 'wing sounds as covey flushed']",31.1097,-115.6322,Callipepla californica,California Quail,Richard E. Webster,Creative Commons Attribution-NonCommercial-ShareAlike 4.0,5.0,11:35,https://www.xeno-canto.org/662032,calqua/XC662032.ogg
calqua,['houfin'],"['adult', 'call', 'male', 'sex uncertain', 'song']",31.1097,-115.6322,Callipepla californica,California Quail,Richard E. Webster,Creative Commons Attribution-NonCommercial-ShareAlike 4.0,2.5,09:41,https://www.xeno-canto.org/662034,calqua/XC662034.ogg
calqua,['moudov'],"['adult', 'call', 'male', 'sex uncertain', 'song']",31.3487,-115.6146,Callipepla californica,California Quail,Richard E. Webster,Creative Commons Attribution-NonCommercial-ShareAlike 4.0,4.5,05:31,https://www.xeno-canto.org/662041,calqua/XC662041.ogg
cangoo,[],"['call', 'flight call']",33.249,-82.103,Branta canadensis,Canada Goose,Liam Wolff,Creative Commons Attribution-NonCommercial-ShareAlike 3.0,3.5,20:06,https://www.xeno-canto.org/112507,cangoo/XC112507.ogg
cangoo,['houspa'],['call'],42.3473,-82.9753,Branta canadensis,Canada Goose,Allen T. Chartier,Creative Commons Attribution-NonCommercial-ShareAlike 3.0,3.5,?,https://www.xeno-canto.org/11499,cangoo/XC11499.ogg
cangoo,['mallar3'],['call'],42.3473,-82.9753,Branta canadensis,Canada Goose,Allen T. Chartier,Creative Commons Attribution-NonCommercial-ShareAlike 3.0,2.5,?,https://www.xeno-canto.org/11500,cangoo/XC11500.ogg
cangoo,[],['call'],41.1867,-73.8767,Branta canadensis,Canada Goose,Daniel Parker,Creative Commons Attribution-NonCommercial-ShareAlike 3.0,3.0,15:30,https://www.xeno-canto.org/116057,cangoo/XC116057.ogg
cangoo,['mallar3'],['call'],41.1867,-73.8767,Branta canadensis,Canada Goose,Daniel Parker,Creative Commons Attribution-NonCommercial-ShareAlike 3.0,2.5,15:45,https://www.xeno-canto.org/116058,cangoo/XC116058.ogg
cangoo,['mallar3'],['call'],41.2074,-73.8972,Branta canadensis,Canada Goose,Daniel Parker,Creative Commons Attribution-NonCommercial-ShareAlike 3.0,2.5,12:30,https://www.xeno-canto.org/116059,cangoo/XC116059.ogg
cangoo,[],"['alarm call', 'flight call']",41.1088,-73.8388,Branta canadensis,Canada Goose,Daniel Parker,Creative Commons Attribution-NonCommercial-ShareAlike 3.0,3.0,13:30,https://www.xeno-canto.org/116060,cangoo/XC116060.ogg
cangoo,[],['flight call'],41.1088,-73.8388,Branta canadensis,Canada Goose,Daniel Parker,Creative Commons Attribution-NonCommercial-ShareAlike 3.0,2.0,14:00,https://www.xeno-canto.org/116061,cangoo/XC116061.ogg
cangoo,[],['flight call'],41.1088,-73.8388,Branta canadensis,Canada Goose,Daniel Parker,Creative Commons Attribution-NonCommercial-ShareAlike 3.0,3.0,15:00,https://www.xeno-canto.org/116062,cangoo/XC116062.ogg
cangoo,[],['call'],41.1088,-73.8388,Branta canadensis,Canada Goose,Daniel Parker,Creative Commons Attribution-NonCommercial-ShareAlike 3.0,1.5,15:45,https://www.xeno-canto.org/116063,cangoo/XC116063.ogg
cangoo,[],['call'],41.1898,-73.8827,Branta canadensis,Canada Goose,Daniel Parker,Creative Commons Attribution-NonCommercial-ShareAlike 3.0,3.0,17:00,https://www.xeno-canto.org/116064,cangoo/XC116064.ogg
cangoo,[],['flight call'],41.1898,-73.8827,Branta canadensis,Canada Goose,Daniel Parker,Creative Commons Attribution-NonCommercial-ShareAlike 3.0,3.0,19:30,https://www.xeno-canto.org/116065,cangoo/XC116065.ogg
cangoo,[],['flight call'],41.1898,-73.8827,Branta canadensis,Canada Goose,Daniel Parker,Creative Commons Attribution-NonCommercial-ShareAlike 3.0,3.0,19:33,https://www.xeno-canto.org/116066,cangoo/XC116066.ogg
cangoo,[],['flight call'],41.1442,-73.8414,Branta canadensis,Canada Goose,Daniel Parker,Creative Commons Attribution-NonCommercial-ShareAlike 3.0,3.0,16:30,https://www.xeno-canto.org/116067,cangoo/XC116067.ogg
cangoo,[],['flight call'],41.1815,-73.8947,Branta canadensis,Canada Goose,Daniel Parker,Creative Commons Attribution-NonCommercial-ShareAlike 3.0,2.5,16:00,https://www.xeno-canto.org/116069,cangoo/XC116069.ogg
cangoo,['mallar3'],"['alarm call', 'call', 'flight call']",41.1815,-73.8947,Branta canadensis,Canada Goose,Daniel Parker,Creative Commons Attribution-NonCommercial-ShareAlike 3.0,2.5,17:00,https://www.xeno-canto.org/116072,cangoo/XC116072.ogg
cangoo,[],"['call', 'flight call']",39.2518,-75.4527,Branta canadensis,Canada Goose,Daniel Parker,Creative Commons Attribution-NonCommercial-ShareAlike 3.0,3.0,15:25,https://www.xeno-canto.org/116073,cangoo/XC116073.ogg
cangoo,[],['call'],39.2518,-75.4527,Branta canadensis,Canada Goose,Daniel Parker,Creative Commons Attribution-NonCommercial-ShareAlike 3.0,2.5,15:45,https://www.xeno-canto.org/116077,cangoo/XC116077.ogg
cangoo,['ribgul'],['call'],42.0226,-83.2048,Branta canadensis,Canada Goose,Allen T. Chartier,Creative Commons Attribution-NonCommercial-ShareAlike 3.0,3.5,?,https://www.xeno-canto.org/11837,cangoo/XC11837.ogg
cangoo,[],"['call', 'female', 'male']",41.2344,-105.854,Branta canadensis,Canada Goose,GABRIEL LEITE,Creative Commons Attribution-NonCommercial-ShareAlike 3.0,3.0,09:00,https://www.xeno-canto.org/125401,cangoo/XC125401.ogg
cangoo,[],['call'],44.942,-93.259,Branta canadensis,Canada Goose,Jonathon Jongsma,Creative Commons Attribution-ShareAlike 3.0,4.0,06:37,https://www.xeno-canto.org/127624,cangoo/XC127624.ogg
cangoo,[],['call'],45.5135,-73.8904,Branta canadensis,Canada Goose,Patrick Turgeon,Creative Commons Attribution-NonCommercial-ShareAlike 3.0,4.5,00:00,https://www.xeno-canto.org/132349,cangoo/XC132349.ogg
cangoo,[],['flight call'],60.7773,11.2327,Branta canadensis,Canada Goose,Elias A. Ryberg,Creative Commons Attribution-NonCommercial-ShareAlike 3.0,4.5,22:00,https://www.xeno-canto.org/137764,cangoo/XC137764.ogg
cangoo,[],['call'],40.1113,-75.071,Branta canadensis,Canada Goose,Paul Driver,Creative Commons Attribution-NonCommercial-ShareAlike 3.0,4.0,08:00,https://www.xeno-canto.org/139091,cangoo/XC139091.ogg
cangoo,[],['flight call'],41.6069,-75.0622,Branta canadensis,Canada Goose,Daniel Parker,Creative Commons Attribution-NonCommercial-ShareAlike 3.0,4.0,7:10,https://www.xeno-canto.org/141919,cangoo/XC141919.ogg
cangoo,[],['flight call'],41.1815,-73.8947,Branta canadensis,Canada Goose,Daniel Parker,Creative Commons Attribution-NonCommercial-ShareAlike 3.0,5.0,16:30,https://www.xeno-canto.org/149190,cangoo/XC149190.ogg
cangoo,[],['call'],58.3001,13.5334,Branta canadensis,Canada Goose,Patrik Åberg,Creative Commons Attribution-NonCommercial-ShareAlike 3.0,5.0,06:06,https://www.xeno-canto.org/153132,cangoo/XC153132.ogg
cangoo,[],['flight call'],35.7884,-83.5543,Branta canadensis,Canada Goose,Bernard BOUSQUET,Creative Commons Attribution-NonCommercial-ShareAlike 3.0,4.0,09:00,https://www.xeno-canto.org/158557,cangoo/XC158557.ogg
cangoo,['brant'],['call'],40.591,-73.891,Branta canadensis,Canada Goose,Daniel Parker,Creative Commons Attribution-NonCommercial-ShareAlike 3.0,3.5,15:21,https://www.xeno-canto.org/161415,cangoo/XC161415.ogg
cangoo,['brant'],"['alarm call', 'call', 'flight call']",40.591,-73.891,Branta canadensis,Canada Goose,Daniel Parker,Creative Commons Attribution-NonCommercial-ShareAlike 3.0,3.5,15:23,https://www.xeno-canto.org/161416,cangoo/XC161416.ogg
cangoo,[],['flight call'],62.3197,25.9833,Branta canadensis,Canada Goose,Tero Linjama,Creative Commons Attribution-NonCommercial-ShareAlike 3.0,4.5,06:00,https://www.xeno-canto.org/164606,cangoo/XC164606.ogg
cangoo,[],['call'],40.016,-105.2765,Branta canadensis,Canada Goose,Ted Floyd,Creative Commons Attribution-NonCommercial-ShareAlike 3.0,5.0,09:30,https://www.xeno-canto.org/165398,cangoo/XC165398.ogg
cangoo,[],['call'],48.3649,-95.9541,Branta canadensis,Canada Goose,Paul Marvin,Creative Commons Attribution-NonCommercial-ShareAlike 4.0,5.0,07:56,https://www.xeno-canto.org/173436,cangoo/XC173436.ogg
cangoo,[],['call'],46.5291,-93.3341,Branta canadensis,Canada Goose,Paul Marvin,Creative Commons Attribution-NonCommercial-ShareAlike 4.0,5.0,16:50,https://www.xeno-canto.org/173437,cangoo/XC173437.ogg
cangoo,[],['call'],45.832,-92.634,Branta canadensis,Canada Goose,Paul Marvin,Creative Commons Attribution-NonCommercial-ShareAlike 4.0,5.0,06:35,https://www.xeno-canto.org/173438,cangoo/XC173438.ogg
cangoo,[],['flight call'],43.5308,-88.6128,Branta canadensis,Canada Goose,Paul Marvin,Creative Commons Attribution-NonCommercial-ShareAlike 4.0,4.0,11:55,https://www.xeno-canto.org/173440,cangoo/XC173440.ogg
cangoo,[],['call'],45.5135,-73.8904,Branta canadensis,Canada Goose,Patrick Turgeon,Creative Commons Attribution-NonCommercial-ShareAlike 4.0,2.5,00:59,https://www.xeno-canto.org/177509,cangoo/XC177509.ogg
cangoo,[],['call'],45.5344,-92.7442,Branta canadensis,Canada Goose,Jonathon Jongsma,Creative Commons Attribution-ShareAlike 4.0,4.5,06:30,https://www.xeno-canto.org/178135,cangoo/XC178135.ogg
cangoo,[],"['call', 'flight call']",47.0533,-122.9579,Branta canadensis,Canada Goose,Eric Cannizzaro,Creative Commons Attribution-NonCommercial-ShareAlike 4.0,4.5,11:00,https://www.xeno-canto.org/178943,cangoo/XC178943.ogg
cangoo,[],"['alarm call', 'call']",45.0394,-74.4613,Branta canadensis,Canada Goose,Martin St-Michel,Creative Commons Attribution-NonCommercial-ShareAlike 4.0,3.5,07:35,https://www.xeno-canto.org/179581,cangoo/XC179581.ogg
cangoo,[],['call'],41.8087,-72.0647,Branta canadensis,Canada Goose,Jorge de Leon Cardozo and Susan Hochgraf,Creative Commons Attribution-NonCommercial-ShareAlike 4.0,4.5,19:30,https://www.xeno-canto.org/180225,cangoo/XC180225.ogg
cangoo,[],['call'],36.0753,-115.0101,Branta canadensis,Canada Goose,Antonio Silveira,Creative Commons Attribution-NonCommercial-ShareAlike 4.0,3.0,11:00,https://www.xeno-canto.org/181057,cangoo/XC181057.ogg
cangoo,['skylar'],"['call', 'flight call']",53.0562,-0.9509,Branta canadensis,Canada Goose,Craig Brookes,Creative Commons Attribution-NonCommercial-ShareAlike 4.0,4.5,18:30,https://www.xeno-canto.org/181369,cangoo/XC181369.ogg
cangoo,[],['call'],60.0643,-128.7041,Branta canadensis,Canada Goose,Andrew Spencer,Creative Commons Attribution-NonCommercial-ShareAlike 4.0,5.0,23:00,https://www.xeno-canto.org/189381,cangoo/XC189381.ogg
cangoo,[],['call'],60.0643,-128.7041,Branta canadensis,Canada Goose,Andrew Spencer,Creative Commons Attribution-NonCommercial-ShareAlike 4.0,5.0,23:00,https://www.xeno-canto.org/189382,cangoo/XC189382.ogg
cangoo,[],['call'],43.9543,-78.1674,Branta canadensis,Canada Goose,Iain,Creative Commons Attribution-NonCommercial-ShareAlike 4.0,2.0,08:30,https://www.xeno-canto.org/203464,cangoo/XC203464.ogg
cangoo,[],['flight call'],40.8643,-73.6537,Branta canadensis,Canada Goose,Albert & Max Lastukhin,Creative Commons Attribution-NonCommercial-ShareAlike 4.0,3.0,16:30,https://www.xeno-canto.org/204697,cangoo/XC204697.ogg
cangoo,[],['flight call'],40.8643,-73.6537,Branta canadensis,Canada Goose,Albert & Max Lastukhin,Creative Commons Attribution-NonCommercial-ShareAlike 4.0,4.0,16:30,https://www.xeno-canto.org/204701,cangoo/XC204701.ogg
cangoo,[],['flight call'],40.8643,-73.6537,Branta canadensis,Canada Goose,Albert Lastukhin,Creative Commons Attribution-NonCommercial-ShareAlike 4.0,4.0,17:00,https://www.xeno-canto.org/204703,cangoo/XC204703.ogg
cangoo,[],['flight call'],40.8881,-73.5851,Branta canadensis,Canada Goose,Albert @ Max lastukhin,Creative Commons Attribution-NonCommercial-ShareAlike 4.0,3.0,16:00,https://www.xeno-canto.org/209700,cangoo/XC209700.ogg
cangoo,[],['flight call'],40.8881,-73.5851,Branta canadensis,Canada Goose,Albert @ Max lastukhin,Creative Commons Attribution-NonCommercial-ShareAlike 4.0,1.0,16:00,https://www.xeno-canto.org/209701,cangoo/XC209701.ogg
cangoo,[],['call'],40.8881,-73.5851,Branta canadensis,Canada Goose,Albert @ Max lastukhin,Creative Commons Attribution-NonCommercial-ShareAlike 4.0,4.5,16:00,https://www.xeno-canto.org/209702,cangoo/XC209702.ogg
cangoo,[],['call'],60.4446,15.5496,Branta canadensis,Canada Goose,Mikael Litsgård,Creative Commons Attribution-NonCommercial-ShareAlike 4.0,4.5,03:46,https://www.xeno-canto.org/210483,cangoo/XC210483.ogg
cangoo,[],"['call', 'murmuration']",63.964,-151.205,Branta canadensis,Canada Goose,Davyd Betchkal,Creative Commons Attribution-NonCommercial-ShareAlike 4.0,3.0,02:14,https://www.xeno-canto.org/211217,cangoo/XC211217.ogg
cangoo,[],"['call', 'flight call']",50.8419,3.3345,Branta canadensis,Canada Goose,Eddy Scheinpflug,Creative Commons Attribution-NonCommercial-ShareAlike 4.0,5.0,07:26,https://www.xeno-canto.org/217211,cangoo/XC217211.ogg
cangoo,[],['call'],50.0232,19.4107,Branta canadensis,Canada Goose,Paweł Malczyk,Creative Commons Attribution-NonCommercial-ShareAlike 4.0,3.0,14:00,https://www.xeno-canto.org/230845,cangoo/XC230845.ogg
cangoo,[],['call'],48.9135,8.138,Branta canadensis,Canada Goose,Raphaël Nussbaumer,Creative Commons Attribution-NonCommercial-ShareAlike 4.0,2.0,09:00,https://www.xeno-canto.org/233797,cangoo/XC233797.ogg
cangoo,[],['call'],60.3471,18.2579,Branta canadensis,Canada Goose,Teet Sirotkin,Creative Commons Attribution-NonCommercial-ShareAlike 4.0,5.0,01:00,https://www.xeno-canto.org/235500,cangoo/XC235500.ogg
cangoo,[],['call'],44.3211,-78.3264,Branta canadensis,Canada Goose,Iain,Creative Commons Attribution-NonCommercial-ShareAlike 4.0,4.0,18:30,https://www.xeno-canto.org/236408,cangoo/XC236408.ogg
cangoo,[],['call'],59.7042,16.4845,Branta canadensis,Canada Goose,Mikael Litsgård,Creative Commons Attribution-NonCommercial-ShareAlike 4.0,5.0,04:40,https://www.xeno-canto.org/240829,cangoo/XC240829.ogg
cangoo,['mallar3'],['calls'],50.7303,-1.1484,Branta canadensis,Canada Goose,Eetu Paljakka,Creative Commons Attribution-NonCommercial-ShareAlike 4.0,4.5,12:11,https://www.xeno-canto.org/267870,cangoo/XC267870.ogg
cangoo,[],['alarm call'],58.3714,14.1395,Branta canadensis,Canada Goose,Patrik Åberg,Creative Commons Attribution-NonCommercial-ShareAlike 3.0,5.0,?,https://www.xeno-canto.org/27165,cangoo/XC27165.ogg
cangoo,[],['call'],58.3001,13.5334,Branta canadensis,Canada Goose,Patrik Åberg,Creative Commons Attribution-NonCommercial-ShareAlike 3.0,4.5,?,https://www.xeno-canto.org/27173,cangoo/XC27173.ogg
cangoo,[],['flight call'],60.09,24.4872,Branta canadensis,Canada Goose,Eetu Paljakka,Creative Commons Attribution-NonCommercial-ShareAlike 4.0,5.0,16:30,https://www.xeno-canto.org/277882,cangoo/XC277882.ogg
cangoo,[],['flight call'],40.8708,-73.5398,Branta canadensis,Canada Goose,Albert Lastukhin @ Max lastukhin,Creative Commons Attribution-NonCommercial-ShareAlike 4.0,3.0,12:00,https://www.xeno-canto.org/282252,cangoo/XC282252.ogg
cangoo,[],"['call', 'flight call']",61.2089,-151.0103,Branta canadensis,Canada Goose,Garrett MacDonald,Creative Commons Attribution-NonCommercial-ShareAlike 4.0,5.0,11:00,https://www.xeno-canto.org/283618,cangoo/XC283618.ogg
cangoo,[],['flight call'],61.1407,-149.961,Branta canadensis,Canada Goose,Dan Lane,Creative Commons Attribution-NonCommercial-ShareAlike 4.0,4.0,14:30,https://www.xeno-canto.org/284496,cangoo/XC284496.ogg
cangoo,[],['song'],52.6514,13.4729,Branta canadensis,Canada Goose,Joe Klaiber,Creative Commons Attribution-NonCommercial-ShareAlike 4.0,5.0,00:00,https://www.xeno-canto.org/287160,cangoo/XC287160.ogg
cangoo,[],['song'],52.6514,13.4729,Branta canadensis,Canada Goose,Joe Klaiber,Creative Commons Attribution-NonCommercial-ShareAlike 4.0,5.0,00:00,https://www.xeno-canto.org/287162,cangoo/XC287162.ogg
cangoo,[],['flight call'],42.2175,-75.832,Branta canadensis,Canada Goose,Nick Komar,Creative Commons Attribution-NonCommercial-ShareAlike 4.0,3.5,08:00,https://www.xeno-canto.org/287298,cangoo/XC287298.ogg
cangoo,[],['flight call'],34.4842,-89.5949,Branta canadensis,Canada Goose,J.R. Rigby,Creative Commons Attribution-NonCommercial-ShareAlike 4.0,3.5,07:00,https://www.xeno-canto.org/287638,cangoo/XC287638.ogg
cangoo,[],['call'],40.1635,-79.2673,Branta canadensis,Canada Goose,Aidan Place,Creative Commons Attribution-NonCommercial-ShareAlike 4.0,3.5,07:00,https://www.xeno-canto.org/289219,cangoo/XC289219.ogg
cangoo,[],['call'],36.8068,-107.6789,Branta canadensis,Canada Goose,Eric Hough,Creative Commons Attribution-NonCommercial-ShareAlike 4.0,5.0,17:30,https://www.xeno-canto.org/291051,cangoo/XC291051.ogg
cangoo,"['gwfgoo', 'mallar3']","['Flock vocalizations', 'call']",41.3792,-71.5851,Branta canadensis,Canada Goose,Dylan Pedro,Creative Commons Attribution-NonCommercial-ShareAlike 4.0,3.5,08:30,https://www.xeno-canto.org/294810,cangoo/XC294810.ogg
cangoo,[],['flight call'],40.3776,-105.508,Branta canadensis,Canada Goose,Nick Komar,Creative Commons Attribution-NonCommercial-ShareAlike 4.0,5.0,14:45,https://www.xeno-canto.org/301952,cangoo/XC301952.ogg
cangoo,[],['call'],51.3561,3.4977,Branta canadensis,Canada Goose,Joost van Bruggen,Creative Commons Attribution-NonCommercial-ShareAlike 4.0,3.5,08:30,https://www.xeno-canto.org/303150,cangoo/XC303150.ogg
cangoo,[],['call'],51.4792,-0.2313,Branta canadensis,Canada Goose,David Darrell-Lambert,Creative Commons Attribution-NonCommercial-ShareAlike 4.0,5.0,10:00,https://www.xeno-canto.org/305662,cangoo/XC305662.ogg
cangoo,[],['call'],34.4842,-89.5949,Branta canadensis,Canada Goose,J.R. Rigby,Creative Commons Attribution-NonCommercial-ShareAlike 4.0,4.5,08:30,https://www.xeno-canto.org/307648,cangoo/XC307648.ogg
cangoo,[],"['Flushed call', 'call']",58.4453,14.4484,Branta canadensis,Canada Goose,Patrik Åberg,Creative Commons Attribution-NonCommercial-ShareAlike 4.0,4.5,17:16,https://www.xeno-canto.org/310621,cangoo/XC310621.ogg
cangoo,[],['call'],51.8347,5.5646,Branta canadensis,Canada Goose,Joost van Bruggen,Creative Commons Attribution-NonCommercial-ShareAlike 4.0,3.5,14:50,https://www.xeno-canto.org/310809,cangoo/XC310809.ogg
cangoo,"['gadwal', 'skylar']",['song'],51.9013,6.0875,Branta canadensis,Canada Goose,Joost van Bruggen,Creative Commons Attribution-NonCommercial-ShareAlike 4.0,4.5,11:50,https://www.xeno-canto.org/310813,cangoo/XC310813.ogg
cangoo,[],['flight call'],35.3701,-120.8657,Branta canadensis,Canada Goose,Thomas G. Graves,Creative Commons Attribution-NonCommercial-ShareAlike 4.0,3.5,8:45,https://www.xeno-canto.org/312754,cangoo/XC312754.ogg
cangoo,[],['call'],49.2607,8.5205,Branta canadensis,Canada Goose,brickegickel,Creative Commons Attribution-NonCommercial-ShareAlike 4.0,4.0,09:00,https://www.xeno-canto.org/314993,cangoo/XC314993.ogg
cangoo,[],"['call', 'flight call']",48.89,8.0615,Branta canadensis,Canada Goose,brickegickel,Creative Commons Attribution-NonCommercial-ShareAlike 4.0,4.5,07:00,https://www.xeno-canto.org/315866,cangoo/XC315866.ogg
cangoo,[],['call'],37.274,-120.8467,Branta canadensis,Canada Goose,Thomas G. Graves,Creative Commons Attribution-NonCommercial-ShareAlike 4.0,3.5,8:39,https://www.xeno-canto.org/317030,cangoo/XC317030.ogg
cangoo,[],"['call', 'flight call', 'wing whir']",37.274,-120.8467,Branta canadensis,Canada Goose,Thomas G. Graves,Creative Commons Attribution-NonCommercial-ShareAlike 4.0,4.5,8:46,https://www.xeno-canto.org/317033,cangoo/XC317033.ogg
cangoo,[],"['call', 'female', 'flight call', 'male']",56.5758,-3.5594,Branta canadensis,Canada Goose,Bernard BOUSQUET,Creative Commons Attribution-NonCommercial-ShareAlike 4.0,4.0,07:00,https://www.xeno-canto.org/319686,cangoo/XC319686.ogg
cangoo,['ribgul'],['call'],40.4194,-105.0944,Branta canadensis,Canada Goose,Nick Komar,Creative Commons Attribution-NonCommercial-ShareAlike 4.0,3.5,11:30,https://www.xeno-canto.org/320746,cangoo/XC320746.ogg
cangoo,[],['call'],40.4194,-105.0944,Branta canadensis,Canada Goose,Nick Komar,Creative Commons Attribution-NonCommercial-ShareAlike 4.0,3.0,11:30,https://www.xeno-canto.org/320747,cangoo/XC320747.ogg
cangoo,[],['call'],59.5347,16.8445,Branta canadensis,Canada Goose,Mikael Litsgård,Creative Commons Attribution-NonCommercial-ShareAlike 4.0,5.0,05:12,https://www.xeno-canto.org/322200,cangoo/XC322200.ogg
cangoo,[],['call'],59.5347,16.8445,Branta canadensis,Canada Goose,Mikael Litsgård,Creative Commons Attribution-NonCommercial-ShareAlike 4.0,5.0,06:03,https://www.xeno-canto.org/322207,cangoo/XC322207.ogg
cangoo,[],['call'],50.9619,-118.1997,Branta canadensis,Canada Goose,James Bradley,Creative Commons Attribution-NonCommercial-ShareAlike 4.0,4.0,09:00,https://www.xeno-canto.org/325947,cangoo/XC325947.ogg
cangoo,[],['call'],53.5395,-0.9523,Branta canadensis,Canada Goose,VlkStinu,Creative Commons Attribution-NonCommercial-ShareAlike 4.0,3.5,18:30,https://www.xeno-canto.org/336511,cangoo/XC336511.ogg
cangoo,[],['call'],44.3106,-73.3511,Branta canadensis,Canada Goose,Matthias Sirch,Creative Commons Attribution-NonCommercial-ShareAlike 4.0,4.0,19:24,https://www.xeno-canto.org/337062,cangoo/XC337062.ogg
cangoo,[],['call'],48.4043,-111.2368,Branta canadensis,Canada Goose,Thomas Magarian,Creative Commons Attribution-NonCommercial-ShareAlike 4.0,3.0,16:59,https://www.xeno-canto.org/341823,cangoo/XC341823.ogg
cangoo,[],['call'],-40.9142,175.0084,Branta canadensis,Canada Goose,Olivier SWIFT,Creative Commons Attribution-NonCommercial-ShareAlike 4.0,3.0,10:00,https://www.xeno-canto.org/344784,cangoo/XC344784.ogg
cangoo,[],['call'],42.3964,-88.0276,Branta canadensis,Canada Goose,Annette McClellan,Creative Commons Attribution-NonCommercial-ShareAlike 4.0,3.5,09:30,https://www.xeno-canto.org/356575,cangoo/XC356575.ogg
cangoo,[],"['alarm call', 'call', 'flight call']",48.6651,2.3861,Branta canadensis,Canada Goose,Stanislas Wroza,Creative Commons Attribution-NonCommercial-ShareAlike 4.0,4.0,15:00,https://www.xeno-canto.org/360684,cangoo/XC360684.ogg
cangoo,[],['flight call'],60.09,24.4872,Branta canadensis,Canada Goose,Eetu Paljakka,Creative Commons Attribution-NonCommercial-ShareAlike 4.0,4.5,10:45,https://www.xeno-canto.org/362377,cangoo/XC362377.ogg
cangoo,[],['alarm call'],36.0207,-78.7277,Branta canadensis,Canada Goose,Brian Murphy,Creative Commons Attribution-NonCommercial-ShareAlike 4.0,5.0,10:30,https://www.xeno-canto.org/363864,cangoo/XC363864.ogg
cangoo,[],"['flight call', 'wing flaps']",40.7275,-106.2975,Branta canadensis,Canada Goose,Sue Riffe,Creative Commons Attribution-NonCommercial-ShareAlike 4.0,4.5,9:42,https://www.xeno-canto.org/368732,cangoo/XC368732.ogg
cangoo,[],['call'],38.7575,-77.0985,Branta canadensis,Canada Goose,Bobby Wilcox,Creative Commons Attribution-NonCommercial-ShareAlike 4.0,4.0,17:30,https://www.xeno-canto.org/373449,cangoo/XC373449.ogg
cangoo,[],['flight call'],57.1077,12.4575,Branta canadensis,Canada Goose,GABRIEL LEITE,Creative Commons Attribution-NonCommercial-ShareAlike 4.0,4.0,20:00,https://www.xeno-canto.org/374197,cangoo/XC374197.ogg
cangoo,[],['call'],51.3227,6.7921,Branta canadensis,Canada Goose,Timo Tschentscher,Creative Commons Attribution-NonCommercial-ShareAlike 4.0,4.5,12:20,https://www.xeno-canto.org/378732,cangoo/XC378732.ogg
cangoo,[],['call'],40.1961,-105.2077,Branta canadensis,Canada Goose,Sue Riffe,Creative Commons Attribution-NonCommercial-ShareAlike 4.0,1.5,8:00,https://www.xeno-canto.org/381072,cangoo/XC381072.ogg
cangoo,['mallar3'],['call'],51.4119,6.8784,Branta canadensis,Canada Goose,Timo Tschentscher,Creative Commons Attribution-NonCommercial-ShareAlike 4.0,4.5,14:15,https://www.xeno-canto.org/383534,cangoo/XC383534.ogg
cangoo,[],['flight call'],63.8313,20.2607,Branta canadensis,Canada Goose,Lars Edenius,Creative Commons Attribution-NonCommercial-ShareAlike 4.0,4.0,19:30,https://www.xeno-canto.org/384290,cangoo/XC384290.ogg
cangoo,[],['call'],42.7865,-83.1459,Branta canadensis,Canada Goose,Antonio Xeira,Creative Commons Attribution-ShareAlike 4.0,4.0,08:00,https://www.xeno-canto.org/388771,cangoo/XC388771.ogg
cangoo,[],['alarm call'],45.064,-73.1644,Branta canadensis,Canada Goose,Martin St-Michel,Creative Commons Attribution-NonCommercial-ShareAlike 4.0,3.5,20:35,https://www.xeno-canto.org/390768,cangoo/XC390768.ogg
cangoo,[],['flight call'],41.366,-88.0937,Branta canadensis,Canada Goose,Greg Irving,Creative Commons Attribution-NonCommercial-ShareAlike 4.0,4.0,19:00,https://www.xeno-canto.org/391178,cangoo/XC391178.ogg
cangoo,[],['call'],51.4862,-0.6067,Branta canadensis,Canada Goose,nick talbot,Creative Commons Attribution-NonCommercial-ShareAlike 4.0,3.5,14:30,https://www.xeno-canto.org/399160,cangoo/XC399160.ogg
cangoo,[],"['call', 'flight call']",40.7545,-74.0217,Branta canadensis,Canada Goose,Dominic Garcia-Hall,Creative Commons Attribution-NonCommercial-ShareAlike 4.0,4.5,15:30,https://www.xeno-canto.org/400638,cangoo/XC400638.ogg
cangoo,[],['call'],45.3868,-75.7439,Branta canadensis,Canada Goose,Dan Minor,Creative Commons Attribution-NonCommercial-ShareAlike 4.0,4.0,06:30,https://www.xeno-canto.org/407057,cangoo/XC407057.ogg
cangoo,[],"['call', 'flight call']",60.09,24.4872,Branta canadensis,Canada Goose,Eetu Paljakka,Creative Commons Attribution-NonCommercial-ShareAlike 4.0,4.5,19:05,https://www.xeno-canto.org/410558,cangoo/XC410558.ogg
cangoo,['mallar3'],['calls'],60.1054,24.6307,Branta canadensis,Canada Goose,Eetu Paljakka,Creative Commons Attribution-NonCommercial-ShareAlike 4.0,4.5,06:25,https://www.xeno-canto.org/410560,cangoo/XC410560.ogg
cangoo,[],"['call', 'female', 'male']",60.8473,10.9525,Branta canadensis,Canada Goose,Elias A. Ryberg,Creative Commons Attribution-NonCommercial-ShareAlike 4.0,5.0,21:08,https://www.xeno-canto.org/412644,cangoo/XC412644.ogg
cangoo,[],['flight call'],60.1054,24.6307,Branta canadensis,Canada Goose,Eetu Paljakka,Creative Commons Attribution-NonCommercial-ShareAlike 4.0,0.0,07:07,https://www.xeno-canto.org/415068,cangoo/XC415068.ogg
cangoo,[],['call'],54.1047,-122.3094,Branta canadensis,Canada Goose,Jeff Dyck,Creative Commons Attribution-NonCommercial-ShareAlike 4.0,4.5,08:30,https://www.xeno-canto.org/415272,cangoo/XC415272.ogg
cangoo,[],['call'],50.9391,7.1265,Branta canadensis,Canada Goose,Guy Kirwan,Creative Commons Attribution-NonCommercial-ShareAlike 4.0,4.5,09:00,https://www.xeno-canto.org/416534,cangoo/XC416534.ogg
cangoo,['mallar3'],"['Hissing', 'peeping']",42.6713,-83.3775,Branta canadensis,Canada Goose,Bruce Lagerquist,Creative Commons Attribution-NonCommercial-ShareAlike 4.0,4.5,11:30,https://www.xeno-canto.org/417786,cangoo/XC417786.ogg
cangoo,[],['flight call'],40.5652,-83.6255,Branta canadensis,Canada Goose,Sue Riffe,Creative Commons Attribution-NonCommercial-ShareAlike 4.0,4.5,13:10,https://www.xeno-canto.org/418000,cangoo/XC418000.ogg
cangoo,[],['song'],44.0185,-83.756,Branta canadensis,Canada Goose,Sue Riffe,Creative Commons Attribution-NonCommercial-ShareAlike 4.0,4.5,11:20,https://www.xeno-canto.org/418340,cangoo/XC418340.ogg
cangoo,[],['flight call'],52.0612,5.371,Branta canadensis,Canada Goose,Aat Schaftenaar,Creative Commons Attribution-NonCommercial-ShareAlike 4.0,3.0,23:00,https://www.xeno-canto.org/420861,cangoo/XC420861.ogg
cangoo,[],['flight call'],52.0612,5.371,Branta canadensis,Canada Goose,Aat Schaftenaar,Creative Commons Attribution-NonCommercial-ShareAlike 4.0,4.0,20:30,https://www.xeno-canto.org/424354,cangoo/XC424354.ogg
cangoo,['rocpig'],['begging call'],51.5701,-0.103,Branta canadensis,Canada Goose,nick talbot,Creative Commons Attribution-NonCommercial-ShareAlike 4.0,3.5,10:30,https://www.xeno-canto.org/425088,cangoo/XC425088.ogg
cangoo,[],['flight call'],51.4213,5.4732,Branta canadensis,Canada Goose,Jorge Leitão,Creative Commons Attribution-NonCommercial-ShareAlike 4.0,4.0,10:28,https://www.xeno-canto.org/429108,cangoo/XC429108.ogg
cangoo,[],['flight call'],63.8313,20.2607,Branta canadensis,Canada Goose,Lars Edenius,Creative Commons Attribution-NonCommercial-ShareAlike 4.0,5.0,18:00,https://www.xeno-canto.org/430747,cangoo/XC430747.ogg
cangoo,[],['flight call'],63.8313,20.2607,Branta canadensis,Canada Goose,Lars Edenius,Creative Commons Attribution-NonCommercial-ShareAlike 4.0,5.0,18:00,https://www.xeno-canto.org/430748,cangoo/XC430748.ogg
cangoo,[],['noctural flight call'],52.4504,5.5613,Branta canadensis,Canada Goose,G Berger,Creative Commons Attribution-NonCommercial-ShareAlike 4.0,0.0,00:19,https://www.xeno-canto.org/432880,cangoo/XC432880.ogg
cangoo,[],['call'],44.6336,-110.443,Branta canadensis,Canada Goose,Niels Krabbe,Creative Commons Attribution-NonCommercial-ShareAlike 4.0,4.0,06:10,https://www.xeno-canto.org/433237,cangoo/XC433237.ogg
cangoo,[],['flight call'],63.7515,20.3103,Branta canadensis,Canada Goose,Lars Edenius,Creative Commons Attribution-NonCommercial-ShareAlike 4.0,4.0,07:30,https://www.xeno-canto.org/443131,cangoo/XC443131.ogg
cangoo,[],['flight call'],52.5563,4.6585,Branta canadensis,Canada Goose,Guido O. Keijl,Creative Commons Attribution-NonCommercial-ShareAlike 4.0,3.5,18:30,https://www.xeno-canto.org/445008,cangoo/XC445008.ogg
cangoo,[],"['call', 'flight call']",51.4142,4.43,Branta canadensis,Canada Goose,Bram Vogels,Creative Commons Attribution-NonCommercial-ShareAlike 4.0,3.0,00:00,https://www.xeno-canto.org/445217,cangoo/XC445217.ogg
cangoo,[],"['call', 'flight call']",51.4142,4.43,Branta canadensis,Canada Goose,Bram Vogels,Creative Commons Attribution-NonCommercial-ShareAlike 4.0,4.0,00:00,https://www.xeno-canto.org/445218,cangoo/XC445218.ogg
cangoo,[],['flight call'],38.8951,-77.0366,Branta canadensis,Canada Goose,Thomas ARMAND,Creative Commons Attribution-NonCommercial-ShareAlike 4.0,4.0,12:30,https://www.xeno-canto.org/445781,cangoo/XC445781.ogg
cangoo,[],['flight call'],48.7568,2.1152,Branta canadensis,Canada Goose,Stanislas Wroza,Creative Commons Attribution-NonCommercial-ShareAlike 4.0,5.0,07:30,https://www.xeno-canto.org/448914,cangoo/XC448914.ogg
cangoo,[],"['call', 'flight call']",54.4063,12.9235,Branta canadensis,Canada Goose,Lars Lachmann,Creative Commons Attribution-NonCommercial-ShareAlike 4.0,5.0,10:00,https://www.xeno-canto.org/448967,cangoo/XC448967.ogg
cangoo,[],['call'],48.9525,4.358,Branta canadensis,Canada Goose,Morvan Corentin,Creative Commons Attribution-NonCommercial-ShareAlike 4.0,4.0,13:00,https://www.xeno-canto.org/454380,cangoo/XC454380.ogg
cangoo,[],['alarm call'],37.2602,-97.4172,Branta canadensis,Canada Goose,Ves,Creative Commons Attribution-NonCommercial-ShareAlike 4.0,4.0,21:20,https://www.xeno-canto.org/454609,cangoo/XC454609.ogg
cangoo,[],['call'],48.5237,-122.0185,Branta canadensis,Canada Goose,Bruce Lagerquist,Creative Commons Attribution-NonCommercial-ShareAlike 4.0,4.5,11:30,https://www.xeno-canto.org/454911,cangoo/XC454911.ogg
cangoo,[],['flight call'],49.4254,8.6657,Branta canadensis,Canada Goose,Jorge Leitão,Creative Commons Attribution-NonCommercial-ShareAlike 4.0,3.0,11:50,https://www.xeno-canto.org/455229,cangoo/XC455229.ogg
cangoo,"['mallar3', 'rinphe']",['call'],51.6476,0.4854,Branta canadensis,Canada Goose,David Bissett,Creative Commons Attribution-NonCommercial-ShareAlike 4.0,4.5,07:00,https://www.xeno-canto.org/458997,cangoo/XC458997.ogg
cangoo,[],['call'],45.4396,11.7867,Branta canadensis,Canada Goose,Jessica Peruzzo,Creative Commons Attribution-NonCommercial-ShareAlike 4.0,1.0,10:30,https://www.xeno-canto.org/460322,cangoo/XC460322.ogg
cangoo,[],['call'],52.4129,0.7517,Branta canadensis,Canada Goose,Andrew Harrop,Creative Commons Attribution-NonCommercial-ShareAlike 4.0,5.0,12:48,https://www.xeno-canto.org/463327,cangoo/XC463327.ogg
cangoo,[],['call'],49.4125,8.6875,Branta canadensis,Canada Goose,Jorge Leitão,Creative Commons Attribution-NonCommercial-ShareAlike 4.0,0.0,15:19,https://www.xeno-canto.org/463597,cangoo/XC463597.ogg
cangoo,[],['call'],49.4125,8.6875,Branta canadensis,Canada Goose,Jorge Leitão,Creative Commons Attribution-NonCommercial-ShareAlike 4.0,5.0,15:16,https://www.xeno-canto.org/463598,cangoo/XC463598.ogg
cangoo,[],"['call', 'male']",52.6334,-0.8196,Branta canadensis,Canada Goose,Andrew Harrop,Creative Commons Attribution-NonCommercial-ShareAlike 4.0,4.0,13:08,https://www.xeno-canto.org/463824,cangoo/XC463824.ogg
cangoo,[],['alarm call'],49.4292,8.6563,Branta canadensis,Canada Goose,Jorge Leitão,Creative Commons Attribution-NonCommercial-ShareAlike 4.0,3.5,17:49,https://www.xeno-canto.org/463895,cangoo/XC463895.ogg
cangoo,[],['flight call'],48.7181,1.8306,Branta canadensis,Canada Goose,Stanislas Wroza,Creative Commons Attribution-NonCommercial-ShareAlike 4.0,5.0,07:00,https://www.xeno-canto.org/464089,cangoo/XC464089.ogg
cangoo,[],['call'],51.4213,5.4732,Branta canadensis,Canada Goose,Jorge Leitão,Creative Commons Attribution-NonCommercial-ShareAlike 4.0,0.0,16:38,https://www.xeno-canto.org/469609,cangoo/XC469609.ogg
cangoo,[],['alarm call'],42.0306,-79.4364,Branta canadensis,Canada Goose,Jim Berry,Creative Commons Attribution-NonCommercial-ShareAlike 4.0,5.0,08:00,https://www.xeno-canto.org/469660,cangoo/XC469660.ogg
cangoo,[],['flight call'],59.7363,16.4346,Branta canadensis,Canada Goose,Aladdin,Creative Commons Attribution-NonCommercial-ShareAlike 4.0,0.0,06:30,https://www.xeno-canto.org/469692,cangoo/XC469692.ogg
cangoo,[],['flight call'],52.1468,5.3788,Branta canadensis,Canada Goose,Gerda van Deelen,Creative Commons Attribution-NonCommercial-ShareAlike 4.0,2.0,06:40,https://www.xeno-canto.org/470495,cangoo/XC470495.ogg
cangoo,[],['flight call'],51.7419,-1.2491,Branta canadensis,Canada Goose,Michał Jezierski,Creative Commons Attribution-NonCommercial-ShareAlike 4.0,5.0,16:00,https://www.xeno-canto.org/471288,cangoo/XC471288.ogg
cangoo,[],['flight call'],51.4213,5.4732,Branta canadensis,Canada Goose,Jorge Leitão,Creative Commons Attribution-NonCommercial-ShareAlike 4.0,0.0,17:29,https://www.xeno-canto.org/472450,cangoo/XC472450.ogg
cangoo,[],['flight call'],51.4213,5.4732,Branta canadensis,Canada Goose,Jorge Leitão,Creative Commons Attribution-NonCommercial-ShareAlike 4.0,0.0,16:20,https://www.xeno-canto.org/472451,cangoo/XC472451.ogg
cangoo,[],['flight call'],51.4213,5.4732,Branta canadensis,Canada Goose,Jorge Leitão,Creative Commons Attribution-NonCommercial-ShareAlike 4.0,0.0,09:38,https://www.xeno-canto.org/473252,cangoo/XC473252.ogg
cangoo,['redjun'],['flight call'],51.4213,5.4732,Branta canadensis,Canada Goose,Jorge Leitão,Creative Commons Attribution-NonCommercial-ShareAlike 4.0,0.0,08:20,https://www.xeno-canto.org/473254,cangoo/XC473254.ogg
cangoo,['caster1'],['call'],63.6904,20.4628,Branta canadensis,Canada Goose,Lars Edenius,Creative Commons Attribution-NonCommercial-ShareAlike 4.0,4.5,07:30,https://www.xeno-canto.org/473361,cangoo/XC473361.ogg
cangoo,[],"['alarm call', 'call', 'female', 'male', 'song']",60.7225,11.1095,Branta canadensis,Canada Goose,Elias A. Ryberg,Creative Commons Attribution-NonCommercial-ShareAlike 4.0,5.0,16:18,https://www.xeno-canto.org/474984,cangoo/XC474984.ogg
cangoo,[],['call'],65.1878,19.6687,Branta canadensis,Canada Goose,Lars Edenius,Creative Commons Attribution-NonCommercial-ShareAlike 4.0,5.0,21:30,https://www.xeno-canto.org/476247,cangoo/XC476247.ogg
cangoo,[],['call'],51.3142,-121.8012,Branta canadensis,Canada Goose,Sunny Tseng,Creative Commons Attribution-NonCommercial-ShareAlike 4.0,5.0,15:30,https://www.xeno-canto.org/479788,cangoo/XC479788.ogg
cangoo,[],"['call', 'flight call']",49.2204,-123.2089,Branta canadensis,Canada Goose,Sunny Tseng,Creative Commons Attribution-NonCommercial-ShareAlike 4.0,5.0,08:00,https://www.xeno-canto.org/479941,cangoo/XC479941.ogg
cangoo,[],['flight call'],47.8542,11.0625,Branta canadensis,Canada Goose,Beatrix Saadi-Varchmin,Creative Commons Attribution-NonCommercial-ShareAlike 4.0,4.5,09:56,https://www.xeno-canto.org/482664,cangoo/XC482664.ogg
cangoo,[],"['call', 'female', 'male']",52.7126,9.8166,Branta canadensis,Canada Goose,Lars Lachmann,Creative Commons Attribution-NonCommercial-ShareAlike 4.0,4.5,07:00,https://www.xeno-canto.org/485873,cangoo/XC485873.ogg
cangoo,[],['call'],52.5495,-0.7436,Branta canadensis,Canada Goose,Andrew Harrop,Creative Commons Attribution-NonCommercial-ShareAlike 4.0,5.0,10:00,https://www.xeno-canto.org/488801,cangoo/XC488801.ogg
cangoo,['mallar3'],['call'],33.4758,-112.0889,Branta canadensis,Canada Goose,Phoenix Birder,Creative Commons Attribution-NonCommercial-ShareAlike 4.0,2.5,05:46,https://www.xeno-canto.org/489753,cangoo/XC489753.ogg
cangoo,[],['alarm call'],48.7181,1.8306,Branta canadensis,Canada Goose,Stanislas Wroza,Creative Commons Attribution-NonCommercial-ShareAlike 4.0,5.0,06:30,https://www.xeno-canto.org/490827,cangoo/XC490827.ogg
cangoo,[],"['call', 'flight call', 'short call']",48.7181,1.8306,Branta canadensis,Canada Goose,Stanislas Wroza,Creative Commons Attribution-NonCommercial-ShareAlike 4.0,0.0,06:30,https://www.xeno-canto.org/490828,cangoo/XC490828.ogg
cangoo,[],['flight call'],50.8852,4.3316,Branta canadensis,Canada Goose,Seynaeve Adriaan,Creative Commons Attribution-NonCommercial-ShareAlike 4.0,4.0,06:58,https://www.xeno-canto.org/495554,cangoo/XC495554.ogg
cangoo,[],"['flight call', 'nocturnal flight call']",51.8226,4.6431,Branta canadensis,Canada Goose,Jan-Kees Bossenbroek,Creative Commons Attribution-NonCommercial-ShareAlike 4.0,4.0,01:00,https://www.xeno-canto.org/496748,cangoo/XC496748.ogg
cangoo,[],['nocturnal flight call'],52.5061,6.2538,Branta canadensis,Canada Goose,Vincent Martens,Creative Commons Attribution-NonCommercial-ShareAlike 4.0,3.0,03:32,https://www.xeno-canto.org/497855,cangoo/XC497855.ogg
cangoo,[],['call'],60.2367,25.1484,Branta canadensis,Canada Goose,Hannu Varkki,Creative Commons Attribution-NonCommercial-ShareAlike 4.0,3.5,11:50,https://www.xeno-canto.org/502029,cangoo/XC502029.ogg
cangoo,[],['call'],59.89,10.8274,Branta canadensis,Canada Goose,Stein Ø. Nilsen,Creative Commons Attribution-NonCommercial-ShareAlike 4.0,5.0,17:00,https://www.xeno-canto.org/503595,cangoo/XC503595.ogg
cangoo,[],['call'],59.89,10.8274,Branta canadensis,Canada Goose,Stein Ø. Nilsen,Creative Commons Attribution-NonCommercial-ShareAlike 4.0,5.0,17:00,https://www.xeno-canto.org/503596,cangoo/XC503596.ogg
cangoo,[],['call'],59.89,10.8274,Branta canadensis,Canada Goose,Stein Ø. Nilsen,Creative Commons Attribution-NonCommercial-ShareAlike 4.0,4.5,09:30,https://www.xeno-canto.org/503597,cangoo/XC503597.ogg
cangoo,[],['call'],40.774,-73.971,Branta canadensis,Canada Goose,nick talbot,Creative Commons Attribution-NonCommercial-ShareAlike 4.0,4.0,13:00,https://www.xeno-canto.org/504983,cangoo/XC504983.ogg
cangoo,[],['flight call'],51.9707,5.3833,Branta canadensis,Canada Goose,Peter van Vlaardingen,Creative Commons Attribution-NonCommercial-ShareAlike 4.0,4.5,8:17,https://www.xeno-canto.org/505284,cangoo/XC505284.ogg
cangoo,[],"['nocturnal flight call', 'wingbeats']",60.2357,25.0058,Branta canadensis,Canada Goose,Juha Saari,Creative Commons Attribution-NonCommercial-ShareAlike 4.0,3.0,01:48,https://www.xeno-canto.org/505706,cangoo/XC505706.ogg
cangoo,[],"['adult', 'flight call']",52.9888,-1.3589,Branta canadensis,Canada Goose,Carlos Abrahams,Creative Commons Attribution-NonCommercial-ShareAlike 4.0,4.0,11:00,https://www.xeno-canto.org/507911,cangoo/XC507911.ogg
cangoo,[],"['call', 'female', 'male', 'sex uncertain']",51.4213,5.4732,Branta canadensis,Canada Goose,Jorge Leitão,Creative Commons Attribution-NonCommercial-ShareAlike 4.0,5.0,12:38,https://www.xeno-canto.org/510495,cangoo/XC510495.ogg
cangoo,[],"['adult', 'call', 'female', 'male']",33.3634,-111.7341,Branta canadensis,Canada Goose,Phoenix Birder,Creative Commons Attribution-NonCommercial-ShareAlike 4.0,3.5,08:52,https://www.xeno-canto.org/511453,cangoo/XC511453.ogg
cangoo,[],"['call', 'flight call']",51.1633,-0.5784,Branta canadensis,Canada Goose,Ed Stubbs,Creative Commons Attribution-NonCommercial-ShareAlike 4.0,3.5,08:10,https://www.xeno-canto.org/513254,cangoo/XC513254.ogg
cangoo,[],['call'],49.8283,8.4235,Branta canadensis,Canada Goose,brickegickel,Creative Commons Attribution-NonCommercial-ShareAlike 4.0,3.0,15:00,https://www.xeno-canto.org/513995,cangoo/XC513995.ogg
cangoo,[],['flight call'],40.6052,-74.2495,Branta canadensis,Canada Goose,William Whitehead,Creative Commons Attribution-NonCommercial-ShareAlike 4.0,3.0,08:00,https://www.xeno-canto.org/516374,cangoo/XC516374.ogg
cangoo,['eurwig'],"['adult', 'song']",52.5484,6.1209,Branta canadensis,Canada Goose,Wolbert Hermus,Creative Commons Attribution-NonCommercial-ShareAlike 4.0,3.5,10:00,https://www.xeno-canto.org/522376,cangoo/XC522376.ogg
cangoo,[],['call'],52.6383,-0.6931,Branta canadensis,Canada Goose,Andrew Harrop,Creative Commons Attribution-NonCommercial-ShareAlike 4.0,5.0,11:00,https://www.xeno-canto.org/523002,cangoo/XC523002.ogg
cangoo,[],['call'],34.81,-87.321,Branta canadensis,Canada Goose,Mike Nelson,Creative Commons Attribution-NonCommercial-ShareAlike 3.0,5.0,7:45am,https://www.xeno-canto.org/52324,cangoo/XC52324.ogg
cangoo,[],"['call', 'flight call', 'nocturnal flight call']",53.9299,-2.9833,Branta canadensis,Canada Goose,Chris Batty,Creative Commons Attribution-NonCommercial-ShareAlike 4.0,3.0,22:47,https://www.xeno-canto.org/524888,cangoo/XC524888.ogg
cangoo,[],"['call', 'flight call', 'nocturnal flight call']",53.9299,-2.9833,Branta canadensis,Canada Goose,Chris Batty,Creative Commons Attribution-NonCommercial-ShareAlike 4.0,5.0,22:55,https://www.xeno-canto.org/524889,cangoo/XC524889.ogg
cangoo,[],"['call', 'flight call', 'nocturnal flight call']",53.9299,-2.9833,Branta canadensis,Canada Goose,Chris Batty,Creative Commons Attribution-NonCommercial-ShareAlike 4.0,2.5,00:54,https://www.xeno-canto.org/524891,cangoo/XC524891.ogg
cangoo,[],"['call', 'flight call', 'nocturnal flight call']",53.9299,-2.9833,Branta canadensis,Canada Goose,Chris Batty,Creative Commons Attribution-NonCommercial-ShareAlike 4.0,2.5,03:09,https://www.xeno-canto.org/524892,cangoo/XC524892.ogg
cangoo,['houspa'],"['call', 'flight call']",53.9299,-2.9833,Branta canadensis,Canada Goose,Chris Batty,Creative Commons Attribution-NonCommercial-ShareAlike 4.0,2.5,07:46,https://www.xeno-canto.org/524893,cangoo/XC524893.ogg
cangoo,[],"['call', 'flight call']",53.9299,-2.9833,Branta canadensis,Canada Goose,Chris Batty,Creative Commons Attribution-NonCommercial-ShareAlike 4.0,2.5,06:16,https://www.xeno-canto.org/524894,cangoo/XC524894.ogg
cangoo,['houspa'],"['call', 'flight call']",53.9299,-2.9833,Branta canadensis,Canada Goose,Chris Batty,Creative Commons Attribution-NonCommercial-ShareAlike 4.0,2.5,07:24,https://www.xeno-canto.org/524895,cangoo/XC524895.ogg
cangoo,['mallar3'],['flight call'],48.6401,1.6849,Branta canadensis,Canada Goose,Tanguy Loïs,Creative Commons Attribution-NonCommercial-ShareAlike 4.0,4.5,08:30,https://www.xeno-canto.org/528942,cangoo/XC528942.ogg
cangoo,[],['call'],49.2775,-123.1453,Branta canadensis,Canada Goose,Sunny Tseng,Creative Commons Attribution-NonCommercial-ShareAlike 4.0,5.0,11:30,https://www.xeno-canto.org/531514,cangoo/XC531514.ogg
cangoo,[],['call'],49.2775,-123.1453,Branta canadensis,Canada Goose,Sunny Tseng,Creative Commons Attribution-NonCommercial-ShareAlike 4.0,5.0,11:30,https://www.xeno-canto.org/531515,cangoo/XC531515.ogg
cangoo,[],['nocturnal flight call'],60.2357,25.0058,Branta canadensis,Canada Goose,Juha Saari,Creative Commons Attribution-NonCommercial-ShareAlike 4.0,3.0,21:59,https://www.xeno-canto.org/533511,cangoo/XC533511.ogg
cangoo,[],['nocturnal flight call'],52.3857,-1.7909,Branta canadensis,Canada Goose,John Sirrett,Creative Commons Attribution-NonCommercial-ShareAlike 4.0,4.0,00:30,https://www.xeno-canto.org/533589,cangoo/XC533589.ogg
cangoo,[],['call'],53.8101,-3.0031,Branta canadensis,Canada Goose,Chris Batty,Creative Commons Attribution-NonCommercial-ShareAlike 4.0,2.5,09:00,https://www.xeno-canto.org/534115,cangoo/XC534115.ogg
cangoo,[],"['flight call', 'nocturnal flight call']",48.7027,2.1156,Branta canadensis,Canada Goose,Stanislas Wroza,Creative Commons Attribution-NonCommercial-ShareAlike 4.0,5.0,19:30,https://www.xeno-canto.org/534723,cangoo/XC534723.ogg
cangoo,[],"['flight call', 'nocturnal flight call']",48.7027,2.1156,Branta canadensis,Canada Goose,Stanislas Wroza,Creative Commons Attribution-NonCommercial-ShareAlike 4.0,5.0,19:30,https://www.xeno-canto.org/534725,cangoo/XC534725.ogg
cangoo,[],['call'],67.12463,-154.33174,Branta canadensis,Canada Goose,"Betchkal, Davyd",Creative Commons Attribution-NonCommercial-ShareAlike 4.0,2.5,13:13:37,https://www.xeno-canto.org/534881,cangoo/XC534881.ogg
cangoo,[],['call'],67.12463,-154.33174,Branta canadensis,Canada Goose,"Betchkal, Davyd",Creative Commons Attribution-NonCommercial-ShareAlike 4.0,2.5,04:31:10,https://www.xeno-canto.org/534882,cangoo/XC534882.ogg
cangoo,[],['nocturnal flight call'],52.3857,-1.7909,Branta canadensis,Canada Goose,John Sirrett,Creative Commons Attribution-NonCommercial-ShareAlike 4.0,4.0,19:00,https://www.xeno-canto.org/535316,cangoo/XC535316.ogg
cangoo,[],"['adult', 'call', 'sex uncertain']",38.9381,-74.9446,Branta canadensis,Canada Goose,Sue Riffe,Creative Commons Attribution-NonCommercial-ShareAlike 4.0,3.5,18:52,https://www.xeno-canto.org/536877,cangoo/XC536877.ogg
cangoo,[],['nocturnal flight call'],51.0928,4.0077,Branta canadensis,Canada Goose,Tom Gheskiere,Creative Commons Attribution-NonCommercial-ShareAlike 4.0,5.0,01:30,https://www.xeno-canto.org/537756,cangoo/XC537756.ogg
cangoo,[],"['call', 'female', 'male']",51.4213,5.4732,Branta canadensis,Canada Goose,Jorge Leitão,Creative Commons Attribution-NonCommercial-ShareAlike 4.0,3.5,06:23,https://www.xeno-canto.org/538161,cangoo/XC538161.ogg
cangoo,[],"['call', 'female', 'male']",51.4213,5.4732,Branta canadensis,Canada Goose,Jorge Leitão,Creative Commons Attribution-NonCommercial-ShareAlike 4.0,3.5,06:43,https://www.xeno-canto.org/538162,cangoo/XC538162.ogg
cangoo,[],"['call', 'female', 'male']",51.4213,5.4732,Branta canadensis,Canada Goose,Jorge Leitão,Creative Commons Attribution-NonCommercial-ShareAlike 4.0,3.5,06:45,https://www.xeno-canto.org/538165,cangoo/XC538165.ogg
cangoo,[],"['female', 'flight call', 'male']",51.4213,5.4732,Branta canadensis,Canada Goose,Jorge Leitão,Creative Commons Attribution-NonCommercial-ShareAlike 4.0,3.5,07:38,https://www.xeno-canto.org/538168,cangoo/XC538168.ogg
cangoo,[],"['adult', 'flight call']",51.1404,4.994,Branta canadensis,Canada Goose,Niels Van Doninck,Creative Commons Attribution-NonCommercial-ShareAlike 4.0,4.5,19:30,https://www.xeno-canto.org/538715,cangoo/XC538715.ogg
cangoo,[],['flight call'],60.5145,15.7165,Branta canadensis,Canada Goose,Anders Westman,Creative Commons Attribution-NonCommercial-ShareAlike 4.0,4.0,16:30,https://www.xeno-canto.org/539123,cangoo/XC539123.ogg
cangoo,[],['flight call'],63.8313,20.2607,Branta canadensis,Canada Goose,Lars Edenius,Creative Commons Attribution-NonCommercial-ShareAlike 4.0,5.0,08:00,https://www.xeno-canto.org/539846,cangoo/XC539846.ogg
cangoo,[],['nocturnal flight call'],47.8207,3.351,Branta canadensis,Canada Goose,François Bouzendorf,Creative Commons Attribution-NonCommercial-ShareAlike 4.0,5.0,00:51,https://www.xeno-canto.org/541535,cangoo/XC541535.ogg
cangoo,[],"['flight call', 'nocturnal flight call']",51.9839,5.3368,Branta canadensis,Canada Goose,Peter van Vlaardingen,Creative Commons Attribution-NonCommercial-ShareAlike 4.0,4.0,2:00,https://www.xeno-canto.org/542477,cangoo/XC542477.ogg
cangoo,[],"['female', 'nocturnal flight call']",52.1418,5.3724,Branta canadensis,Canada Goose,Frank Pierik,Creative Commons Attribution-NonCommercial-ShareAlike 4.0,3.0,03:19,https://www.xeno-canto.org/543184,cangoo/XC543184.ogg
cangoo,[],"['Dispute between two males.', 'alarm call']",42.9627,-76.7409,Branta canadensis,Canada Goose,Meena Haribal,Creative Commons Attribution-NonCommercial-ShareAlike 4.0,5.0,10:30,https://www.xeno-canto.org/543318,cangoo/XC543318.ogg
cangoo,[],"['A pair flying together while defending the property.', 'alarm call']",42.9627,-76.7409,Branta canadensis,Canada Goose,Meena Haribal,Creative Commons Attribution-NonCommercial-ShareAlike 4.0,3.0,14:30,https://www.xeno-canto.org/543320,cangoo/XC543320.ogg
cangoo,[],"['adult', 'flight call', 'nocturnal flight call']",51.8769,-0.5947,Branta canadensis,Canada Goose,Mark G. Telfer,Creative Commons Attribution-NonCommercial-ShareAlike 4.0,4.5,23:27,https://www.xeno-canto.org/543765,cangoo/XC543765.ogg
cangoo,[],['nocturnal flight call'],53.5342,8.6032,Branta canadensis,Canada Goose,Franck Hollander,Creative Commons Attribution-NonCommercial-ShareAlike 4.0,4.0,21:30,https://www.xeno-canto.org/545103,cangoo/XC545103.ogg
cangoo,[],['nocturnal flight call'],56.09,47.261,Branta canadensis,Canada Goose,Albert Lastukhin,Creative Commons Attribution-NonCommercial-ShareAlike 4.0,4.0,20:30,https://www.xeno-canto.org/546401,cangoo/XC546401.ogg
cangoo,[],['call'],42.1694,-82.8425,Branta canadensis,Canada Goose,Mark Nenadov,Creative Commons Attribution-NonCommercial-ShareAlike 4.0,3.0,06:45,https://www.xeno-canto.org/547272,cangoo/XC547272.ogg
cangoo,[],['call'],52.0114,4.9129,Branta canadensis,Canada Goose,Albert Noorlander,Creative Commons Attribution-NonCommercial-ShareAlike 4.0,5.0,09:00,https://www.xeno-canto.org/548441,cangoo/XC548441.ogg
cangoo,[],['nocturnal flight call'],56.0908,47.2615,Branta canadensis,Canada Goose,Albert Lastukhin,Creative Commons Attribution-NonCommercial-ShareAlike 4.0,4.0,20:30,https://www.xeno-canto.org/549002,cangoo/XC549002.ogg
cangoo,[],"['call', 'flight call']",63.6904,20.4628,Branta canadensis,Canada Goose,Lars Edenius,Creative Commons Attribution-NonCommercial-ShareAlike 4.0,5.0,06:30,https://www.xeno-canto.org/549042,cangoo/XC549042.ogg
cangoo,[],"['adult', 'call', 'flight call', 'sex uncertain']",35.1688,-97.4414,Branta canadensis,Canada Goose,Meelyn M Pandit,Creative Commons Attribution-NonCommercial-ShareAlike 4.0,3.0,06:30,https://www.xeno-canto.org/553326,cangoo/XC553326.ogg
cangoo,[],['alarm call'],51.1403,4.9931,Branta canadensis,Canada Goose,Niels Van Doninck,Creative Commons Attribution-NonCommercial-ShareAlike 4.0,4.5,21:00,https://www.xeno-canto.org/553619,cangoo/XC553619.ogg
cangoo,[],['alarm call'],51.1403,4.9931,Branta canadensis,Canada Goose,Niels Van Doninck,Creative Commons Attribution-NonCommercial-ShareAlike 4.0,4.5,21:05,https://www.xeno-canto.org/553620,cangoo/XC553620.ogg
cangoo,[],['alarm call'],51.1403,4.9931,Branta canadensis,Canada Goose,Niels Van Doninck,Creative Commons Attribution-NonCommercial-ShareAlike 4.0,4.5,21:05,https://www.xeno-canto.org/553621,cangoo/XC553621.ogg
cangoo,[],"['adult', 'alarm call', 'flight call']",51.1974,4.9448,Branta canadensis,Canada Goose,Niels Van Doninck,Creative Commons Attribution-NonCommercial-ShareAlike 4.0,4.5,06:50,https://www.xeno-canto.org/554986,cangoo/XC554986.ogg
cangoo,[],['call'],51.0422,4.9949,Branta canadensis,Canada Goose,Niels Van Doninck,Creative Commons Attribution-NonCommercial-ShareAlike 4.0,5.0,22:15,https://www.xeno-canto.org/555675,cangoo/XC555675.ogg
cangoo,[],['flight call'],48.8641,2.0111,Branta canadensis,Canada Goose,Stanislas Wroza,Creative Commons Attribution-NonCommercial-ShareAlike 4.0,5.0,06:30,https://www.xeno-canto.org/557197,cangoo/XC557197.ogg
cangoo,[],['call'],63.6904,20.4628,Branta canadensis,Canada Goose,Lars Edenius,Creative Commons Attribution-NonCommercial-ShareAlike 4.0,5.0,06:00,https://www.xeno-canto.org/558239,cangoo/XC558239.ogg
cangoo,[],['call'],60.4384,15.5632,Branta canadensis,Canada Goose,Mikael Litsgård,Creative Commons Attribution-NonCommercial-ShareAlike 4.0,5.0,03:51,https://www.xeno-canto.org/559271,cangoo/XC559271.ogg
cangoo,[],['call'],52.0093,4.9039,Branta canadensis,Canada Goose,Albert Noorlander,Creative Commons Attribution-NonCommercial-ShareAlike 4.0,5.0,08:45,https://www.xeno-canto.org/561694,cangoo/XC561694.ogg
cangoo,['skylar'],['call'],57.6571,-4.1593,Branta canadensis,Canada Goose,Peter Stronach,Creative Commons Attribution-NonCommercial-ShareAlike 4.0,4.5,13:53,https://www.xeno-canto.org/564549,cangoo/XC564549.ogg
cangoo,[],"['adult', 'flight call', 'sex uncertain']",41.4591,-112.3019,Branta canadensis,Canada Goose,Richard E. Webster,Creative Commons Attribution-NonCommercial-ShareAlike 4.0,3.5,05:50,https://www.xeno-canto.org/565869,cangoo/XC565869.ogg
cangoo,[],"['adult call', 'call', 'juvenile']",51.4213,5.4732,Branta canadensis,Canada Goose,Jorge Leitão,Creative Commons Attribution-NonCommercial-ShareAlike 4.0,5.0,15:20,https://www.xeno-canto.org/575174,cangoo/XC575174.ogg
cangoo,[],['call'],38.9308,-121.5903,Branta canadensis,Canada Goose,Ed Pandolfino,Creative Commons Attribution-NonCommercial-ShareAlike 4.0,5.0,07:31,https://www.xeno-canto.org/578140,cangoo/XC578140.ogg
cangoo,[],['nocturnal flight call'],53.5342,8.6032,Branta canadensis,Canada Goose,Franck Hollander,Creative Commons Attribution-NonCommercial-ShareAlike 4.0,4.0,03:30,https://www.xeno-canto.org/578283,cangoo/XC578283.ogg
cangoo,[],"['flight call', 'hoarse calls', 'perhaps juvenile']",48.7027,2.1156,Branta canadensis,Canada Goose,Stanislas Wroza,Creative Commons Attribution-NonCommercial-ShareAlike 4.0,4.0,06:00,https://www.xeno-canto.org/579783,cangoo/XC579783.ogg
cangoo,[],"['adult', 'flight call', 'sex uncertain']",50.1764,8.6559,Branta canadensis,Canada Goose,W. Agster,Creative Commons Attribution-NonCommercial-ShareAlike 4.0,3.5,07:45,https://www.xeno-canto.org/586240,cangoo/XC586240.ogg
cangoo,[],['flight call'],51.5121,4.4359,Branta canadensis,Canada Goose,Ad Hilders,Creative Commons Attribution-NonCommercial-ShareAlike 4.0,3.0,09:35,https://www.xeno-canto.org/586547,cangoo/XC586547.ogg
cangoo,[],['nocturnal flight call'],53.5342,8.6032,Branta canadensis,Canada Goose,Franck Hollander,Creative Commons Attribution-NonCommercial-ShareAlike 4.0,4.0,01:30,https://www.xeno-canto.org/589190,cangoo/XC589190.ogg
cangoo,[],['nocturnal flight call'],52.9908,-2.5086,Branta canadensis,Canada Goose,Phil Stockton,Creative Commons Attribution-NonCommercial-ShareAlike 4.0,3.0,01:28,https://www.xeno-canto.org/589448,cangoo/XC589448.ogg
cangoo,[],['nocturnal flight call'],59.4366,13.5579,Branta canadensis,Canada Goose,Jesper Lindegren,Creative Commons Attribution-NonCommercial-ShareAlike 4.0,4.0,04:00,https://www.xeno-canto.org/593425,cangoo/XC593425.ogg
cangoo,[],['nocturnal flight call'],53.5342,8.6032,Branta canadensis,Canada Goose,Franck Hollander,Creative Commons Attribution-NonCommercial-ShareAlike 4.0,4.0,01:00,https://www.xeno-canto.org/593460,cangoo/XC593460.ogg
cangoo,"['mallar3', 'rinphe']",['call'],52.4471,-1.4666,Branta canadensis,Canada Goose,Nikolay Sariev,Creative Commons Attribution-NonCommercial-ShareAlike 4.0,4.5,14:43,https://www.xeno-canto.org/593866,cangoo/XC593866.ogg
cangoo,[],['nocturnal flight call'],54.949,-1.48,Branta canadensis,Canada Goose,Mark Newsome,Creative Commons Attribution-NonCommercial-ShareAlike 4.0,2.5,20:04,https://www.xeno-canto.org/594904,cangoo/XC594904.ogg
cangoo,[],"['flight call', 'nocturnal flight call']",54.1818,-0.3203,Branta canadensis,Canada Goose,Will Scott,Creative Commons Attribution-NonCommercial-ShareAlike 4.0,4.0,22:00,https://www.xeno-canto.org/595347,cangoo/XC595347.ogg
cangoo,"['cangoo', 'mallar3']",['call'],52.4099,-1.4177,Branta canadensis,Canada Goose,Nikolay Sariev,Creative Commons Attribution-NonCommercial-ShareAlike 4.0,4.5,14:07,https://www.xeno-canto.org/595412,cangoo/XC595412.ogg
cangoo,[],['call'],52.4099,-1.4177,Branta canadensis,Canada Goose,Nikolay Sariev,Creative Commons Attribution-NonCommercial-ShareAlike 4.0,4.5,15:36,https://www.xeno-canto.org/595636,cangoo/XC595636.ogg
cangoo,[],['call'],52.4099,-1.4177,Branta canadensis,Canada Goose,Nikolay Sariev,Creative Commons Attribution-NonCommercial-ShareAlike 4.0,4.5,15:45,https://www.xeno-canto.org/595639,cangoo/XC595639.ogg
cangoo,[],['flight call'],48.7357,1.7406,Branta canadensis,Canada Goose,julien Rochefort,Creative Commons Attribution-NonCommercial-ShareAlike 4.0,5.0,08:00,https://www.xeno-canto.org/596102,cangoo/XC596102.ogg
cangoo,[],['call'],61.8398,16.6189,Branta canadensis,Canada Goose,Thomas Bergman,Creative Commons Attribution-NonCommercial-ShareAlike 4.0,4.5,08:38,https://www.xeno-canto.org/598177,cangoo/XC598177.ogg
cangoo,[],"['adult', 'call', 'sex uncertain']",42.7052,-71.615,Branta canadensis,Canada Goose,Christopher McPherson,Creative Commons Attribution-NonCommercial-ShareAlike 4.0,4.0,07:30,https://www.xeno-canto.org/598821,cangoo/XC598821.ogg
cangoo,[],"['adult', 'call', 'sex uncertain']",49.2991,-122.7014,Branta canadensis,Canada Goose,Peter Ward and Ken Hall,Creative Commons Attribution-NonCommercial-ShareAlike 4.0,4.5,09:30,https://www.xeno-canto.org/601780,cangoo/XC601780.ogg
cangoo,[],"['adult', 'call', 'sex uncertain']",53.6049,-1.4247,Branta canadensis,Canada Goose,Paul Howden-Leach,Creative Commons Attribution-NonCommercial-ShareAlike 4.0,4.0,16:00,https://www.xeno-canto.org/601836,cangoo/XC601836.ogg
cangoo,[],"['adult', 'call', 'sex uncertain', 'wing beat as flying over']",53.0674,-1.6323,Branta canadensis,Canada Goose,Paul Howden-Leach,Creative Commons Attribution-NonCommercial-ShareAlike 4.0,4.0,11:00,https://www.xeno-canto.org/601842,cangoo/XC601842.ogg
cangoo,[],['flight call'],51.8147,-0.6675,Branta canadensis,Canada Goose,Calum Mckellar,Creative Commons Attribution-NonCommercial-ShareAlike 4.0,2.0,16:30,https://www.xeno-canto.org/603501,cangoo/XC603501.ogg
cangoo,[],['flight call'],51.8147,-0.6675,Branta canadensis,Canada Goose,Calum Mckellar,Creative Commons Attribution-NonCommercial-ShareAlike 4.0,4.0,16:35,https://www.xeno-canto.org/603503,cangoo/XC603503.ogg
cangoo,[],['flight call'],51.382,-0.1523,Branta canadensis,Canada Goose,Arjun Dutta,Creative Commons Attribution-NonCommercial-ShareAlike 4.0,4.0,10:13,https://www.xeno-canto.org/604776,cangoo/XC604776.ogg
cangoo,[],['call'],63.6904,20.4628,Branta canadensis,Canada Goose,Lars Edenius,Creative Commons Attribution-NonCommercial-ShareAlike 4.0,5.0,05:00,https://www.xeno-canto.org/605140,cangoo/XC605140.ogg
cangoo,[],['flight call'],63.6904,20.4628,Branta canadensis,Canada Goose,Lars Edenius,Creative Commons Attribution-NonCommercial-ShareAlike 4.0,4.5,06:00,https://www.xeno-canto.org/605167,cangoo/XC605167.ogg
cangoo,[],['nocturnal flight call'],60.2357,25.0058,Branta canadensis,Canada Goose,Juha Saari,Creative Commons Attribution-NonCommercial-ShareAlike 4.0,4.0,01:13,https://www.xeno-canto.org/605484,cangoo/XC605484.ogg
cangoo,[],"['call', 'nocturnal flight call']",48.7538,1.9628,Branta canadensis,Canada Goose,Stanislas Wroza,Creative Commons Attribution-NonCommercial-ShareAlike 4.0,3.0,22:00,https://www.xeno-canto.org/608150,cangoo/XC608150.ogg
cangoo,[],['nocturnal flight call'],60.2357,25.0058,Branta canadensis,Canada Goose,Juha Saari,Creative Commons Attribution-NonCommercial-ShareAlike 4.0,5.0,03:12,https://www.xeno-canto.org/608265,cangoo/XC608265.ogg
cangoo,[],['flight call'],60.2421,25.2078,Branta canadensis,Canada Goose,Hannu Varkki,Creative Commons Attribution-NonCommercial-ShareAlike 4.0,4.5,8:30,https://www.xeno-canto.org/609624,cangoo/XC609624.ogg
cangoo,[],"['flight call', 'nocturnal flight call']",48.7027,2.1156,Branta canadensis,Canada Goose,Stanislas Wroza,Creative Commons Attribution-NonCommercial-ShareAlike 4.0,5.0,18:00,https://www.xeno-canto.org/612839,cangoo/XC612839.ogg
cangoo,[],['flight call'],48.7386,1.7174,Branta canadensis,Canada Goose,Stanislas Wroza,Creative Commons Attribution-NonCommercial-ShareAlike 4.0,5.0,08:00,https://www.xeno-canto.org/614206,cangoo/XC614206.ogg
cangoo,[],['nocturnal flight call'],54.949,-1.48,Branta canadensis,Canada Goose,Mark Newsome,Creative Commons Attribution-NonCommercial-ShareAlike 4.0,4.0,19:57,https://www.xeno-canto.org/615451,cangoo/XC615451.ogg
cangoo,[],['call'],52.0107,4.9229,Branta canadensis,Canada Goose,Albert Noorlander,Creative Commons Attribution-NonCommercial-ShareAlike 4.0,5.0,09:45,https://www.xeno-canto.org/616813,cangoo/XC616813.ogg
cangoo,[],"['adult', 'call', 'sex uncertain']",52.3316,-0.864,Branta canadensis,Canada Goose,Jacob Spinks,Creative Commons Attribution-NonCommercial-ShareAlike 4.0,4.0,12:00,https://www.xeno-canto.org/620339,cangoo/XC620339.ogg
cangoo,[],"['call', 'flight call']",53.9299,-2.9833,Branta canadensis,Canada Goose,Chris Batty,Creative Commons Attribution-NonCommercial-ShareAlike 4.0,2.5,06:23,https://www.xeno-canto.org/622546,cangoo/XC622546.ogg
cangoo,[],"['call', 'flight call']",53.9299,-2.9833,Branta canadensis,Canada Goose,Chris Batty,Creative Commons Attribution-NonCommercial-ShareAlike 4.0,2.5,07:58,https://www.xeno-canto.org/622548,cangoo/XC622548.ogg
cangoo,[],['call'],44.942,-93.259,Branta canadensis,Canada Goose,Jonathon Jongsma,Creative Commons Attribution-ShareAlike 3.0,5.0,13:53,https://www.xeno-canto.org/62259,cangoo/XC62259.ogg
cangoo,[],"['flight call', 'nocturnal flight call']",54.1818,-0.3203,Branta canadensis,Canada Goose,Will Scott,Creative Commons Attribution-NonCommercial-ShareAlike 4.0,5.0,23:47,https://www.xeno-canto.org/625117,cangoo/XC625117.ogg
cangoo,[],"['adult', 'nocturnal flight call', 'sex uncertain']",51.9892,4.4694,Branta canadensis,Canada Goose,Susanne Kuijpers,Creative Commons Attribution-NonCommercial-ShareAlike 4.0,4.0,00:06,https://www.xeno-canto.org/625142,cangoo/XC625142.ogg
cangoo,[],['flight call'],51.6077,-0.1944,Branta canadensis,Canada Goose,Samuel Levy,Creative Commons Attribution-NonCommercial-ShareAlike 4.0,2.0,00:00,https://www.xeno-canto.org/625198,cangoo/XC625198.ogg
cangoo,[],['call'],52.7155,9.82,Branta canadensis,Canada Goose,Sven Kransel,Creative Commons Attribution-NonCommercial-ShareAlike 4.0,4.5,14:45,https://www.xeno-canto.org/627719,cangoo/XC627719.ogg
cangoo,[],"['adult', 'call', 'sex uncertain']",57.0168,-6.2791,Branta canadensis,Canada Goose,Sean Morris,Creative Commons Attribution-NonCommercial-ShareAlike 4.0,2.5,06:45,https://www.xeno-canto.org/630241,cangoo/XC630241.ogg
cangoo,[],['uncertain'],48.0228,0.1995,Branta canadensis,Canada Goose,Christian Kerihuel,Creative Commons Attribution-NonCommercial-ShareAlike 4.0,3.0,23:30,https://www.xeno-canto.org/630518,cangoo/XC630518.ogg
cangoo,[],"['call', 'flight call', 'life stage uncertain', 'nocturnal flight call', 'sex uncertain']",45.2823,-75.6858,Branta canadensis,Canada Goose,Matt Osborne,Creative Commons Attribution-NonCommercial-ShareAlike 4.0,3.0,4:09,https://www.xeno-canto.org/630762,cangoo/XC630762.ogg
cangoo,[],"['flight call', 'nocturnal flight call']",53.5919,-1.6509,Branta canadensis,Canada Goose,Kristian Whittaker,Creative Commons Attribution-NonCommercial-ShareAlike 4.0,4.0,22:32,https://www.xeno-canto.org/631303,cangoo/XC631303.ogg
cangoo,"['mallar3', 'skylar']",['call'],52.3252,-1.3232,Branta canadensis,Canada Goose,Nikolay Sariev,Creative Commons Attribution-NonCommercial-ShareAlike 4.0,4.5,17:33,https://www.xeno-canto.org/631338,cangoo/XC631338.ogg
cangoo,"['cangoo', 'mallar3']",['call'],52.3252,-1.3232,Branta canadensis,Canada Goose,Nikolay Sariev,Creative Commons Attribution-NonCommercial-ShareAlike 4.0,4.5,17:29,https://www.xeno-canto.org/631342,cangoo/XC631342.ogg
cangoo,[],"['call', 'flight call']",47.89,-0.4546,Branta canadensis,Canada Goose,Manceau Lionel,Creative Commons Attribution-NonCommercial-ShareAlike 4.0,4.0,09:00,https://www.xeno-canto.org/632897,cangoo/XC632897.ogg
cangoo,[],"['call', 'flight call']",47.89,-0.4546,Branta canadensis,Canada Goose,Manceau Lionel,Creative Commons Attribution-NonCommercial-ShareAlike 4.0,4.0,09:00,https://www.xeno-canto.org/632899,cangoo/XC632899.ogg
cangoo,[],"['adult', 'flight call', 'sex uncertain']",51.2084,-2.1862,Branta canadensis,Canada Goose,Steve Dettmar,Creative Commons Attribution-NonCommercial-ShareAlike 4.0,1.0,18:00,https://www.xeno-canto.org/635350,cangoo/XC635350.ogg
cangoo,[],"['adult', 'call', 'sex uncertain']",51.2084,-2.1862,Branta canadensis,Canada Goose,Steve Dettmar,Creative Commons Attribution-NonCommercial-ShareAlike 4.0,1.0,12:00,https://www.xeno-canto.org/635377,cangoo/XC635377.ogg
cangoo,[],"['adult', 'alarm call']",50.992,7.4781,Branta canadensis,Canada Goose,Stephan Risch,Creative Commons Attribution-NonCommercial-ShareAlike 4.0,5.0,20:05,https://www.xeno-canto.org/635655,cangoo/XC635655.ogg
cangoo,[],"['adult', 'call', 'flight call']",44.0668,-77.1085,Branta canadensis,Canada Goose,Thomas Ryder Payne,Creative Commons Attribution-NonCommercial-ShareAlike 4.0,4.0,07:00,https://www.xeno-canto.org/636251,cangoo/XC636251.ogg
cangoo,[],"['adult', 'call']",43.3747,-80.967,Branta canadensis,Canada Goose,Thomas Ryder Payne,Creative Commons Attribution-NonCommercial-ShareAlike 4.0,5.0,17:00,https://www.xeno-canto.org/636416,cangoo/XC636416.ogg
cangoo,[],"['call', 'sex uncertain']",51.159,6.8707,Branta canadensis,Canada Goose,Markus Jacobs,Creative Commons Attribution-NonCommercial-ShareAlike 4.0,5.0,12:11,https://www.xeno-canto.org/636569,cangoo/XC636569.ogg
cangoo,[],"['adult', 'nocturnal flight call', 'sex uncertain']",54.2386,-0.4196,Branta canadensis,Canada Goose,Dan Lombard,Creative Commons Attribution-NonCommercial-ShareAlike 4.0,3.0,18:30,https://www.xeno-canto.org/636662,cangoo/XC636662.ogg
cangoo,[],"['adult', 'flight call', 'sex uncertain']",32.7339,-116.9409,Branta canadensis,Canada Goose,Paul Marvin,Creative Commons Attribution-NonCommercial-ShareAlike 4.0,4.5,08:49,https://www.xeno-canto.org/636980,cangoo/XC636980.ogg
cangoo,[],"['life stage uncertain', 'sex uncertain']",47.7042,-0.0367,Branta canadensis,Canada Goose,Goffette Etienne,Creative Commons Attribution-NonCommercial-ShareAlike 4.0,5.0,10:00,https://www.xeno-canto.org/637012,cangoo/XC637012.ogg
cangoo,[],['call'],48.725,1.8083,Branta canadensis,Canada Goose,Tanguy Loïs,Creative Commons Attribution-NonCommercial-ShareAlike 4.0,4.5,08:00,https://www.xeno-canto.org/637064,cangoo/XC637064.ogg
cangoo,[],"['adult', 'call', 'sex uncertain']",59.1248,18.3501,Branta canadensis,Canada Goose,Alan Dalton,Creative Commons Attribution-NonCommercial-ShareAlike 4.0,4.5,09:30,https://www.xeno-canto.org/637324,cangoo/XC637324.ogg
cangoo,[],['call'],50.8399,2.8903,Branta canadensis,Canada Goose,WINDELS Martin,Creative Commons Attribution-NonCommercial-ShareAlike 4.0,3.0,00:00,https://www.xeno-canto.org/637755,cangoo/XC637755.ogg
cangoo,[],"['call', 'song']",52.4453,13.5732,Branta canadensis,Canada Goose,Regina Eidner,Creative Commons Attribution-NonCommercial-ShareAlike 4.0,5.0,08:00,https://www.xeno-canto.org/637975,cangoo/XC637975.ogg
cangoo,[],"['adult', 'flight call']",50.5265,3.4816,Branta canadensis,Canada Goose,Bernard Collet,Creative Commons Attribution-NonCommercial-ShareAlike 4.0,4.5,09:50,https://www.xeno-canto.org/638883,cangoo/XC638883.ogg
cangoo,['gnwtea'],"['adult', 'call']",50.6898,-1.1261,Branta canadensis,Canada Goose,Jon Sparshott,Creative Commons Attribution-NonCommercial-ShareAlike 4.0,1.5,06:30,https://www.xeno-canto.org/640673,cangoo/XC640673.ogg
cangoo,[],"['adult', 'call']",51.9892,4.4694,Branta canadensis,Canada Goose,Susanne Kuijpers,Creative Commons Attribution-NonCommercial-ShareAlike 4.0,5.0,05:59,https://www.xeno-canto.org/642222,cangoo/XC642222.ogg
cangoo,[],"['adult', 'call', 'female', 'male']",59.4257,17.8638,Branta canadensis,Canada Goose,Alan Dalton,Creative Commons Attribution-NonCommercial-ShareAlike 4.0,5.0,13:00,https://www.xeno-canto.org/642223,cangoo/XC642223.ogg
cangoo,[],"['adult', 'sex uncertain', 'song']",51.4765,-0.2355,Branta canadensis,Canada Goose,Shailesh Patel,Creative Commons Attribution-NonCommercial-ShareAlike 4.0,5.0,08:21,https://www.xeno-canto.org/643524,cangoo/XC643524.ogg
cangoo,[],"['flight call', 'nocturnal flight call']",56.9131,-4.9974,Branta canadensis,Canada Goose,Peter Stronach,Creative Commons Attribution-NonCommercial-ShareAlike 4.0,2.5,05:50,https://www.xeno-canto.org/645057,cangoo/XC645057.ogg
cangoo,[],['call'],46.786,1.3085,Branta canadensis,Canada Goose,Olivier SWIFT,Creative Commons Attribution-NonCommercial-ShareAlike 4.0,2.5,21:36,https://www.xeno-canto.org/645079,cangoo/XC645079.ogg
cangoo,[],['flight call'],63.501,19.4221,Branta canadensis,Canada Goose,Lars Edenius,Creative Commons Attribution-NonCommercial-ShareAlike 4.0,5.0,20:00,https://www.xeno-canto.org/646159,cangoo/XC646159.ogg
cangoo,[],"['frogs', 'uncertain']",47.3725,2.4003,Branta canadensis,Canada Goose,Hervé,Creative Commons Attribution-NonCommercial-ShareAlike 4.0,2.5,22:00,https://www.xeno-canto.org/647543,cangoo/XC647543.ogg
cangoo,[],"['call', 'flight call']",51.664,5.5152,Branta canadensis,Canada Goose,Ad Hilders,Creative Commons Attribution-NonCommercial-ShareAlike 4.0,3.0,06:25,https://www.xeno-canto.org/648299,cangoo/XC648299.ogg
cangoo,[],['nocturnal flight call'],53.2509,5.598,Branta canadensis,Canada Goose,Gosse Hoekstra,Creative Commons Attribution-NonCommercial-ShareAlike 4.0,5.0,23:30,https://www.xeno-canto.org/654698,cangoo/XC654698.ogg
cangoo,[],"['call', 'flight call']",51.5121,4.4359,Branta canadensis,Canada Goose,Ad Hilders,Creative Commons Attribution-NonCommercial-ShareAlike 4.0,3.0,23:46,https://www.xeno-canto.org/655015,cangoo/XC655015.ogg
cangoo,[],"['adult', 'alarm call', 'flight call', 'male']",50.9706,-0.381,Branta canadensis,Canada Goose,Hazel Reeves,Creative Commons Attribution-NonCommercial-ShareAlike 4.0,5.0,09:00,https://www.xeno-canto.org/661966,cangoo/XC661966.ogg
cangoo,[],"['life stage uncertain', 'sex uncertain']",51.225,-2.978,Branta canadensis,Canada Goose,Paul Bate,Creative Commons Attribution-NonCommercial-ShareAlike 4.0,3.0,21:45,https://www.xeno-canto.org/664699,cangoo/XC664699.ogg
cangoo,[],"['call', 'life stage uncertain']",57.0161,-6.2787,Branta canadensis,Canada Goose,Sean Morris,Creative Commons Attribution-NonCommercial-ShareAlike 4.0,3.5,23:23,https://www.xeno-canto.org/665293,cangoo/XC665293.ogg
canvas,['ribgul'],['call'],42.3473,-82.9753,Aythya valisineria,Canvasback,Allen T. Chartier,Creative Commons Attribution-NonCommercial-ShareAlike 3.0,2.5,?,https://www.xeno-canto.org/11836,canvas/XC11836.ogg
canvas,[],['call'],40.027,-74.99,Aythya valisineria,Canvasback,Paul Driver,Creative Commons Attribution-NonCommercial-ShareAlike 3.0,4.0,08:48,https://www.xeno-canto.org/169220,canvas/XC169220.ogg
canvas,[],['call'],40.027,-74.99,Aythya valisineria,Canvasback,Paul Driver,Creative Commons Attribution-NonCommercial-ShareAlike 3.0,4.0,08:50,https://www.xeno-canto.org/169222,canvas/XC169222.ogg
canvas,[],['call'],40.027,-74.99,Aythya valisineria,Canvasback,Paul Driver,Creative Commons Attribution-NonCommercial-ShareAlike 3.0,4.0,08:47,https://www.xeno-canto.org/169224,canvas/XC169224.ogg
canvas,[],['call'],40.027,-74.99,Aythya valisineria,Canvasback,Paul Driver,Creative Commons Attribution-NonCommercial-ShareAlike 3.0,0.0,08:45,https://www.xeno-canto.org/169325,canvas/XC169325.ogg
canvas,[],['call'],40.027,-74.99,Aythya valisineria,Canvasback,Paul Driver,Creative Commons Attribution-NonCommercial-ShareAlike 3.0,0.0,08:02,https://www.xeno-canto.org/169326,canvas/XC169326.ogg
canvas,[],['call'],40.027,-74.99,Aythya valisineria,Canvasback,Paul Driver,Creative Commons Attribution-NonCommercial-ShareAlike 3.0,0.0,09:02,https://www.xeno-canto.org/169327,canvas/XC169327.ogg
canvas,[],['song'],48.3019,-112.9823,Aythya valisineria,Canvasback,Thomas Magarian,Creative Commons Attribution-NonCommercial-ShareAlike 4.0,0.0,10:23,https://www.xeno-canto.org/371329,canvas/XC371329.ogg
canvas,['cangoo'],['song'],48.3019,-112.9823,Aythya valisineria,Canvasback,Thomas Magarian,Creative Commons Attribution-NonCommercial-ShareAlike 4.0,0.0,10:11,https://www.xeno-canto.org/371522,canvas/XC371522.ogg
canvas,[],"['male', 'wing beats']",34.7305,136.5285,Aythya valisineria,Canvasback,Anon Torimi,Creative Commons Attribution-NonCommercial-ShareAlike 4.0,1.5,08:35,https://www.xeno-canto.org/443702,canvas/XC443702.ogg
caster1,[],['Call'],20.702,58.667,Hydroprogne caspia,Caspian Tern,Thijs Fijen,Creative Commons Attribution-NonCommercial-ShareAlike 3.0,4.0,08:00,https://www.xeno-canto.org/118161,caster1/XC118161.ogg
caster1,[],['Begging call'],20.702,58.667,Hydroprogne caspia,Caspian Tern,Thijs Fijen,Creative Commons Attribution-NonCommercial-ShareAlike 3.0,5.0,12:00,https://www.xeno-canto.org/118163,caster1/XC118163.ogg
caster1,[],['flight call'],14.754,-17.411,Hydroprogne caspia,Caspian Tern,Bram Piot,Creative Commons Attribution-NonCommercial-ShareAlike 3.0,3.5,10:00,https://www.xeno-canto.org/118277,caster1/XC118277.ogg
caster1,[],"['begging call', 'juvenile']",60.603,17.99,Hydroprogne caspia,Caspian Tern,Johan Södercrantz,Creative Commons Attribution-NonCommercial-ShareAlike 3.0,5.0,10:00,https://www.xeno-canto.org/119938,caster1/XC119938.ogg
caster1,[],"['series of calls', 'call']",46.4166,81.45,Hydroprogne caspia,Caspian Tern,Patrick Franke,Creative Commons Attribution-NonCommercial-ShareAlike 3.0,3.5,13:04,https://www.xeno-canto.org/120514,caster1/XC120514.ogg
caster1,[],['call'],46.4166,81.45,Hydroprogne caspia,Caspian Tern,Patrick Franke,Creative Commons Attribution-NonCommercial-ShareAlike 3.0,3.5,13:06,https://www.xeno-canto.org/120515,caster1/XC120515.ogg
caster1,[],['flight call'],13.39,-87.8897,Hydroprogne caspia,Caspian Tern,Oliver Komar,Creative Commons Attribution-NonCommercial-ShareAlike 3.0,3.5,18:30,https://www.xeno-canto.org/128923,caster1/XC128923.ogg
caster1,[],"['flight call', 'nocturnal flight calls']",42.343,-76.3,Hydroprogne caspia,Caspian Tern,Steve Kelling,Creative Commons Attribution-NonCommercial-ShareAlike 3.0,2.0,00:00,https://www.xeno-canto.org/131574,caster1/XC131574.ogg
caster1,[],['flight call'],32.7003,-117.1737,Hydroprogne caspia,Caspian Tern,Paul Marvin,Creative Commons Attribution-NonCommercial-ShareAlike 3.0,5.0,07:10,https://www.xeno-canto.org/140788,caster1/XC140788.ogg
caster1,[],['flight call'],32.7003,-117.1737,Hydroprogne caspia,Caspian Tern,Paul Marvin,Creative Commons Attribution-NonCommercial-ShareAlike 3.0,5.0,07:18,https://www.xeno-canto.org/140789,caster1/XC140789.ogg
caster1,[],"['flight call', 'juvenile']",28.6812,-80.6943,Hydroprogne caspia,Caspian Tern,Paul Marvin,Creative Commons Attribution-NonCommercial-ShareAlike 3.0,5.0,09:35,https://www.xeno-canto.org/149409,caster1/XC149409.ogg
caster1,[],"['flight call', 'juvenile']",28.6812,-80.6943,Hydroprogne caspia,Caspian Tern,Paul Marvin,Creative Commons Attribution-NonCommercial-ShareAlike 3.0,5.0,09:40,https://www.xeno-canto.org/149411,caster1/XC149411.ogg
caster1,[],"['begging call', 'juvenile']",28.6812,-80.6943,Hydroprogne caspia,Caspian Tern,Paul Marvin,Creative Commons Attribution-NonCommercial-ShareAlike 3.0,4.0,11:55,https://www.xeno-canto.org/149413,caster1/XC149413.ogg
caster1,[],"['flight call', 'juvenile']",32.5674,-117.1324,Hydroprogne caspia,Caspian Tern,Paul Marvin,Creative Commons Attribution-NonCommercial-ShareAlike 3.0,4.0,18:50,https://www.xeno-canto.org/149414,caster1/XC149414.ogg
caster1,[],"['flight call', 'juvenile']",32.5674,-117.1324,Hydroprogne caspia,Caspian Tern,Paul Marvin,Creative Commons Attribution-NonCommercial-ShareAlike 3.0,5.0,10:00,https://www.xeno-canto.org/149415,caster1/XC149415.ogg
caster1,[],"['adult', 'flight call', 'juvenile']",54.3568,18.9565,Hydroprogne caspia,Caspian Tern,Jarek Matusiak,Creative Commons Attribution-NonCommercial-ShareAlike 3.0,5.0,13:36,https://www.xeno-canto.org/150861,caster1/XC150861.ogg
caster1,[],['juvenile'],40.3797,-75.4998,Hydroprogne caspia,Caspian Tern,Paul Driver,Creative Commons Attribution-NonCommercial-ShareAlike 3.0,4.0,14:00,https://www.xeno-canto.org/154308,caster1/XC154308.ogg
caster1,[],['call'],26.1385,-97.1768,Hydroprogne caspia,Caspian Tern,Dan Lane,Creative Commons Attribution-NonCommercial-ShareAlike 3.0,3.5,17:00,https://www.xeno-canto.org/155020,caster1/XC155020.ogg
caster1,[],['call'],29.766,-93.337,Hydroprogne caspia,Caspian Tern,Dan Lane,Creative Commons Attribution-NonCommercial-ShareAlike 3.0,3.5,15:30,https://www.xeno-canto.org/155032,caster1/XC155032.ogg
caster1,[],"['call', 'flight call']",19.4034,72.7627,Hydroprogne caspia,Caspian Tern,pradnyavant mane,Creative Commons Attribution-NonCommercial-ShareAlike 3.0,3.0,12:30,https://www.xeno-canto.org/169792,caster1/XC169792.ogg
caster1,[],"['flight call', 'splash']",28.4927,-80.7246,Hydroprogne caspia,Caspian Tern,Paul Marvin,Creative Commons Attribution-NonCommercial-ShareAlike 4.0,5.0,08:26,https://www.xeno-canto.org/173581,caster1/XC173581.ogg
caster1,[],['call'],-38.2717,144.7645,Hydroprogne caspia,Caspian Tern,nick talbot,Creative Commons Attribution-NonCommercial-ShareAlike 4.0,3.0,10:00,https://www.xeno-canto.org/181201,caster1/XC181201.ogg
caster1,['arcter'],['call'],60.118,25.4076,Hydroprogne caspia,Caspian Tern,Antero Lindholm,Creative Commons Attribution-NonCommercial-ShareAlike 4.0,4.5,13:00,https://www.xeno-canto.org/197268,caster1/XC197268.ogg
caster1,[],['call'],33.1722,-115.6342,Hydroprogne caspia,Caspian Tern,Andrew Spencer,Creative Commons Attribution-NonCommercial-ShareAlike 4.0,5.0,18:20,https://www.xeno-canto.org/203779,caster1/XC203779.ogg
caster1,[],['call'],33.1722,-115.6342,Hydroprogne caspia,Caspian Tern,Andrew Spencer,Creative Commons Attribution-NonCommercial-ShareAlike 4.0,5.0,18:40,https://www.xeno-canto.org/203780,caster1/XC203780.ogg
caster1,[],['call'],33.1722,-115.6342,Hydroprogne caspia,Caspian Tern,Andrew Spencer,Creative Commons Attribution-NonCommercial-ShareAlike 4.0,5.0,19:20,https://www.xeno-canto.org/203781,caster1/XC203781.ogg
caster1,[],['call'],33.1722,-115.6342,Hydroprogne caspia,Caspian Tern,Andrew Spencer,Creative Commons Attribution-NonCommercial-ShareAlike 4.0,5.0,19:10,https://www.xeno-canto.org/203782,caster1/XC203782.ogg
caster1,[],"['flight call', 'juvenile']",15.865,-16.5121,Hydroprogne caspia,Caspian Tern,Bram Piot,Creative Commons Attribution-NonCommercial-ShareAlike 4.0,3.5,10:30,https://www.xeno-canto.org/234645,caster1/XC234645.ogg
caster1,[],['call'],14.1502,-16.627,Hydroprogne caspia,Caspian Tern,Bram Piot,Creative Commons Attribution-NonCommercial-ShareAlike 4.0,3.5,06:45,https://www.xeno-canto.org/239844,caster1/XC239844.ogg
caster1,[],['flight call'],37.313,-6.0145,Hydroprogne caspia,Caspian Tern,José Carlos Sires,Creative Commons Attribution-NonCommercial-ShareAlike 4.0,4.0,?,https://www.xeno-canto.org/240752,caster1/XC240752.ogg
caster1,[],['juvenile'],14.1502,-16.627,Hydroprogne caspia,Caspian Tern,Bram Piot,Creative Commons Attribution-NonCommercial-ShareAlike 4.0,3.5,07:30,https://www.xeno-canto.org/246636,caster1/XC246636.ogg
caster1,[],['call'],15.865,-16.5121,Hydroprogne caspia,Caspian Tern,Bram Piot,Creative Commons Attribution-NonCommercial-ShareAlike 4.0,3.5,18:30,https://www.xeno-canto.org/253664,caster1/XC253664.ogg
caster1,[],"['alarm call', 'attack call', 'call']",29.7481,-88.8694,Hydroprogne caspia,Caspian Tern,Matt Brady,Creative Commons Attribution-NonCommercial-ShareAlike 4.0,4.0,09:00,https://www.xeno-canto.org/256628,caster1/XC256628.ogg
caster1,"['houspa', 'ribgul']",['call'],39.3632,-75.8867,Hydroprogne caspia,Caspian Tern,Aidan Place,Creative Commons Attribution-NonCommercial-ShareAlike 4.0,3.5,15:00,https://www.xeno-canto.org/265593,caster1/XC265593.ogg
caster1,[],['call'],37.9213,-122.688,Hydroprogne caspia,Caspian Tern,Bobby Wilcox,Creative Commons Attribution-NonCommercial-ShareAlike 4.0,3.0,18:30,https://www.xeno-canto.org/270527,caster1/XC270527.ogg
caster1,[],"['call', 'flight call', 'juvenile']",46.1434,6.796,Hydroprogne caspia,Caspian Tern,Marco Thoma,Creative Commons Attribution-NonCommercial-ShareAlike 4.0,4.0,21:00,https://www.xeno-canto.org/278117,caster1/XC278117.ogg
caster1,[],"['flight call', 'juvenile']",40.8702,-124.1157,Hydroprogne caspia,Caspian Tern,Elias Aristides Elias,Creative Commons Attribution-NonCommercial-ShareAlike 4.0,4.0,05:16,https://www.xeno-canto.org/278703,caster1/XC278703.ogg
caster1,[],"['begging call', 'call']",43.406,4.6291,Hydroprogne caspia,Caspian Tern,Cedric Mroczko,Creative Commons Attribution-NonCommercial-ShareAlike 4.0,2.5,19:00,https://www.xeno-canto.org/283058,caster1/XC283058.ogg
caster1,[],['call'],43.406,4.6291,Hydroprogne caspia,Caspian Tern,Cedric Mroczko,Creative Commons Attribution-NonCommercial-ShareAlike 4.0,2.5,19:00,https://www.xeno-canto.org/283059,caster1/XC283059.ogg
caster1,[],"['begging call', 'juvenile']",43.406,4.6291,Hydroprogne caspia,Caspian Tern,Cedric Mroczko,Creative Commons Attribution-NonCommercial-ShareAlike 4.0,2.5,19:00,https://www.xeno-canto.org/283060,caster1/XC283060.ogg
caster1,[],['call'],13.3398,-88.25,Hydroprogne caspia,Caspian Tern,Guillermo Funes,Creative Commons Attribution-NonCommercial-ShareAlike 4.0,4.0,08:00,https://www.xeno-canto.org/300718,caster1/XC300718.ogg
caster1,[],['call'],41.5759,-87.8614,Hydroprogne caspia,Caspian Tern,Matt Wistrand,Creative Commons Attribution-NonCommercial-ShareAlike 4.0,3.5,06:59,https://www.xeno-canto.org/312711,caster1/XC312711.ogg
caster1,[],['call'],41.8426,-88.2206,Hydroprogne caspia,Caspian Tern,Matt Wistrand,Creative Commons Attribution-NonCommercial-ShareAlike 4.0,5.0,17:21,https://www.xeno-canto.org/313388,caster1/XC313388.ogg
caster1,[],['call'],29.951,-93.079,Hydroprogne caspia,Caspian Tern,Dan Lane,Creative Commons Attribution-NonCommercial-ShareAlike 4.0,3.5,08:00,https://www.xeno-canto.org/317152,caster1/XC317152.ogg
caster1,[],['call'],29.951,-93.079,Hydroprogne caspia,Caspian Tern,Dan Lane,Creative Commons Attribution-NonCommercial-ShareAlike 4.0,3.5,08:00,https://www.xeno-canto.org/317154,caster1/XC317154.ogg
caster1,[],['flight call'],-33.6308,26.5779,Hydroprogne caspia,Caspian Tern,Lynette Rudman,Creative Commons Attribution-NonCommercial-ShareAlike 4.0,2.5,09:00,https://www.xeno-canto.org/322512,caster1/XC322512.ogg
caster1,[],"['call', 'flight call']",33.0966,-115.7465,Hydroprogne caspia,Caspian Tern,Paul Marvin,Creative Commons Attribution-NonCommercial-ShareAlike 4.0,4.0,10:28,https://www.xeno-canto.org/324717,caster1/XC324717.ogg
caster1,[],['flight call'],33.0966,-115.7465,Hydroprogne caspia,Caspian Tern,Paul Marvin,Creative Commons Attribution-NonCommercial-ShareAlike 4.0,4.0,10:46,https://www.xeno-canto.org/324718,caster1/XC324718.ogg
caster1,[],"['adult', 'flight call', 'juvenile']",40.5451,-104.9701,Hydroprogne caspia,Caspian Tern,Nick Komar,Creative Commons Attribution-NonCommercial-ShareAlike 4.0,4.0,07:30,https://www.xeno-canto.org/332712,caster1/XC332712.ogg
caster1,[],['flight call'],36.8149,-6.3366,Hydroprogne caspia,Caspian Tern,José Carlos Sires,Creative Commons Attribution-NonCommercial-ShareAlike 4.0,4.0,?,https://www.xeno-canto.org/339507,caster1/XC339507.ogg
caster1,[],['flight call'],36.8149,-6.3366,Hydroprogne caspia,Caspian Tern,José Carlos Sires,Creative Commons Attribution-NonCommercial-ShareAlike 4.0,3.0,?,https://www.xeno-canto.org/339508,caster1/XC339508.ogg
caster1,[],['call'],45.5278,12.3969,Hydroprogne caspia,Caspian Tern,Emanuele Stival,Creative Commons Attribution-NonCommercial-ShareAlike 4.0,4.0,17:00,https://www.xeno-canto.org/341281,caster1/XC341281.ogg
caster1,[],['alarm call'],60.7881,21.279,Hydroprogne caspia,Caspian Tern,Tero Linjama,Creative Commons Attribution-NonCommercial-ShareAlike 4.0,5.0,07:00,https://www.xeno-canto.org/342985,caster1/XC342985.ogg
caster1,[],['call'],60.7881,21.279,Hydroprogne caspia,Caspian Tern,Tero Linjama,Creative Commons Attribution-NonCommercial-ShareAlike 4.0,5.0,07:00,https://www.xeno-canto.org/342986,caster1/XC342986.ogg
caster1,['osprey'],['call'],42.0226,-83.2048,Hydroprogne caspia,Caspian Tern,Antonio Xeira,Creative Commons Attribution-NonCommercial-ShareAlike 4.0,4.5,08:30,https://www.xeno-canto.org/347184,caster1/XC347184.ogg
caster1,[],['alarm call'],45.9954,43.5608,Hydroprogne caspia,Caspian Tern,Albert Lastukhin,Creative Commons Attribution-NonCommercial-ShareAlike 4.0,5.0,06:00,https://www.xeno-canto.org/365791,caster1/XC365791.ogg
caster1,[],['alarm call'],45.9954,43.5608,Hydroprogne caspia,Caspian Tern,Albert Lastukhin,Creative Commons Attribution-NonCommercial-ShareAlike 4.0,4.0,06:00,https://www.xeno-canto.org/365792,caster1/XC365792.ogg
caster1,[],"['flight call', 'nocturnal flight call']",43.6245,4.3129,Hydroprogne caspia,Caspian Tern,Stanislas Wroza,Creative Commons Attribution-NonCommercial-ShareAlike 4.0,5.0,22:00,https://www.xeno-canto.org/366917,caster1/XC366917.ogg
caster1,[],['flight call'],45.9954,43.5608,Hydroprogne caspia,Caspian Tern,Albert Lastukhin,Creative Commons Attribution-NonCommercial-ShareAlike 4.0,4.0,07:30,https://www.xeno-canto.org/367951,caster1/XC367951.ogg
caster1,['gnwtea'],['flight call'],60.1379,24.6917,Hydroprogne caspia,Caspian Tern,Eetu Paljakka,Creative Commons Attribution-NonCommercial-ShareAlike 4.0,4.5,09:27,https://www.xeno-canto.org/370352,caster1/XC370352.ogg
caster1,[],['flight call'],43.6146,4.0929,Hydroprogne caspia,Caspian Tern,Stanislas Wroza,Creative Commons Attribution-NonCommercial-ShareAlike 4.0,3.0,21:30,https://www.xeno-canto.org/370595,caster1/XC370595.ogg
caster1,[],['call'],40.3277,-75.1874,Hydroprogne caspia,Caspian Tern,Brian Henderson,Creative Commons Attribution-NonCommercial-ShareAlike 4.0,4.0,16:37,https://www.xeno-canto.org/373962,caster1/XC373962.ogg
caster1,[],['call'],13.9698,-16.7629,Hydroprogne caspia,Caspian Tern,Bram Piot,Creative Commons Attribution-NonCommercial-ShareAlike 4.0,3.5,07:15,https://www.xeno-canto.org/385681,caster1/XC385681.ogg
caster1,[],['flight call'],43.0671,6.138,Hydroprogne caspia,Caspian Tern,Stanislas Wroza,Creative Commons Attribution-NonCommercial-ShareAlike 4.0,5.0,19:00,https://www.xeno-canto.org/385956,caster1/XC385956.ogg
caster1,[],"['Flight calls from adults & juveniles', 'begging call', 'flight call', 'juvenile']",39.0873,118.257,Hydroprogne caspia,Caspian Tern,Paul Holt,Creative Commons Attribution-NonCommercial-ShareAlike 4.0,5.0,13:00,https://www.xeno-canto.org/390778,caster1/XC390778.ogg
caster1,[],"['begging call', 'juvenile']",34.3032,-113.5438,Hydroprogne caspia,Caspian Tern,Janine McCabe,Creative Commons Attribution-NonCommercial-ShareAlike 4.0,2.5,10:30,https://www.xeno-canto.org/396283,caster1/XC396283.ogg
caster1,[],"['begging call', 'call', 'flight call']",17.0342,54.4345,Hydroprogne caspia,Caspian Tern,Marcin Sołowiej,Creative Commons Attribution-NonCommercial-ShareAlike 4.0,4.0,11:30,https://www.xeno-canto.org/402450,caster1/XC402450.ogg
caster1,['ribgul'],"['flight call', 'water droplet']",33.1878,-110.4722,Hydroprogne caspia,Caspian Tern,Janine McCabe,Creative Commons Attribution-NonCommercial-ShareAlike 4.0,3.5,10:00,https://www.xeno-canto.org/411277,caster1/XC411277.ogg
caster1,[],['call'],39.7425,-119.3242,Hydroprogne caspia,Caspian Tern,Bobby Wilcox,Creative Commons Attribution-NonCommercial-ShareAlike 4.0,3.5,06:00,https://www.xeno-canto.org/420610,caster1/XC420610.ogg
caster1,['arcter'],['call'],63.8314,20.7151,Hydroprogne caspia,Caspian Tern,Lars Edenius,Creative Commons Attribution-NonCommercial-ShareAlike 4.0,2.5,06:00,https://www.xeno-canto.org/424327,caster1/XC424327.ogg
caster1,[],['flight call'],52.0612,5.371,Hydroprogne caspia,Caspian Tern,Aat Schaftenaar,Creative Commons Attribution-NonCommercial-ShareAlike 4.0,3.0,01:00,https://www.xeno-canto.org/424667,caster1/XC424667.ogg
caster1,['arcter'],['call'],64.191,21.113,Hydroprogne caspia,Caspian Tern,Alan Dalton,Creative Commons Attribution-NonCommercial-ShareAlike 4.0,4.5,21:00,https://www.xeno-canto.org/426250,caster1/XC426250.ogg
caster1,['arcter'],['call'],64.191,21.113,Hydroprogne caspia,Caspian Tern,Alan Dalton,Creative Commons Attribution-NonCommercial-ShareAlike 4.0,3.5,21:00,https://www.xeno-canto.org/426251,caster1/XC426251.ogg
caster1,[],['flight call'],51.94,5.9038,Hydroprogne caspia,Caspian Tern,Joost van Bruggen,Creative Commons Attribution-ShareAlike 4.0,4.0,22:53,https://www.xeno-canto.org/432679,caster1/XC432679.ogg
caster1,[],"['flight call', 'nocturnal flight call']",51.94,5.9038,Hydroprogne caspia,Caspian Tern,Joost van Bruggen,Creative Commons Attribution-ShareAlike 4.0,4.0,00:36,https://www.xeno-canto.org/432881,caster1/XC432881.ogg
caster1,[],['flight call'],52.3559,4.9373,Hydroprogne caspia,Caspian Tern,guus van duin,Creative Commons Attribution-NonCommercial-ShareAlike 4.0,4.0,22:26,https://www.xeno-canto.org/432945,caster1/XC432945.ogg
caster1,[],"['call', 'flight call', 'juvenile']",47.9209,-122.6007,Hydroprogne caspia,Caspian Tern,Michael Eaton,Creative Commons Attribution-NonCommercial-ShareAlike 4.0,2.0,11:00,https://www.xeno-canto.org/433371,caster1/XC433371.ogg
caster1,[],['flight call'],52.5349,13.3933,Hydroprogne caspia,Caspian Tern,Enrico Hübner,Creative Commons Attribution-NonCommercial-ShareAlike 4.0,3.0,02:36,https://www.xeno-canto.org/436283,caster1/XC436283.ogg
caster1,[],"['alarm call', 'female', 'male']",59.032,13.6255,Hydroprogne caspia,Caspian Tern,Patrik Åberg,Creative Commons Attribution-NonCommercial-ShareAlike 4.0,4.5,19:22,https://www.xeno-canto.org/449719,caster1/XC449719.ogg
caster1,[],"['alarm call', 'female', 'male']",59.032,13.6255,Hydroprogne caspia,Caspian Tern,Patrik Åberg,Creative Commons Attribution-NonCommercial-ShareAlike 4.0,4.5,18:44,https://www.xeno-canto.org/449721,caster1/XC449721.ogg
caster1,[],"['alarm call', 'female', 'male']",59.032,13.6255,Hydroprogne caspia,Caspian Tern,Patrik Åberg,Creative Commons Attribution-NonCommercial-ShareAlike 4.0,4.5,19:28,https://www.xeno-canto.org/449723,caster1/XC449723.ogg
caster1,[],['flight call'],26.1253,-97.9532,Hydroprogne caspia,Caspian Tern,Paul Marvin,Creative Commons Attribution-NonCommercial-ShareAlike 4.0,5.0,08:35,https://www.xeno-canto.org/452795,caster1/XC452795.ogg
caster1,[],['flight call'],26.1253,-97.9532,Hydroprogne caspia,Caspian Tern,Paul Marvin,Creative Commons Attribution-NonCommercial-ShareAlike 4.0,5.0,10:22,https://www.xeno-canto.org/452796,caster1/XC452796.ogg
caster1,[],['flight call'],26.1375,-97.1743,Hydroprogne caspia,Caspian Tern,Paul Marvin,Creative Commons Attribution-NonCommercial-ShareAlike 4.0,4.0,16:15,https://www.xeno-canto.org/452954,caster1/XC452954.ogg
caster1,[],['flight call'],26.1375,-97.1743,Hydroprogne caspia,Caspian Tern,Paul Marvin,Creative Commons Attribution-NonCommercial-ShareAlike 4.0,4.0,12:36,https://www.xeno-canto.org/452955,caster1/XC452955.ogg
caster1,[],['call'],-43.540634571859,172.741058350657,Hydroprogne caspia,Caspian Tern,Daniel Lane,Creative Commons Attribution-NonCommercial-ShareAlike 3.0,3.5,14:50,https://www.xeno-canto.org/46561,caster1/XC46561.ogg
caster1,[],['call'],-43.540634571859,172.741058350657,Hydroprogne caspia,Caspian Tern,Daniel Lane,Creative Commons Attribution-NonCommercial-ShareAlike 3.0,4.5,15:30,https://www.xeno-canto.org/46562,caster1/XC46562.ogg
caster1,[],['flight call'],63.6904,20.4628,Hydroprogne caspia,Caspian Tern,Lars Edenius,Creative Commons Attribution-NonCommercial-ShareAlike 4.0,4.5,07:30,https://www.xeno-canto.org/468800,caster1/XC468800.ogg
caster1,[],['alarm call'],63.6904,20.4628,Hydroprogne caspia,Caspian Tern,Lars Edenius,Creative Commons Attribution-NonCommercial-ShareAlike 4.0,5.0,07:00,https://www.xeno-canto.org/473230,caster1/XC473230.ogg
caster1,[],['alarm call'],63.6904,20.4628,Hydroprogne caspia,Caspian Tern,Lars Edenius,Creative Commons Attribution-NonCommercial-ShareAlike 4.0,5.0,07:00,https://www.xeno-canto.org/473231,caster1/XC473231.ogg
caster1,[],['flight call'],32.6185,-117.1029,Hydroprogne caspia,Caspian Tern,Paul Marvin,Creative Commons Attribution-NonCommercial-ShareAlike 4.0,5.0,07:11,https://www.xeno-canto.org/485505,caster1/XC485505.ogg
caster1,[],['flight call'],51.7037,103.6979,Hydroprogne caspia,Caspian Tern,Stanislas Wroza,Creative Commons Attribution-NonCommercial-ShareAlike 4.0,0.0,06:00,https://www.xeno-canto.org/486319,caster1/XC486319.ogg
caster1,[],['flight call'],51.7037,103.6979,Hydroprogne caspia,Caspian Tern,Stanislas Wroza,Creative Commons Attribution-NonCommercial-ShareAlike 4.0,0.0,06:00,https://www.xeno-canto.org/486320,caster1/XC486320.ogg
caster1,[],['flight call'],51.7037,103.6979,Hydroprogne caspia,Caspian Tern,Stanislas Wroza,Creative Commons Attribution-NonCommercial-ShareAlike 4.0,0.0,06:00,https://www.xeno-canto.org/486321,caster1/XC486321.ogg
caster1,[],['flight call'],51.7037,103.6979,Hydroprogne caspia,Caspian Tern,Stanislas Wroza,Creative Commons Attribution-NonCommercial-ShareAlike 4.0,5.0,06:00,https://www.xeno-canto.org/486322,caster1/XC486322.ogg
caster1,[],"['flight call', 'nocturnal flight call']",52.1638,106.371,Hydroprogne caspia,Caspian Tern,Stanislas Wroza,Creative Commons Attribution-NonCommercial-ShareAlike 4.0,0.0,05:00,https://www.xeno-canto.org/487213,caster1/XC487213.ogg
caster1,[],"['flight call', 'nocturnal flight call']",52.1638,106.371,Hydroprogne caspia,Caspian Tern,Stanislas Wroza,Creative Commons Attribution-NonCommercial-ShareAlike 4.0,0.0,05:00,https://www.xeno-canto.org/487214,caster1/XC487214.ogg
caster1,[],['alarm call'],63.6904,20.4628,Hydroprogne caspia,Caspian Tern,Lars Edenius,Creative Commons Attribution-NonCommercial-ShareAlike 4.0,5.0,20:00,https://www.xeno-canto.org/488946,caster1/XC488946.ogg
caster1,[],['flight call'],56.7451,12.6311,Hydroprogne caspia,Caspian Tern,Henrik Storm ,Creative Commons Attribution-NonCommercial-ShareAlike 4.0,1.0,08:30,https://www.xeno-canto.org/490167,caster1/XC490167.ogg
caster1,[],"['begging call', 'call']",40.476,-74.2676,Hydroprogne caspia,Caspian Tern,William Whitehead,Creative Commons Attribution-NonCommercial-ShareAlike 4.0,4.5,13:00,https://www.xeno-canto.org/493886,caster1/XC493886.ogg
caster1,[],"['begging call', 'call']",40.476,-74.2676,Hydroprogne caspia,Caspian Tern,William Whitehead,Creative Commons Attribution-NonCommercial-ShareAlike 4.0,4.5,13:00,https://www.xeno-canto.org/493887,caster1/XC493887.ogg
caster1,['belkin1'],['call'],35.3448,-120.8417,Hydroprogne caspia,Caspian Tern,Thomas G. Graves,Creative Commons Attribution-NonCommercial-ShareAlike 4.0,4.5,17:10,https://www.xeno-canto.org/496291,caster1/XC496291.ogg
caster1,[],"['flight call', 'juvenile']",44.9002,-93.1504,Hydroprogne caspia,Caspian Tern,Kieran Schwartz,Creative Commons Attribution-NonCommercial-ShareAlike 4.0,0.0,09:11,https://www.xeno-canto.org/498125,caster1/XC498125.ogg
caster1,[],"['call', 'flight call']",45.3536,-75.8134,Hydroprogne caspia,Caspian Tern,Dan Minor,Creative Commons Attribution-NonCommercial-ShareAlike 4.0,3.0,06:30,https://www.xeno-canto.org/498895,caster1/XC498895.ogg
caster1,[],"['flight call', 'juvenile']",42.1104,-71.1785,Hydroprogne caspia,Caspian Tern,Will Sweet,Creative Commons Attribution-NonCommercial-ShareAlike 4.0,4.0,21:00,https://www.xeno-canto.org/499538,caster1/XC499538.ogg
caster1,[],"['begging call', 'flight call', 'juvenile']",54.0923,13.4588,Hydroprogne caspia,Caspian Tern,Regina Eidner,Creative Commons Attribution-NonCommercial-ShareAlike 4.0,0.0,19:00,https://www.xeno-canto.org/499955,caster1/XC499955.ogg
caster1,[],"['call', 'immature whistle']",33.4625,-117.6831,Hydroprogne caspia,Caspian Tern,Kat Avila,Creative Commons Attribution-NonCommercial-ShareAlike 4.0,4.0,17:00,https://www.xeno-canto.org/501715,caster1/XC501715.ogg
caster1,[],"['adult', 'flight call']",37.203,-7.4439,Hydroprogne caspia,Caspian Tern,Nelson Conceição,Creative Commons Attribution-NonCommercial-ShareAlike 4.0,3.5,17:45,https://www.xeno-canto.org/504132,caster1/XC504132.ogg
caster1,[],"['adult', 'call', 'flight call', 'juvenile']",24.5428,54.439,Hydroprogne caspia,Caspian Tern,Oscar Campbell,Creative Commons Attribution-NonCommercial-ShareAlike 4.0,4.0,17:30,https://www.xeno-canto.org/505894,caster1/XC505894.ogg
caster1,[],"['adult', 'call', 'juvenile']",14.2614,-16.8917,Hydroprogne caspia,Caspian Tern,Bram Piot,Creative Commons Attribution-NonCommercial-ShareAlike 4.0,3.5,18:30,https://www.xeno-canto.org/514690,caster1/XC514690.ogg
caster1,[],"['adult', 'call']",14.2614,-16.8917,Hydroprogne caspia,Caspian Tern,Bram Piot,Creative Commons Attribution-NonCommercial-ShareAlike 4.0,3.5,08:30,https://www.xeno-canto.org/514691,caster1/XC514691.ogg
caster1,[],"['call', 'juvenile']",35.912,-84.5101,Hydroprogne caspia,Caspian Tern,Mike Nelson,Creative Commons Attribution-NonCommercial-ShareAlike 3.0,3.0,11:30am,https://www.xeno-canto.org/52364,caster1/XC52364.ogg
caster1,[],"['begging call', 'call', 'juvenile']",17.0087,54.135,Hydroprogne caspia,Caspian Tern,James Lidster,Creative Commons Attribution-NonCommercial-ShareAlike 4.0,4.0,16:00,https://www.xeno-canto.org/528960,caster1/XC528960.ogg
caster1,[],"['begging call', 'call', 'juvenile']",17.0087,54.135,Hydroprogne caspia,Caspian Tern,James Lidster,Creative Commons Attribution-NonCommercial-ShareAlike 4.0,5.0,16:00,https://www.xeno-canto.org/528961,caster1/XC528961.ogg
caster1,[],"['begging call', 'call', 'juvenile']",17.0087,54.135,Hydroprogne caspia,Caspian Tern,James Lidster,Creative Commons Attribution-NonCommercial-ShareAlike 4.0,4.0,16:00,https://www.xeno-canto.org/528962,caster1/XC528962.ogg
caster1,[],"['adult', 'call']",27.78,-82.6251,Hydroprogne caspia,Caspian Tern,Thomas Magarian,Creative Commons Attribution-NonCommercial-ShareAlike 4.0,4.0,17:02,https://www.xeno-canto.org/531263,caster1/XC531263.ogg
caster1,[],"['flight call', 'juvenile']",53.5342,8.6032,Hydroprogne caspia,Caspian Tern,Franck Hollander,Creative Commons Attribution-NonCommercial-ShareAlike 4.0,3.0,23:00,https://www.xeno-canto.org/538079,caster1/XC538079.ogg
caster1,[],"['adult', 'call', 'flight call']",25.6036,-109.0521,Hydroprogne caspia,Caspian Tern,Isain Contreras Rodríguez,Creative Commons Attribution-NonCommercial-ShareAlike 4.0,5.0,09:00,https://www.xeno-canto.org/543040,caster1/XC543040.ogg
caster1,[],"['life stage uncertain', 'nocturnal flight call', 'sex uncertain']",43.9382,4.8025,Hydroprogne caspia,Caspian Tern,paul MENARD,Creative Commons Attribution-NonCommercial-ShareAlike 4.0,3.0,22:30,https://www.xeno-canto.org/544169,caster1/XC544169.ogg
caster1,[],"['flight call', 'nocturnal flight call']",43.4547,4.5707,Hydroprogne caspia,Caspian Tern,Pierre Foulquier,Creative Commons Attribution-NonCommercial-ShareAlike 4.0,4.0,23:00,https://www.xeno-canto.org/547207,caster1/XC547207.ogg
caster1,[],['flight call'],63.6904,20.4628,Hydroprogne caspia,Caspian Tern,Lars Edenius,Creative Commons Attribution-NonCommercial-ShareAlike 4.0,5.0,06:00,https://www.xeno-canto.org/549294,caster1/XC549294.ogg
caster1,[],"['adult', 'call', 'sex uncertain']",40.41,116.8416,Hydroprogne caspia,Caspian Tern,Zhen niu,Creative Commons Attribution-NonCommercial-ShareAlike 4.0,5.0,18:19,https://www.xeno-canto.org/555555,caster1/XC555555.ogg
caster1,[],['song'],42.5372,-76.5494,Hydroprogne caspia,Caspian Tern,Meena Haribal,Creative Commons Attribution-NonCommercial-ShareAlike 4.0,5.0,09:30,https://www.xeno-canto.org/556708,caster1/XC556708.ogg
caster1,[],"['adult', 'call', 'sex uncertain']",44.3463,-78.2847,Hydroprogne caspia,Caspian Tern,Christopher Moser-Purdy,Creative Commons Attribution-NonCommercial-ShareAlike 4.0,3.0,11:00,https://www.xeno-canto.org/557112,caster1/XC557112.ogg
caster1,[],['flight call'],32.6185,-117.1029,Hydroprogne caspia,Caspian Tern,Paul Marvin,Creative Commons Attribution-NonCommercial-ShareAlike 4.0,4.0,06:58,https://www.xeno-canto.org/558043,caster1/XC558043.ogg
caster1,[],['call'],60.1919,25.1777,Hydroprogne caspia,Caspian Tern,Hannu Varkki,Creative Commons Attribution-NonCommercial-ShareAlike 4.0,5.0,08:00,https://www.xeno-canto.org/559962,caster1/XC559962.ogg
caster1,['laugul'],"['call', 'flight call']",25.6602,-109.0033,Hydroprogne caspia,Caspian Tern,Isain Contreras Rodríguez,Creative Commons Attribution-NonCommercial-ShareAlike 4.0,4.5,08:00,https://www.xeno-canto.org/568823,caster1/XC568823.ogg
caster1,[],['call'],25.6602,-109.0033,Hydroprogne caspia,Caspian Tern,Isain Contreras Rodríguez,Creative Commons Attribution-NonCommercial-ShareAlike 4.0,5.0,19:00,https://www.xeno-canto.org/571809,caster1/XC571809.ogg
caster1,[],['call'],25.6602,-109.0033,Hydroprogne caspia,Caspian Tern,Isain Contreras Rodríguez,Creative Commons Attribution-NonCommercial-ShareAlike 4.0,5.0,19:00,https://www.xeno-canto.org/571810,caster1/XC571810.ogg
caster1,[],['flight call'],25.6602,-109.0033,Hydroprogne caspia,Caspian Tern,Manuel Grosselet,Creative Commons Attribution-NonCommercial-ShareAlike 4.0,5.0,20:00,https://www.xeno-canto.org/571865,caster1/XC571865.ogg
caster1,[],['flight call'],25.6602,-109.0033,Hydroprogne caspia,Caspian Tern,Manuel Grosselet,Creative Commons Attribution-NonCommercial-ShareAlike 4.0,4.5,20:00,https://www.xeno-canto.org/571868,caster1/XC571868.ogg
caster1,[],['flight call'],25.6602,-109.0033,Hydroprogne caspia,Caspian Tern,Manuel Grosselet,Creative Commons Attribution-NonCommercial-ShareAlike 4.0,4.5,20:30,https://www.xeno-canto.org/571869,caster1/XC571869.ogg
caster1,[],"['call', 'flight call']",25.6783,-108.9659,Hydroprogne caspia,Caspian Tern,Isain Contreras Rodríguez,Creative Commons Attribution-NonCommercial-ShareAlike 4.0,4.0,06:30,https://www.xeno-canto.org/572472,caster1/XC572472.ogg
caster1,[],['nocturnal flight call'],51.0445,2.3912,Hydroprogne caspia,Caspian Tern,Julien Piette,Creative Commons Attribution-NonCommercial-ShareAlike 4.0,3.0,23:46,https://www.xeno-canto.org/575379,caster1/XC575379.ogg
caster1,[],['nocturnal flight call'],41.9919,1.5099,Hydroprogne caspia,Caspian Tern,Lluís Brotons,Creative Commons Attribution-NonCommercial-ShareAlike 4.0,4.0,23:00,https://www.xeno-canto.org/575415,caster1/XC575415.ogg
caster1,['arcter'],['begging call'],64.191,21.113,Hydroprogne caspia,Caspian Tern,Alan Dalton,Creative Commons Attribution-NonCommercial-ShareAlike 4.0,4.5,03:30,https://www.xeno-canto.org/577268,caster1/XC577268.ogg
caster1,['arcter'],"['begging call', 'call']",64.191,21.113,Hydroprogne caspia,Caspian Tern,Alan Dalton,Creative Commons Attribution-NonCommercial-ShareAlike 4.0,4.5,04:00,https://www.xeno-canto.org/578230,caster1/XC578230.ogg
caster1,[],"['begging call', 'flight call']",64.191,21.113,Hydroprogne caspia,Caspian Tern,Alan Dalton,Creative Commons Attribution-NonCommercial-ShareAlike 4.0,4.5,18:30,https://www.xeno-canto.org/578412,caster1/XC578412.ogg
caster1,['arcter'],"['begging call', 'call']",64.191,21.113,Hydroprogne caspia,Caspian Tern,Alan Dalton,Creative Commons Attribution-NonCommercial-ShareAlike 4.0,4.5,21:30,https://www.xeno-canto.org/578610,caster1/XC578610.ogg
caster1,[],['flight call'],53.8258,13.813,Hydroprogne caspia,Caspian Tern,brickegickel,Creative Commons Attribution-NonCommercial-ShareAlike 4.0,2.0,15:00,https://www.xeno-canto.org/578623,caster1/XC578623.ogg
caster1,[],"['adult', 'nocturnal flight call']",53.5342,8.6032,Hydroprogne caspia,Caspian Tern,Franck Hollander,Creative Commons Attribution-NonCommercial-ShareAlike 4.0,5.0,00:15,https://www.xeno-canto.org/581391,caster1/XC581391.ogg
caster1,[],['nocturnal flight call'],59.8488,18.0095,Hydroprogne caspia,Caspian Tern,Robert Ekman,Creative Commons Attribution-NonCommercial-ShareAlike 4.0,4.0,00:57,https://www.xeno-canto.org/582027,caster1/XC582027.ogg
caster1,[],['nocturnal flight call'],55.4107,12.8449,Hydroprogne caspia,Caspian Tern,Johan Lorentzon,Creative Commons Attribution-NonCommercial-ShareAlike 4.0,4.0,22:48,https://www.xeno-canto.org/582596,caster1/XC582596.ogg
caster1,[],['nocturnal flight call'],52.1593,5.3563,Hydroprogne caspia,Caspian Tern,Johan Jordaans,Creative Commons Attribution-NonCommercial-ShareAlike 4.0,2.0,01:40,https://www.xeno-canto.org/582936,caster1/XC582936.ogg
caster1,[],"['adult', 'begging call', 'call', 'flight call', 'juvenile']",53.8194,14.3091,Hydroprogne caspia,Caspian Tern,maciej sobieraj,Creative Commons Attribution-NonCommercial-ShareAlike 4.0,3.0,08:00,https://www.xeno-canto.org/584021,caster1/XC584021.ogg
caster1,[],['flight call'],58.4281,23.2979,Hydroprogne caspia,Caspian Tern,Uku Paal,Creative Commons Attribution-NonCommercial-ShareAlike 4.0,2.0,07:00,https://www.xeno-canto.org/584257,caster1/XC584257.ogg
caster1,[],['nocturnal flight call'],55.4107,12.8449,Hydroprogne caspia,Caspian Tern,Johan Lorentzon,Creative Commons Attribution-NonCommercial-ShareAlike 4.0,4.0,23:46,https://www.xeno-canto.org/585039,caster1/XC585039.ogg
caster1,[],"['adult', 'begging call', 'call', 'flight call', 'juvenile']",52.34,5.026,Hydroprogne caspia,Caspian Tern,guus van duin,Creative Commons Attribution-NonCommercial-ShareAlike 4.0,5.0,09:30,https://www.xeno-canto.org/585933,caster1/XC585933.ogg
caster1,[],"['adult', 'begging call', 'call', 'flight call', 'juvenile', 'juvenile', 'migration', 'night', 'no']",51.7489,5.8896,Hydroprogne caspia,Caspian Tern,J. Veeken,Creative Commons Attribution-NonCommercial-ShareAlike 4.0,5.0,23:43,https://www.xeno-canto.org/587039,caster1/XC587039.ogg
caster1,[],['nocturnal flight call'],46.4168,-1.5399,Hydroprogne caspia,Caspian Tern,Maxime Pirio,Creative Commons Attribution-NonCommercial-ShareAlike 4.0,5.0,00:04,https://www.xeno-canto.org/587891,caster1/XC587891.ogg
caster1,[],"['adult', 'call', 'sex uncertain']",-37.1824,175.3239,Hydroprogne caspia,Caspian Tern,Niall Perrins,Creative Commons Attribution-NonCommercial-ShareAlike 4.0,2.0,10:40,https://www.xeno-canto.org/594726,caster1/XC594726.ogg
caster1,[],"['adult', 'flight call', 'sex uncertain']",40.7803,-3.6739,Hydroprogne caspia,Caspian Tern,Javier Hernández,Creative Commons Attribution-NonCommercial-ShareAlike 4.0,4.0,18:00,https://www.xeno-canto.org/595222,caster1/XC595222.ogg
caster1,[],['nocturnal flight call'],51.3626,4.4419,Hydroprogne caspia,Caspian Tern,Bram Vogels,Creative Commons Attribution-NonCommercial-ShareAlike 4.0,4.0,02:00,https://www.xeno-canto.org/603051,caster1/XC603051.ogg
caster1,[],['flight call'],63.6904,20.4628,Hydroprogne caspia,Caspian Tern,Lars Edenius,Creative Commons Attribution-NonCommercial-ShareAlike 4.0,5.0,07:00,https://www.xeno-canto.org/610048,caster1/XC610048.ogg
caster1,[],['call'],-12.248,49.3425,Hydroprogne caspia,Caspian Tern,Ken Behrens,Creative Commons Attribution-NonCommercial-ShareAlike 4.0,3.0,10:48,https://www.xeno-canto.org/623424,caster1/XC623424.ogg
caster1,[],['call'],16.4294,-94.8793,Hydroprogne caspia,Caspian Tern,Manuel Grosselet,Creative Commons Attribution-NonCommercial-ShareAlike 4.0,4.0,07:00,https://www.xeno-canto.org/623945,caster1/XC623945.ogg
caster1,[],"['begging call', 'flight call', 'juvenile', 'nocturnal flight call']",54.1016,13.3928,Hydroprogne caspia,Caspian Tern,Marcel Tenhaeff,Creative Commons Attribution-NonCommercial-ShareAlike 4.0,3.0,23:00,https://www.xeno-canto.org/630475,caster1/XC630475.ogg
caster1,[],"['adult', 'begging call', 'flight call', 'juvenile', 'nocturnal flight call']",54.1016,13.3928,Hydroprogne caspia,Caspian Tern,Marcel Tenhaeff,Creative Commons Attribution-NonCommercial-ShareAlike 4.0,2.0,23:00,https://www.xeno-canto.org/630476,caster1/XC630476.ogg
caster1,[],"['adult', 'call', 'flight call', 'juvenile']",54.1404,13.4286,Hydroprogne caspia,Caspian Tern,Marcel Tenhaeff,Creative Commons Attribution-NonCommercial-ShareAlike 4.0,5.0,19:30,https://www.xeno-canto.org/630523,caster1/XC630523.ogg
caster1,[],"['adult', 'call', 'flight call']",42.6325,9.4659,Hydroprogne caspia,Caspian Tern,Thomas ARMAND,Creative Commons Attribution-NonCommercial-ShareAlike 4.0,3.5,18:30,https://www.xeno-canto.org/631575,caster1/XC631575.ogg
caster1,[],"['life stage uncertain', 'nocturnal flight call', 'sex uncertain']",41.2243,1.7254,Hydroprogne caspia,Caspian Tern,Sergi,Creative Commons Attribution-NonCommercial-ShareAlike 4.0,5.0,22:40,https://www.xeno-canto.org/636078,caster1/XC636078.ogg
caster1,[],"['adult', 'flight call']",43.6269,-79.329,Hydroprogne caspia,Caspian Tern,Thomas Ryder Payne,Creative Commons Attribution-NonCommercial-ShareAlike 4.0,4.0,14:00,https://www.xeno-canto.org/636538,caster1/XC636538.ogg
caster1,[],"['begging call', 'call', 'juvenile']",30.257,-88.1228,Hydroprogne caspia,Caspian Tern,Mike Nelson,Creative Commons Attribution-NonCommercial-ShareAlike 3.0,4.0,5:30pm,https://www.xeno-canto.org/64537,caster1/XC64537.ogg
caster1,[],['nocturnal flight call'],39.918,65.1588,Hydroprogne caspia,Caspian Tern,Martin Grienenberger,Creative Commons Attribution-NonCommercial-ShareAlike 4.0,3.0,03:30,https://www.xeno-canto.org/646120,caster1/XC646120.ogg
caster1,[],['flight call'],63.4616,19.6267,Hydroprogne caspia,Caspian Tern,Lars Edenius,Creative Commons Attribution-NonCommercial-ShareAlike 4.0,3.5,19:30,https://www.xeno-canto.org/649522,caster1/XC649522.ogg
caster1,[],['flight call'],59.045,23.571,Hydroprogne caspia,Caspian Tern,Uku Paal,Creative Commons Attribution-NonCommercial-ShareAlike 4.0,2.5,11:00,https://www.xeno-canto.org/651341,caster1/XC651341.ogg
caster1,[],['flight call'],54.1633,13.3956,Hydroprogne caspia,Caspian Tern,Micha Luhn,Creative Commons Attribution-NonCommercial-ShareAlike 4.0,5.0,20:50,https://www.xeno-canto.org/657049,caster1/XC657049.ogg
caster1,[],"['adult', 'flight call']",52.709,-0.3164,Hydroprogne caspia,Caspian Tern,Josh Jones,Creative Commons Attribution-NonCommercial-ShareAlike 4.0,3.5,22:20,https://www.xeno-canto.org/658127,caster1/XC658127.ogg
caster1,[],"['call', 'juvenile']",28.1094,35.0182,Hydroprogne caspia,Caspian Tern,David Darrell-Lambert,Creative Commons Attribution-NonCommercial-ShareAlike 4.0,4.0,17:00,https://www.xeno-canto.org/659619,caster1/XC659619.ogg
caster1,[],['nocturnal flight call'],53.5342,8.6032,Hydroprogne caspia,Caspian Tern,Franck Hollander,Creative Commons Attribution-NonCommercial-ShareAlike 4.0,3.0,23:30,https://www.xeno-canto.org/661271,caster1/XC661271.ogg
caster1,[],"['adult', 'call', 'sex uncertain']",26.7922,-113.2293,Hydroprogne caspia,Caspian Tern,Richard E. Webster,Creative Commons Attribution-NonCommercial-ShareAlike 4.0,2.5,07:04,https://www.xeno-canto.org/661371,caster1/XC661371.ogg
caster1,[],['nocturnal flight call'],56.6662,12.8682,Hydroprogne caspia,Caspian Tern,Emil Lundahl,Creative Commons Attribution-NonCommercial-ShareAlike 4.0,1.0,00:12,https://www.xeno-canto.org/661670,caster1/XC661670.ogg
caster1,[],"['adult', 'call', 'sex uncertain']",31.6953,-114.5142,Hydroprogne caspia,Caspian Tern,Richard E. Webster,Creative Commons Attribution-NonCommercial-ShareAlike 4.0,3.5,15:42,https://www.xeno-canto.org/662333,caster1/XC662333.ogg
caster1,['arcter'],"['adult', 'call', 'sex uncertain']",64.191,21.113,Hydroprogne caspia,Caspian Tern,Alan Dalton,Creative Commons Attribution-NonCommercial-ShareAlike 4.0,4.5,23:00,https://www.xeno-canto.org/663213,caster1/XC663213.ogg
caster1,['arcter'],"['adult', 'begging call', 'call', 'flight call', 'juvenile', 'sex uncertain']",64.191,21.113,Hydroprogne caspia,Caspian Tern,Alan Dalton,Creative Commons Attribution-NonCommercial-ShareAlike 4.0,4.5,20:30,https://www.xeno-canto.org/665114,caster1/XC665114.ogg
caster1,['arcter'],"['adult', 'begging call', 'call', 'flight call', 'juvenile', 'sex uncertain']",64.191,21.113,Hydroprogne caspia,Caspian Tern,Alan Dalton,Creative Commons Attribution-NonCommercial-ShareAlike 4.0,4.5,03:30,https://www.xeno-canto.org/666283,caster1/XC666283.ogg
categr,[],['call'],28.899,-81.808,Bubulcus ibis,Cattle Egret,Andrew Spencer,Creative Commons Attribution-NonCommercial-ShareAlike 3.0,5.0,11:20,https://www.xeno-canto.org/108820,categr/XC108820.ogg
categr,[],"['flight call', 'song']",-20.8004,-42.8884,Bubulcus ibis,Cattle Egret,Noé Eiterer,Creative Commons Attribution-NonCommercial-ShareAlike 3.0,2.0,17:00,https://www.xeno-canto.org/113766,categr/XC113766.ogg
categr,[],['Roosting place'],36.728,-4.1073,Bubulcus ibis,Cattle Egret,Jorge Garzón,Creative Commons Attribution-NonCommercial-ShareAlike 3.0,3.0,17:35,https://www.xeno-canto.org/117115,categr/XC117115.ogg
categr,[],['call'],18.484,-95.021,Bubulcus ibis,Cattle Egret,Manuel Grosselet,Creative Commons Attribution-NonCommercial-ShareAlike 3.0,3.0,15:30,https://www.xeno-canto.org/124271,categr/XC124271.ogg
categr,[],['call'],32.2564,-8.9781,Bubulcus ibis,Cattle Egret,Marcin Sołowiej,Creative Commons Attribution-NonCommercial-ShareAlike 3.0,4.0,07:00,https://www.xeno-canto.org/125870,categr/XC125870.ogg
categr,[],['dormitory'],-27.0068,-50.0212,Bubulcus ibis,Cattle Egret,Douglas Meyer,Creative Commons Attribution-NonCommercial-ShareAlike 3.0,1.0,17:47,https://www.xeno-canto.org/129098,categr/XC129098.ogg
categr,[],"['call', 'conversational chatter']",-22.4508,-42.7735,Bubulcus ibis,Cattle Egret,Eric DeFonso,Creative Commons Attribution-NonCommercial-ShareAlike 3.0,4.0,18:42,https://www.xeno-canto.org/131326,categr/XC131326.ogg
categr,[],"['begging call', 'juvenile']",0.3328,32.5689,Bubulcus ibis,Cattle Egret,Josh Engel,Creative Commons Attribution-NonCommercial-ShareAlike 3.0,3.5,07:00,https://www.xeno-canto.org/136312,categr/XC136312.ogg
categr,[],['flight call'],28.2267,-80.7645,Bubulcus ibis,Cattle Egret,Paul Marvin,Creative Commons Attribution-NonCommercial-ShareAlike 3.0,4.0,07:51,https://www.xeno-canto.org/139952,categr/XC139952.ogg
categr,[],['flight call'],28.2267,-80.7645,Bubulcus ibis,Cattle Egret,Paul Marvin,Creative Commons Attribution-NonCommercial-ShareAlike 3.0,4.0,07:55,https://www.xeno-canto.org/139953,categr/XC139953.ogg
categr,[],['juvenile'],28.5785,-80.9961,Bubulcus ibis,Cattle Egret,Paul Marvin,Creative Commons Attribution-NonCommercial-ShareAlike 3.0,5.0,07:03,https://www.xeno-canto.org/143596,categr/XC143596.ogg
categr,[],['juvenile'],28.5785,-80.9961,Bubulcus ibis,Cattle Egret,Paul Marvin,Creative Commons Attribution-NonCommercial-ShareAlike 3.0,4.0,07:06,https://www.xeno-canto.org/143597,categr/XC143597.ogg
categr,[],['juvenile'],28.5785,-80.9961,Bubulcus ibis,Cattle Egret,Paul Marvin,Creative Commons Attribution-NonCommercial-ShareAlike 3.0,5.0,07:08,https://www.xeno-canto.org/143598,categr/XC143598.ogg
categr,[],['juvenile'],28.5785,-80.9961,Bubulcus ibis,Cattle Egret,Paul Marvin,Creative Commons Attribution-NonCommercial-ShareAlike 3.0,4.0,07:14,https://www.xeno-canto.org/143599,categr/XC143599.ogg
categr,[],['juvenile'],28.5785,-80.9961,Bubulcus ibis,Cattle Egret,Paul Marvin,Creative Commons Attribution-NonCommercial-ShareAlike 3.0,4.0,07:22,https://www.xeno-canto.org/143600,categr/XC143600.ogg
categr,[],['juvenile'],28.5785,-80.9961,Bubulcus ibis,Cattle Egret,Paul Marvin,Creative Commons Attribution-NonCommercial-ShareAlike 3.0,4.0,07:25,https://www.xeno-canto.org/143602,categr/XC143602.ogg
categr,[],['call'],43.4238,-0.4616,Bubulcus ibis,Cattle Egret,Bernard BOUSQUET,Creative Commons Attribution-NonCommercial-ShareAlike 3.0,3.5,21:00,https://www.xeno-canto.org/146066,categr/XC146066.ogg
categr,[],['song'],4.716667,-74.15,Bubulcus ibis,Cattle Egret,Gary Stiles (Colección de Sonidos Ambientales - Instituto Humboldt),Creative Commons Attribution-NonCommercial-ShareAlike 3.0,5.0,?,https://www.xeno-canto.org/148199,categr/XC148199.ogg
categr,[],['flight call'],15.824,74.5203,Bubulcus ibis,Cattle Egret,Rajgopal Patil,Creative Commons Attribution-NonCommercial-ShareAlike 3.0,3.0,07:54,https://www.xeno-canto.org/157743,categr/XC157743.ogg
categr,[],['call'],-16.2956,46.8146,Bubulcus ibis,Cattle Egret,Mike Nelson,Creative Commons Attribution-NonCommercial-ShareAlike 3.0,4.0,10:00,https://www.xeno-canto.org/162141,categr/XC162141.ogg
categr,[],['call'],-29.4391,-51.5082,Bubulcus ibis,Cattle Egret,João Antônio de B. Vitto,Creative Commons Attribution-NonCommercial-ShareAlike 4.0,4.0,17:00,https://www.xeno-canto.org/174527,categr/XC174527.ogg
categr,[],"['call', 'juvenile']",26.4796,-80.1419,Bubulcus ibis,Cattle Egret,Paul Marvin,Creative Commons Attribution-NonCommercial-ShareAlike 4.0,4.5,15:00,https://www.xeno-canto.org/192966,categr/XC192966.ogg
categr,[],"['begging call', 'juvenile']",26.4796,-80.1419,Bubulcus ibis,Cattle Egret,Paul Marvin,Creative Commons Attribution-NonCommercial-ShareAlike 4.0,3.5,18:48,https://www.xeno-canto.org/192968,categr/XC192968.ogg
categr,[],['juvenile'],26.4796,-80.1419,Bubulcus ibis,Cattle Egret,Paul Marvin,Creative Commons Attribution-NonCommercial-ShareAlike 4.0,4.5,08:39,https://www.xeno-canto.org/192969,categr/XC192969.ogg
categr,[],['call'],5.7796,-73.4464,Bubulcus ibis,Cattle Egret,Oswaldo Cortes,Creative Commons Attribution-NonCommercial-ShareAlike 4.0,3.0,09:30,https://www.xeno-canto.org/194457,categr/XC194457.ogg
categr,[],"['begging call', 'juvenile']",26.4796,-80.1419,Bubulcus ibis,Cattle Egret,Paul Marvin,Creative Commons Attribution-NonCommercial-ShareAlike 4.0,3.5,14:45,https://www.xeno-canto.org/196079,categr/XC196079.ogg
categr,[],['juvenile'],26.4796,-80.1419,Bubulcus ibis,Cattle Egret,Paul Marvin,Creative Commons Attribution-NonCommercial-ShareAlike 4.0,3.5,13:14,https://www.xeno-canto.org/196080,categr/XC196080.ogg
categr,[],['juvenile'],26.4796,-80.1419,Bubulcus ibis,Cattle Egret,Paul Marvin,Creative Commons Attribution-NonCommercial-ShareAlike 4.0,4.5,13:15,https://www.xeno-canto.org/196081,categr/XC196081.ogg
categr,[],['call'],8.299,-70.0851,Bubulcus ibis,Cattle Egret,Joe Klaiber,Creative Commons Attribution-NonCommercial-ShareAlike 4.0,5.0,05:30,https://www.xeno-canto.org/197438,categr/XC197438.ogg
categr,[],['call'],-28.2119,153.521,Bubulcus ibis,Cattle Egret,nick talbot,Creative Commons Attribution-NonCommercial-ShareAlike 4.0,3.5,11:00,https://www.xeno-canto.org/210378,categr/XC210378.ogg
categr,[],['flight call'],28.229,-80.813,Bubulcus ibis,Cattle Egret,Paul Marvin,Creative Commons Attribution-NonCommercial-ShareAlike 4.0,4.0,11:53,https://www.xeno-canto.org/218727,categr/XC218727.ogg
categr,[],['call'],7.3682,-69.4407,Bubulcus ibis,Cattle Egret,Joe Klaiber,Creative Commons Attribution-NonCommercial-ShareAlike 4.0,5.0,00:00,https://www.xeno-canto.org/246911,categr/XC246911.ogg
categr,[],['call'],7.3682,-69.4407,Bubulcus ibis,Cattle Egret,Joe Klaiber,Creative Commons Attribution-NonCommercial-ShareAlike 4.0,5.0,00:00,https://www.xeno-canto.org/246912,categr/XC246912.ogg
categr,[],['calls'],-3.417,-79.95,Bubulcus ibis,Cattle Egret,John V. Moore,Creative Commons Attribution-NonCommercial-ShareAlike 4.0,5.0,?,https://www.xeno-canto.org/257319,categr/XC257319.ogg
categr,[],['calls at nest'],-25.059,46.3028,Bubulcus ibis,Cattle Egret,Daniel Lane,Creative Commons Attribution-NonCommercial-ShareAlike 3.0,3.5,10:00,https://www.xeno-canto.org/26215,categr/XC26215.ogg
categr,['rinphe'],['call'],42.5275,130.692,Bubulcus ibis,Cattle Egret,Albert Lastukhin,Creative Commons Attribution-NonCommercial-ShareAlike 4.0,2.5,14:00,https://www.xeno-canto.org/267153,categr/XC267153.ogg
categr,[],['call'],-22.4508,-42.7735,Bubulcus ibis,Cattle Egret,Jerome Fischer,Creative Commons Attribution-NonCommercial-ShareAlike 4.0,3.5,17:00,https://www.xeno-canto.org/274824,categr/XC274824.ogg
categr,[],['call'],-22.4508,-42.7735,Bubulcus ibis,Cattle Egret,Jerome Fischer,Creative Commons Attribution-NonCommercial-ShareAlike 4.0,5.0,18:00,https://www.xeno-canto.org/274826,categr/XC274826.ogg
categr,[],"['begging call', 'juvenile']",37.074,-6.3779,Bubulcus ibis,Cattle Egret,José Carlos Sires,Creative Commons Attribution-NonCommercial-ShareAlike 4.0,3.0,?,https://www.xeno-canto.org/282494,categr/XC282494.ogg
categr,[],['call'],-33.8411,25.571,Bubulcus ibis,Cattle Egret,Lynette Rudman,Creative Commons Attribution-NonCommercial-ShareAlike 4.0,3.5,12:00,https://www.xeno-canto.org/288324,categr/XC288324.ogg
categr,[],['call'],-33.8411,25.571,Bubulcus ibis,Cattle Egret,Lynette Rudman,Creative Commons Attribution-NonCommercial-ShareAlike 4.0,2.5,12:00,https://www.xeno-canto.org/288325,categr/XC288325.ogg
categr,[],['flight call'],37.2072,-6.1784,Bubulcus ibis,Cattle Egret,José Carlos Sires,Creative Commons Attribution-NonCommercial-ShareAlike 4.0,3.0,?,https://www.xeno-canto.org/289295,categr/XC289295.ogg
categr,[],['call'],37.3683,-6.0237,Bubulcus ibis,Cattle Egret,José Carlos Sires,Creative Commons Attribution-NonCommercial-ShareAlike 4.0,3.5,?,https://www.xeno-canto.org/297698,categr/XC297698.ogg
categr,[],['call'],14.1502,-16.627,Bubulcus ibis,Cattle Egret,Bram Piot,Creative Commons Attribution-NonCommercial-ShareAlike 4.0,3.5,19:00,https://www.xeno-canto.org/298147,categr/XC298147.ogg
categr,[],['call'],13.9909,-87.1798,Bubulcus ibis,Cattle Egret,Alfonso Auerbach,Creative Commons Attribution-NonCommercial-ShareAlike 4.0,0.5,09:00,https://www.xeno-canto.org/298914,categr/XC298914.ogg
categr,[],"['Nocturnal roosting site', 'call']",37.2363,-6.0611,Bubulcus ibis,Cattle Egret,Carlos W.,Creative Commons Attribution-NonCommercial-ShareAlike 4.0,5.0,18:30,https://www.xeno-canto.org/304251,categr/XC304251.ogg
categr,[],"['Nocturnal rooting site', 'call']",37.2363,-6.0611,Bubulcus ibis,Cattle Egret,Carlos W.,Creative Commons Attribution-NonCommercial-ShareAlike 4.0,5.0,18:30,https://www.xeno-canto.org/304252,categr/XC304252.ogg
categr,[],"['Nocturnal rooting site', 'call']",37.2363,-6.0611,Bubulcus ibis,Cattle Egret,Carlos W.,Creative Commons Attribution-NonCommercial-ShareAlike 4.0,5.0,18:30,https://www.xeno-canto.org/304253,categr/XC304253.ogg
categr,[],"['Nocturnal rooting site', 'call']",37.2363,-6.0611,Bubulcus ibis,Cattle Egret,Carlos W.,Creative Commons Attribution-NonCommercial-ShareAlike 4.0,5.0,19:00,https://www.xeno-canto.org/304255,categr/XC304255.ogg
categr,[],"['Nocturnal rooting site', 'call']",37.2363,-6.0611,Bubulcus ibis,Cattle Egret,Carlos W.,Creative Commons Attribution-NonCommercial-ShareAlike 4.0,5.0,19:00,https://www.xeno-canto.org/304256,categr/XC304256.ogg
categr,[],"['Nocturnal rooting site', 'call']",37.2363,-6.0611,Bubulcus ibis,Cattle Egret,Carlos W.,Creative Commons Attribution-NonCommercial-ShareAlike 4.0,4.5,19:00,https://www.xeno-canto.org/304257,categr/XC304257.ogg
categr,['bcnher'],"['Nocturnal rooting site', 'call']",37.2363,-6.0611,Bubulcus ibis,Cattle Egret,Carlos W.,Creative Commons Attribution-NonCommercial-ShareAlike 4.0,4.5,19:00,https://www.xeno-canto.org/304258,categr/XC304258.ogg
categr,[],['call'],19.462,-98.9683,Bubulcus ibis,Cattle Egret,Manuel Grosselet,Creative Commons Attribution-NonCommercial-ShareAlike 4.0,4.0,19:00,https://www.xeno-canto.org/311860,categr/XC311860.ogg
categr,[],"['begging call,juvenile']",19.1913,73.0666,Bubulcus ibis,Cattle Egret,HARISHCHANDRA MHATRE,Creative Commons Attribution-NonCommercial-ShareAlike 4.0,5.0,16:30,https://www.xeno-canto.org/313748,categr/XC313748.ogg
categr,[],['call'],14.7279,-17.4329,Bubulcus ibis,Cattle Egret,Bram Piot,Creative Commons Attribution-NonCommercial-ShareAlike 4.0,3.5,11:00,https://www.xeno-canto.org/315439,categr/XC315439.ogg
categr,[],['call'],-38.1169,147.0749,Bubulcus ibis,Cattle Egret,nick talbot,Creative Commons Attribution-NonCommercial-ShareAlike 4.0,3.0,17:00,https://www.xeno-canto.org/321214,categr/XC321214.ogg
categr,[],['call'],14.7279,-17.4329,Bubulcus ibis,Cattle Egret,Bram Piot,Creative Commons Attribution-NonCommercial-ShareAlike 4.0,3.5,10:30,https://www.xeno-canto.org/322747,categr/XC322747.ogg
categr,[],['call'],39.3806,16.2527,Bubulcus ibis,Cattle Egret,Francesco Sottile,Creative Commons Attribution-NonCommercial-ShareAlike 4.0,3.5,10:48,https://www.xeno-canto.org/327832,categr/XC327832.ogg
categr,[],['colony song at dusk'],18.3989,-95.0134,Bubulcus ibis,Cattle Egret,Manuel Grosselet,Creative Commons Attribution-NonCommercial-ShareAlike 4.0,4.5,20:30,https://www.xeno-canto.org/328546,categr/XC328546.ogg
categr,[],"['begging call', 'colony song at mid afternoon', 'female', 'juvenile', 'male']",18.3989,-95.0134,Bubulcus ibis,Cattle Egret,Manuel Grosselet,Creative Commons Attribution-NonCommercial-ShareAlike 4.0,4.5,17:30,https://www.xeno-canto.org/328548,categr/XC328548.ogg
categr,[],['call'],-33.6022,26.8903,Bubulcus ibis,Cattle Egret,Lynette Rudman,Creative Commons Attribution-NonCommercial-ShareAlike 4.0,3.5,16:00,https://www.xeno-canto.org/329275,categr/XC329275.ogg
categr,[],"['begging call', 'juvenile']",14.7279,-17.4329,Bubulcus ibis,Cattle Egret,Bram Piot,Creative Commons Attribution-NonCommercial-ShareAlike 4.0,4.0,09:30,https://www.xeno-canto.org/332570,categr/XC332570.ogg
categr,[],['call'],45.6119,12.0216,Bubulcus ibis,Cattle Egret,Francesco Sottile,Creative Commons Attribution-NonCommercial-ShareAlike 4.0,4.0,17:50,https://www.xeno-canto.org/339758,categr/XC339758.ogg
categr,[],['flight call'],37.3823,-6.1363,Bubulcus ibis,Cattle Egret,José Carlos Sires,Creative Commons Attribution-NonCommercial-ShareAlike 4.0,4.0,?,https://www.xeno-canto.org/350629,categr/XC350629.ogg
categr,[],['call'],37.3823,-6.1363,Bubulcus ibis,Cattle Egret,José Carlos Sires,Creative Commons Attribution-NonCommercial-ShareAlike 4.0,3.0,?,https://www.xeno-canto.org/352659,categr/XC352659.ogg
categr,[],['call'],37.3823,-6.1363,Bubulcus ibis,Cattle Egret,José Carlos Sires,Creative Commons Attribution-NonCommercial-ShareAlike 4.0,4.0,?,https://www.xeno-canto.org/352660,categr/XC352660.ogg
categr,[],['flight call'],37.3823,-6.1363,Bubulcus ibis,Cattle Egret,José Carlos Sires,Creative Commons Attribution-NonCommercial-ShareAlike 4.0,5.0,?,https://www.xeno-canto.org/353847,categr/XC353847.ogg
categr,[],['flight call'],37.3823,-6.1363,Bubulcus ibis,Cattle Egret,José Carlos Sires,Creative Commons Attribution-NonCommercial-ShareAlike 4.0,5.0,?,https://www.xeno-canto.org/353848,categr/XC353848.ogg
categr,[],['flight call'],37.3823,-6.1363,Bubulcus ibis,Cattle Egret,José Carlos Sires,Creative Commons Attribution-NonCommercial-ShareAlike 4.0,4.0,?,https://www.xeno-canto.org/353849,categr/XC353849.ogg
categr,[],['call'],37.3823,-6.1363,Bubulcus ibis,Cattle Egret,José Carlos Sires,Creative Commons Attribution-NonCommercial-ShareAlike 4.0,4.0,?,https://www.xeno-canto.org/353850,categr/XC353850.ogg
categr,[],['flight call'],28.2267,-80.7645,Bubulcus ibis,Cattle Egret,Paul Marvin,Creative Commons Attribution-NonCommercial-ShareAlike 4.0,2.0,07:16,https://www.xeno-canto.org/363098,categr/XC363098.ogg
categr,[],"['call', 'flight call']",-33.2043,-70.8285,Bubulcus ibis,Cattle Egret,Cristian Pinto,Creative Commons Attribution-NonCommercial-ShareAlike 4.0,2.0,09:30,https://www.xeno-canto.org/368932,categr/XC368932.ogg
categr,[],"['call', 'flight call']",-33.2043,-70.8285,Bubulcus ibis,Cattle Egret,Cristian Pinto,Creative Commons Attribution-NonCommercial-ShareAlike 4.0,4.0,09:30,https://www.xeno-canto.org/368933,categr/XC368933.ogg
categr,[],"['call', 'flight call']",-33.2043,-70.8285,Bubulcus ibis,Cattle Egret,Cristian Pinto,Creative Commons Attribution-NonCommercial-ShareAlike 4.0,4.0,09:30,https://www.xeno-canto.org/368934,categr/XC368934.ogg
categr,[],"['call', 'flight call']",-33.2043,-70.8285,Bubulcus ibis,Cattle Egret,Cristian Pinto,Creative Commons Attribution-NonCommercial-ShareAlike 4.0,4.0,09:30,https://www.xeno-canto.org/368935,categr/XC368935.ogg
categr,[],['call'],-33.594,26.8969,Bubulcus ibis,Cattle Egret,Tim Cockcroft,Creative Commons Attribution-NonCommercial-ShareAlike 4.0,4.5,16:45,https://www.xeno-canto.org/369827,categr/XC369827.ogg
categr,[],['flight call'],9.8799,-85.5309,Bubulcus ibis,Cattle Egret,Albert Lastukhin,Creative Commons Attribution-NonCommercial-ShareAlike 4.0,4.0,05:00,https://www.xeno-canto.org/371472,categr/XC371472.ogg
categr,[],"['alarm call', 'call']",43.4879,4.4081,Bubulcus ibis,Cattle Egret,Stanislas Wroza,Creative Commons Attribution-NonCommercial-ShareAlike 4.0,5.0,14:00,https://www.xeno-canto.org/372953,categr/XC372953.ogg
categr,[],['call'],-33.602,26.8904,Bubulcus ibis,Cattle Egret,Lynette Rudman,Creative Commons Attribution-NonCommercial-ShareAlike 4.0,4.0,16:00,https://www.xeno-canto.org/379067,categr/XC379067.ogg
categr,[],['call'],42.7871,13.8063,Bubulcus ibis,Cattle Egret,Dimitri,Creative Commons Attribution-NonCommercial-ShareAlike 4.0,4.0,18:00,https://www.xeno-canto.org/389992,categr/XC389992.ogg
categr,[],['call'],-26.7629,152.8483,Bubulcus ibis,Cattle Egret,Greg McLachlan,Creative Commons Attribution-NonCommercial-ShareAlike 4.0,3.5,08:30,https://www.xeno-canto.org/393573,categr/XC393573.ogg
categr,[],['call'],18.0333,-96.2204,Bubulcus ibis,Cattle Egret,Dan Lane,Creative Commons Attribution-NonCommercial-ShareAlike 4.0,3.5,10:00,https://www.xeno-canto.org/398976,categr/XC398976.ogg
categr,[],['flight call'],27.8338,-80.708,Bubulcus ibis,Cattle Egret,Paul Marvin,Creative Commons Attribution-NonCommercial-ShareAlike 4.0,4.0,09:41,https://www.xeno-canto.org/403813,categr/XC403813.ogg
categr,[],['call'],39.799,3.107,Bubulcus ibis,Cattle Egret,Jerome Fischer,Creative Commons Attribution-NonCommercial-ShareAlike 4.0,5.0,18:00,https://www.xeno-canto.org/410973,categr/XC410973.ogg
categr,[],['call'],39.7977,3.1081,Bubulcus ibis,Cattle Egret,Manuel Schweizer,Creative Commons Attribution-NonCommercial-ShareAlike 4.0,5.0,18:00,https://www.xeno-canto.org/411144,categr/XC411144.ogg
categr,[],"['alarm call', 'female', 'juvenile', 'male']",-16.6003,-49.2802,Bubulcus ibis,Cattle Egret,JAYRSON ARAUJO DE OLIVEIRA,Creative Commons Attribution-NonCommercial-ShareAlike 4.0,4.0,16:50,https://www.xeno-canto.org/414792,categr/XC414792.ogg
categr,[],['call'],-26.8762,26.5384,Bubulcus ibis,Cattle Egret,Tony Archer,Creative Commons Attribution-NonCommercial-ShareAlike 4.0,3.0,15:00,https://www.xeno-canto.org/418722,categr/XC418722.ogg
categr,[],['call'],-25.0336,46.2934,Bubulcus ibis,Cattle Egret,Ross Gallardy,Creative Commons Attribution-NonCommercial-ShareAlike 4.0,5.0,07:30,https://www.xeno-canto.org/418997,categr/XC418997.ogg
categr,[],['call'],27.6308,-80.7586,Bubulcus ibis,Cattle Egret,Bruce Lagerquist,Creative Commons Attribution-NonCommercial-ShareAlike 4.0,4.0,13:30,https://www.xeno-canto.org/422247,categr/XC422247.ogg
categr,[],"['begging call', 'juvenile']",42.6135,13.763,Bubulcus ibis,Cattle Egret,Dimitri,Creative Commons Attribution-NonCommercial-ShareAlike 4.0,4.0,11:00,https://www.xeno-canto.org/423135,categr/XC423135.ogg
categr,['comwax'],"['Roost', 'call']",39.8756,-8.8536,Bubulcus ibis,Cattle Egret,João Tomás,Creative Commons Attribution-NonCommercial-ShareAlike 4.0,4.5,07:30,https://www.xeno-canto.org/438523,categr/XC438523.ogg
categr,[],['call'],28.229,-80.813,Bubulcus ibis,Cattle Egret,Paul Marvin,Creative Commons Attribution-NonCommercial-ShareAlike 4.0,4.0,07:33,https://www.xeno-canto.org/451681,categr/XC451681.ogg
categr,[],['call'],28.229,-80.813,Bubulcus ibis,Cattle Egret,Paul Marvin,Creative Commons Attribution-NonCommercial-ShareAlike 4.0,2.5,07:32,https://www.xeno-canto.org/451682,categr/XC451682.ogg
categr,"['comgal1', 'norcar']",['call'],28.229,-80.813,Bubulcus ibis,Cattle Egret,Paul Marvin,Creative Commons Attribution-NonCommercial-ShareAlike 4.0,2.5,07:16,https://www.xeno-canto.org/451817,categr/XC451817.ogg
categr,[],['call'],33.0881,-115.7097,Bubulcus ibis,Cattle Egret,Paul Marvin,Creative Commons Attribution-NonCommercial-ShareAlike 4.0,2.5,16:11,https://www.xeno-canto.org/452088,categr/XC452088.ogg
categr,[],['call'],33.0624,-115.4991,Bubulcus ibis,Cattle Egret,Paul Marvin,Creative Commons Attribution-NonCommercial-ShareAlike 4.0,2.5,17:08,https://www.xeno-canto.org/452565,categr/XC452565.ogg
categr,[],['call'],33.8082,-114.4686,Bubulcus ibis,Cattle Egret,Paul Marvin,Creative Commons Attribution-NonCommercial-ShareAlike 4.0,4.0,13:22,https://www.xeno-canto.org/453176,categr/XC453176.ogg
categr,[],"['call', 'juvenile']",35.0981,-2.7538,Bubulcus ibis,Cattle Egret,Geoffrey Monchaux,Creative Commons Attribution-NonCommercial-ShareAlike 4.0,5.0,14:30,https://www.xeno-canto.org/458426,categr/XC458426.ogg
categr,[],['call'],14.002,-86.9888,Bubulcus ibis,Cattle Egret,Oliver Komar,Creative Commons Attribution-ShareAlike 4.0,2.5,18:30,https://www.xeno-canto.org/463749,categr/XC463749.ogg
categr,[],['call'],14.7279,-17.4329,Bubulcus ibis,Cattle Egret,Bram Piot,Creative Commons Attribution-NonCommercial-ShareAlike 4.0,3.5,09:00,https://www.xeno-canto.org/478387,categr/XC478387.ogg
categr,[],"['call', 'juvenile']",47.1233,-1.5844,Bubulcus ibis,Cattle Egret,Alain Verneau,Creative Commons Attribution-NonCommercial-ShareAlike 4.0,5.0,16:00,https://www.xeno-canto.org/478434,categr/XC478434.ogg
categr,[],"['call', 'juvenile']",47.1233,-1.5844,Bubulcus ibis,Cattle Egret,Alain Verneau,Creative Commons Attribution-NonCommercial-ShareAlike 4.0,5.0,16:00,https://www.xeno-canto.org/478435,categr/XC478435.ogg
categr,['mallar3'],['call'],39.8734,-8.8525,Bubulcus ibis,Cattle Egret,João Tomás,Creative Commons Attribution-NonCommercial-ShareAlike 4.0,3.5,07:30,https://www.xeno-canto.org/485246,categr/XC485246.ogg
categr,[],['call'],37.0916,-8.6693,Bubulcus ibis,Cattle Egret,Jorge Leitão,Creative Commons Attribution-NonCommercial-ShareAlike 4.0,0.0,07:17,https://www.xeno-canto.org/501019,categr/XC501019.ogg
categr,['mallar3'],['call'],41.5786,0.5976,Bubulcus ibis,Cattle Egret,Jordi Calvet,Creative Commons Attribution-NonCommercial-ShareAlike 4.0,0.0,18:30,https://www.xeno-canto.org/514784,categr/XC514784.ogg
categr,[],['call'],-8.1871,36.6653,Bubulcus ibis,Cattle Egret,Louis A. Hansen,Creative Commons Attribution-NonCommercial-ShareAlike 4.0,4.0,14:12,https://www.xeno-canto.org/517403,categr/XC517403.ogg
categr,[],['call'],-8.1871,36.6653,Bubulcus ibis,Cattle Egret,Louis A. Hansen,Creative Commons Attribution-NonCommercial-ShareAlike 4.0,4.0,15:28,https://www.xeno-canto.org/517417,categr/XC517417.ogg
categr,[],['call'],24.7339,55.0166,Bubulcus ibis,Cattle Egret,Oscar Campbell,Creative Commons Attribution-NonCommercial-ShareAlike 4.0,5.0,18:00,https://www.xeno-canto.org/520659,categr/XC520659.ogg
categr,[],['call'],37.1658,-7.6207,Bubulcus ibis,Cattle Egret,Nelson Conceição,Creative Commons Attribution-NonCommercial-ShareAlike 4.0,5.0,15:45,https://www.xeno-canto.org/527808,categr/XC527808.ogg
categr,[],['flight call'],37.1658,-7.6207,Bubulcus ibis,Cattle Egret,Nelson Conceição,Creative Commons Attribution-NonCommercial-ShareAlike 4.0,2.5,16:11,https://www.xeno-canto.org/527812,categr/XC527812.ogg
categr,[],['flight call'],43.8559,1.7856,Bubulcus ibis,Cattle Egret,Cedric Mroczko,Creative Commons Attribution-NonCommercial-ShareAlike 4.0,3.5,12:20,https://www.xeno-canto.org/576956,categr/XC576956.ogg
categr,[],['call'],43.8559,1.7856,Bubulcus ibis,Cattle Egret,Cedric Mroczko,Creative Commons Attribution-NonCommercial-ShareAlike 4.0,4.0,13:25,https://www.xeno-canto.org/576962,categr/XC576962.ogg
categr,['gadwal'],"['begging call', 'hatchling or nestling']",37.0332,-7.8131,Bubulcus ibis,Cattle Egret,João Tomás,Creative Commons Attribution-NonCommercial-ShareAlike 4.0,4.5,08:30,https://www.xeno-canto.org/585965,categr/XC585965.ogg
categr,[],['uncertain'],11.8047,13.1966,Bubulcus ibis,Cattle Egret,Sun Madakan ,Creative Commons Attribution-NonCommercial-ShareAlike 4.0,3.5,17:30,https://www.xeno-canto.org/603551,categr/XC603551.ogg
categr,[],['call'],47.9686,0.1595,Bubulcus ibis,Cattle Egret,Christian Kerihuel,Creative Commons Attribution-NonCommercial-ShareAlike 4.0,2.0,17:30,https://www.xeno-canto.org/610382,categr/XC610382.ogg
categr,[],"['adult', 'flight call', 'sex uncertain']",12.9288,80.1842,Bubulcus ibis,Cattle Egret,Sreekumar Chirukandoth,Creative Commons Attribution-NonCommercial-ShareAlike 4.0,3.0,10:00,https://www.xeno-canto.org/611986,categr/XC611986.ogg
categr,[],"['Cattle', 'Cattle in water', 'adult', 'call']",-26.5528,26.711,Bubulcus ibis,Cattle Egret,Tony Archer,Creative Commons Attribution-NonCommercial-ShareAlike 4.0,2.5,09:00,https://www.xeno-canto.org/613482,categr/XC613482.ogg
categr,[],['call'],18.4,-95.0143,Bubulcus ibis,Cattle Egret,Olivier SWIFT,Creative Commons Attribution-NonCommercial-ShareAlike 4.0,4.0,13:29,https://www.xeno-canto.org/623267,categr/XC623267.ogg
categr,[],['call'],-16.3051,46.812,Bubulcus ibis,Cattle Egret,Ken Behrens,Creative Commons Attribution-NonCommercial-ShareAlike 4.0,5.0,17:10,https://www.xeno-canto.org/624047,categr/XC624047.ogg
categr,[],['nocturnal flight call'],41.9919,1.5099,Bubulcus ibis,Cattle Egret,Lluís Brotons,Creative Commons Attribution-NonCommercial-ShareAlike 4.0,3.0,23:00,https://www.xeno-canto.org/629216,categr/XC629216.ogg
chbsan,[],['flight call'],27.8056,74.4305,Pterocles exustus,Chestnut-bellied Sandgrouse,Rajgopal Patil,Creative Commons Attribution-NonCommercial-ShareAlike 3.0,4.0,10:57,https://www.xeno-canto.org/120915,chbsan/XC120915.ogg
chbsan,[],['flight call'],12.1736,-2.3593,Pterocles exustus,Chestnut-bellied Sandgrouse,Bram Piot,Creative Commons Attribution-NonCommercial-ShareAlike 3.0,2.0,18:30,https://www.xeno-canto.org/126469,chbsan/XC126469.ogg
chbsan,[],['flight call'],16.2901,-16.0321,Pterocles exustus,Chestnut-bellied Sandgrouse,Bram Piot,Creative Commons Attribution-NonCommercial-ShareAlike 4.0,3.0,10:30,https://www.xeno-canto.org/177989,chbsan/XC177989.ogg
chbsan,[],['flight call'],20.623,58.8687,Pterocles exustus,Chestnut-bellied Sandgrouse,Oscar Campbell,Creative Commons Attribution-NonCommercial-ShareAlike 4.0,4.5,08:00,https://www.xeno-canto.org/199345,chbsan/XC199345.ogg
chbsan,[],['flight call'],20.623,58.8687,Pterocles exustus,Chestnut-bellied Sandgrouse,Oscar Campbell,Creative Commons Attribution-NonCommercial-ShareAlike 4.0,5.0,08:00,https://www.xeno-canto.org/199346,chbsan/XC199346.ogg
chbsan,[],['flight call'],27.2575,70.892,Pterocles exustus,Chestnut-bellied Sandgrouse,Mike Nelson,Creative Commons Attribution-NonCommercial-ShareAlike 4.0,4.0,17:30,https://www.xeno-canto.org/308186,chbsan/XC308186.ogg
chbsan,[],['flight call'],27.2575,70.892,Pterocles exustus,Chestnut-bellied Sandgrouse,Mike Nelson,Creative Commons Attribution-NonCommercial-ShareAlike 4.0,4.0,17:30,https://www.xeno-canto.org/308187,chbsan/XC308187.ogg
chbsan,[],"['call', 'flight call']",17.7172,53.0597,Pterocles exustus,Chestnut-bellied Sandgrouse,AUDEVARD Aurélien,Creative Commons Attribution-NonCommercial-ShareAlike 4.0,4.0,08:30,https://www.xeno-canto.org/444468,chbsan/XC444468.ogg
chbsan,[],"['call', 'flight call']",17.7172,53.0597,Pterocles exustus,Chestnut-bellied Sandgrouse,AUDEVARD Aurélien,Creative Commons Attribution-NonCommercial-ShareAlike 4.0,4.0,08:30,https://www.xeno-canto.org/444469,chbsan/XC444469.ogg
chbsan,[],"['call', 'flight call']",17.7172,53.0597,Pterocles exustus,Chestnut-bellied Sandgrouse,AUDEVARD Aurélien,Creative Commons Attribution-NonCommercial-ShareAlike 4.0,4.5,08:30,https://www.xeno-canto.org/444470,chbsan/XC444470.ogg
chbsan,[],"['Wing flaps', 'call', 'flight call', 'life stage uncertain']",9.4761,40.0227,Pterocles exustus,Chestnut-bellied Sandgrouse,Aladdin,Creative Commons Attribution-NonCommercial-ShareAlike 4.0,0.0,08:30,https://www.xeno-canto.org/504015,chbsan/XC504015.ogg
chbsan,[],['flight call'],27.1505,57.0518,Pterocles exustus,Chestnut-bellied Sandgrouse,Cedric Mroczko,Creative Commons Attribution-NonCommercial-ShareAlike 4.0,0.5,15:30,https://www.xeno-canto.org/514860,chbsan/XC514860.ogg
chbsan,[],['flight call'],23.5435,68.6973,Pterocles exustus,Chestnut-bellied Sandgrouse,Jelle Scharringa,Creative Commons Attribution-NonCommercial-ShareAlike 4.0,3.5,10:30,https://www.xeno-canto.org/604297,chbsan/XC604297.ogg
chbsan,[],['flight call'],23.4231,71.9416,Pterocles exustus,Chestnut-bellied Sandgrouse,Jelle Scharringa,Creative Commons Attribution-NonCommercial-ShareAlike 4.0,3.5,12:30,https://www.xeno-canto.org/604298,chbsan/XC604298.ogg
chbsan,[],['flight call'],23.4231,71.9416,Pterocles exustus,Chestnut-bellied Sandgrouse,Jelle Scharringa,Creative Commons Attribution-NonCommercial-ShareAlike 4.0,4.0,12:30,https://www.xeno-canto.org/604299,chbsan/XC604299.ogg
chbsan,[],['flight call'],23.4231,71.9416,Pterocles exustus,Chestnut-bellied Sandgrouse,Jelle Scharringa,Creative Commons Attribution-NonCommercial-ShareAlike 4.0,4.0,18:30,https://www.xeno-canto.org/604300,chbsan/XC604300.ogg
chemun,[],['call'],6.3717,116.4459,Lonchura atricapilla,Chestnut Munia,Mike Nelson,Creative Commons Attribution-NonCommercial-ShareAlike 3.0,4.0,10:00,https://www.xeno-canto.org/150687,chemun/XC150687.ogg
chemun,[],['call'],6.3717,116.4459,Lonchura atricapilla,Chestnut Munia,Mike Nelson,Creative Commons Attribution-NonCommercial-ShareAlike 3.0,4.0,10:00,https://www.xeno-canto.org/150688,chemun/XC150688.ogg
chemun,[],['call'],5.8664,117.9506,Lonchura atricapilla,Chestnut Munia,Mike Nelson,Creative Commons Attribution-NonCommercial-ShareAlike 3.0,4.0,13:00,https://www.xeno-canto.org/150792,chemun/XC150792.ogg
chemun,[],['call'],4.9327,100.4593,Lonchura atricapilla,Chestnut Munia,Mike Nelson,Creative Commons Attribution-NonCommercial-ShareAlike 3.0,4.0,08:30,https://www.xeno-canto.org/151329,chemun/XC151329.ogg
chemun,[],['call'],5.8664,117.9506,Lonchura atricapilla,Chestnut Munia,nick talbot,Creative Commons Attribution-NonCommercial-ShareAlike 4.0,2.0,14:00,https://www.xeno-canto.org/182657,chemun/XC182657.ogg
chemun,[],['call'],1.4834,124.8473,Lonchura atricapilla,Chestnut Munia,David Farrow,Creative Commons Attribution-NonCommercial-ShareAlike 3.0,5.0,?:?,https://www.xeno-canto.org/19628,chemun/XC19628.ogg
chemun,[],['call'],21.4103,-157.7888,Lonchura atricapilla,Chestnut Munia,Ross Gallardy,Creative Commons Attribution-NonCommercial-ShareAlike 4.0,2.0,14:30,https://www.xeno-canto.org/207444,chemun/XC207444.ogg
chemun,[],"['call', 'flight call']",21.4103,-157.7888,Lonchura atricapilla,Chestnut Munia,Ross Gallardy,Creative Commons Attribution-NonCommercial-ShareAlike 4.0,2.0,14:30,https://www.xeno-canto.org/207445,chemun/XC207445.ogg
chemun,[],['call'],7.3397,134.4606,Lonchura atricapilla,Chestnut Munia,JVMoore,Creative Commons Attribution-NonCommercial-ShareAlike 4.0,4.0,?,https://www.xeno-canto.org/291716,chemun/XC291716.ogg
chemun,[],['call'],17.8269,102.6764,Lonchura atricapilla,Chestnut Munia,Bram Piot,Creative Commons Attribution-NonCommercial-ShareAlike 4.0,4.0,07:45,https://www.xeno-canto.org/542006,chemun/XC542006.ogg
chemun,['spodov'],"['adult', 'flight call', 'sex uncertain']",23.8317,120.7944,Lonchura atricapilla,Chestnut Munia,Jerome Chie-Jen Ko,Creative Commons Attribution-NonCommercial-ShareAlike 4.0,2.5,09:40,https://www.xeno-canto.org/622956,chemun/XC622956.ogg
chemun,[],['song'],23.765,121.4798,Lonchura atricapilla,Chestnut Munia,Sunny Tseng,Creative Commons Attribution-NonCommercial-ShareAlike 4.0,4.0,07:00,https://www.xeno-canto.org/637243,chemun/XC637243.ogg
chukar,['chukar'],['advertising call'],43.5894,69.0038,Alectoris chukar,Chukar,Patrick Franke,Creative Commons Attribution-NonCommercial-ShareAlike 3.0,4.5,06:30,https://www.xeno-canto.org/120366,chukar/XC120366.ogg
chukar,[],"['series of calls', 'social call']",43.5894,69.0038,Alectoris chukar,Chukar,Patrick Franke,Creative Commons Attribution-NonCommercial-ShareAlike 3.0,3.5,08:02,https://www.xeno-canto.org/120373,chukar/XC120373.ogg
chukar,[],['song'],30.6748,35.6083,Alectoris chukar,Chukar,Manuel Schweizer,Creative Commons Attribution-NonCommercial-ShareAlike 3.0,5.0,17:30,https://www.xeno-canto.org/133064,chukar/XC133064.ogg
chukar,[],['song'],34.9613,32.4759,Alectoris chukar,Chukar,David Darrell-Lambert,Creative Commons Attribution-NonCommercial-ShareAlike 3.0,4.0,07:00,https://www.xeno-canto.org/146758,chukar/XC146758.ogg
chukar,[],['call'],43.9209,67.6331,Alectoris chukar,Chukar,Albert Lastukhin,Creative Commons Attribution-NonCommercial-ShareAlike 4.0,2.0,07:00,https://www.xeno-canto.org/183499,chukar/XC183499.ogg
chukar,[],"['alarm call', 'flight call']",42.4337,70.7151,Alectoris chukar,Chukar,Albert Lastukhin,Creative Commons Attribution-NonCommercial-ShareAlike 4.0,3.0,08:30,https://www.xeno-canto.org/183881,chukar/XC183881.ogg
chukar,[],['call'],35.8839,-106.3035,Alectoris chukar,Chukar,Mouser Williams,Creative Commons Attribution-NonCommercial-ShareAlike 4.0,5.0,19:00,https://www.xeno-canto.org/233760,chukar/XC233760.ogg
chukar,[],"['alarm call', 'call', 'flight call']",34.7685,33.3206,Alectoris chukar,Chukar,Lars Lachmann,Creative Commons Attribution-NonCommercial-ShareAlike 4.0,4.0,08:00,https://www.xeno-canto.org/330928,chukar/XC330928.ogg
chukar,[],['call'],34.7685,33.3206,Alectoris chukar,Chukar,Lars Lachmann,Creative Commons Attribution-NonCommercial-ShareAlike 4.0,4.0,09:00,https://www.xeno-canto.org/330932,chukar/XC330932.ogg
chukar,[],['alarm call'],48.871,-119.6824,Alectoris chukar,Chukar,Bruce Lagerquist,Creative Commons Attribution-NonCommercial-ShareAlike 4.0,4.0,12:30,https://www.xeno-canto.org/338428,chukar/XC338428.ogg
chukar,[],['alarm call'],43.2168,42.6899,Alectoris chukar,Chukar,Albert Lastukhin,Creative Commons Attribution-NonCommercial-ShareAlike 4.0,1.0,13:30,https://www.xeno-canto.org/340621,chukar/XC340621.ogg
chukar,[],['bird Chukar Partridge'],35.8298,51.4619,Alectoris chukar,Chukar,Kaveh Jamali,Creative Commons Attribution-NonCommercial-ShareAlike 4.0,3.0,09:30,https://www.xeno-canto.org/347721,chukar/XC347721.ogg
chukar,[],['song'],37.1875,26.8264,Alectoris chukar,Chukar,Tassos Sakoulis,Creative Commons Attribution-NonCommercial-ShareAlike 4.0,4.0,09:00,https://www.xeno-canto.org/357171,chukar/XC357171.ogg
chukar,[],['alarm call'],46.8326,-119.5261,Alectoris chukar,Chukar,Bruce Lagerquist,Creative Commons Attribution-NonCommercial-ShareAlike 4.0,4.5,16:00,https://www.xeno-canto.org/387754,chukar/XC387754.ogg
chukar,[],['song'],35.988,53.4845,Alectoris chukar,Chukar,Patrik Åberg,Creative Commons Attribution-NonCommercial-ShareAlike 4.0,3.5,17:56,https://www.xeno-canto.org/404863,chukar/XC404863.ogg
chukar,[],['song'],35.988,53.4845,Alectoris chukar,Chukar,Patrik Åberg,Creative Commons Attribution-NonCommercial-ShareAlike 4.0,3.5,18:57,https://www.xeno-canto.org/404864,chukar/XC404864.ogg
chukar,[],['song'],35.988,53.4845,Alectoris chukar,Chukar,Patrik Åberg,Creative Commons Attribution-NonCommercial-ShareAlike 4.0,4.0,18:54,https://www.xeno-canto.org/404865,chukar/XC404865.ogg
chukar,[],"['call', 'song']",35.988,53.4845,Alectoris chukar,Chukar,Patrik Åberg,Creative Commons Attribution-NonCommercial-ShareAlike 4.0,4.0,19:00,https://www.xeno-canto.org/404866,chukar/XC404866.ogg
chukar,[],['call'],31.3889,34.866,Alectoris chukar,Chukar,Marcin Sołowiej,Creative Commons Attribution-NonCommercial-ShareAlike 4.0,4.0,10:30,https://www.xeno-canto.org/408258,chukar/XC408258.ogg
chukar,[],['call'],37.6504,24.0271,Alectoris chukar,Chukar,Paul van Els,Creative Commons Attribution-NonCommercial-ShareAlike 4.0,0.0,09:00,https://www.xeno-canto.org/429204,chukar/XC429204.ogg
chukar,[],['call'],36.4631,25.4083,Alectoris chukar,Chukar,nick talbot,Creative Commons Attribution-NonCommercial-ShareAlike 4.0,4.0,14:50,https://www.xeno-canto.org/459396,chukar/XC459396.ogg
chukar,[],"['alarm call', 'juvenile']",32.4773,35.4342,Alectoris chukar,Chukar,Manuel Grosselet,Creative Commons Attribution-NonCommercial-ShareAlike 4.0,5.0,10:30,https://www.xeno-canto.org/466103,chukar/XC466103.ogg
chukar,[],"['begging call', 'call']",32.4773,35.4342,Alectoris chukar,Chukar,Manuel Grosselet,Creative Commons Attribution-NonCommercial-ShareAlike 4.0,3.0,08:30,https://www.xeno-canto.org/466117,chukar/XC466117.ogg
chukar,[],['call'],37.3726,56.3798,Alectoris chukar,Chukar,Alain Verneau,Creative Commons Attribution-NonCommercial-ShareAlike 4.0,5.0,10:00,https://www.xeno-canto.org/472243,chukar/XC472243.ogg
chukar,[],"['male', 'song']",38.6193,48.4367,Alectoris chukar,Chukar,Albert Lastukhin,Creative Commons Attribution-NonCommercial-ShareAlike 4.0,4.5,05:00,https://www.xeno-canto.org/480190,chukar/XC480190.ogg
chukar,[],"['male', 'song']",38.6193,48.4367,Alectoris chukar,Chukar,Albert Lastukhin,Creative Commons Attribution-NonCommercial-ShareAlike 4.0,4.5,05:00,https://www.xeno-canto.org/480191,chukar/XC480191.ogg
chukar,[],"['call', 'female']",38.6193,48.4367,Alectoris chukar,Chukar,Albert Lastukhin,Creative Commons Attribution-NonCommercial-ShareAlike 4.0,2.5,05:00,https://www.xeno-canto.org/480192,chukar/XC480192.ogg
chukar,[],['call'],34.8247,33.5952,Alectoris chukar,Chukar,Sławomir Karpicki-Ignatowski,Creative Commons Attribution-NonCommercial-ShareAlike 4.0,2.0,11:30,https://www.xeno-canto.org/505423,chukar/XC505423.ogg
chukar,[],['song'],43.5126,78.9708,Alectoris chukar,Chukar,Fernando del Valle,Creative Commons Attribution-NonCommercial-ShareAlike 4.0,3.0,08:00,https://www.xeno-canto.org/513305,chukar/XC513305.ogg
chukar,[],['call'],31.3446,35.1123,Alectoris chukar,Chukar,Ed Stubbs,Creative Commons Attribution-NonCommercial-ShareAlike 4.0,3.0,10:00,https://www.xeno-canto.org/523756,chukar/XC523756.ogg
chukar,[],"['alarm call', 'flight call', 'wing noise']",35.1842,33.8992,Alectoris chukar,Chukar,Regina Eidner,Creative Commons Attribution-NonCommercial-ShareAlike 4.0,4.0,09:30,https://www.xeno-canto.org/528931,chukar/XC528931.ogg
chukar,[],"['male', 'song']",35.1842,33.8992,Alectoris chukar,Chukar,Regina Eidner,Creative Commons Attribution-NonCommercial-ShareAlike 4.0,4.0,09:29,https://www.xeno-canto.org/528932,chukar/XC528932.ogg
chukar,[],['call'],35.1842,33.8992,Alectoris chukar,Chukar,Regina Eidner,Creative Commons Attribution-NonCommercial-ShareAlike 4.0,4.0,09:10,https://www.xeno-canto.org/528934,chukar/XC528934.ogg
chukar,[],['call'],35.1842,33.8992,Alectoris chukar,Chukar,Regina Eidner,Creative Commons Attribution-NonCommercial-ShareAlike 4.0,4.0,09:20,https://www.xeno-canto.org/528938,chukar/XC528938.ogg
chukar,[],"['call', 'song']",35.1842,33.8992,Alectoris chukar,Chukar,Regina Eidner,Creative Commons Attribution-NonCommercial-ShareAlike 4.0,3.5,09:29,https://www.xeno-canto.org/528949,chukar/XC528949.ogg
chukar,[],"['adult', 'male', 'song']",37.6623,30.4618,Alectoris chukar,Chukar,Lider Sinav,Creative Commons Attribution-NonCommercial-ShareAlike 4.0,1.5,08:20,https://www.xeno-canto.org/561649,chukar/XC561649.ogg
chukar,['chukar'],"['adult', 'call']",34.8519,32.3977,Alectoris chukar,Chukar,Sławomir Karpicki-Ignatowski,Creative Commons Attribution-NonCommercial-ShareAlike 4.0,2.5,17:30,https://www.xeno-canto.org/586842,chukar/XC586842.ogg
chukar,[],"['adult', 'call', 'sex uncertain']",37.2433,-118.1934,Alectoris chukar,Chukar,Ron Overholtz,Creative Commons Attribution-NonCommercial-ShareAlike 4.0,4.0,10:00,https://www.xeno-canto.org/666132,chukar/XC666132.ogg
chukar,[],['flush call'],20.723,-156.165,Alectoris chukar,Chukar,Todd Mark,Creative Commons Attribution-NonCommercial-ShareAlike 3.0,3.0,10:00,https://www.xeno-canto.org/75480,chukar/XC75480.ogg
cintea,[],"['call', 'male']",41.313,-105.5787,Spatula cyanoptera,Cinnamon Teal,GABRIEL LEITE,Creative Commons Attribution-NonCommercial-ShareAlike 3.0,2.0,09:00,https://www.xeno-canto.org/139898,cintea/XC139898.ogg
cintea,[],['call'],35.0307,-120.6205,Spatula cyanoptera,Cinnamon Teal,Thomas G. Graves,Creative Commons Attribution-NonCommercial-ShareAlike 4.0,2.5,8:34,https://www.xeno-canto.org/201412,cintea/XC201412.ogg
cintea,"['gadwal', 'rinphe']","['call', 'male']",48.4183,-107.6657,Spatula cyanoptera,Cinnamon Teal,Paul Marvin,Creative Commons Attribution-NonCommercial-ShareAlike 4.0,3.5,09:40,https://www.xeno-canto.org/284309,cintea/XC284309.ogg
cintea,[],"['female', 'flight call']",33.2215,-115.5825,Spatula cyanoptera,Cinnamon Teal,Paul Marvin,Creative Commons Attribution-NonCommercial-ShareAlike 4.0,2.5,06:51,https://www.xeno-canto.org/323983,cintea/XC323983.ogg
cintea,[],"['female', 'flight call']",33.2215,-115.5825,Spatula cyanoptera,Cinnamon Teal,Paul Marvin,Creative Commons Attribution-NonCommercial-ShareAlike 4.0,3.5,17:22,https://www.xeno-canto.org/323984,cintea/XC323984.ogg
cintea,[],"['flight call', 'male']",33.2215,-115.5825,Spatula cyanoptera,Cinnamon Teal,Paul Marvin,Creative Commons Attribution-NonCommercial-ShareAlike 4.0,1.5,06:53,https://www.xeno-canto.org/323985,cintea/XC323985.ogg
cintea,[],"['female', 'flight call', 'male']",33.2215,-115.5825,Spatula cyanoptera,Cinnamon Teal,Paul Marvin,Creative Commons Attribution-NonCommercial-ShareAlike 4.0,2.5,17:02,https://www.xeno-canto.org/324095,cintea/XC324095.ogg
cintea,[],"['alarm call', 'female']",19.462,-98.9683,Spatula cyanoptera,Cinnamon Teal,Manuel Grosselet,Creative Commons Attribution-NonCommercial-ShareAlike 4.0,3.0,12:00,https://www.xeno-canto.org/428666,cintea/XC428666.ogg
cintea,[],['flight call'],33.1612,-115.6414,Spatula cyanoptera,Cinnamon Teal,Paul Marvin,Creative Commons Attribution-NonCommercial-ShareAlike 4.0,2.5,09:19,https://www.xeno-canto.org/459348,cintea/XC459348.ogg
cintea,['calqua'],"['alarm call', 'call', 'female']",41.9132,-119.4609,Spatula cyanoptera,Cinnamon Teal,Bobby Wilcox,Creative Commons Attribution-NonCommercial-ShareAlike 4.0,3.5,07:00,https://www.xeno-canto.org/510630,cintea/XC510630.ogg
cintea,[],['call'],25.6007,-109.0504,Spatula cyanoptera,Cinnamon Teal,Manuel Grosselet,Creative Commons Attribution-NonCommercial-ShareAlike 4.0,3.5,09:30,https://www.xeno-canto.org/519783,cintea/XC519783.ogg
cintea,"['cangoo', 'sora']","['adult', 'call', 'male']",39.736,-120.3057,Spatula cyanoptera,Cinnamon Teal,Ed Pandolfino,Creative Commons Attribution-NonCommercial-ShareAlike 4.0,3.5,08:00,https://www.xeno-canto.org/578138,cintea/XC578138.ogg
cintea,[],"['adult', 'call', 'sex uncertain']",35.0297,-120.6221,Spatula cyanoptera,Cinnamon Teal,Thomas G. Graves,Creative Commons Attribution-NonCommercial-ShareAlike 4.0,2.5,8:47,https://www.xeno-canto.org/585529,cintea/XC585529.ogg
cintea,[],"['adult', 'call', 'sex uncertain']",35.0297,-120.6221,Spatula cyanoptera,Cinnamon Teal,Thomas G. Graves,Creative Commons Attribution-NonCommercial-ShareAlike 4.0,4.0,8:50,https://www.xeno-canto.org/585530,cintea/XC585530.ogg
cintea,[],"['adult', 'flight call', 'sex uncertain']",31.5633,-109.716,Spatula cyanoptera,Cinnamon Teal,Richard E. Webster,Creative Commons Attribution-NonCommercial-ShareAlike 4.0,4.0,17:36,https://www.xeno-canto.org/611977,cintea/XC611977.ogg
cintea,[],"['adult', 'call', 'flight call', 'male', 'sex uncertain']",31.5633,-109.716,Spatula cyanoptera,Cinnamon Teal,Richard E. Webster,Creative Commons Attribution-NonCommercial-ShareAlike 4.0,3.5,17:12,https://www.xeno-canto.org/611978,cintea/XC611978.ogg
comgal1,[],['song'],-20.79,-42.8882,Gallinula galeata,Common Gallinule,Noé Eiterer,Creative Commons Attribution-NonCommercial-ShareAlike 3.0,4.0,08:30,https://www.xeno-canto.org/114665,comgal1/XC114665.ogg
comgal1,[],['call'],-22.6771,-47.9831,Gallinula galeata,Common Gallinule,GABRIEL LEITE,Creative Commons Attribution-NonCommercial-ShareAlike 3.0,3.0,08:30,https://www.xeno-canto.org/123236,comgal1/XC123236.ogg
comgal1,[],['call'],-18.1206,-63.6471,Gallinula galeata,Common Gallinule,Dan Lane,Creative Commons Attribution-NonCommercial-ShareAlike 3.0,3.5,06:00,https://www.xeno-canto.org/123978,comgal1/XC123978.ogg
comgal1,[],['call'],-18.1206,-63.6471,Gallinula galeata,Common Gallinule,Dan Lane,Creative Commons Attribution-NonCommercial-ShareAlike 3.0,5.0,06:00,https://www.xeno-canto.org/123981,comgal1/XC123981.ogg
comgal1,[],['call'],14.6948,-91.2806,Gallinula galeata,Common Gallinule,Mike Nelson,Creative Commons Attribution-NonCommercial-ShareAlike 3.0,3.5,15:30,https://www.xeno-canto.org/125690,comgal1/XC125690.ogg
comgal1,['comgal1'],['song'],4.7295,-74.1495,Gallinula galeata,Common Gallinule,Oswaldo Cortes,Creative Commons Attribution-NonCommercial-ShareAlike 3.0,4.5,06:30,https://www.xeno-canto.org/128051,comgal1/XC128051.ogg
comgal1,[],['call'],28.1918,-82.7214,Gallinula galeata,Common Gallinule,Mike Nelson,Creative Commons Attribution-NonCommercial-ShareAlike 3.0,4.0,09:30,https://www.xeno-canto.org/130543,comgal1/XC130543.ogg
comgal1,[],['call'],-22.4508,-42.7735,Gallinula galeata,Common Gallinule,Eric DeFonso,Creative Commons Attribution-NonCommercial-ShareAlike 3.0,4.5,04:45,https://www.xeno-canto.org/130851,comgal1/XC130851.ogg
comgal1,[],['call'],-22.4508,-42.7735,Gallinula galeata,Common Gallinule,Eric DeFonso,Creative Commons Attribution-NonCommercial-ShareAlike 3.0,3.5,05:33,https://www.xeno-canto.org/130855,comgal1/XC130855.ogg
comgal1,[],['call'],-22.4508,-42.7735,Gallinula galeata,Common Gallinule,Eric DeFonso,Creative Commons Attribution-NonCommercial-ShareAlike 3.0,3.5,17:53,https://www.xeno-canto.org/130881,comgal1/XC130881.ogg
comgal1,[],['song'],-22.4508,-42.7735,Gallinula galeata,Common Gallinule,Eric DeFonso,Creative Commons Attribution-NonCommercial-ShareAlike 3.0,4.0,08:56,https://www.xeno-canto.org/131053,comgal1/XC131053.ogg
comgal1,[],['call'],-22.4508,-42.7735,Gallinula galeata,Common Gallinule,Eric DeFonso,Creative Commons Attribution-NonCommercial-ShareAlike 3.0,4.0,17:31,https://www.xeno-canto.org/131319,comgal1/XC131319.ogg
comgal1,[],['call'],28.2267,-80.7645,Gallinula galeata,Common Gallinule,Paul Marvin,Creative Commons Attribution-NonCommercial-ShareAlike 3.0,4.0,11:17,https://www.xeno-canto.org/139954,comgal1/XC139954.ogg
comgal1,[],['call'],28.2267,-80.7645,Gallinula galeata,Common Gallinule,Paul Marvin,Creative Commons Attribution-NonCommercial-ShareAlike 3.0,5.0,11:34,https://www.xeno-canto.org/139955,comgal1/XC139955.ogg
comgal1,[],['call'],28.2267,-80.7645,Gallinula galeata,Common Gallinule,Paul Marvin,Creative Commons Attribution-NonCommercial-ShareAlike 3.0,3.0,11:35,https://www.xeno-canto.org/139956,comgal1/XC139956.ogg
comgal1,['comgal1'],"['call', 'juvenile']",32.8688,-114.4516,Gallinula galeata,Common Gallinule,Bobby Wilcox,Creative Commons Attribution-NonCommercial-ShareAlike 3.0,3.5,10:45,https://www.xeno-canto.org/140011,comgal1/XC140011.ogg
comgal1,[],"['call', 'juvenile']",28.2267,-80.7645,Gallinula galeata,Common Gallinule,Paul Marvin,Creative Commons Attribution-NonCommercial-ShareAlike 3.0,5.0,08:51,https://www.xeno-canto.org/140499,comgal1/XC140499.ogg
comgal1,[],"['call', 'juvenile']",28.2267,-80.7645,Gallinula galeata,Common Gallinule,Paul Marvin,Creative Commons Attribution-NonCommercial-ShareAlike 3.0,5.0,08:34,https://www.xeno-canto.org/140500,comgal1/XC140500.ogg
comgal1,[],"['call', 'juvenile']",28.2267,-80.7645,Gallinula galeata,Common Gallinule,Paul Marvin,Creative Commons Attribution-NonCommercial-ShareAlike 3.0,5.0,08:55,https://www.xeno-canto.org/140502,comgal1/XC140502.ogg
comgal1,[],['call'],28.2267,-80.7645,Gallinula galeata,Common Gallinule,Paul Marvin,Creative Commons Attribution-NonCommercial-ShareAlike 3.0,5.0,07:53,https://www.xeno-canto.org/140503,comgal1/XC140503.ogg
comgal1,[],['call'],28.2267,-80.7645,Gallinula galeata,Common Gallinule,Paul Marvin,Creative Commons Attribution-NonCommercial-ShareAlike 3.0,5.0,08:51,https://www.xeno-canto.org/140506,comgal1/XC140506.ogg
comgal1,[],"['begging call', 'call', 'juvenile']",28.2267,-80.7645,Gallinula galeata,Common Gallinule,Paul Marvin,Creative Commons Attribution-NonCommercial-ShareAlike 3.0,5.0,08:24,https://www.xeno-canto.org/140779,comgal1/XC140779.ogg
comgal1,[],"['begging call', 'call', 'juvenile']",28.2267,-80.7645,Gallinula galeata,Common Gallinule,Paul Marvin,Creative Commons Attribution-NonCommercial-ShareAlike 3.0,5.0,08:20,https://www.xeno-canto.org/140781,comgal1/XC140781.ogg
comgal1,[],['song'],-20.79,-42.8882,Gallinula galeata,Common Gallinule,Noé Eiterer,Creative Commons Attribution-NonCommercial-ShareAlike 3.0,5.0,14:00,https://www.xeno-canto.org/143233,comgal1/XC143233.ogg
comgal1,[],['call'],28.5785,-80.9961,Gallinula galeata,Common Gallinule,Paul Marvin,Creative Commons Attribution-NonCommercial-ShareAlike 3.0,5.0,07:57,https://www.xeno-canto.org/143695,comgal1/XC143695.ogg
comgal1,[],['alarm call'],-23.639,-46.619,Gallinula galeata,Common Gallinule,Antonio Silveira,Creative Commons Attribution-NonCommercial-ShareAlike 3.0,4.0,09:00,https://www.xeno-canto.org/145379,comgal1/XC145379.ogg
comgal1,[],['call'],26.4988,-80.2141,Gallinula galeata,Common Gallinule,Paul Marvin,Creative Commons Attribution-NonCommercial-ShareAlike 3.0,5.0,16:28,https://www.xeno-canto.org/145775,comgal1/XC145775.ogg
comgal1,[],['call'],26.4988,-80.2141,Gallinula galeata,Common Gallinule,Paul Marvin,Creative Commons Attribution-NonCommercial-ShareAlike 3.0,5.0,16:40,https://www.xeno-canto.org/145776,comgal1/XC145776.ogg
comgal1,[],['call'],28.2267,-80.7645,Gallinula galeata,Common Gallinule,Paul Marvin,Creative Commons Attribution-NonCommercial-ShareAlike 3.0,5.0,10:07,https://www.xeno-canto.org/145777,comgal1/XC145777.ogg
comgal1,[],"['call', 'flight call']",28.2267,-80.7645,Gallinula galeata,Common Gallinule,Paul Marvin,Creative Commons Attribution-NonCommercial-ShareAlike 3.0,5.0,07:57,https://www.xeno-canto.org/147315,comgal1/XC147315.ogg
comgal1,[],['call'],28.2267,-80.7645,Gallinula galeata,Common Gallinule,Paul Marvin,Creative Commons Attribution-NonCommercial-ShareAlike 3.0,5.0,07:53,https://www.xeno-canto.org/147316,comgal1/XC147316.ogg
comgal1,[],['call'],28.2267,-80.7645,Gallinula galeata,Common Gallinule,Paul Marvin,Creative Commons Attribution-NonCommercial-ShareAlike 3.0,5.0,07:56,https://www.xeno-canto.org/147317,comgal1/XC147317.ogg
comgal1,[],['call'],28.2267,-80.7645,Gallinula galeata,Common Gallinule,Paul Marvin,Creative Commons Attribution-NonCommercial-ShareAlike 3.0,5.0,10:24,https://www.xeno-canto.org/147318,comgal1/XC147318.ogg
comgal1,[],['call'],4.716667,-74.15,Gallinula galeata,Common Gallinule,Gary Stiles (Colección de Sonidos Ambientales - Instituto Humboldt),Creative Commons Attribution-NonCommercial-ShareAlike 3.0,5.0,?,https://www.xeno-canto.org/148198,comgal1/XC148198.ogg
comgal1,[],"['call', 'juvenile']",28.2267,-80.7645,Gallinula galeata,Common Gallinule,Paul Marvin,Creative Commons Attribution-NonCommercial-ShareAlike 3.0,5.0,08:28,https://www.xeno-canto.org/150235,comgal1/XC150235.ogg
comgal1,[],['call'],28.2267,-80.7645,Gallinula galeata,Common Gallinule,Paul Marvin,Creative Commons Attribution-NonCommercial-ShareAlike 3.0,4.0,10:49,https://www.xeno-canto.org/166091,comgal1/XC166091.ogg
comgal1,[],['call'],28.5785,-80.9961,Gallinula galeata,Common Gallinule,Paul Marvin,Creative Commons Attribution-NonCommercial-ShareAlike 4.0,5.0,07:28,https://www.xeno-canto.org/173584,comgal1/XC173584.ogg
comgal1,[],['call'],18.012,-67.1043,Gallinula galeata,Common Gallinule,Eric DeFonso,Creative Commons Attribution-NonCommercial-ShareAlike 4.0,4.5,08:00,https://www.xeno-canto.org/173685,comgal1/XC173685.ogg
comgal1,[],['song'],-28.0068,-50.8742,Gallinula galeata,Common Gallinule,Douglas Meyer,Creative Commons Attribution-NonCommercial-ShareAlike 4.0,3.0,17:55,https://www.xeno-canto.org/174645,comgal1/XC174645.ogg
comgal1,[],['call'],-28.9361,-49.4923,Gallinula galeata,Common Gallinule,João Antônio de B. Vitto,Creative Commons Attribution-NonCommercial-ShareAlike 4.0,3.0,08:00,https://www.xeno-canto.org/174722,comgal1/XC174722.ogg
comgal1,[],['call'],33.0881,-115.7097,Gallinula galeata,Common Gallinule,Ryan P. O'Donnell,Creative Commons Attribution-NonCommercial-ShareAlike 4.0,5.0,20:15,https://www.xeno-canto.org/174872,comgal1/XC174872.ogg
comgal1,[],"['alarm call', 'juvenile']",34.7475,-114.5172,Gallinula galeata,Common Gallinule,Bobby Wilcox,Creative Commons Attribution-NonCommercial-ShareAlike 4.0,2.0,08:00,https://www.xeno-canto.org/179464,comgal1/XC179464.ogg
comgal1,[],"['call', 'juvenile']",-23.6866,-46.7013,Gallinula galeata,Common Gallinule,Fernando Igor de Godoy,Creative Commons Attribution-NonCommercial-ShareAlike 4.0,3.0,16:00,https://www.xeno-canto.org/186325,comgal1/XC186325.ogg
comgal1,[],['song'],-23.7015,-46.754,Gallinula galeata,Common Gallinule,Fernando Igor de Godoy,Creative Commons Attribution-NonCommercial-ShareAlike 4.0,3.0,10:00,https://www.xeno-canto.org/186327,comgal1/XC186327.ogg
comgal1,[],"['call', 'song']",33.3896,-112.2599,Gallinula galeata,Common Gallinule,Phoenix Birder,Creative Commons Attribution-NonCommercial-ShareAlike 4.0,4.0,07:11,https://www.xeno-canto.org/187977,comgal1/XC187977.ogg
comgal1,[],['alarm call'],22.037,-159.7655,Gallinula galeata,Common Gallinule,Brady S.,Creative Commons Attribution-NonCommercial-ShareAlike 4.0,4.0,08:30,https://www.xeno-canto.org/190826,comgal1/XC190826.ogg
comgal1,[],['song'],46.154,-72.7455,Gallinula galeata,Common Gallinule,Martin St-Michel,Creative Commons Attribution-NonCommercial-ShareAlike 4.0,5.0,06:22,https://www.xeno-canto.org/191491,comgal1/XC191491.ogg
comgal1,[],['call'],27.9368,-81.2252,Gallinula galeata,Common Gallinule,Paul Marvin,Creative Commons Attribution-NonCommercial-ShareAlike 4.0,4.5,16:16,https://www.xeno-canto.org/192199,comgal1/XC192199.ogg
comgal1,[],['call'],29.2668,-81.0676,Gallinula galeata,Common Gallinule,Paul Marvin,Creative Commons Attribution-NonCommercial-ShareAlike 4.0,5.0,17:42,https://www.xeno-canto.org/192202,comgal1/XC192202.ogg
comgal1,[],['begging call'],26.4796,-80.1419,Gallinula galeata,Common Gallinule,Paul Marvin,Creative Commons Attribution-NonCommercial-ShareAlike 4.0,4.5,14:53,https://www.xeno-canto.org/196113,comgal1/XC196113.ogg
comgal1,[],"['begging call', 'juvenile']",26.4873,-80.161,Gallinula galeata,Common Gallinule,Paul Marvin,Creative Commons Attribution-NonCommercial-ShareAlike 4.0,4.5,11:07,https://www.xeno-canto.org/196114,comgal1/XC196114.ogg
comgal1,[],"['begging call', 'call', 'juvenile']",26.4873,-80.161,Gallinula galeata,Common Gallinule,Paul Marvin,Creative Commons Attribution-NonCommercial-ShareAlike 4.0,5.0,12:29,https://www.xeno-canto.org/196123,comgal1/XC196123.ogg
comgal1,[],['call'],26.4873,-80.161,Gallinula galeata,Common Gallinule,Paul Marvin,Creative Commons Attribution-NonCommercial-ShareAlike 4.0,4.0,09:49,https://www.xeno-canto.org/196125,comgal1/XC196125.ogg
comgal1,[],"['call', 'juvenile']",21.391,-157.743,Gallinula galeata,Common Gallinule,Ross Gallardy,Creative Commons Attribution-NonCommercial-ShareAlike 4.0,4.0,07:30,https://www.xeno-canto.org/207448,comgal1/XC207448.ogg
comgal1,[],"['alarm call', 'call']",21.391,-157.743,Gallinula galeata,Common Gallinule,Ross Gallardy,Creative Commons Attribution-NonCommercial-ShareAlike 4.0,5.0,07:30,https://www.xeno-canto.org/207449,comgal1/XC207449.ogg
comgal1,['hawcoo'],"['alarm call', 'call']",21.391,-157.743,Gallinula galeata,Common Gallinule,Ross Gallardy,Creative Commons Attribution-NonCommercial-ShareAlike 4.0,4.5,07:30,https://www.xeno-canto.org/207450,comgal1/XC207450.ogg
comgal1,[],['call'],21.391,-157.743,Gallinula galeata,Common Gallinule,Ross Gallardy,Creative Commons Attribution-NonCommercial-ShareAlike 4.0,4.0,07:30,https://www.xeno-canto.org/207451,comgal1/XC207451.ogg
comgal1,[],"['call', 'flight call']",28.2267,-80.7645,Gallinula galeata,Common Gallinule,Paul Marvin,Creative Commons Attribution-NonCommercial-ShareAlike 4.0,4.5,08:55,https://www.xeno-canto.org/218742,comgal1/XC218742.ogg
comgal1,[],"['begging call', 'call', 'juvenile']",28.5785,-80.9961,Gallinula galeata,Common Gallinule,Paul Marvin,Creative Commons Attribution-NonCommercial-ShareAlike 4.0,3.5,08:10,https://www.xeno-canto.org/218746,comgal1/XC218746.ogg
comgal1,['grbher3'],['call'],28.2267,-80.7645,Gallinula galeata,Common Gallinule,Paul Marvin,Creative Commons Attribution-NonCommercial-ShareAlike 4.0,4.5,07:50,https://www.xeno-canto.org/218750,comgal1/XC218750.ogg
comgal1,['wesmea'],['call'],22.2029,-159.473,Gallinula galeata,Common Gallinule,Dan Lane,Creative Commons Attribution-NonCommercial-ShareAlike 4.0,3.5,09:30,https://www.xeno-canto.org/235003,comgal1/XC235003.ogg
comgal1,['wesmea'],['call'],22.2029,-159.473,Gallinula galeata,Common Gallinule,Dan Lane,Creative Commons Attribution-NonCommercial-ShareAlike 4.0,2.5,09:30,https://www.xeno-canto.org/235004,comgal1/XC235004.ogg
comgal1,[],['call'],42.3632,-73.2437,Gallinula galeata,Common Gallinule,Tim Spahr,Creative Commons Attribution-NonCommercial-ShareAlike 4.0,3.5,02:30,https://www.xeno-canto.org/246282,comgal1/XC246282.ogg
comgal1,[],['call'],46.154,-72.7455,Gallinula galeata,Common Gallinule,Martin St-Michel,Creative Commons Attribution-NonCommercial-ShareAlike 4.0,3.5,07:23,https://www.xeno-canto.org/256295,comgal1/XC256295.ogg
comgal1,['comgal1'],"['alarm call', 'call']",46.154,-72.7455,Gallinula galeata,Common Gallinule,Martin St-Michel,Creative Commons Attribution-NonCommercial-ShareAlike 4.0,4.5,07:30,https://www.xeno-canto.org/256296,comgal1/XC256296.ogg
comgal1,['comgal1'],['call'],46.154,-72.7455,Gallinula galeata,Common Gallinule,Martin St-Michel,Creative Commons Attribution-NonCommercial-ShareAlike 4.0,4.5,07:34,https://www.xeno-canto.org/256297,comgal1/XC256297.ogg
comgal1,[],['calls'],-2.247,-80.941,Gallinula galeata,Common Gallinule,John V. Moore,Creative Commons Attribution-NonCommercial-ShareAlike 4.0,4.5,?,https://www.xeno-canto.org/257460,comgal1/XC257460.ogg
comgal1,[],['calls'],-0.703,-80.2,Gallinula galeata,Common Gallinule,John V. Moore,Creative Commons Attribution-NonCommercial-ShareAlike 4.0,3.5,?,https://www.xeno-canto.org/257461,comgal1/XC257461.ogg
comgal1,[],['calls'],-2.247,-80.941,Gallinula galeata,Common Gallinule,John V. Moore,Creative Commons Attribution-NonCommercial-ShareAlike 4.0,5.0,?,https://www.xeno-canto.org/257462,comgal1/XC257462.ogg
comgal1,[],['calls'],-0.703,-80.2,Gallinula galeata,Common Gallinule,John V. Moore,Creative Commons Attribution-NonCommercial-ShareAlike 4.0,3.5,?,https://www.xeno-canto.org/257463,comgal1/XC257463.ogg
comgal1,['sposan'],['calls'],-2.247,-80.941,Gallinula galeata,Common Gallinule,John V. Moore,Creative Commons Attribution-NonCommercial-ShareAlike 4.0,4.5,?,https://www.xeno-canto.org/257464,comgal1/XC257464.ogg
comgal1,[],['calls'],-0.703,-80.2,Gallinula galeata,Common Gallinule,John V. Moore,Creative Commons Attribution-NonCommercial-ShareAlike 4.0,5.0,?,https://www.xeno-canto.org/257465,comgal1/XC257465.ogg
comgal1,[],['calls'],-2.247,-80.941,Gallinula galeata,Common Gallinule,John V. Moore,Creative Commons Attribution-NonCommercial-ShareAlike 4.0,5.0,?,https://www.xeno-canto.org/257466,comgal1/XC257466.ogg
comgal1,[],['call'],-22.4508,-42.7735,Gallinula galeata,Common Gallinule,Jerome Fischer,Creative Commons Attribution-NonCommercial-ShareAlike 4.0,4.0,06:30,https://www.xeno-canto.org/279646,comgal1/XC279646.ogg
comgal1,[],['call'],33.6826,-114.5376,Gallinula galeata,Common Gallinule,Eric Hough,Creative Commons Attribution-NonCommercial-ShareAlike 4.0,3.5,07:00,https://www.xeno-canto.org/283394,comgal1/XC283394.ogg
comgal1,[],['call'],33.6826,-114.5376,Gallinula galeata,Common Gallinule,Eric Hough,Creative Commons Attribution-NonCommercial-ShareAlike 4.0,3.5,07:00,https://www.xeno-canto.org/283395,comgal1/XC283395.ogg
comgal1,[],['flight call'],-22.4508,-42.7735,Gallinula galeata,Common Gallinule,Jerome Fischer,Creative Commons Attribution-NonCommercial-ShareAlike 4.0,5.0,17:25,https://www.xeno-canto.org/291471,comgal1/XC291471.ogg
comgal1,[],['wipe-out'],45.2765,-73.956,Gallinula galeata,Common Gallinule,Patrick Turgeon,Creative Commons Attribution-NonCommercial-ShareAlike 4.0,1.5,16:53,https://www.xeno-canto.org/292674,comgal1/XC292674.ogg
comgal1,[],['call'],28.6781,-80.7717,Gallinula galeata,Common Gallinule,Paul Marvin,Creative Commons Attribution-NonCommercial-ShareAlike 4.0,5.0,08:32,https://www.xeno-canto.org/296662,comgal1/XC296662.ogg
comgal1,[],"['call', 'flight call']",28.2267,-80.7645,Gallinula galeata,Common Gallinule,Paul Marvin,Creative Commons Attribution-NonCommercial-ShareAlike 4.0,5.0,07:46,https://www.xeno-canto.org/297803,comgal1/XC297803.ogg
comgal1,[],['call'],-27.6393,-48.497,Gallinula galeata,Common Gallinule,GABRIEL LEITE,Creative Commons Attribution-NonCommercial-ShareAlike 4.0,4.0,09:00,https://www.xeno-canto.org/298133,comgal1/XC298133.ogg
comgal1,[],['song'],14.7927,-88.0149,Gallinula galeata,Common Gallinule,Alfonso Auerbach,Creative Commons Attribution-NonCommercial-ShareAlike 4.0,1.0,07:00,https://www.xeno-canto.org/302381,comgal1/XC302381.ogg
comgal1,[],['call'],4.6274,-74.161,Gallinula galeata,Common Gallinule,David Ricardo Rodríguez Villamil,Creative Commons Attribution-NonCommercial-ShareAlike 4.0,3.5,09:30,https://www.xeno-canto.org/303474,comgal1/XC303474.ogg
comgal1,[],"['begging call', 'call']",18.1481,-65.7712,Gallinula galeata,Common Gallinule,Ross Gallardy,Creative Commons Attribution-NonCommercial-ShareAlike 4.0,4.0,08:00,https://www.xeno-canto.org/308533,comgal1/XC308533.ogg
comgal1,[],['Call'],43.7745,-83.9378,Gallinula galeata,Common Gallinule,Allen T. Chartier,Creative Commons Attribution-NonCommercial-ShareAlike 3.0,2.5,?,https://www.xeno-canto.org/31226,comgal1/XC31226.ogg
comgal1,[],['call'],29.951,-93.079,Gallinula galeata,Common Gallinule,Dan Lane,Creative Commons Attribution-NonCommercial-ShareAlike 4.0,3.5,09:00,https://www.xeno-canto.org/317167,comgal1/XC317167.ogg
comgal1,[],['call'],29.951,-93.079,Gallinula galeata,Common Gallinule,Dan Lane,Creative Commons Attribution-NonCommercial-ShareAlike 4.0,3.5,09:00,https://www.xeno-canto.org/317168,comgal1/XC317168.ogg
comgal1,[],['call'],33.839,-106.883,Gallinula galeata,Common Gallinule,Matt Baumann,Creative Commons Attribution-NonCommercial-ShareAlike 4.0,4.5,16:30,https://www.xeno-canto.org/317509,comgal1/XC317509.ogg
comgal1,['pibgre'],['call'],46.154,-72.7455,Gallinula galeata,Common Gallinule,Martin St-Michel,Creative Commons Attribution-NonCommercial-ShareAlike 4.0,3.5,05:37,https://www.xeno-canto.org/320519,comgal1/XC320519.ogg
comgal1,['pibgre'],['call'],46.154,-72.7455,Gallinula galeata,Common Gallinule,Martin St-Michel,Creative Commons Attribution-NonCommercial-ShareAlike 4.0,3.5,05:42,https://www.xeno-canto.org/320520,comgal1/XC320520.ogg
comgal1,[],['call'],46.154,-72.7455,Gallinula galeata,Common Gallinule,Martin St-Michel,Creative Commons Attribution-NonCommercial-ShareAlike 4.0,3.5,06:09,https://www.xeno-canto.org/320669,comgal1/XC320669.ogg
comgal1,[],['call'],46.154,-72.7455,Gallinula galeata,Common Gallinule,Martin St-Michel,Creative Commons Attribution-NonCommercial-ShareAlike 4.0,5.0,06:45,https://www.xeno-canto.org/320777,comgal1/XC320777.ogg
comgal1,[],['call'],46.154,-72.7455,Gallinula galeata,Common Gallinule,Martin St-Michel,Creative Commons Attribution-NonCommercial-ShareAlike 4.0,4.5,07:18,https://www.xeno-canto.org/320778,comgal1/XC320778.ogg
comgal1,[],['call'],46.154,-72.7455,Gallinula galeata,Common Gallinule,Martin St-Michel,Creative Commons Attribution-NonCommercial-ShareAlike 4.0,5.0,07:23,https://www.xeno-canto.org/320779,comgal1/XC320779.ogg
comgal1,[],['call'],46.154,-72.7455,Gallinula galeata,Common Gallinule,Martin St-Michel,Creative Commons Attribution-NonCommercial-ShareAlike 4.0,4.0,05:45,https://www.xeno-canto.org/323556,comgal1/XC323556.ogg
comgal1,[],"['call', 'female']",38.5555,-121.2563,Gallinula galeata,Common Gallinule,Jim Holmes,Creative Commons Attribution-NonCommercial-ShareAlike 4.0,4.5,07:30,https://www.xeno-canto.org/325373,comgal1/XC325373.ogg
comgal1,[],"['juvenile', 'location  call']",33.454,-111.945,Gallinula galeata,Common Gallinule,Nick Komar,Creative Commons Attribution-NonCommercial-ShareAlike 4.0,3.5,16:30,https://www.xeno-canto.org/326250,comgal1/XC326250.ogg
comgal1,[],['call'],4.7625,-74.0534,Gallinula galeata,Common Gallinule,David Ricardo Rodríguez Villamil,Creative Commons Attribution-NonCommercial-ShareAlike 4.0,4.5,10:00,https://www.xeno-canto.org/327074,comgal1/XC327074.ogg
comgal1,[],['call'],4.7625,-74.0534,Gallinula galeata,Common Gallinule,David Ricardo Rodríguez Villamil,Creative Commons Attribution-NonCommercial-ShareAlike 4.0,3.5,10:00,https://www.xeno-canto.org/327112,comgal1/XC327112.ogg
comgal1,[],['song'],-20.4523,-44.8776,Gallinula galeata,Common Gallinule,Tulio Dornas,Creative Commons Attribution-NonCommercial-ShareAlike 4.0,3.0,10:00,https://www.xeno-canto.org/345348,comgal1/XC345348.ogg
comgal1,[],['call'],38.1846,-122.2791,Gallinula galeata,Common Gallinule,Jim Holmes,Creative Commons Attribution-NonCommercial-ShareAlike 4.0,3.0,11:00,https://www.xeno-canto.org/357035,comgal1/XC357035.ogg
comgal1,[],"['call', 'dawn']",12.5855,-61.3972,Gallinula galeata,Common Gallinule,Paul Driver,Creative Commons Attribution-NonCommercial-ShareAlike 4.0,0.0,06:52,https://www.xeno-canto.org/357040,comgal1/XC357040.ogg
comgal1,[],['call'],31.6296,-81.2669,Gallinula galeata,Common Gallinule,Russ Wigh,Creative Commons Attribution-NonCommercial-ShareAlike 4.0,4.5,10:30,https://www.xeno-canto.org/358070,comgal1/XC358070.ogg
comgal1,[],['call'],9.1121,-79.6882,Gallinula galeata,Common Gallinule,Kent Livezey,Creative Commons Attribution-NonCommercial-ShareAlike 4.0,3.5,09:54,https://www.xeno-canto.org/360769,comgal1/XC360769.ogg
comgal1,[],['call'],29.951,-93.079,Gallinula galeata,Common Gallinule,Dan Lane,Creative Commons Attribution-NonCommercial-ShareAlike 4.0,4.5,06:30,https://www.xeno-canto.org/368520,comgal1/XC368520.ogg
comgal1,[],['call'],29.951,-93.079,Gallinula galeata,Common Gallinule,Dan Lane,Creative Commons Attribution-NonCommercial-ShareAlike 4.0,3.5,07:00,https://www.xeno-canto.org/368522,comgal1/XC368522.ogg
comgal1,[],['call'],29.951,-93.079,Gallinula galeata,Common Gallinule,Dan Lane,Creative Commons Attribution-NonCommercial-ShareAlike 4.0,3.5,07:00,https://www.xeno-canto.org/368524,comgal1/XC368524.ogg
comgal1,[],['call'],29.951,-93.079,Gallinula galeata,Common Gallinule,Dan Lane,Creative Commons Attribution-NonCommercial-ShareAlike 4.0,3.5,07:30,https://www.xeno-canto.org/368531,comgal1/XC368531.ogg
comgal1,[],['call'],26.4873,-80.161,Gallinula galeata,Common Gallinule,Brian Henderson,Creative Commons Attribution-NonCommercial-ShareAlike 4.0,4.5,10:03,https://www.xeno-canto.org/382049,comgal1/XC382049.ogg
comgal1,[],['call'],46.154,-72.7455,Gallinula galeata,Common Gallinule,Martin St-Michel,Creative Commons Attribution-NonCommercial-ShareAlike 4.0,4.5,07:19,https://www.xeno-canto.org/384691,comgal1/XC384691.ogg
comgal1,[],['song'],46.154,-72.7455,Gallinula galeata,Common Gallinule,Martin St-Michel,Creative Commons Attribution-NonCommercial-ShareAlike 4.0,3.5,08:01,https://www.xeno-canto.org/384693,comgal1/XC384693.ogg
comgal1,[],['song'],46.154,-72.7455,Gallinula galeata,Common Gallinule,Martin St-Michel,Creative Commons Attribution-NonCommercial-ShareAlike 4.0,3.5,08:09,https://www.xeno-canto.org/384694,comgal1/XC384694.ogg
comgal1,[],['call'],46.154,-72.7455,Gallinula galeata,Common Gallinule,Martin St-Michel,Creative Commons Attribution-NonCommercial-ShareAlike 4.0,3.5,08:05,https://www.xeno-canto.org/384696,comgal1/XC384696.ogg
comgal1,[],['call'],9.9039,-71.1039,Gallinula galeata,Common Gallinule,Albert Lastukhin,Creative Commons Attribution-NonCommercial-ShareAlike 4.0,3.0,08:30,https://www.xeno-canto.org/384733,comgal1/XC384733.ogg
comgal1,[],['alarm call'],33.506,-79.0687,Gallinula galeata,Common Gallinule,Gary Harbour,Creative Commons Attribution-NonCommercial-ShareAlike 4.0,3.0,16:30,https://www.xeno-canto.org/396441,comgal1/XC396441.ogg
comgal1,[],"['female', 'juvenile']",-16.6869,-49.2648,Gallinula galeata,Common Gallinule,Nunes D'Acosta,Creative Commons Attribution-NonCommercial-ShareAlike 4.0,5.0,17:00,https://www.xeno-canto.org/396795,comgal1/XC396795.ogg
comgal1,[],"['call,juvenile']",-16.6869,-49.2648,Gallinula galeata,Common Gallinule,Nunes,Creative Commons Attribution-NonCommercial-ShareAlike 4.0,5.0,08:00,https://www.xeno-canto.org/401767,comgal1/XC401767.ogg
comgal1,[],"['begging call,juvenile']",-16.6869,-49.2648,Gallinula galeata,Common Gallinule,Nunes D'Acosta,Creative Commons Attribution-NonCommercial-ShareAlike 4.0,4.0,07:00,https://www.xeno-canto.org/403189,comgal1/XC403189.ogg
comgal1,[],['alarm call'],-16.5728,-49.3122,Gallinula galeata,Common Gallinule,JAYRSON ARAUJO DE OLIVEIRA,Creative Commons Attribution-NonCommercial-ShareAlike 4.0,5.0,08:17,https://www.xeno-canto.org/414334,comgal1/XC414334.ogg
comgal1,[],['call'],-13.5046,-71.9661,Gallinula galeata,Common Gallinule,Nils Agster,Creative Commons Attribution-NonCommercial-ShareAlike 4.0,5.0,16:30,https://www.xeno-canto.org/425690,comgal1/XC425690.ogg
comgal1,[],['canto'],-6.864,-43.6734,Gallinula galeata,Common Gallinule,Caio Brito,Creative Commons Attribution-NonCommercial-ShareAlike 4.0,4.0,16:40,https://www.xeno-canto.org/427406,comgal1/XC427406.ogg
comgal1,[],"['call', 'song']",-22.7036,-47.6068,Gallinula galeata,Common Gallinule,Fernando Igor de Godoy,Creative Commons Attribution-NonCommercial-ShareAlike 4.0,4.0,08:30,https://www.xeno-canto.org/435979,comgal1/XC435979.ogg
comgal1,[],['call'],-22.7036,-47.6068,Gallinula galeata,Common Gallinule,Fernando Igor de Godoy,Creative Commons Attribution-NonCommercial-ShareAlike 4.0,5.0,08:30,https://www.xeno-canto.org/435980,comgal1/XC435980.ogg
comgal1,[],"['flight call', 'song']",-14.625,-49.0051,Gallinula galeata,Common Gallinule,JAYRSON ARAUJO DE OLIVEIRA,Creative Commons Attribution-NonCommercial-ShareAlike 4.0,5.0,10:45,https://www.xeno-canto.org/443415,comgal1/XC443415.ogg
comgal1,[],['song'],-14.625,-49.0051,Gallinula galeata,Common Gallinule,JAYRSON ARAUJO DE OLIVEIRA,Creative Commons Attribution-NonCommercial-ShareAlike 4.0,4.0,8:31,https://www.xeno-canto.org/443416,comgal1/XC443416.ogg
comgal1,[],['song'],-7.0849,-40.0832,Gallinula galeata,Common Gallinule,JAYRSON ARAUJO DE OLIVEIRA,Creative Commons Attribution-NonCommercial-ShareAlike 4.0,3.5,6:13,https://www.xeno-canto.org/451836,comgal1/XC451836.ogg
comgal1,[],['call'],28.6712,-81.592,Gallinula galeata,Common Gallinule,Paul Marvin,Creative Commons Attribution-NonCommercial-ShareAlike 4.0,5.0,13:00,https://www.xeno-canto.org/452056,comgal1/XC452056.ogg
comgal1,[],['call'],28.6712,-81.592,Gallinula galeata,Common Gallinule,Paul Marvin,Creative Commons Attribution-NonCommercial-ShareAlike 4.0,4.5,13:01,https://www.xeno-canto.org/452057,comgal1/XC452057.ogg
comgal1,[],['call'],26.1375,-97.1743,Gallinula galeata,Common Gallinule,Paul Marvin,Creative Commons Attribution-NonCommercial-ShareAlike 4.0,5.0,15:32,https://www.xeno-canto.org/452961,comgal1/XC452961.ogg
comgal1,[],['call'],26.1375,-97.1743,Gallinula galeata,Common Gallinule,Paul Marvin,Creative Commons Attribution-NonCommercial-ShareAlike 4.0,5.0,13:20,https://www.xeno-canto.org/452962,comgal1/XC452962.ogg
comgal1,[],['call'],27.8256,-80.708,Gallinula galeata,Common Gallinule,Bruce Lagerquist,Creative Commons Attribution-NonCommercial-ShareAlike 4.0,4.5,07:30,https://www.xeno-canto.org/457450,comgal1/XC457450.ogg
comgal1,[],['call'],28.5785,-80.9961,Gallinula galeata,Common Gallinule,Paul Marvin,Creative Commons Attribution-NonCommercial-ShareAlike 4.0,5.0,12:47,https://www.xeno-canto.org/460760,comgal1/XC460760.ogg
comgal1,[],"['call', 'juvenile']",26.4988,-80.2141,Gallinula galeata,Common Gallinule,Brian Henderson,Creative Commons Attribution-NonCommercial-ShareAlike 4.0,4.5,09:01,https://www.xeno-canto.org/461175,comgal1/XC461175.ogg
comgal1,[],['call'],23.0477,-109.697,Gallinula galeata,Common Gallinule,Richard E. Webster,Creative Commons Attribution-NonCommercial-ShareAlike 4.0,3.5,09:56,https://www.xeno-canto.org/465597,comgal1/XC465597.ogg
comgal1,['osprey'],['song'],23.0477,-109.697,Gallinula galeata,Common Gallinule,Richard E. Webster,Creative Commons Attribution-NonCommercial-ShareAlike 4.0,4.5,10:06,https://www.xeno-canto.org/465598,comgal1/XC465598.ogg
comgal1,[],['call'],23.0477,-109.697,Gallinula galeata,Common Gallinule,Richard E. Webster,Creative Commons Attribution-NonCommercial-ShareAlike 4.0,3.5,10:05,https://www.xeno-canto.org/465599,comgal1/XC465599.ogg
comgal1,[],['long call'],18.0117,-67.0,Gallinula galeata,Common Gallinule,Daniel Lane,Creative Commons Attribution-NonCommercial-ShareAlike 3.0,3.5,16:00,https://www.xeno-canto.org/46667,comgal1/XC46667.ogg
comgal1,[],['call'],46.154,-72.7455,Gallinula galeata,Common Gallinule,Martin St-Michel,Creative Commons Attribution-NonCommercial-ShareAlike 4.0,4.0,06:05,https://www.xeno-canto.org/467607,comgal1/XC467607.ogg
comgal1,[],['call'],-22.4508,-42.7735,Gallinula galeata,Common Gallinule,Ricardo Gagliardi,Creative Commons Attribution-NonCommercial-ShareAlike 4.0,0.0,10:01,https://www.xeno-canto.org/470873,comgal1/XC470873.ogg
comgal1,[],['calls on water'],-11.01,-76.1667,Gallinula galeata,Common Gallinule,Niels Krabbe,Creative Commons Attribution-NonCommercial-ShareAlike 3.0,4.5,.,https://www.xeno-canto.org/47238,comgal1/XC47238.ogg
comgal1,[],['song'],-14.625,-49.0051,Gallinula galeata,Common Gallinule,JAYRSON ARAUJO DE OLIVEIRA,Creative Commons Attribution-NonCommercial-ShareAlike 4.0,4.5,8:45,https://www.xeno-canto.org/482440,comgal1/XC482440.ogg
comgal1,[],['call'],25.7324,-109.0271,Gallinula galeata,Common Gallinule,Manuel Grosselet,Creative Commons Attribution-NonCommercial-ShareAlike 4.0,4.5,08:00,https://www.xeno-canto.org/488261,comgal1/XC488261.ogg
comgal1,[],['nocturnal flight call'],25.7324,-109.0271,Gallinula galeata,Common Gallinule,Manuel Grosselet,Creative Commons Attribution-NonCommercial-ShareAlike 4.0,4.0,00:30,https://www.xeno-canto.org/492414,comgal1/XC492414.ogg
comgal1,[],['call'],33.0881,-115.7097,Gallinula galeata,Common Gallinule,Paul Marvin,Creative Commons Attribution-NonCommercial-ShareAlike 4.0,5.0,18:09,https://www.xeno-canto.org/493683,comgal1/XC493683.ogg
comgal1,[],['call'],13.0724,-59.578,Gallinula galeata,Common Gallinule,David Darrell-Lambert,Creative Commons Attribution-NonCommercial-ShareAlike 4.0,5.0,08:00,https://www.xeno-canto.org/495842,comgal1/XC495842.ogg
comgal1,['normoc'],['call'],23.0513,-82.2585,Gallinula galeata,Common Gallinule,JL Guerra,Creative Commons Attribution-NonCommercial-ShareAlike 4.0,4.5,16:15,https://www.xeno-canto.org/502059,comgal1/XC502059.ogg
comgal1,[],['call'],23.0222,-82.2261,Gallinula galeata,Common Gallinule,JL Guerra,Creative Commons Attribution-NonCommercial-ShareAlike 4.0,4.5,11:36,https://www.xeno-canto.org/502065,comgal1/XC502065.ogg
comgal1,[],['call'],22.2029,-159.473,Gallinula galeata,Common Gallinule,Phoenix Birder,Creative Commons Attribution-NonCommercial-ShareAlike 4.0,5.0,13:28,https://www.xeno-canto.org/503386,comgal1/XC503386.ogg
comgal1,[],"['adult', 'c', 'call', 'sex uncertain']",-12.084,-76.9205,Gallinula galeata,Common Gallinule,Monica,Creative Commons Attribution-NonCommercial-ShareAlike 4.0,4.0,12:00,https://www.xeno-canto.org/508464,comgal1/XC508464.ogg
comgal1,[],"['adult', 'call', 'sex uncertain', 'song']",-22.4069,-47.5266,Gallinula galeata,Common Gallinule,Arthur Gomes,Creative Commons Attribution-NonCommercial-ShareAlike 4.0,4.0,09:00,https://www.xeno-canto.org/513631,comgal1/XC513631.ogg
comgal1,[],['call'],-22.193127,-63.94455,Gallinula galeata,Common Gallinule,Bernabe Lopez-Lanus,Creative Commons Attribution-NonCommercial-ShareAlike 3.0,4.0,?:?,https://www.xeno-canto.org/51554,comgal1/XC51554.ogg
comgal1,[],"['adult', 'alarm call', 'call']",25.7324,-109.0271,Gallinula galeata,Common Gallinule,Isain Contreras Rodríguez,Creative Commons Attribution-NonCommercial-ShareAlike 4.0,5.0,08:00,https://www.xeno-canto.org/566105,comgal1/XC566105.ogg
comgal1,[],"['adult', 'alarm call', 'sex uncertain']",25.7324,-109.0271,Gallinula galeata,Common Gallinule,Manuel Grosselet,Creative Commons Attribution-NonCommercial-ShareAlike 4.0,5.0,08:00,https://www.xeno-canto.org/570414,comgal1/XC570414.ogg
comgal1,[],"['adult', 'call', 'sex uncertain']",25.7324,-109.0271,Gallinula galeata,Common Gallinule,Manuel Grosselet,Creative Commons Attribution-NonCommercial-ShareAlike 4.0,5.0,07:30,https://www.xeno-canto.org/570415,comgal1/XC570415.ogg
comgal1,[],"['adult', 'call', 'sex uncertain']",25.7324,-109.0271,Gallinula galeata,Common Gallinule,Manuel Grosselet,Creative Commons Attribution-NonCommercial-ShareAlike 4.0,5.0,07:30,https://www.xeno-canto.org/570417,comgal1/XC570417.ogg
comgal1,[],"['adult', 'call', 'sex uncertain']",31.9237,-81.0559,Gallinula galeata,Common Gallinule,Russ Wigh,Creative Commons Attribution-NonCommercial-ShareAlike 4.0,5.0,08:30,https://www.xeno-canto.org/571878,comgal1/XC571878.ogg
comgal1,[],"['adult', 'flight call', 'sex uncertain', 'song']",-22.5939,-43.4347,Gallinula galeata,Common Gallinule,Odirlei Vieira da Fonseca,Creative Commons Attribution-NonCommercial-ShareAlike 4.0,4.5,06:00,https://www.xeno-canto.org/572603,comgal1/XC572603.ogg
comgal1,[],"['adult', 'alarm call', 'call']",19.392,-99.241,Gallinula galeata,Common Gallinule,Isain Contreras Rodríguez,Creative Commons Attribution-NonCommercial-ShareAlike 4.0,4.0,07:30,https://www.xeno-canto.org/576203,comgal1/XC576203.ogg
comgal1,[],"['adult', 'call', 'male']",27.9945,-81.8653,Gallinula galeata,Common Gallinule,Sue Riffe,Creative Commons Attribution-NonCommercial-ShareAlike 4.0,3.0,16:50,https://www.xeno-canto.org/577781,comgal1/XC577781.ogg
comgal1,[],"['adult', 'begging call', 'call', 'hatchling or nestling']",44.7474,-79.6426,Gallinula galeata,Common Gallinule,anthony glenesk,Creative Commons Attribution-NonCommercial-ShareAlike 4.0,5.0,09:30,https://www.xeno-canto.org/581821,comgal1/XC581821.ogg
comgal1,[],['call'],2.2192,-75.6135,Gallinula galeata,Common Gallinule,Mauricio Cuellar Ramirez (@Birding.travel),Creative Commons Attribution-NonCommercial-ShareAlike 4.0,4.0,11:00,https://www.xeno-canto.org/589647,comgal1/XC589647.ogg
comgal1,[],"['song', 'subsong']",2.2192,-75.6135,Gallinula galeata,Common Gallinule,Mauricio Cuellar Ramirez (@Birding.travel),Creative Commons Attribution-NonCommercial-ShareAlike 4.0,4.0,11:00,https://www.xeno-canto.org/589648,comgal1/XC589648.ogg
comgal1,[],"['song', 'subsong']",2.2192,-75.6135,Gallinula galeata,Common Gallinule,Mauricio Cuellar Ramirez (@Birding.travel),Creative Commons Attribution-NonCommercial-ShareAlike 4.0,4.0,11:00,https://www.xeno-canto.org/589650,comgal1/XC589650.ogg
comgal1,[],"['adult', 'alarm call', 'call', 'female', 'male']",30.8464,-84.6617,Gallinula galeata,Common Gallinule,Alexander Ramsey,Creative Commons Attribution-NonCommercial-ShareAlike 4.0,4.0,16:30,https://www.xeno-canto.org/594205,comgal1/XC594205.ogg
comgal1,[],"['adult', 'call', 'sex uncertain']",-28.9524,-57.6611,Gallinula galeata,Common Gallinule,Rosendo Manuel Fraga,Creative Commons Attribution-NonCommercial-ShareAlike 4.0,5.0,08:00,https://www.xeno-canto.org/598189,comgal1/XC598189.ogg
comgal1,[],"['begging call', 'bird in hand', 'call', 'hatchling or nestling', 'sex uncertain']",4.9488,-73.9577,Gallinula galeata,Common Gallinule,Fernando Castro,Creative Commons Attribution-NonCommercial-ShareAlike 4.0,5.0,10:00,https://www.xeno-canto.org/605401,comgal1/XC605401.ogg
comgal1,[],"['adult', 'call']",19.2743,-99.0566,Gallinula galeata,Common Gallinule,Isain Contreras Rodríguez,Creative Commons Attribution-NonCommercial-ShareAlike 4.0,4.0,07:30,https://www.xeno-canto.org/607835,comgal1/XC607835.ogg
comgal1,[],"['adult', 'call', 'sex uncertain']",-32.1938,-58.1586,Gallinula galeata,Common Gallinule, Guillermo Treboux,Creative Commons Attribution-NonCommercial-ShareAlike 4.0,3.0,10:00,https://www.xeno-canto.org/609184,comgal1/XC609184.ogg
comgal1,[],['call'],16.1068,-91.7059,Gallinula galeata,Common Gallinule,Olivier SWIFT,Creative Commons Attribution-NonCommercial-ShareAlike 4.0,5.0,16:00,https://www.xeno-canto.org/623272,comgal1/XC623272.ogg
comgal1,[],"['adult', 'call', 'female', 'male']",-22.5939,-43.4347,Gallinula galeata,Common Gallinule,Odirlei Vieira da Fonseca,Creative Commons Attribution-NonCommercial-ShareAlike 4.0,5.0,08:00,https://www.xeno-canto.org/628221,comgal1/XC628221.ogg
comgal1,[],['call'],32.7339,-116.9409,Gallinula galeata,Common Gallinule,Paul Marvin,Creative Commons Attribution-NonCommercial-ShareAlike 4.0,3.5,08:34,https://www.xeno-canto.org/636982,comgal1/XC636982.ogg
comgal1,[],['call'],30.403,-88.269,Gallinula galeata,Common Gallinule,Mike Nelson,Creative Commons Attribution-NonCommercial-ShareAlike 3.0,5.0,7:30am,https://www.xeno-canto.org/64538,comgal1/XC64538.ogg
comgal1,['sora'],"['Rattle Call', 'call']",30.403,-88.269,Gallinula galeata,Common Gallinule,Mike Nelson,Creative Commons Attribution-NonCommercial-ShareAlike 3.0,4.5,7:30am,https://www.xeno-canto.org/64552,comgal1/XC64552.ogg
comgal1,"['houfin', 'houspa']",['begging call'],19.3543,-99.1321,Gallinula galeata,Common Gallinule,Manuel Grosselet,Creative Commons Attribution-NonCommercial-ShareAlike 4.0,3.5,06:30,https://www.xeno-canto.org/656433,comgal1/XC656433.ogg
comgal1,[],['begging call'],19.3543,-99.1321,Gallinula galeata,Common Gallinule,Manuel Grosselet,Creative Commons Attribution-NonCommercial-ShareAlike 4.0,5.0,09:00,https://www.xeno-canto.org/656434,comgal1/XC656434.ogg
comgal1,[],"['aberrant', 'adult', 'sex uncertain', 'song']",11.4332,-69.6035,Gallinula galeata,Common Gallinule,Francisco contreras,Creative Commons Attribution-NonCommercial-ShareAlike 4.0,4.0,07:00,https://www.xeno-canto.org/661035,comgal1/XC661035.ogg
comgal1,[],"['adult', 'call', 'sex uncertain']",-21.7357,-43.3693,Gallinula galeata,Common Gallinule,Marco Manhães,Creative Commons Attribution-NonCommercial-ShareAlike 4.0,5.0,07:36,https://www.xeno-canto.org/666433,comgal1/XC666433.ogg
commyn,[],['call'],-18.8571,-159.7949,Acridotheres tristis,Common Myna,Matthias Feuersenger,Creative Commons Attribution-NonCommercial-ShareAlike 3.0,5.0,13:23,https://www.xeno-canto.org/110873,commyn/XC110873.ogg
commyn,[],['call'],-18.8571,-159.7949,Acridotheres tristis,Common Myna,Matthias Feuersenger,Creative Commons Attribution-NonCommercial-ShareAlike 3.0,5.0,13:24,https://www.xeno-canto.org/110874,commyn/XC110874.ogg
commyn,[],['call'],-18.8571,-159.7949,Acridotheres tristis,Common Myna,Matthias Feuersenger,Creative Commons Attribution-NonCommercial-ShareAlike 3.0,5.0,13:32,https://www.xeno-canto.org/110875,commyn/XC110875.ogg
commyn,[],['call'],-18.8571,-159.7949,Acridotheres tristis,Common Myna,Matthias Feuersenger,Creative Commons Attribution-NonCommercial-ShareAlike 3.0,4.0,13:33,https://www.xeno-canto.org/110876,commyn/XC110876.ogg
commyn,[],['call'],-18.8571,-159.7949,Acridotheres tristis,Common Myna,Matthias Feuersenger,Creative Commons Attribution-NonCommercial-ShareAlike 3.0,4.0,13:35,https://www.xeno-canto.org/110877,commyn/XC110877.ogg
commyn,[],['call'],-18.8571,-159.7949,Acridotheres tristis,Common Myna,Matthias Feuersenger,Creative Commons Attribution-NonCommercial-ShareAlike 3.0,4.0,13:43,https://www.xeno-canto.org/110878,commyn/XC110878.ogg
commyn,[],['call'],-18.8571,-159.7949,Acridotheres tristis,Common Myna,Matthias Feuersenger,Creative Commons Attribution-NonCommercial-ShareAlike 3.0,5.0,14:02,https://www.xeno-canto.org/110879,commyn/XC110879.ogg
commyn,[],['call'],-18.8571,-159.7949,Acridotheres tristis,Common Myna,Matthias Feuersenger,Creative Commons Attribution-NonCommercial-ShareAlike 3.0,5.0,14:02,https://www.xeno-canto.org/110880,commyn/XC110880.ogg
commyn,[],"['call', 'song']",-18.8571,-159.7949,Acridotheres tristis,Common Myna,Matthias Feuersenger,Creative Commons Attribution-NonCommercial-ShareAlike 3.0,5.0,14:03,https://www.xeno-canto.org/110881,commyn/XC110881.ogg
commyn,[],"['call', 'song']",-18.8571,-159.7949,Acridotheres tristis,Common Myna,Matthias Feuersenger,Creative Commons Attribution-NonCommercial-ShareAlike 3.0,5.0,08:13,https://www.xeno-canto.org/110882,commyn/XC110882.ogg
commyn,[],"['call', 'song']",-20.0122,-158.1229,Acridotheres tristis,Common Myna,Matthias Feuersenger,Creative Commons Attribution-NonCommercial-ShareAlike 3.0,3.5,08:20,https://www.xeno-canto.org/110968,commyn/XC110968.ogg
commyn,[],"['call', 'song']",-20.0122,-158.1229,Acridotheres tristis,Common Myna,Matthias Feuersenger,Creative Commons Attribution-NonCommercial-ShareAlike 3.0,3.5,08:21,https://www.xeno-canto.org/110969,commyn/XC110969.ogg
commyn,[],"['call', 'song']",-21.2236,-159.7908,Acridotheres tristis,Common Myna,Matthias Feuersenger,Creative Commons Attribution-NonCommercial-ShareAlike 3.0,4.0,15:53,https://www.xeno-canto.org/110983,commyn/XC110983.ogg
commyn,[],['call'],31.52,77.8,Acridotheres tristis,Common Myna,Lakshminarasimha R,Creative Commons Attribution-NonCommercial-ShareAlike 3.0,5.0,15:00,https://www.xeno-canto.org/114748,commyn/XC114748.ogg
commyn,[],['song'],27.5891,89.8709,Acridotheres tristis,Common Myna,Mike Nelson,Creative Commons Attribution-NonCommercial-ShareAlike 3.0,3.5,09:00,https://www.xeno-canto.org/114909,commyn/XC114909.ogg
commyn,[],['song'],28.5057,77.2202,Acridotheres tristis,Common Myna,Mike Nelson,Creative Commons Attribution-NonCommercial-ShareAlike 3.0,4.0,10:30,https://www.xeno-canto.org/116524,commyn/XC116524.ogg
commyn,[],['call'],28.464,76.893,Acridotheres tristis,Common Myna,Mike Nelson,Creative Commons Attribution-NonCommercial-ShareAlike 3.0,4.0,13:00,https://www.xeno-canto.org/116525,commyn/XC116525.ogg
commyn,[],['call'],26.9238,92.8288,Acridotheres tristis,Common Myna,Mike Nelson,Creative Commons Attribution-NonCommercial-ShareAlike 3.0,4.0,16:00,https://www.xeno-canto.org/116526,commyn/XC116526.ogg
commyn,[],['song'],26.9238,92.8288,Acridotheres tristis,Common Myna,Mike Nelson,Creative Commons Attribution-NonCommercial-ShareAlike 3.0,4.0,16:00,https://www.xeno-canto.org/116527,commyn/XC116527.ogg
commyn,[],['call'],31.52,77.8,Acridotheres tristis,Common Myna,Lakshminarasimha R,Creative Commons Attribution-NonCommercial-ShareAlike 3.0,5.0,15:00,https://www.xeno-canto.org/116708,commyn/XC116708.ogg
commyn,[],"['Nest defending calls', 'alarm call']",22.456,88.404,Acridotheres tristis,Common Myna,Sudipto Roy,Creative Commons Attribution-ShareAlike 3.0,4.5,06:30,https://www.xeno-canto.org/129571,commyn/XC129571.ogg
commyn,[],['call'],33.7201,73.1137,Acridotheres tristis,Common Myna,Gajus Scheltema,Creative Commons Attribution-NonCommercial-ShareAlike 3.0,4.0,17:30,https://www.xeno-canto.org/142706,commyn/XC142706.ogg
commyn,[],['song'],23.3314,85.3193,Acridotheres tristis,Common Myna,Brajesh Kumar Dubey,Creative Commons Attribution-NonCommercial-ShareAlike 3.0,4.0,14:10,https://www.xeno-canto.org/146924,commyn/XC146924.ogg
commyn,[],"['call', 'song']",42.402,70.535,Acridotheres tristis,Common Myna,Arend Wassink,Creative Commons Attribution-NonCommercial-ShareAlike 3.0,5.0,07:00,https://www.xeno-canto.org/156759,commyn/XC156759.ogg
commyn,[],['call'],18.5206,73.8398,Acridotheres tristis,Common Myna,Rajgopal Patil,Creative Commons Attribution-NonCommercial-ShareAlike 3.0,4.0,10:07,https://www.xeno-canto.org/157876,commyn/XC157876.ogg
commyn,['zebdov'],['song'],19.934,-155.875,Acridotheres tristis,Common Myna,Dan Lane,Creative Commons Attribution-NonCommercial-ShareAlike 4.0,3.5,06:30,https://www.xeno-canto.org/175516,commyn/XC175516.ogg
commyn,['houfin'],['call'],19.934,-155.875,Acridotheres tristis,Common Myna,Dan Lane,Creative Commons Attribution-NonCommercial-ShareAlike 4.0,3.5,06:30,https://www.xeno-canto.org/175518,commyn/XC175518.ogg
commyn,"['houspa', 'zebdov']",['song'],19.934,-155.875,Acridotheres tristis,Common Myna,Dan Lane,Creative Commons Attribution-NonCommercial-ShareAlike 4.0,3.5,06:30,https://www.xeno-canto.org/175519,commyn/XC175519.ogg
commyn,[],['call'],25.0155,121.5399,Acridotheres tristis,Common Myna,Ko Chie-Jen (Jerome),Creative Commons Attribution-NonCommercial-ShareAlike 4.0,4.0,07:12,https://www.xeno-canto.org/176315,commyn/XC176315.ogg
commyn,['commyn'],['call'],-14.3416,-170.7223,Acridotheres tristis,Common Myna,Samuel Jones,Creative Commons Attribution-NonCommercial-ShareAlike 4.0,3.5,17:00,https://www.xeno-canto.org/180831,commyn/XC180831.ogg
commyn,[],['call'],43.9209,67.6331,Acridotheres tristis,Common Myna,Albert Lastukhin,Creative Commons Attribution-NonCommercial-ShareAlike 4.0,4.0,09:00,https://www.xeno-canto.org/183496,commyn/XC183496.ogg
commyn,['rinphe'],"['call', 'song']",40.9663,68.7289,Acridotheres tristis,Common Myna,Albert Lastukhin,Creative Commons Attribution-NonCommercial-ShareAlike 4.0,3.5,10:30,https://www.xeno-canto.org/183763,commyn/XC183763.ogg
commyn,[],['call'],41.3962,68.9969,Acridotheres tristis,Common Myna,Albert Lastukhin,Creative Commons Attribution-NonCommercial-ShareAlike 4.0,4.0,05:00,https://www.xeno-canto.org/183809,commyn/XC183809.ogg
commyn,[],"['call', 'song']",41.3962,68.9969,Acridotheres tristis,Common Myna,Albert Lastukhin,Creative Commons Attribution-NonCommercial-ShareAlike 4.0,4.0,05:00,https://www.xeno-canto.org/183810,commyn/XC183810.ogg
commyn,[],"['male', 'song']",41.3962,68.9969,Acridotheres tristis,Common Myna,Albert Lastukhin,Creative Commons Attribution-NonCommercial-ShareAlike 4.0,4.0,05:00,https://www.xeno-canto.org/183811,commyn/XC183811.ogg
commyn,[],['call'],42.4337,70.7151,Acridotheres tristis,Common Myna,Albert Lastukhin,Creative Commons Attribution-NonCommercial-ShareAlike 4.0,4.0,05:30,https://www.xeno-canto.org/183878,commyn/XC183878.ogg
commyn,[],"['male', 'song']",42.4337,70.7151,Acridotheres tristis,Common Myna,Albert Lastukhin,Creative Commons Attribution-NonCommercial-ShareAlike 4.0,4.0,04:30,https://www.xeno-canto.org/183879,commyn/XC183879.ogg
commyn,[],"['call', 'male', 'song']",42.4337,70.7151,Acridotheres tristis,Common Myna,Albert Lastukhin,Creative Commons Attribution-NonCommercial-ShareAlike 4.0,4.0,17:00,https://www.xeno-canto.org/183880,commyn/XC183880.ogg
commyn,[],['call'],41.31,69.2396,Acridotheres tristis,Common Myna,Albert Lastukhin,Creative Commons Attribution-NonCommercial-ShareAlike 4.0,3.0,05:00,https://www.xeno-canto.org/184793,commyn/XC184793.ogg
commyn,[],['call'],41.31,69.2396,Acridotheres tristis,Common Myna,Albert Lastukhin,Creative Commons Attribution-NonCommercial-ShareAlike 4.0,4.0,04:30,https://www.xeno-canto.org/184794,commyn/XC184794.ogg
commyn,[],['call'],39.1382,66.8735,Acridotheres tristis,Common Myna,Albert Lastukhin,Creative Commons Attribution-NonCommercial-ShareAlike 4.0,2.5,17:30,https://www.xeno-canto.org/185698,commyn/XC185698.ogg
commyn,[],['call'],41.31,69.2396,Acridotheres tristis,Common Myna,Albert Lastukhin,Creative Commons Attribution-NonCommercial-ShareAlike 4.0,4.0,10:00,https://www.xeno-canto.org/185702,commyn/XC185702.ogg
commyn,[],['call'],41.31,69.2396,Acridotheres tristis,Common Myna,Albert Lastukhin,Creative Commons Attribution-NonCommercial-ShareAlike 4.0,3.5,05:30,https://www.xeno-canto.org/185711,commyn/XC185711.ogg
commyn,[],['call'],23.5351,87.3447,Acridotheres tristis,Common Myna,Sagar Adhurya,Creative Commons Attribution-NonCommercial-ShareAlike 4.0,5.0,14:30,https://www.xeno-canto.org/187036,commyn/XC187036.ogg
commyn,[],"['begging call', 'juvenile']",23.5351,87.3447,Acridotheres tristis,Common Myna,Saikat Adhurya,Creative Commons Attribution-NonCommercial-ShareAlike 4.0,4.5,7:08,https://www.xeno-canto.org/187040,commyn/XC187040.ogg
commyn,[],['call'],-37.7679,144.9619,Acridotheres tristis,Common Myna,nick talbot,Creative Commons Attribution-NonCommercial-ShareAlike 4.0,4.0,09:00,https://www.xeno-canto.org/187497,commyn/XC187497.ogg
commyn,[],['song'],-33.8944,151.233,Acridotheres tristis,Common Myna,Diego Caiafa,Creative Commons Attribution-NonCommercial-ShareAlike 4.0,4.0,?,https://www.xeno-canto.org/194939,commyn/XC194939.ogg
commyn,[],['song'],-33.8944,151.233,Acridotheres tristis,Common Myna,Diego Caiafa,Creative Commons Attribution-NonCommercial-ShareAlike 4.0,4.0,?,https://www.xeno-canto.org/194940,commyn/XC194940.ogg
commyn,[],['communicating while feeding on the ground'],8.4526,76.9744,Acridotheres tristis,Common Myna,chiefredearth,Creative Commons Attribution-NonCommercial-ShareAlike 4.0,4.0,06:50,https://www.xeno-canto.org/195262,commyn/XC195262.ogg
commyn,[],['call'],15.4542,73.8306,Acridotheres tristis,Common Myna,Andrew Mascarenhas,Creative Commons Attribution-NonCommercial-ShareAlike 4.0,4.0,10:00,https://www.xeno-canto.org/196959,commyn/XC196959.ogg
commyn,[],['song'],15.8089,74.5177,Acridotheres tristis,Common Myna,Madhushri Mudke ,Creative Commons Attribution-NonCommercial-ShareAlike 4.0,4.0,07:30,https://www.xeno-canto.org/198615,commyn/XC198615.ogg
commyn,[],"['call', 'song']",-20.3179,57.5132,Acridotheres tristis,Common Myna,Albert Lastukhin & Alexandr Shirjaev,Creative Commons Attribution-NonCommercial-ShareAlike 4.0,4.0,08:30,https://www.xeno-canto.org/203339,commyn/XC203339.ogg
commyn,[],"['call', 'song']",-20.3179,57.5132,Acridotheres tristis,Common Myna,Albert Lastukhin & Alexandr Shirjaev,Creative Commons Attribution-NonCommercial-ShareAlike 4.0,4.0,08:30,https://www.xeno-canto.org/203342,commyn/XC203342.ogg
commyn,[],"['call', 'song']",-20.3179,57.5132,Acridotheres tristis,Common Myna,Albert Lastukhin & Alexandr Shirjaev,Creative Commons Attribution-NonCommercial-ShareAlike 4.0,4.0,08:30,https://www.xeno-canto.org/203343,commyn/XC203343.ogg
commyn,[],"['call', 'song']",-20.3179,57.5132,Acridotheres tristis,Common Myna,Albert Lastukhin & Alexandr Shirjaev,Creative Commons Attribution-NonCommercial-ShareAlike 4.0,4.0,08:30,https://www.xeno-canto.org/203345,commyn/XC203345.ogg
commyn,[],"['call', 'song']",-20.3179,57.5132,Acridotheres tristis,Common Myna,Albert Lastukhin & Alexandr Shirjaev,Creative Commons Attribution-NonCommercial-ShareAlike 4.0,4.0,09:00,https://www.xeno-canto.org/203346,commyn/XC203346.ogg
commyn,[],"['call', 'song']",-20.3179,57.5132,Acridotheres tristis,Common Myna,Albert Lastukhin & Alexandr Shirjaev,Creative Commons Attribution-NonCommercial-ShareAlike 4.0,4.0,09:30,https://www.xeno-canto.org/203349,commyn/XC203349.ogg
commyn,[],"['call', 'song']",-20.3179,57.5132,Acridotheres tristis,Common Myna,Albert Lastukhin & Alexandr Shirjaev,Creative Commons Attribution-NonCommercial-ShareAlike 4.0,4.0,09:30,https://www.xeno-canto.org/203356,commyn/XC203356.ogg
commyn,['zebdov'],"['call', 'song']",-20.3179,57.5132,Acridotheres tristis,Common Myna,Albert Lastukhin & Alexandr Shirjaev,Creative Commons Attribution-NonCommercial-ShareAlike 4.0,3.5,09:00,https://www.xeno-canto.org/203359,commyn/XC203359.ogg
commyn,[],"['call', 'song']",7.961,80.759,Acridotheres tristis,Common Myna,Mike Nelson,Creative Commons Attribution-NonCommercial-ShareAlike 4.0,4.0,15:30,https://www.xeno-canto.org/207633,commyn/XC207633.ogg
commyn,[],"['call', 'song']",21.4007,-157.7898,Acridotheres tristis,Common Myna,Ross Gallardy,Creative Commons Attribution-NonCommercial-ShareAlike 4.0,5.0,08:00,https://www.xeno-canto.org/208162,commyn/XC208162.ogg
commyn,[],"['call', 'song']",21.4007,-157.7898,Acridotheres tristis,Common Myna,Ross Gallardy,Creative Commons Attribution-NonCommercial-ShareAlike 4.0,4.0,08:00,https://www.xeno-canto.org/208163,commyn/XC208163.ogg
commyn,[],"['call', 'song']",21.4007,-157.7898,Acridotheres tristis,Common Myna,Ross Gallardy,Creative Commons Attribution-NonCommercial-ShareAlike 4.0,4.0,08:00,https://www.xeno-canto.org/208164,commyn/XC208164.ogg
commyn,[],['call'],12.9912,80.2363,Acridotheres tristis,Common Myna,Vivek Puliyeri,Creative Commons Attribution-NonCommercial-ShareAlike 4.0,3.5,07:00,https://www.xeno-canto.org/269131,commyn/XC269131.ogg
commyn,['warwhe1'],['call'],25.018,121.4905,Acridotheres tristis,Common Myna,Ko Chie-Jen (Jerome),Creative Commons Attribution-NonCommercial-ShareAlike 4.0,2.5,09:41,https://www.xeno-canto.org/281916,commyn/XC281916.ogg
commyn,['warwhe1'],['call'],25.018,121.4905,Acridotheres tristis,Common Myna,Ko Chie-Jen (Jerome),Creative Commons Attribution-NonCommercial-ShareAlike 4.0,2.5,09:41,https://www.xeno-canto.org/281918,commyn/XC281918.ogg
commyn,[],['call'],25.0123,121.4955,Acridotheres tristis,Common Myna,Ko Chie-Jen (Jerome),Creative Commons Attribution-NonCommercial-ShareAlike 4.0,2.5,10:50,https://www.xeno-canto.org/281919,commyn/XC281919.ogg
commyn,[],['call'],25.0123,121.4955,Acridotheres tristis,Common Myna,Ko Chie-Jen (Jerome),Creative Commons Attribution-NonCommercial-ShareAlike 4.0,2.5,10:50,https://www.xeno-canto.org/281920,commyn/XC281920.ogg
commyn,[],['call'],25.0765,121.508,Acridotheres tristis,Common Myna,Ko Chie-Jen (Jerome),Creative Commons Attribution-NonCommercial-ShareAlike 4.0,3.0,07:51,https://www.xeno-canto.org/282869,commyn/XC282869.ogg
commyn,[],['call'],24.5068,56.5953,Acridotheres tristis,Common Myna,Guy Kirwan,Creative Commons Attribution-NonCommercial-ShareAlike 4.0,2.0,06:00,https://www.xeno-canto.org/284831,commyn/XC284831.ogg
commyn,[],['call'],-22.592,45.3907,Acridotheres tristis,Common Myna,Patrik Åberg,Creative Commons Attribution-NonCommercial-ShareAlike 4.0,5.0,05:07,https://www.xeno-canto.org/294325,commyn/XC294325.ogg
commyn,[],['call'],-23.6677,43.6392,Acridotheres tristis,Common Myna,Patrik Åberg,Creative Commons Attribution-NonCommercial-ShareAlike 4.0,4.5,05:44,https://www.xeno-canto.org/294605,commyn/XC294605.ogg
commyn,[],['call'],-19.8805,47.0476,Acridotheres tristis,Common Myna,Bernard BOUSQUET,Creative Commons Attribution-NonCommercial-ShareAlike 4.0,4.5,07:00,https://www.xeno-canto.org/295122,commyn/XC295122.ogg
commyn,[],['call'],19.2316,72.8753,Acridotheres tristis,Common Myna,Yogesh Patel,Creative Commons Attribution-NonCommercial-ShareAlike 4.0,5.0,07:30,https://www.xeno-canto.org/309110,commyn/XC309110.ogg
commyn,[],['call'],-15.9275,-5.7171,Acridotheres tristis,Common Myna,Jim Holmes,Creative Commons Attribution-NonCommercial-ShareAlike 4.0,5.0,09:00,https://www.xeno-canto.org/314470,commyn/XC314470.ogg
commyn,[],['song'],13.2222,100.9936,Acridotheres tristis,Common Myna,Bram Piot,Creative Commons Attribution-NonCommercial-ShareAlike 4.0,4.0,16:00,https://www.xeno-canto.org/318687,commyn/XC318687.ogg
commyn,['houspa'],['song'],-25.8401,28.2612,Acridotheres tristis,Common Myna,Faansie Peacock,Creative Commons Attribution-NonCommercial-ShareAlike 4.0,3.5,10:30,https://www.xeno-canto.org/323378,commyn/XC323378.ogg
commyn,[],['call'],20.8381,-156.3485,Acridotheres tristis,Common Myna,Thomas G. Graves,Creative Commons Attribution-NonCommercial-ShareAlike 4.0,5.0,09:36,https://www.xeno-canto.org/328236,commyn/XC328236.ogg
commyn,[],['call'],21.0643,75.7859,Acridotheres tristis,Common Myna,Lakshmikant Rajaram Neve,Creative Commons Attribution-NonCommercial-ShareAlike 4.0,4.0,09:57,https://www.xeno-canto.org/331396,commyn/XC331396.ogg
commyn,[],"['alarm call', 'call']",21.0476,75.8539,Acridotheres tristis,Common Myna,Lakshmikant Rajaram Neve,Creative Commons Attribution-NonCommercial-ShareAlike 4.0,5.0,07:05,https://www.xeno-canto.org/331552,commyn/XC331552.ogg
commyn,[],['call'],-33.9157,151.1366,Acridotheres tristis,Common Myna,Greg McLachlan,Creative Commons Attribution-NonCommercial-ShareAlike 4.0,5.0,14:00,https://www.xeno-canto.org/331569,commyn/XC331569.ogg
commyn,[],['song'],-7.9249,-14.4074,Acridotheres tristis,Common Myna,George Wagner,Creative Commons Attribution-NonCommercial-ShareAlike 4.0,4.0,11:00,https://www.xeno-canto.org/332018,commyn/XC332018.ogg
commyn,[],['call'],-29.8483,31.0087,Acridotheres tristis,Common Myna,Lynette Rudman,Creative Commons Attribution-NonCommercial-ShareAlike 4.0,3.0,15:30,https://www.xeno-canto.org/335435,commyn/XC335435.ogg
commyn,[],['call'],21.0482,75.8507,Acridotheres tristis,Common Myna,Lakshmikant Rajaram Neve,Creative Commons Attribution-NonCommercial-ShareAlike 4.0,4.0,07:57:21,https://www.xeno-canto.org/335602,commyn/XC335602.ogg
commyn,[],"['call', 'juvenile']",21.0487,75.8515,Acridotheres tristis,Common Myna,Lakshmikant Rajaram Neve,Creative Commons Attribution-NonCommercial-ShareAlike 4.0,4.0,06:23:07,https://www.xeno-canto.org/336261,commyn/XC336261.ogg
commyn,[],['call'],1.3267,103.8431,Acridotheres tristis,Common Myna,Yeo SB,Creative Commons Attribution-NonCommercial-ShareAlike 4.0,4.0,08:00,https://www.xeno-canto.org/344437,commyn/XC344437.ogg
commyn,[],['call'],21.0429,75.8402,Acridotheres tristis,Common Myna,Lakshmikant Rajaram Neve,Creative Commons Attribution-NonCommercial-ShareAlike 4.0,3.0,07:55:40,https://www.xeno-canto.org/358067,commyn/XC358067.ogg
commyn,[],['call'],25.7568,55.9087,Acridotheres tristis,Common Myna,Jacek Betleja,Creative Commons Attribution-NonCommercial-ShareAlike 4.0,5.0,18:00,https://www.xeno-canto.org/362679,commyn/XC362679.ogg
commyn,[],['call'],12.5174,99.9619,Acridotheres tristis,Common Myna,Albert Lastukhin,Creative Commons Attribution-NonCommercial-ShareAlike 4.0,3.0,08:30,https://www.xeno-canto.org/363402,commyn/XC363402.ogg
commyn,[],['song'],12.5165,99.966,Acridotheres tristis,Common Myna,Albert Lastukhin,Creative Commons Attribution-NonCommercial-ShareAlike 4.0,4.0,09:00,https://www.xeno-canto.org/363407,commyn/XC363407.ogg
commyn,[],['song'],19.2154,99.01,Acridotheres tristis,Common Myna,Eric DeFonso,Creative Commons Attribution-NonCommercial-ShareAlike 4.0,4.5,07:00,https://www.xeno-canto.org/364334,commyn/XC364334.ogg
commyn,[],"['alarm call', 'female', 'juvenile']",21.04,75.8519,Acridotheres tristis,Common Myna,Lakshmikant Rajaram Neve,Creative Commons Attribution-NonCommercial-ShareAlike 4.0,1.0,07:57:28,https://www.xeno-canto.org/379535,commyn/XC379535.ogg
commyn,[],"['alarm call', 'female', 'juvenile', 'male']",21.04,75.8519,Acridotheres tristis,Common Myna,Lakshmikant Rajaram Neve,Creative Commons Attribution-NonCommercial-ShareAlike 4.0,5.0,08:41:55,https://www.xeno-canto.org/379536,commyn/XC379536.ogg
commyn,[],['song'],18.2935,99.5007,Acridotheres tristis,Common Myna,Somkiat Pakapinyo (Chai),Creative Commons Attribution-NonCommercial-ShareAlike 4.0,5.0,11:30,https://www.xeno-canto.org/379930,commyn/XC379930.ogg
commyn,[],['song'],24.499,54.3446,Acridotheres tristis,Common Myna,Oscar Campbell,Creative Commons Attribution-NonCommercial-ShareAlike 4.0,5.0,08:00,https://www.xeno-canto.org/395089,commyn/XC395089.ogg
commyn,[],['song'],13.8577,100.4663,Acridotheres tristis,Common Myna,Werzik,Creative Commons Attribution-NonCommercial-ShareAlike 4.0,4.0,7:00,https://www.xeno-canto.org/397490,commyn/XC397490.ogg
commyn,[],['call'],23.8506,72.1912,Acridotheres tristis,Common Myna,Viral Patel & Pankaj Maheria,Creative Commons Attribution-NonCommercial-ShareAlike 4.0,4.5,12:00,https://www.xeno-canto.org/400123,commyn/XC400123.ogg
commyn,[],['song'],-21.664966,165.774851,Acridotheres tristis,Common Myna,Patrik Åberg,Creative Commons Attribution-NonCommercial-ShareAlike 3.0,4.0,?,https://www.xeno-canto.org/40086,commyn/XC40086.ogg
commyn,[],['song'],-21.664966,165.774851,Acridotheres tristis,Common Myna,Patrik Åberg,Creative Commons Attribution-NonCommercial-ShareAlike 3.0,4.0,?,https://www.xeno-canto.org/40087,commyn/XC40087.ogg
commyn,['zebdov'],['song'],-20.9782,55.2837,Acridotheres tristis,Common Myna,Cedric Mroczko,Creative Commons Attribution-NonCommercial-ShareAlike 4.0,3.5,07:30,https://www.xeno-canto.org/400882,commyn/XC400882.ogg
commyn,[],['song'],22.5252,59.792,Acridotheres tristis,Common Myna,Marcin Sołowiej,Creative Commons Attribution-NonCommercial-ShareAlike 4.0,5.0,11:00,https://www.xeno-canto.org/402380,commyn/XC402380.ogg
commyn,[],['call'],22.5252,59.792,Acridotheres tristis,Common Myna,Marcin Sołowiej,Creative Commons Attribution-NonCommercial-ShareAlike 4.0,5.0,11:00,https://www.xeno-canto.org/402381,commyn/XC402381.ogg
commyn,[],['song'],13.5776,100.4413,Acridotheres tristis,Common Myna,Greg Irving,Creative Commons Attribution-NonCommercial-ShareAlike 4.0,3.5,17:40,https://www.xeno-canto.org/410023,commyn/XC410023.ogg
commyn,[],"['begging call', 'song']",12.9211,80.1849,Acridotheres tristis,Common Myna,Sreekumar Chirukandoth,Creative Commons Attribution-NonCommercial-ShareAlike 4.0,4.0,17:00,https://www.xeno-canto.org/426169,commyn/XC426169.ogg
commyn,[],"['alarm call', 'flight call']",1.5252,110.3123,Acridotheres tristis,Common Myna,Hobart WQH,Creative Commons Attribution-NonCommercial-ShareAlike 4.0,5.0,08:05,https://www.xeno-canto.org/437110,commyn/XC437110.ogg
commyn,[],['call'],1.5253,110.3121,Acridotheres tristis,Common Myna,Hobart WQH,Creative Commons Attribution-NonCommercial-ShareAlike 4.0,3.5,07:08,https://www.xeno-canto.org/442856,commyn/XC442856.ogg
commyn,[],['call'],1.5253,110.3121,Acridotheres tristis,Common Myna,Hobart WQH,Creative Commons Attribution-NonCommercial-ShareAlike 4.0,4.5,07:08,https://www.xeno-canto.org/442857,commyn/XC442857.ogg
commyn,[],['Some strange sound'],23.0356,59.0723,Acridotheres tristis,Common Myna,Aladdin,Creative Commons Attribution-NonCommercial-ShareAlike 4.0,5.0,13:30,https://www.xeno-canto.org/444488,commyn/XC444488.ogg
commyn,[],['alarm call'],30.6694,78.3753,Acridotheres tristis,Common Myna,chiefredearth,Creative Commons Attribution-NonCommercial-ShareAlike 4.0,0.0,11:30,https://www.xeno-canto.org/444548,commyn/XC444548.ogg
commyn,[],['Aggression'],-26.1845,28.2915,Acridotheres tristis,Common Myna,Toby Esplin,Creative Commons Attribution-NonCommercial-ShareAlike 4.0,5.0,05:53,https://www.xeno-canto.org/445899,commyn/XC445899.ogg
commyn,[],"['call', 'male', 'song']",-33.6879,150.5483,Acridotheres tristis,Common Myna,James Ray,Creative Commons Attribution-ShareAlike 4.0,5.0,11:00,https://www.xeno-canto.org/446210,commyn/XC446210.ogg
commyn,[],"['call', 'male']",-33.6879,150.5483,Acridotheres tristis,Common Myna,James Ray,Creative Commons Attribution-ShareAlike 4.0,3.5,14:30,https://www.xeno-canto.org/446211,commyn/XC446211.ogg
commyn,[],['song'],18.6708,98.655,Acridotheres tristis,Common Myna,Albert Lastukhin,Creative Commons Attribution-NonCommercial-ShareAlike 4.0,4.0,11:00,https://www.xeno-canto.org/447268,commyn/XC447268.ogg
commyn,[],['call'],18.6708,98.655,Acridotheres tristis,Common Myna,Albert Lastukhin,Creative Commons Attribution-NonCommercial-ShareAlike 4.0,4.0,11:00,https://www.xeno-canto.org/447270,commyn/XC447270.ogg
commyn,[],['call'],-21.1311,55.4721,Acridotheres tristis,Common Myna,Cedric Mroczko,Creative Commons Attribution-NonCommercial-ShareAlike 4.0,3.5,13:30,https://www.xeno-canto.org/462828,commyn/XC462828.ogg
commyn,[],"['call', 'song']",-20.4338,57.4578,Acridotheres tristis,Common Myna,Cedric Mroczko,Creative Commons Attribution-NonCommercial-ShareAlike 4.0,3.5,09:00,https://www.xeno-canto.org/463161,commyn/XC463161.ogg
commyn,['rorpar'],['song'],18.4973,73.8044,Acridotheres tristis,Common Myna,Rajgopal Patil,Creative Commons Attribution-NonCommercial-ShareAlike 4.0,4.5,16:30,https://www.xeno-canto.org/464285,commyn/XC464285.ogg
commyn,[],['call'],-20.4243,57.4296,Acridotheres tristis,Common Myna,Cedric Mroczko,Creative Commons Attribution-NonCommercial-ShareAlike 4.0,3.5,07:35,https://www.xeno-canto.org/469075,commyn/XC469075.ogg
commyn,[],['call'],12.9912,80.2363,Acridotheres tristis,Common Myna,Vivek Puliyeri,Creative Commons Attribution-NonCommercial-ShareAlike 4.0,4.0,06:11,https://www.xeno-canto.org/469357,commyn/XC469357.ogg
commyn,[],['call'],11.2759,76.2188,Acridotheres tristis,Common Myna,Vivek Puliyeri,Creative Commons Attribution-NonCommercial-ShareAlike 4.0,4.0,17:36,https://www.xeno-canto.org/469381,commyn/XC469381.ogg
commyn,[],['call'],-26.7781,26.4229,Acridotheres tristis,Common Myna,Tony Archer,Creative Commons Attribution-NonCommercial-ShareAlike 4.0,0.0,17:00,https://www.xeno-canto.org/489173,commyn/XC489173.ogg
commyn,[],['call'],-26.9536,26.8127,Acridotheres tristis,Common Myna,Tony Archer,Creative Commons Attribution-NonCommercial-ShareAlike 4.0,2.5,08:30,https://www.xeno-canto.org/494124,commyn/XC494124.ogg
commyn,[],"['call', 'song']",12.9211,80.1849,Acridotheres tristis,Common Myna,Sreekumar Chirukandoth,Creative Commons Attribution-NonCommercial-ShareAlike 4.0,4.5,12:00,https://www.xeno-canto.org/500615,commyn/XC500615.ogg
commyn,[],['call'],22.2029,-159.473,Acridotheres tristis,Common Myna,Phoenix Birder,Creative Commons Attribution-NonCommercial-ShareAlike 4.0,5.0,13:06,https://www.xeno-canto.org/503281,commyn/XC503281.ogg
commyn,[],"['adult', 'sex uncertain', 'song']",21.672,-157.9377,Acridotheres tristis,Common Myna,Phoenix Birder,Creative Commons Attribution-NonCommercial-ShareAlike 4.0,5.0,06:06,https://www.xeno-canto.org/503850,commyn/XC503850.ogg
commyn,[],['call'],8.8445,98.2729,Acridotheres tristis,Common Myna,Stephan Risch,Creative Commons Attribution-NonCommercial-ShareAlike 4.0,0.0,08:30,https://www.xeno-canto.org/504382,commyn/XC504382.ogg
commyn,[],"['alarm call', 'call']",24.4203,54.5268,Acridotheres tristis,Common Myna,Oscar Campbell,Creative Commons Attribution-NonCommercial-ShareAlike 4.0,5.0,17:30,https://www.xeno-canto.org/505882,commyn/XC505882.ogg
commyn,[],"['alarm call', 'call']",24.4203,54.5268,Acridotheres tristis,Common Myna,Oscar Campbell,Creative Commons Attribution-NonCommercial-ShareAlike 4.0,5.0,17:30,https://www.xeno-canto.org/505883,commyn/XC505883.ogg
commyn,[],"['adult', 'song']",-4.3124,55.686,Acridotheres tristis,Common Myna,Oscar Campbell,Creative Commons Attribution-NonCommercial-ShareAlike 4.0,4.5,07:00,https://www.xeno-canto.org/506210,commyn/XC506210.ogg
commyn,[],"['sex uncertain', 'song']",29.5334,78.9334,Acridotheres tristis,Common Myna,Jean Roché,Creative Commons Attribution-NonCommercial-ShareAlike 4.0,4.0,?,https://www.xeno-canto.org/507717,commyn/XC507717.ogg
commyn,[],"['flight call', 'song']",29.5334,78.9334,Acridotheres tristis,Common Myna,Jean Roché,Creative Commons Attribution-NonCommercial-ShareAlike 4.0,4.0,?,https://www.xeno-canto.org/507723,commyn/XC507723.ogg
commyn,[],"['adult', 'call', 'male', 'song']",-33.9126,151.2008,Acridotheres tristis,Common Myna,James Ray,Creative Commons Attribution-ShareAlike 4.0,5.0,08:00,https://www.xeno-canto.org/509296,commyn/XC509296.ogg
commyn,[],"['adult', 'call', 'male', 'song']",-33.9126,151.2008,Acridotheres tristis,Common Myna,James Ray,Creative Commons Attribution-ShareAlike 4.0,5.0,08:00,https://www.xeno-canto.org/509307,commyn/XC509307.ogg
commyn,[],"['adult', 'male', 'song']",-33.9126,151.2008,Acridotheres tristis,Common Myna,James Ray,Creative Commons Attribution-ShareAlike 4.0,5.0,17:40,https://www.xeno-canto.org/511898,commyn/XC511898.ogg
commyn,[],"['adult', 'male', 'song']",-33.9125,151.2009,Acridotheres tristis,Common Myna,James Ray,Creative Commons Attribution-ShareAlike 4.0,5.0,10:40,https://www.xeno-canto.org/518361,commyn/XC518361.ogg
commyn,[],"['adult', 'male', 'song']",-33.9125,151.2009,Acridotheres tristis,Common Myna,James Ray,Creative Commons Attribution-ShareAlike 4.0,5.0,12:30,https://www.xeno-canto.org/518553,commyn/XC518553.ogg
commyn,[],"['adult', 'male', 'song']",-33.9125,151.2009,Acridotheres tristis,Common Myna,James Ray,Creative Commons Attribution-ShareAlike 4.0,1.0,12:30,https://www.xeno-canto.org/519458,commyn/XC519458.ogg
commyn,[],"['adult', 'male', 'song']",-33.9125,151.2009,Acridotheres tristis,Common Myna,James Ray,Creative Commons Attribution-ShareAlike 4.0,1.0,13:30,https://www.xeno-canto.org/519640,commyn/XC519640.ogg
commyn,[],"['adult', 'male', 'song']",-33.9125,151.2009,Acridotheres tristis,Common Myna,James Ray,Creative Commons Attribution-ShareAlike 4.0,1.0,14:00,https://www.xeno-canto.org/519659,commyn/XC519659.ogg
commyn,[],"['adult', 'male', 'song']",-33.9125,151.2009,Acridotheres tristis,Common Myna,James Ray,Creative Commons Attribution-ShareAlike 4.0,1.0,14:00,https://www.xeno-canto.org/519762,commyn/XC519762.ogg
commyn,[],"['adult', 'male', 'song']",-33.9125,151.2009,Acridotheres tristis,Common Myna,James Ray,Creative Commons Attribution-ShareAlike 4.0,1.0,16:00,https://www.xeno-canto.org/520058,commyn/XC520058.ogg
commyn,[],"['adult', 'male', 'song']",-33.9125,151.2009,Acridotheres tristis,Common Myna,James Ray,Creative Commons Attribution-ShareAlike 4.0,2.0,16:00,https://www.xeno-canto.org/521179,commyn/XC521179.ogg
commyn,[],"['adult', 'male', 'song']",-33.9125,151.2009,Acridotheres tristis,Common Myna,James Ray,Creative Commons Attribution-ShareAlike 4.0,4.0,16:00,https://www.xeno-canto.org/521180,commyn/XC521180.ogg
commyn,[],"['adult', 'female', 'male', 'song']",-33.9125,151.2009,Acridotheres tristis,Common Myna,James Ray,Creative Commons Attribution-ShareAlike 4.0,0.5,16:00,https://www.xeno-canto.org/521754,commyn/XC521754.ogg
commyn,[],"['adult', 'call', 'sex uncertain']",3.1681,101.7733,Acridotheres tristis,Common Myna,Attan Akmar,Creative Commons Attribution-NonCommercial-ShareAlike 4.0,0.0,17:30,https://www.xeno-canto.org/528928,commyn/XC528928.ogg
commyn,[],"['adult', 'call', 'sex uncertain']",3.1673,101.7738,Acridotheres tristis,Common Myna,Attan Akmar,Creative Commons Attribution-NonCommercial-ShareAlike 4.0,0.0,08:00,https://www.xeno-canto.org/528929,commyn/XC528929.ogg
commyn,[],"['adult', 'call', 'sex uncertain']",3.1673,101.7738,Acridotheres tristis,Common Myna,Attan Akmar,Creative Commons Attribution-NonCommercial-ShareAlike 4.0,0.0,08:00,https://www.xeno-canto.org/528930,commyn/XC528930.ogg
commyn,[],"['adult', 'call', 'sex uncertain']",3.1673,101.7738,Acridotheres tristis,Common Myna,Attan Akmar,Creative Commons Attribution-NonCommercial-ShareAlike 4.0,0.0,08:30,https://www.xeno-canto.org/528933,commyn/XC528933.ogg
commyn,[],"['call', 'sex uncertain']",3.1673,101.7738,Acridotheres tristis,Common Myna,Attan Akmar,Creative Commons Attribution-NonCommercial-ShareAlike 4.0,0.0,08:30,https://www.xeno-canto.org/528935,commyn/XC528935.ogg
commyn,[],"['adult', 'call', 'sex uncertain']",3.1673,101.7738,Acridotheres tristis,Common Myna,Attan Akmar,Creative Commons Attribution-NonCommercial-ShareAlike 4.0,0.0,08:30,https://www.xeno-canto.org/528936,commyn/XC528936.ogg
commyn,[],"['adult', 'call', 'sex uncertain']",3.1673,101.7738,Acridotheres tristis,Common Myna,Attan Akmar,Creative Commons Attribution-NonCommercial-ShareAlike 4.0,0.0,07:00,https://www.xeno-canto.org/528940,commyn/XC528940.ogg
commyn,[],"['adult', 'call', 'sex uncertain']",3.1673,101.7738,Acridotheres tristis,Common Myna,Attan Akmar,Creative Commons Attribution-NonCommercial-ShareAlike 4.0,0.0,07:00,https://www.xeno-canto.org/528946,commyn/XC528946.ogg
commyn,[],"['call', 'song']",17.0953,54.2803,Acridotheres tristis,Common Myna,James Lidster,Creative Commons Attribution-NonCommercial-ShareAlike 4.0,0.0,09:00,https://www.xeno-canto.org/529139,commyn/XC529139.ogg
commyn,[],"['adult', 'sex uncertain', 'song']",16.9752,82.23,Acridotheres tristis,Common Myna,Karol Kustusch,Creative Commons Attribution-NonCommercial-ShareAlike 4.0,4.0,15:30,https://www.xeno-canto.org/530827,commyn/XC530827.ogg
commyn,[],"['adult', 'call']",-27.0013,26.6798,Acridotheres tristis,Common Myna,Tony Archer,Creative Commons Attribution-NonCommercial-ShareAlike 4.0,4.5,14:00,https://www.xeno-canto.org/533469,commyn/XC533469.ogg
commyn,[],"['call', 'life stage uncertain', 'sex uncertain']",3.1672,101.7741,Acridotheres tristis,Common Myna,Attan Akmar,Creative Commons Attribution-NonCommercial-ShareAlike 4.0,0.0,08:00,https://www.xeno-canto.org/542272,commyn/XC542272.ogg
commyn,[],"['adult', 'call', 'female', 'flight call', 'male', 'song']",-33.9125,151.2003,Acridotheres tristis,Common Myna,James Ray,Creative Commons Attribution-ShareAlike 4.0,5.0,06:00,https://www.xeno-canto.org/544012,commyn/XC544012.ogg
commyn,[],"['adult', 'call', 'female', 'male', 'song']",-33.9124,151.2012,Acridotheres tristis,Common Myna,James Ray,Creative Commons Attribution-ShareAlike 4.0,5.0,14:00,https://www.xeno-canto.org/546566,commyn/XC546566.ogg
commyn,[],"['adult', 'call', 'female', 'male', 'song']",-33.9122,151.2021,Acridotheres tristis,Common Myna,James Ray,Creative Commons Attribution-ShareAlike 4.0,5.0,14:00,https://www.xeno-canto.org/546848,commyn/XC546848.ogg
commyn,[],"['adult', 'call', 'female', 'male', 'song']",-33.9122,151.2021,Acridotheres tristis,Common Myna,James Ray,Creative Commons Attribution-ShareAlike 4.0,4.5,17:00,https://www.xeno-canto.org/546947,commyn/XC546947.ogg
commyn,[],"['adult', 'call', 'female', 'male', 'song']",-33.9125,151.2012,Acridotheres tristis,Common Myna,James Ray,Creative Commons Attribution-ShareAlike 4.0,4.5,14:00,https://www.xeno-canto.org/548866,commyn/XC548866.ogg
commyn,[],['call'],22.0255,121.5557,Acridotheres tristis,Common Myna,Sunny Tseng,Creative Commons Attribution-NonCommercial-ShareAlike 4.0,5.0,17:30,https://www.xeno-canto.org/551659,commyn/XC551659.ogg
commyn,['houspa'],['song'],24.4343,54.4543,Acridotheres tristis,Common Myna,Oscar Campbell,Creative Commons Attribution-NonCommercial-ShareAlike 4.0,4.5,11:00,https://www.xeno-canto.org/555308,commyn/XC555308.ogg
commyn,[],['call'],24.9438,121.3708,Acridotheres tristis,Common Myna,Kevin Yang,Creative Commons Attribution-NonCommercial-ShareAlike 4.0,0.0,17:00,https://www.xeno-canto.org/558752,commyn/XC558752.ogg
commyn,[],"['adult', 'sex uncertain', 'song']",18.4973,73.8044,Acridotheres tristis,Common Myna,Rajgopal Patil,Creative Commons Attribution-NonCommercial-ShareAlike 4.0,5.0,04:30,https://www.xeno-canto.org/568910,commyn/XC568910.ogg
commyn,[],"['adult', 'sex uncertain', 'song']",18.4973,73.8044,Acridotheres tristis,Common Myna,Rajgopal Patil,Creative Commons Attribution-NonCommercial-ShareAlike 4.0,5.0,13:00,https://www.xeno-canto.org/571182,commyn/XC571182.ogg
commyn,[],"['adult', 'sex uncertain', 'song']",18.4973,73.8044,Acridotheres tristis,Common Myna,Rajgopal Patil,Creative Commons Attribution-NonCommercial-ShareAlike 4.0,5.0,13:00,https://www.xeno-canto.org/571185,commyn/XC571185.ogg
commyn,[],['song'],18.5013,73.8049,Acridotheres tristis,Common Myna,Rajgopal Patil,Creative Commons Attribution-NonCommercial-ShareAlike 4.0,4.0,10:07,https://www.xeno-canto.org/577886,commyn/XC577886.ogg
commyn,[],['song'],18.5013,73.8049,Acridotheres tristis,Common Myna,Rajgopal Patil,Creative Commons Attribution-NonCommercial-ShareAlike 4.0,4.0,10:07,https://www.xeno-canto.org/577887,commyn/XC577887.ogg
commyn,"['nutman', 'zebdov']",['song'],17.9361,102.6217,Acridotheres tristis,Common Myna,Bram Piot,Creative Commons Attribution-NonCommercial-ShareAlike 4.0,3.5,06:00,https://www.xeno-canto.org/579177,commyn/XC579177.ogg
commyn,[],"['call', 'song']",13.8142,100.5523,Acridotheres tristis,Common Myna,Aladdin,Creative Commons Attribution-NonCommercial-ShareAlike 4.0,1.0,15:30,https://www.xeno-canto.org/579693,commyn/XC579693.ogg
commyn,[],"['alarm call', 'sex uncertain']",19.1328,72.9152,Acridotheres tristis,Common Myna,Dhruba Saikia,Creative Commons Attribution-NonCommercial-ShareAlike 4.0,5.0,11:30,https://www.xeno-canto.org/583034,commyn/XC583034.ogg
commyn,['rocpig'],"['adult', 'female', 'male', 'song']",-33.9124,151.2011,Acridotheres tristis,Common Myna,James Ray,Creative Commons Attribution-ShareAlike 4.0,4.5,7:00,https://www.xeno-canto.org/585480,commyn/XC585480.ogg
commyn,[],"['adult', 'sex uncertain', 'song']",-12.248,49.3425,Acridotheres tristis,Common Myna,Ken Behrens,Creative Commons Attribution-NonCommercial-ShareAlike 4.0,4.0,09:30,https://www.xeno-canto.org/591907,commyn/XC591907.ogg
commyn,[],['uncertain'],31.5747,74.3001,Acridotheres tristis,Common Myna,samuyya,Creative Commons Attribution-NonCommercial-ShareAlike 4.0,4.0,10:43,https://www.xeno-canto.org/595360,commyn/XC595360.ogg
commyn,[],['call'],23.8314,120.7932,Acridotheres tristis,Common Myna,Sunny Tseng,Creative Commons Attribution-NonCommercial-ShareAlike 4.0,5.0,07:30,https://www.xeno-canto.org/596982,commyn/XC596982.ogg
commyn,[],['call'],23.8314,120.7932,Acridotheres tristis,Common Myna,Sunny Tseng,Creative Commons Attribution-NonCommercial-ShareAlike 4.0,5.0,07:30,https://www.xeno-canto.org/596983,commyn/XC596983.ogg
commyn,[],['call'],19.1327,72.8478,Acridotheres tristis,Common Myna,Roozbeh Gazdar,Creative Commons Attribution-NonCommercial-ShareAlike 4.0,3.5,09:00,https://www.xeno-canto.org/598051,commyn/XC598051.ogg
commyn,[],"['adult', 'song']",-27.3659,153.0125,Acridotheres tristis,Common Myna,James Lambert,Creative Commons Attribution-NonCommercial-ShareAlike 4.0,3.5,06:46,https://www.xeno-canto.org/599364,commyn/XC599364.ogg
commyn,[],"['adult', 'sex uncertain', 'song']",-19.438,169.2891,Acridotheres tristis,Common Myna,Dominik Maximilián Ramík,Creative Commons Attribution-NonCommercial-ShareAlike 4.0,5.0,09:00,https://www.xeno-canto.org/599867,commyn/XC599867.ogg
commyn,[],"['adult', 'call']",-26.772,26.696,Acridotheres tristis,Common Myna,Tony Archer,Creative Commons Attribution-NonCommercial-ShareAlike 4.0,3.5,08:30,https://www.xeno-canto.org/600430,commyn/XC600430.ogg
commyn,[],"['Passing car', 'adult', 'alarm call']",-26.8231,26.6663,Acridotheres tristis,Common Myna,Tony Archer,Creative Commons Attribution-NonCommercial-ShareAlike 4.0,1.5,15:00,https://www.xeno-canto.org/606056,commyn/XC606056.ogg
commyn,[],['song'],12.5535,102.0468,Acridotheres tristis,Common Myna,Albert Noorlander,Creative Commons Attribution-NonCommercial-ShareAlike 4.0,4.0,09:23,https://www.xeno-canto.org/606861,commyn/XC606861.ogg
commyn,[],['song'],14.3819,101.8782,Acridotheres tristis,Common Myna,Greg Irving,Creative Commons Attribution-NonCommercial-ShareAlike 4.0,5.0,05:44,https://www.xeno-canto.org/607249,commyn/XC607249.ogg
commyn,[],"['adult', 'call']",-26.8245,26.6588,Acridotheres tristis,Common Myna,Tony Archer,Creative Commons Attribution-NonCommercial-ShareAlike 4.0,3.5,14:30,https://www.xeno-canto.org/607469,commyn/XC607469.ogg
commyn,[],['uncertain'],19.1325,72.8478,Acridotheres tristis,Common Myna,Roozbeh Gazdar,Creative Commons Attribution-NonCommercial-ShareAlike 4.0,4.0,09:30,https://www.xeno-canto.org/609517,commyn/XC609517.ogg
commyn,[],"['adult', 'sex uncertain', 'song']",-17.721,168.3117,Acridotheres tristis,Common Myna,Dominik Maximilián Ramík,Creative Commons Attribution-NonCommercial-ShareAlike 4.0,5.0,07:45,https://www.xeno-canto.org/612157,commyn/XC612157.ogg
commyn,[],"['adult', 'sex uncertain', 'song']",-19.5655,169.3146,Acridotheres tristis,Common Myna,Dominik Maximilián Ramík,Creative Commons Attribution-NonCommercial-ShareAlike 4.0,5.0,05:33,https://www.xeno-canto.org/614590,commyn/XC614590.ogg
commyn,[],['song'],17.9361,102.6217,Acridotheres tristis,Common Myna,Bram Piot,Creative Commons Attribution-NonCommercial-ShareAlike 4.0,4.0,17:00,https://www.xeno-canto.org/623016,commyn/XC623016.ogg
commyn,[],"['adult', 'sex uncertain', 'song']",26.2279,50.4733,Acridotheres tristis,Common Myna,David Darrell-Lambert,Creative Commons Attribution-NonCommercial-ShareAlike 4.0,4.0,09:00,https://www.xeno-canto.org/635697,commyn/XC635697.ogg
commyn,[],"['adult', 'call', 'sex uncertain']",22.1108,80.5675,Acridotheres tristis,Common Myna,Pranad Patil,Creative Commons Attribution-NonCommercial-ShareAlike 4.0,5.0,16:30,https://www.xeno-canto.org/639485,commyn/XC639485.ogg
commyn,[],['call'],25.2274,121.6434,Acridotheres tristis,Common Myna,Sunny Tseng,Creative Commons Attribution-NonCommercial-ShareAlike 4.0,4.0,18:00,https://www.xeno-canto.org/643677,commyn/XC643677.ogg
commyn,[],"['adult', 'call']",-26.8653,26.4951,Acridotheres tristis,Common Myna,Tony Archer,Creative Commons Attribution-NonCommercial-ShareAlike 4.0,3.5,03:00,https://www.xeno-canto.org/651026,commyn/XC651026.ogg
commyn,[],['call'],23.3194,71.8461,Acridotheres tristis,Common Myna,Jelle Scharringa,Creative Commons Attribution-NonCommercial-ShareAlike 4.0,4.0,06:30,https://www.xeno-canto.org/651854,commyn/XC651854.ogg
commyn,[],['call'],6.6823,80.4066,Acridotheres tristis,Common Myna,THILANKA EDIRISINGHE,Creative Commons Attribution-NonCommercial-ShareAlike 4.0,5.0,08:00,https://www.xeno-canto.org/652901,commyn/XC652901.ogg
commyn,[],"['Part of the call is similar to Layards Parakeet assuming that it mimics', 'call']",6.6823,80.4066,Acridotheres tristis,Common Myna,THILANKA EDIRISINGHE,Creative Commons Attribution-NonCommercial-ShareAlike 4.0,5.0,08:30,https://www.xeno-canto.org/652903,commyn/XC652903.ogg
commyn,[],['song'],26.3667,120.4907,Acridotheres tristis,Common Myna,Sunny Tseng,Creative Commons Attribution-NonCommercial-ShareAlike 4.0,5.0,06:30,https://www.xeno-canto.org/659209,commyn/XC659209.ogg
commyn,[],['song'],26.3667,120.4907,Acridotheres tristis,Common Myna,Sunny Tseng,Creative Commons Attribution-NonCommercial-ShareAlike 4.0,5.0,06:30,https://www.xeno-canto.org/659210,commyn/XC659210.ogg
commyn,[],['song'],26.3667,120.4907,Acridotheres tristis,Common Myna,Sunny Tseng,Creative Commons Attribution-NonCommercial-ShareAlike 4.0,5.0,06:30,https://www.xeno-canto.org/659211,commyn/XC659211.ogg
commyn,[],"['call', 'song']",26.3667,120.4907,Acridotheres tristis,Common Myna,Sunny Tseng,Creative Commons Attribution-NonCommercial-ShareAlike 4.0,5.0,08:00,https://www.xeno-canto.org/659214,commyn/XC659214.ogg
commyn,[],['song'],26.3667,120.4907,Acridotheres tristis,Common Myna,Sunny Tseng,Creative Commons Attribution-NonCommercial-ShareAlike 4.0,5.0,13:30,https://www.xeno-canto.org/661228,commyn/XC661228.ogg
commyn,[],['song'],26.3696,120.4919,Acridotheres tristis,Common Myna,Sunny Tseng,Creative Commons Attribution-NonCommercial-ShareAlike 4.0,4.0,09:30,https://www.xeno-canto.org/661253,commyn/XC661253.ogg
commyn,[],"['adult', 'call', 'flight call', 'sex uncertain', 'song', 'subsong']",8.5831,81.2104,Acridotheres tristis,Common Myna,Vihansith Kulatunga,Creative Commons Attribution-ShareAlike 4.0,2.5,09:30,https://www.xeno-canto.org/662734,commyn/XC662734.ogg
commyn,['rorpar'],"['call', 'song']",28.494,77.159,Acridotheres tristis,Common Myna,Mike Nelson,Creative Commons Attribution-NonCommercial-ShareAlike 3.0,4.5,6:30am,https://www.xeno-canto.org/73131,commyn/XC73131.ogg
commyn,['houspa'],"['call', 'song']",26.928,75.793,Acridotheres tristis,Common Myna,Mike Nelson,Creative Commons Attribution-NonCommercial-ShareAlike 3.0,3.5,6:30am,https://www.xeno-canto.org/73132,commyn/XC73132.ogg
commyn,['rorpar'],"['call', 'song']",28.494,77.159,Acridotheres tristis,Common Myna,Mike Nelson,Creative Commons Attribution-NonCommercial-ShareAlike 3.0,4.5,6:30am,https://www.xeno-canto.org/73133,commyn/XC73133.ogg
commyn,[],"['call', 'song']",28.494,77.159,Acridotheres tristis,Common Myna,Mike Nelson,Creative Commons Attribution-NonCommercial-ShareAlike 3.0,4.5,6:30am,https://www.xeno-canto.org/73134,commyn/XC73134.ogg
commyn,[],"['call', 'song']",29.5442,78.8791,Acridotheres tristis,Common Myna,Mike Nelson,Creative Commons Attribution-NonCommercial-ShareAlike 3.0,4.0,8:30am,https://www.xeno-canto.org/73788,commyn/XC73788.ogg
compea,[],['song'],28.5057,77.2202,Pavo cristatus,Indian Peafowl,Mike Nelson,Creative Commons Attribution-NonCommercial-ShareAlike 3.0,5.0,04:00,https://www.xeno-canto.org/116747,compea/XC116747.ogg
compea,[],['call'],18.5937,75.3052,Pavo cristatus,Indian Peafowl,pradnyavant mane,Creative Commons Attribution-NonCommercial-ShareAlike 3.0,5.0,09:00,https://www.xeno-canto.org/124017,compea/XC124017.ogg
compea,[],['song'],-28.8865,24.8353,Pavo cristatus,Indian Peafowl,Sander Bot,Creative Commons Attribution-NonCommercial-ShareAlike 3.0,3.0,?,https://www.xeno-canto.org/126241,compea/XC126241.ogg
compea,[],['song'],-28.8865,24.8353,Pavo cristatus,Indian Peafowl,Sander Bot,Creative Commons Attribution-NonCommercial-ShareAlike 3.0,3.0,?,https://www.xeno-canto.org/126243,compea/XC126243.ogg
compea,[],"['call', 'male']",22.2983,80.5883,Pavo cristatus,Indian Peafowl,Shailendra Patil,Creative Commons Attribution-NonCommercial-ShareAlike 4.0,5.0,09:30,https://www.xeno-canto.org/189336,compea/XC189336.ogg
compea,[],['call'],15.5334,73.8167,Pavo cristatus,Indian Peafowl,Andrew Mascarenhas,Creative Commons Attribution-NonCommercial-ShareAlike 4.0,3.0,10:00,https://www.xeno-canto.org/196656,compea/XC196656.ogg
compea,[],['call'],15.4641,74.1303,Pavo cristatus,Indian Peafowl,Andrew Mascarenhas,Creative Commons Attribution-NonCommercial-ShareAlike 4.0,4.0,07:00,https://www.xeno-canto.org/196740,compea/XC196740.ogg
compea,[],['call'],15.5442,73.7733,Pavo cristatus,Indian Peafowl,Albert Lastukhin & Sergei Karpeev,Creative Commons Attribution-NonCommercial-ShareAlike 4.0,2.5,10:00,https://www.xeno-canto.org/208327,compea/XC208327.ogg
compea,[],['call'],15.5442,73.7733,Pavo cristatus,Indian Peafowl,Albert Lastukhin & Sergei Karpeev,Creative Commons Attribution-NonCommercial-ShareAlike 4.0,4.0,09:00,https://www.xeno-canto.org/208672,compea/XC208672.ogg
compea,[],['call'],15.5442,73.7733,Pavo cristatus,Indian Peafowl,Albert Lastukhin & Sergei Karpeev,Creative Commons Attribution-NonCommercial-ShareAlike 4.0,2.5,08:30,https://www.xeno-canto.org/208916,compea/XC208916.ogg
compea,[],"['call', 'male']",22.1991,80.9449,Pavo cristatus,Indian Peafowl,Pankaj Koparde,Creative Commons Attribution-NonCommercial-ShareAlike 4.0,4.0,07:30,https://www.xeno-canto.org/215374,compea/XC215374.ogg
compea,[],['song'],28.4853,81.2367,Pavo cristatus,Indian Peafowl,Benj Smelt (BCN),Creative Commons Attribution-NonCommercial-ShareAlike 4.0,4.0,07:00,https://www.xeno-canto.org/251875,compea/XC251875.ogg
compea,[],['call'],27.6334,84.2001,Pavo cristatus,Indian Peafowl,Allen T. Chartier,Creative Commons Attribution-NonCommercial-ShareAlike 3.0,4.0,?,https://www.xeno-canto.org/31570,compea/XC31570.ogg
compea,[],['call'],27.6334,84.2001,Pavo cristatus,Indian Peafowl,Allen T. Chartier,Creative Commons Attribution-NonCommercial-ShareAlike 3.0,1.0,?,https://www.xeno-canto.org/31571,compea/XC31571.ogg
compea,[],['call'],43.5374,-5.6414,Pavo cristatus,Indian Peafowl,DefensorAnimalT,Creative Commons Attribution-NonCommercial-ShareAlike 4.0,3.0,13:00,https://www.xeno-canto.org/316084,compea/XC316084.ogg
compea,[],['song'],25.7054,-80.157,Pavo cristatus,Indian Peafowl,Sue Riffe,Creative Commons Attribution-NonCommercial-ShareAlike 4.0,4.5,11:50,https://www.xeno-canto.org/316266,compea/XC316266.ogg
compea,[],"['male', 'song']",52.3948,20.5319,Pavo cristatus,Indian Peafowl,Jarek Matusiak,Creative Commons Attribution-NonCommercial-ShareAlike 4.0,5.0,11:00,https://www.xeno-canto.org/316933,compea/XC316933.ogg
compea,[],"['call', 'male']",52.2146,21.0358,Pavo cristatus,Indian Peafowl,Jarek Matusiak,Creative Commons Attribution-NonCommercial-ShareAlike 4.0,5.0,11:00,https://www.xeno-canto.org/316935,compea/XC316935.ogg
compea,[],"['call', 'male']",52.2146,21.0358,Pavo cristatus,Indian Peafowl,Jarek Matusiak,Creative Commons Attribution-NonCommercial-ShareAlike 4.0,5.0,10:00,https://www.xeno-canto.org/316937,compea/XC316937.ogg
compea,[],['call'],42.1695,-84.0627,Pavo cristatus,Indian Peafowl,Antonio Xeira,Creative Commons Attribution-NonCommercial-ShareAlike 4.0,5.0,11:00,https://www.xeno-canto.org/321544,compea/XC321544.ogg
compea,[],['call'],40.9862,-77.7051,Pavo cristatus,Indian Peafowl,Julia Plummer,Creative Commons Attribution-NonCommercial-ShareAlike 4.0,4.0,05:30,https://www.xeno-canto.org/331253,compea/XC331253.ogg
compea,[],"['alarm call', 'call']",15.5238,73.8517,Pavo cristatus,Indian Peafowl,Andrew Mascarenhas,Creative Commons Attribution-NonCommercial-ShareAlike 4.0,4.5,10:30,https://www.xeno-canto.org/343013,compea/XC343013.ogg
compea,[],"['call', 'song']",27.5545,84.5124,Pavo cristatus,Indian Peafowl,Mike Dooher,Creative Commons Attribution-NonCommercial-ShareAlike 4.0,4.0,06:45,https://www.xeno-canto.org/402424,compea/XC402424.ogg
compea,[],['call'],11.0477,76.8642,Pavo cristatus,Indian Peafowl,Dilip KG,Creative Commons Attribution-NonCommercial-ShareAlike 4.0,4.0,17:00,https://www.xeno-canto.org/406117,compea/XC406117.ogg
compea,[],['song'],28.3961,-80.6028,Pavo cristatus,Indian Peafowl,Paul Marvin,Creative Commons Attribution-NonCommercial-ShareAlike 4.0,5.0,08:06,https://www.xeno-canto.org/407392,compea/XC407392.ogg
compea,[],['call'],28.3961,-80.6028,Pavo cristatus,Indian Peafowl,Paul Marvin,Creative Commons Attribution-NonCommercial-ShareAlike 4.0,4.0,07:22,https://www.xeno-canto.org/407393,compea/XC407393.ogg
compea,[],['call'],28.3961,-80.6028,Pavo cristatus,Indian Peafowl,Paul Marvin,Creative Commons Attribution-NonCommercial-ShareAlike 4.0,4.0,07:20,https://www.xeno-canto.org/407394,compea/XC407394.ogg
compea,[],"['call', 'song']",41.2831,23.2578,Pavo cristatus,Indian Peafowl,Dobrin,Creative Commons Attribution-NonCommercial-ShareAlike 4.0,3.0,21:30,https://www.xeno-canto.org/412767,compea/XC412767.ogg
compea,[],"['call', 'song']",11.1633,78.158,Pavo cristatus,Indian Peafowl,Sreekumar Chirukandoth,Creative Commons Attribution-NonCommercial-ShareAlike 4.0,5.0,07:30,https://www.xeno-canto.org/426172,compea/XC426172.ogg
compea,[],['call'],13.347,74.788,Pavo cristatus,Indian Peafowl,ARUN PRABHU,Creative Commons Attribution-NonCommercial-ShareAlike 4.0,0.0,08:00,https://www.xeno-canto.org/426341,compea/XC426341.ogg
compea,[],['song'],28.4077,-80.5912,Pavo cristatus,Indian Peafowl,Paul Marvin,Creative Commons Attribution-NonCommercial-ShareAlike 4.0,4.0,08:16,https://www.xeno-canto.org/452040,compea/XC452040.ogg
compea,[],['song'],28.4077,-80.5912,Pavo cristatus,Indian Peafowl,Paul Marvin,Creative Commons Attribution-NonCommercial-ShareAlike 4.0,5.0,07:09,https://www.xeno-canto.org/452044,compea/XC452044.ogg
compea,[],['song'],28.4077,-80.5912,Pavo cristatus,Indian Peafowl,Paul Marvin,Creative Commons Attribution-NonCommercial-ShareAlike 4.0,5.0,07:08,https://www.xeno-canto.org/452045,compea/XC452045.ogg
compea,[],['song'],28.4077,-80.5912,Pavo cristatus,Indian Peafowl,Paul Marvin,Creative Commons Attribution-NonCommercial-ShareAlike 4.0,5.0,07:06,https://www.xeno-canto.org/452046,compea/XC452046.ogg
compea,[],['call'],6.4682,80.8905,Pavo cristatus,Indian Peafowl,Oscar Campbell,Creative Commons Attribution-NonCommercial-ShareAlike 4.0,5.0,08:00,https://www.xeno-canto.org/453354,compea/XC453354.ogg
compea,[],['call'],15.5334,73.8286,Pavo cristatus,Indian Peafowl,Tejaswini Limaye,Creative Commons Attribution-NonCommercial-ShareAlike 4.0,4.0,09:55,https://www.xeno-canto.org/454033,compea/XC454033.ogg
compea,['redjun'],['call'],41.947,-8.7729,Pavo cristatus,Indian Peafowl,Jorge Leitão,Creative Commons Attribution-NonCommercial-ShareAlike 4.0,1.5,13:08,https://www.xeno-canto.org/465162,compea/XC465162.ogg
compea,[],['song'],24.5073,118.43,Pavo cristatus,Indian Peafowl,Chie-Jen Jerome Ko,Creative Commons Attribution-NonCommercial-ShareAlike 4.0,3.5,18:53,https://www.xeno-canto.org/470555,compea/XC470555.ogg
compea,[],['call'],17.4855,78.2678,Pavo cristatus,Indian Peafowl,Paul Bourdin,Creative Commons Attribution-NonCommercial-ShareAlike 4.0,5.0,09:00,https://www.xeno-canto.org/487795,compea/XC487795.ogg
compea,[],['song'],29.5334,78.9334,Pavo cristatus,Indian Peafowl,Jean Roché,Creative Commons Attribution-NonCommercial-ShareAlike 4.0,4.0,?,https://www.xeno-canto.org/507737,compea/XC507737.ogg
compea,[],['song'],29.5334,78.9334,Pavo cristatus,Indian Peafowl,Jean Roché,Creative Commons Attribution-NonCommercial-ShareAlike 4.0,4.0,?,https://www.xeno-canto.org/507742,compea/XC507742.ogg
compea,[],['song'],29.5334,78.9334,Pavo cristatus,Indian Peafowl,Jean Roché,Creative Commons Attribution-NonCommercial-ShareAlike 4.0,4.0,?,https://www.xeno-canto.org/507743,compea/XC507743.ogg
compea,[],"['adult', 'call', 'sex uncertain']",16.866,75.7371,Pavo cristatus,Indian Peafowl,Ramesh Desai,Creative Commons Attribution-NonCommercial-ShareAlike 4.0,4.0,07:00,https://www.xeno-canto.org/514026,compea/XC514026.ogg
compea,[],"['call', 'sex uncertain', 'song']",17.4054,78.5317,Pavo cristatus,Indian Peafowl,Karol Kustusch,Creative Commons Attribution-NonCommercial-ShareAlike 4.0,5.0,08:00,https://www.xeno-canto.org/531014,compea/XC531014.ogg
compea,[],"['aberrant', 'adult', 'call', 'sex uncertain', 'song']",10.9833,76.7341,Pavo cristatus,Indian Peafowl,Prakash G,Creative Commons Attribution-NonCommercial-ShareAlike 4.0,3.0,08:00,https://www.xeno-canto.org/565301,compea/XC565301.ogg
compea,[],['song'],43.5118,3.8367,Pavo cristatus,Indian Peafowl,Pierre Foulquier,Creative Commons Attribution-NonCommercial-ShareAlike 4.0,0.0,07:30,https://www.xeno-canto.org/567971,compea/XC567971.ogg
compea,[],['call'],21.7177,79.3275,Pavo cristatus,Indian Peafowl,Rajgopal Patil,Creative Commons Attribution-NonCommercial-ShareAlike 4.0,5.0,07:15,https://www.xeno-canto.org/572395,compea/XC572395.ogg
compea,[],"['adult', 'call', 'sex uncertain']",21.6536,79.3501,Pavo cristatus,Indian Peafowl,Craig Robertson,Creative Commons Attribution-NonCommercial-ShareAlike 4.0,4.0,16:00,https://www.xeno-canto.org/585011,compea/XC585011.ogg
compea,[],"['adult', 'alarm call', 'male']",4.2115,-76.3235,Pavo cristatus,Indian Peafowl,Luis Lozano,Creative Commons Attribution-NonCommercial-ShareAlike 4.0,5.0,13:00,https://www.xeno-canto.org/632249,compea/XC632249.ogg
compea,[],"['adult', 'call', 'male']",10.04,77.3184,Pavo cristatus,Indian Peafowl,Sreekumar Chirukandoth,Creative Commons Attribution-NonCommercial-ShareAlike 4.0,5.0,06:30,https://www.xeno-canto.org/644022,compea/XC644022.ogg
compea,[],"['adult', 'call', 'male']",10.04,77.3184,Pavo cristatus,Indian Peafowl,Sreekumar Chirukandoth,Creative Commons Attribution-NonCommercial-ShareAlike 4.0,4.5,06:30,https://www.xeno-canto.org/644024,compea/XC644024.ogg
compea,[],['uncertain'],54.5489,-3.4359,Pavo cristatus,Indian Peafowl,John,Creative Commons Attribution-NonCommercial-ShareAlike 4.0,4.5,22:00,https://www.xeno-canto.org/660417,compea/XC660417.ogg
compea,[],"['adult', 'sex uncertain', 'song']",10.0399,77.3185,Pavo cristatus,Indian Peafowl,Sreekumar Chirukandoth,Creative Commons Attribution-NonCommercial-ShareAlike 4.0,5.0,07:00,https://www.xeno-canto.org/665320,compea/XC665320.ogg
compea,[],"['adult', 'rock bush', 'sex uncertain', 'song']",16.8684,75.6917,Pavo cristatus,Indian Peafowl,Ramesh Desai,Creative Commons Attribution-NonCommercial-ShareAlike 4.0,3.5,07:30,https://www.xeno-canto.org/665624,compea/XC665624.ogg
compea,[],['song'],28.494,77.159,Pavo cristatus,Indian Peafowl,Mike Nelson,Creative Commons Attribution-NonCommercial-ShareAlike 3.0,2.5,7:00am,https://www.xeno-canto.org/73135,compea/XC73135.ogg
comsan,[],"['alarm call', 'not sure which kind of call']",55.4649,157.7389,Actitis hypoleucos,Common Sandpiper,Adria Sole,Creative Commons Attribution-NonCommercial-ShareAlike 3.0,2.0,07:00,https://www.xeno-canto.org/113693,comsan/XC113693.ogg
comsan,[],['flight call'],46.4605,6.3914,Actitis hypoleucos,Common Sandpiper,Bram Piot,Creative Commons Attribution-NonCommercial-ShareAlike 3.0,2.5,10:00,https://www.xeno-canto.org/113844,comsan/XC113844.ogg
comsan,[],"['call', 'flight call']",68.535,23.321,Actitis hypoleucos,Common Sandpiper,Stein Ø. Nilsen,Creative Commons Attribution-NonCommercial-ShareAlike 3.0,4.5,05:00,https://www.xeno-canto.org/123893,comsan/XC123893.ogg
comsan,[],"['female', 'flight call', 'male', 'song']",52.3527,20.9197,Actitis hypoleucos,Common Sandpiper,Jarek Matusiak,Creative Commons Attribution-NonCommercial-ShareAlike 3.0,5.0,12:00,https://www.xeno-canto.org/129378,comsan/XC129378.ogg
comsan,[],['song'],56.5183,47.2637,Actitis hypoleucos,Common Sandpiper,Albert Lastukhin,Creative Commons Attribution-NonCommercial-ShareAlike 3.0,2.0,18:00,https://www.xeno-canto.org/132076,comsan/XC132076.ogg
comsan,[],['call'],56.1402,47.3552,Actitis hypoleucos,Common Sandpiper,Albert Lastukhin,Creative Commons Attribution-NonCommercial-ShareAlike 3.0,1.5,12:30,https://www.xeno-canto.org/133278,comsan/XC133278.ogg
comsan,[],"['flight call', 'song']",56.4462,47.508,Actitis hypoleucos,Common Sandpiper,Albert Lastukhin,Creative Commons Attribution-NonCommercial-ShareAlike 3.0,2.5,06:00,https://www.xeno-canto.org/134627,comsan/XC134627.ogg
comsan,[],['alarm call'],56.0854,47.2639,Actitis hypoleucos,Common Sandpiper,Albert Lastukhin,Creative Commons Attribution-NonCommercial-ShareAlike 3.0,3.0,14:30,https://www.xeno-canto.org/136220,comsan/XC136220.ogg
comsan,[],"['alarm call', 'call']",56.0851,47.2595,Actitis hypoleucos,Common Sandpiper,Albert Lastukhin,Creative Commons Attribution-NonCommercial-ShareAlike 3.0,4.0,14:30,https://www.xeno-canto.org/139002,comsan/XC139002.ogg
comsan,[],['call'],55.171,46.4373,Actitis hypoleucos,Common Sandpiper,Albert Lastukhin,Creative Commons Attribution-NonCommercial-ShareAlike 3.0,3.0,00:30,https://www.xeno-canto.org/139157,comsan/XC139157.ogg
comsan,[],"['alarm call', 'call']",56.0848,47.2594,Actitis hypoleucos,Common Sandpiper,Albert Lastukhin,Creative Commons Attribution-NonCommercial-ShareAlike 3.0,3.5,12:30,https://www.xeno-canto.org/140115,comsan/XC140115.ogg
comsan,[],['flight call'],43.5848,-1.3987,Actitis hypoleucos,Common Sandpiper,Bernard BOUSQUET,Creative Commons Attribution-NonCommercial-ShareAlike 3.0,4.0,07:30,https://www.xeno-canto.org/142081,comsan/XC142081.ogg
comsan,[],['call'],51.547,53.3778,Actitis hypoleucos,Common Sandpiper,Albert Lastukhin,Creative Commons Attribution-NonCommercial-ShareAlike 3.0,2.5,22:30,https://www.xeno-canto.org/142393,comsan/XC142393.ogg
comsan,[],['flight call'],43.4238,-0.4616,Actitis hypoleucos,Common Sandpiper,Bernard BOUSQUET,Creative Commons Attribution-NonCommercial-ShareAlike 3.0,3.0,11:00,https://www.xeno-canto.org/144768,comsan/XC144768.ogg
comsan,[],['call'],49.979,82.938,Actitis hypoleucos,Common Sandpiper,Thijs Fijen,Creative Commons Attribution-NonCommercial-ShareAlike 3.0,4.0,10:00,https://www.xeno-canto.org/145181,comsan/XC145181.ogg
comsan,[],['flight call'],48.3447,10.9154,Actitis hypoleucos,Common Sandpiper,Buhl Johannes,Creative Commons Attribution-NonCommercial-ShareAlike 3.0,4.0,08:30,https://www.xeno-canto.org/146265,comsan/XC146265.ogg
comsan,[],"['alarm call', 'flight call']",43.417,-0.4582,Actitis hypoleucos,Common Sandpiper,Bernard BOUSQUET,Creative Commons Attribution-NonCommercial-ShareAlike 3.0,4.0,10:00,https://www.xeno-canto.org/146703,comsan/XC146703.ogg
comsan,[],"['call', 'flight call']",4.9327,100.4593,Actitis hypoleucos,Common Sandpiper,Mike Nelson,Creative Commons Attribution-NonCommercial-ShareAlike 3.0,4.0,08:30,https://www.xeno-canto.org/151332,comsan/XC151332.ogg
comsan,[],['call'],60.7689,11.2296,Actitis hypoleucos,Common Sandpiper,Elias A. Ryberg,Creative Commons Attribution-NonCommercial-ShareAlike 3.0,5.0,10:30,https://www.xeno-canto.org/157141,comsan/XC157141.ogg
comsan,[],['song'],60.7757,11.2272,Actitis hypoleucos,Common Sandpiper,Elias A. Ryberg,Creative Commons Attribution-NonCommercial-ShareAlike 3.0,5.0,11:00,https://www.xeno-canto.org/157223,comsan/XC157223.ogg
comsan,[],['excitement call'],48.719,98.649,Actitis hypoleucos,Common Sandpiper,Patrick Franke,Creative Commons Attribution-NonCommercial-ShareAlike 3.0,4.0,06:02,https://www.xeno-canto.org/162544,comsan/XC162544.ogg
comsan,[],['flight call'],46.0192,61.846,Actitis hypoleucos,Common Sandpiper,Albert Lastukhin,Creative Commons Attribution-NonCommercial-ShareAlike 4.0,4.0,05:30,https://www.xeno-canto.org/182757,comsan/XC182757.ogg
comsan,[],['flight call'],44.4091,66.2756,Actitis hypoleucos,Common Sandpiper,Albert Lastukhin,Creative Commons Attribution-NonCommercial-ShareAlike 4.0,4.0,19:30,https://www.xeno-canto.org/183079,comsan/XC183079.ogg
comsan,[],['call'],42.586,69.2775,Actitis hypoleucos,Common Sandpiper,Albert Lastukhin,Creative Commons Attribution-NonCommercial-ShareAlike 4.0,4.0,04:30,https://www.xeno-canto.org/184130,comsan/XC184130.ogg
comsan,[],['flight call'],44.4091,66.2756,Actitis hypoleucos,Common Sandpiper,Albert Lastukhin,Creative Commons Attribution-NonCommercial-ShareAlike 4.0,4.0,18:30,https://www.xeno-canto.org/184297,comsan/XC184297.ogg
comsan,[],['flight call'],39.2962,63.7592,Actitis hypoleucos,Common Sandpiper,Albert Lastukhin,Creative Commons Attribution-NonCommercial-ShareAlike 4.0,3.0,17:30,https://www.xeno-canto.org/185022,comsan/XC185022.ogg
comsan,[],['flight call'],39.2962,63.7592,Actitis hypoleucos,Common Sandpiper,Albert Lastukhin,Creative Commons Attribution-NonCommercial-ShareAlike 4.0,4.0,18:30,https://www.xeno-canto.org/185023,comsan/XC185023.ogg
comsan,['commyn'],['call'],39.4715,64.5245,Actitis hypoleucos,Common Sandpiper,Albert Lastukhin,Creative Commons Attribution-NonCommercial-ShareAlike 4.0,3.5,05:30,https://www.xeno-canto.org/185083,comsan/XC185083.ogg
comsan,[],['call'],39.4715,64.5245,Actitis hypoleucos,Common Sandpiper,Albert Lastukhin,Creative Commons Attribution-NonCommercial-ShareAlike 4.0,4.0,05:30,https://www.xeno-canto.org/185084,comsan/XC185084.ogg
comsan,[],['call'],39.4715,64.5245,Actitis hypoleucos,Common Sandpiper,Albert Lastukhin,Creative Commons Attribution-NonCommercial-ShareAlike 4.0,3.5,05:30,https://www.xeno-canto.org/185086,comsan/XC185086.ogg
comsan,[],['flight call'],51.348,23.051,Actitis hypoleucos,Common Sandpiper,Jarek Matusiak,Creative Commons Attribution-NonCommercial-ShareAlike 4.0,5.0,21:55,https://www.xeno-canto.org/187104,comsan/XC187104.ogg
comsan,[],['flight call'],26.16,127.6569,Actitis hypoleucos,Common Sandpiper,Ross Gallardy,Creative Commons Attribution-NonCommercial-ShareAlike 4.0,3.0,09:00,https://www.xeno-canto.org/193904,comsan/XC193904.ogg
comsan,[],"['alarm call', 'female']",56.092,47.2613,Actitis hypoleucos,Common Sandpiper,Albert Lastukhin,Creative Commons Attribution-NonCommercial-ShareAlike 4.0,4.0,11:00,https://www.xeno-canto.org/194057,comsan/XC194057.ogg
comsan,[],['flight call'],56.1211,47.5042,Actitis hypoleucos,Common Sandpiper,Albert Lastukhin,Creative Commons Attribution-NonCommercial-ShareAlike 4.0,5.0,08:30,https://www.xeno-canto.org/197017,comsan/XC197017.ogg
comsan,[],['flight call'],41.5048,0.547,Actitis hypoleucos,Common Sandpiper,Jordi Calvet,Creative Commons Attribution-NonCommercial-ShareAlike 4.0,3.0,19:00,https://www.xeno-canto.org/199825,comsan/XC199825.ogg
comsan,[],"['call', 'flight call']",-7.098,120.6647,Actitis hypoleucos,Common Sandpiper,Mike Nelson,Creative Commons Attribution-NonCommercial-ShareAlike 4.0,3.5,08:00,https://www.xeno-canto.org/204537,comsan/XC204537.ogg
comsan,[],"['flight call', 'song']",68.6501,19.8152,Actitis hypoleucos,Common Sandpiper,Stein Ø. Nilsen,Creative Commons Attribution-NonCommercial-ShareAlike 4.0,4.0,06:00,https://www.xeno-canto.org/210583,comsan/XC210583.ogg
comsan,[],"['alarm call', 'call']",61.2885,25.843,Actitis hypoleucos,Common Sandpiper,Ilkka Heiskanen,Creative Commons Attribution-NonCommercial-ShareAlike 4.0,4.5,?,https://www.xeno-canto.org/213342,comsan/XC213342.ogg
comsan,[],['call'],42.586,69.2775,Actitis hypoleucos,Common Sandpiper,Albert Lastukhin,Creative Commons Attribution-NonCommercial-ShareAlike 4.0,3.0,06:00,https://www.xeno-canto.org/215035,comsan/XC215035.ogg
comsan,[],"['alarm call', 'call']",62.9683,30.0108,Actitis hypoleucos,Common Sandpiper,Jimmy Träskelin,Creative Commons Attribution-NonCommercial-ShareAlike 4.0,5.0,05:00,https://www.xeno-canto.org/215171,comsan/XC215171.ogg
comsan,[],['call'],5.4626,118.2526,Actitis hypoleucos,Common Sandpiper,Mike Nelson,Creative Commons Attribution-NonCommercial-ShareAlike 4.0,4.0,09:30,https://www.xeno-canto.org/216883,comsan/XC216883.ogg
comsan,[],"['call', 'song']",45.7825,5.7836,Actitis hypoleucos,Common Sandpiper,Cedric MROCZKO,Creative Commons Attribution-NonCommercial-ShareAlike 4.0,3.5,09:30,https://www.xeno-canto.org/237059,comsan/XC237059.ogg
comsan,[],"['call', 'song']",60.1162,24.4686,Actitis hypoleucos,Common Sandpiper,Eetu Paljakka,Creative Commons Attribution-NonCommercial-ShareAlike 4.0,4.5,17:30,https://www.xeno-canto.org/239575,comsan/XC239575.ogg
comsan,[],"['call', 'flight call']",51.4148,26.6607,Actitis hypoleucos,Common Sandpiper,Jarek Matusiak,Creative Commons Attribution-NonCommercial-ShareAlike 4.0,4.5,19:00,https://www.xeno-canto.org/240497,comsan/XC240497.ogg
comsan,['arcter'],"['call', 'song']",64.9834,25.3001,Actitis hypoleucos,Common Sandpiper,Niels Krabbe,Creative Commons Attribution-NonCommercial-ShareAlike 3.0,3.5,xx:xx,https://www.xeno-canto.org/25085,comsan/XC25085.ogg
comsan,[],['alarm and flight call'],65.0667,24.6334,Actitis hypoleucos,Common Sandpiper,Niels Krabbe,Creative Commons Attribution-NonCommercial-ShareAlike 3.0,4.5,xx:xx,https://www.xeno-canto.org/25127,comsan/XC25127.ogg
comsan,[],['flight call'],42.5275,130.692,Actitis hypoleucos,Common Sandpiper,Albert Lastukhin,Creative Commons Attribution-NonCommercial-ShareAlike 4.0,3.0,06:00,https://www.xeno-canto.org/266356,comsan/XC266356.ogg
comsan,[],['call'],42.5275,130.692,Actitis hypoleucos,Common Sandpiper,Albert Lastukhin,Creative Commons Attribution-NonCommercial-ShareAlike 4.0,4.0,15:30,https://www.xeno-canto.org/266357,comsan/XC266357.ogg
comsan,[],['flight call'],43.2927,131.6282,Actitis hypoleucos,Common Sandpiper,Albert Lastukhin,Creative Commons Attribution-NonCommercial-ShareAlike 4.0,4.0,13:30,https://www.xeno-canto.org/266358,comsan/XC266358.ogg
comsan,[],['call'],42.5275,130.692,Actitis hypoleucos,Common Sandpiper,Albert Lastukhin,Creative Commons Attribution-NonCommercial-ShareAlike 4.0,5.0,04:00,https://www.xeno-canto.org/266359,comsan/XC266359.ogg
comsan,[],['flight call'],37.3533,-5.8855,Actitis hypoleucos,Common Sandpiper,José Carlos Sires,Creative Commons Attribution-NonCommercial-ShareAlike 4.0,3.0,?,https://www.xeno-canto.org/268668,comsan/XC268668.ogg
comsan,[],['call'],37.2072,-6.1784,Actitis hypoleucos,Common Sandpiper,José Carlos Sires,Creative Commons Attribution-NonCommercial-ShareAlike 4.0,2.0,?,https://www.xeno-canto.org/270237,comsan/XC270237.ogg
comsan,[],['song'],58.4439,14.4687,Actitis hypoleucos,Common Sandpiper,Patrik Åberg,Creative Commons Attribution-NonCommercial-ShareAlike 3.0,5.0,?,https://www.xeno-canto.org/27064,comsan/XC27064.ogg
comsan,[],"['alarm call', 'call', 'song']",60.1162,24.4686,Actitis hypoleucos,Common Sandpiper,Eetu Paljakka,Creative Commons Attribution-NonCommercial-ShareAlike 4.0,4.5,07:16,https://www.xeno-canto.org/277309,comsan/XC277309.ogg
comsan,[],['call'],39.1599,-8.0797,Actitis hypoleucos,Common Sandpiper,Agostinho Tomás,Creative Commons Attribution-NonCommercial-ShareAlike 4.0,5.0,10:00,https://www.xeno-canto.org/279601,comsan/XC279601.ogg
comsan,[],"['call', 'female', 'male']",37.2072,-6.1784,Actitis hypoleucos,Common Sandpiper,José Carlos Sires,Creative Commons Attribution-NonCommercial-ShareAlike 4.0,4.0,?,https://www.xeno-canto.org/283836,comsan/XC283836.ogg
comsan,[],['call'],37.3533,-5.8855,Actitis hypoleucos,Common Sandpiper,José Carlos Sires,Creative Commons Attribution-NonCommercial-ShareAlike 4.0,3.0,?,https://www.xeno-canto.org/285135,comsan/XC285135.ogg
comsan,[],['call'],37.3533,-5.8855,Actitis hypoleucos,Common Sandpiper,José Carlos Sires,Creative Commons Attribution-NonCommercial-ShareAlike 4.0,3.0,?,https://www.xeno-canto.org/285136,comsan/XC285136.ogg
comsan,[],['call'],11.2759,76.2188,Actitis hypoleucos,Common Sandpiper,Vivek Puliyeri,Creative Commons Attribution-NonCommercial-ShareAlike 4.0,2.0,07:44,https://www.xeno-canto.org/296432,comsan/XC296432.ogg
comsan,[],['alarm call'],59.1816,37.4256,Actitis hypoleucos,Common Sandpiper,Dmitry Kulakov,Creative Commons Attribution-NonCommercial-ShareAlike 4.0,2.0,10:00,https://www.xeno-canto.org/309531,comsan/XC309531.ogg
comsan,[],"['flight call', 'male', 'song']",57.3858,-3.7277,Actitis hypoleucos,Common Sandpiper,Bernard BOUSQUET,Creative Commons Attribution-NonCommercial-ShareAlike 4.0,4.0,07:30,https://www.xeno-canto.org/318810,comsan/XC318810.ogg
comsan,[],['song'],61.188,24.5131,Actitis hypoleucos,Common Sandpiper,Jerome Fischer,Creative Commons Attribution-NonCommercial-ShareAlike 4.0,5.0,06:00,https://www.xeno-canto.org/319860,comsan/XC319860.ogg
comsan,[],['song'],61.188,24.5131,Actitis hypoleucos,Common Sandpiper,Jerome Fischer,Creative Commons Attribution-NonCommercial-ShareAlike 4.0,5.0,06:00,https://www.xeno-canto.org/319861,comsan/XC319861.ogg
comsan,[],"['call', 'flight call']",30.1061,35.0129,Actitis hypoleucos,Common Sandpiper,Thomas Lüthi,Creative Commons Attribution-NonCommercial-ShareAlike 4.0,4.5,08:40,https://www.xeno-canto.org/322395,comsan/XC322395.ogg
comsan,[],['call'],-25.3071,27.449,Actitis hypoleucos,Common Sandpiper,Faansie Peacock,Creative Commons Attribution-NonCommercial-ShareAlike 4.0,4.5,20:00,https://www.xeno-canto.org/323384,comsan/XC323384.ogg
comsan,[],['call'],56.0856,47.2622,Actitis hypoleucos,Common Sandpiper,Albert Lastukhin,Creative Commons Attribution-NonCommercial-ShareAlike 4.0,4.0,12:00,https://www.xeno-canto.org/324040,comsan/XC324040.ogg
comsan,[],['song'],53.6194,-10.1867,Actitis hypoleucos,Common Sandpiper,Anthony McGeehan ,Creative Commons Attribution-NonCommercial-ShareAlike 4.0,4.0,06:30,https://www.xeno-canto.org/325200,comsan/XC325200.ogg
comsan,[],"['flight call', 'song']",56.172,47.3703,Actitis hypoleucos,Common Sandpiper,Albert Lastukhin,Creative Commons Attribution-NonCommercial-ShareAlike 4.0,3.5,16:30,https://www.xeno-canto.org/330481,comsan/XC330481.ogg
comsan,[],['call'],44.6967,34.3473,Actitis hypoleucos,Common Sandpiper,Albert Lastukhin,Creative Commons Attribution-NonCommercial-ShareAlike 4.0,5.0,10:00,https://www.xeno-canto.org/331036,comsan/XC331036.ogg
comsan,[],['call'],44.6967,34.3473,Actitis hypoleucos,Common Sandpiper,Albert Lastukhin,Creative Commons Attribution-NonCommercial-ShareAlike 4.0,5.0,10:00,https://www.xeno-canto.org/331037,comsan/XC331037.ogg
comsan,[],['call'],36.8149,-6.3366,Actitis hypoleucos,Common Sandpiper,José Carlos Sires,Creative Commons Attribution-NonCommercial-ShareAlike 4.0,4.0,?,https://www.xeno-canto.org/338206,comsan/XC338206.ogg
comsan,[],['call'],36.8149,-6.3366,Actitis hypoleucos,Common Sandpiper,José Carlos Sires,Creative Commons Attribution-NonCommercial-ShareAlike 4.0,3.0,?,https://www.xeno-canto.org/338207,comsan/XC338207.ogg
comsan,[],['call'],36.8149,-6.3366,Actitis hypoleucos,Common Sandpiper,José Carlos Sires,Creative Commons Attribution-NonCommercial-ShareAlike 4.0,4.0,?,https://www.xeno-canto.org/338208,comsan/XC338208.ogg
comsan,[],['call'],36.8149,-6.3366,Actitis hypoleucos,Common Sandpiper,José Carlos Sires,Creative Commons Attribution-NonCommercial-ShareAlike 4.0,4.0,?,https://www.xeno-canto.org/338209,comsan/XC338209.ogg
comsan,[],['call'],36.8149,-6.3366,Actitis hypoleucos,Common Sandpiper,José Carlos Sires,Creative Commons Attribution-NonCommercial-ShareAlike 4.0,4.0,?,https://www.xeno-canto.org/338210,comsan/XC338210.ogg
comsan,[],['call'],36.8149,-6.3366,Actitis hypoleucos,Common Sandpiper,José Carlos Sires,Creative Commons Attribution-NonCommercial-ShareAlike 4.0,4.0,?,https://www.xeno-canto.org/338756,comsan/XC338756.ogg
comsan,[],['call'],36.8149,-6.3366,Actitis hypoleucos,Common Sandpiper,José Carlos Sires,Creative Commons Attribution-NonCommercial-ShareAlike 4.0,4.0,?,https://www.xeno-canto.org/341202,comsan/XC341202.ogg
comsan,[],['call'],11.5075,92.6746,Actitis hypoleucos,Common Sandpiper,Oscar Campbell,Creative Commons Attribution-NonCommercial-ShareAlike 4.0,4.0,13:30,https://www.xeno-canto.org/341296,comsan/XC341296.ogg
comsan,[],['call'],29.5608,47.7639,Actitis hypoleucos,Common Sandpiper,Tero Linjama,Creative Commons Attribution-NonCommercial-ShareAlike 4.0,5.0,07:00,https://www.xeno-canto.org/342915,comsan/XC342915.ogg
comsan,[],['call'],60.4849,27.7396,Actitis hypoleucos,Common Sandpiper,Tero Linjama,Creative Commons Attribution-NonCommercial-ShareAlike 4.0,5.0,07:00,https://www.xeno-canto.org/342917,comsan/XC342917.ogg
comsan,[],['call'],37.9081,-8.0376,Actitis hypoleucos,Common Sandpiper,Antonio Xeira,Creative Commons Attribution-NonCommercial-ShareAlike 4.0,4.0,08:00,https://www.xeno-canto.org/352466,comsan/XC352466.ogg
comsan,[],['call'],34.7416,134.807,Actitis hypoleucos,Common Sandpiper,Anon Torimi,Creative Commons Attribution-NonCommercial-ShareAlike 4.0,4.0,14:30,https://www.xeno-canto.org/353446,comsan/XC353446.ogg
comsan,[],['call'],1.4467,103.7274,Actitis hypoleucos,Common Sandpiper,Yeo SB,Creative Commons Attribution-NonCommercial-ShareAlike 4.0,3.5,11:30,https://www.xeno-canto.org/361764,comsan/XC361764.ogg
comsan,[],['song'],53.4159,-1.6413,Actitis hypoleucos,Common Sandpiper,Stephen Ostler,Creative Commons Attribution-NonCommercial-ShareAlike 4.0,4.0,09:30,https://www.xeno-canto.org/368316,comsan/XC368316.ogg
comsan,['arcter'],"['flight call', 'song']",60.1379,24.6917,Actitis hypoleucos,Common Sandpiper,Eetu Paljakka,Creative Commons Attribution-NonCommercial-ShareAlike 4.0,4.5,07:21,https://www.xeno-canto.org/370350,comsan/XC370350.ogg
comsan,['gadwal'],['song'],60.105,24.6282,Actitis hypoleucos,Common Sandpiper,Eetu Paljakka,Creative Commons Attribution-NonCommercial-ShareAlike 4.0,4.5,20:11,https://www.xeno-canto.org/371324,comsan/XC371324.ogg
comsan,[],['call'],56.0779,47.9129,Actitis hypoleucos,Common Sandpiper,Albert Lastukhin,Creative Commons Attribution-NonCommercial-ShareAlike 4.0,5.0,21:30,https://www.xeno-canto.org/371996,comsan/XC371996.ogg
comsan,[],['call'],56.0779,47.9129,Actitis hypoleucos,Common Sandpiper,Albert Lastukhin,Creative Commons Attribution-NonCommercial-ShareAlike 4.0,5.0,21:30,https://www.xeno-canto.org/371997,comsan/XC371997.ogg
comsan,[],['call'],56.0779,47.9129,Actitis hypoleucos,Common Sandpiper,Albert Lastukhin,Creative Commons Attribution-NonCommercial-ShareAlike 4.0,4.0,21:30,https://www.xeno-canto.org/371998,comsan/XC371998.ogg
comsan,[],['call'],56.3279,13.0292,Actitis hypoleucos,Common Sandpiper,Mats Rellmar,Creative Commons Attribution-NonCommercial-ShareAlike 4.0,5.0,09:00,https://www.xeno-canto.org/373910,comsan/XC373910.ogg
comsan,[],['song'],57.39767,-5.502434,Actitis hypoleucos,Common Sandpiper,David Farrow,Creative Commons Attribution-NonCommercial-ShareAlike 3.0,4.0,?:?,https://www.xeno-canto.org/37488,comsan/XC37488.ogg
comsan,[],['alarm call'],63.8344,20.1259,Actitis hypoleucos,Common Sandpiper,Lars Edenius,Creative Commons Attribution-NonCommercial-ShareAlike 4.0,4.5,07:30,https://www.xeno-canto.org/377716,comsan/XC377716.ogg
comsan,[],['call'],52.1593,5.3563,Actitis hypoleucos,Common Sandpiper,Johan Jordaans,Creative Commons Attribution-NonCommercial-ShareAlike 4.0,3.0,03:25,https://www.xeno-canto.org/378715,comsan/XC378715.ogg
comsan,['mallar3'],"['call', 'flight call']",51.3967,14.8272,Actitis hypoleucos,Common Sandpiper,Annette Hamann,Creative Commons Attribution-NonCommercial-ShareAlike 4.0,3.5,05:30,https://www.xeno-canto.org/382558,comsan/XC382558.ogg
comsan,[],['flight call'],46.9716,-2.2154,Actitis hypoleucos,Common Sandpiper,Timo Tschentscher,Creative Commons Attribution-NonCommercial-ShareAlike 4.0,4.5,20:36,https://www.xeno-canto.org/383203,comsan/XC383203.ogg
comsan,[],['flight call'],51.94,5.9038,Actitis hypoleucos,Common Sandpiper,Joost van Bruggen,Creative Commons Attribution-NonCommercial-ShareAlike 4.0,4.0,00:50,https://www.xeno-canto.org/384170,comsan/XC384170.ogg
comsan,[],"['flight call', 'thin call']",43.0671,6.138,Actitis hypoleucos,Common Sandpiper,Stanislas Wroza,Creative Commons Attribution-NonCommercial-ShareAlike 4.0,4.0,07:30,https://www.xeno-canto.org/385908,comsan/XC385908.ogg
comsan,[],"['flight call', 'thin call']",43.0671,6.138,Actitis hypoleucos,Common Sandpiper,Stanislas Wroza,Creative Commons Attribution-NonCommercial-ShareAlike 4.0,4.0,07:30,https://www.xeno-canto.org/385909,comsan/XC385909.ogg
comsan,[],['flight call'],43.0671,6.138,Actitis hypoleucos,Common Sandpiper,Stanislas Wroza,Creative Commons Attribution-NonCommercial-ShareAlike 4.0,5.0,07:30,https://www.xeno-canto.org/385912,comsan/XC385912.ogg
comsan,[],"['call', 'flight call']",43.0671,6.138,Actitis hypoleucos,Common Sandpiper,Stanislas Wroza,Creative Commons Attribution-NonCommercial-ShareAlike 4.0,5.0,07:30,https://www.xeno-canto.org/385914,comsan/XC385914.ogg
comsan,[],"['call', 'flight call']",43.0671,6.138,Actitis hypoleucos,Common Sandpiper,Stanislas Wroza,Creative Commons Attribution-NonCommercial-ShareAlike 4.0,5.0,07:30,https://www.xeno-canto.org/385916,comsan/XC385916.ogg
comsan,[],['flight call'],18.2935,99.5007,Actitis hypoleucos,Common Sandpiper,Somkiat Pakapinyo (Chai),Creative Commons Attribution-NonCommercial-ShareAlike 4.0,5.0,15:00,https://www.xeno-canto.org/387542,comsan/XC387542.ogg
comsan,[],['call'],54.577,11.9226,Actitis hypoleucos,Common Sandpiper,Louis A. Hansen,Creative Commons Attribution-NonCommercial-ShareAlike 4.0,3.0,05:32,https://www.xeno-canto.org/393014,comsan/XC393014.ogg
comsan,[],"['call', 'voices']",-10.7644,25.6804,Actitis hypoleucos,Common Sandpiper,Robert Davis,Creative Commons Attribution-NonCommercial-ShareAlike 4.0,3.0,08:30,https://www.xeno-canto.org/395281,comsan/XC395281.ogg
comsan,[],['call'],43.348,-1.7948,Actitis hypoleucos,Common Sandpiper,Itziar Gutiérrez,Creative Commons Attribution-NonCommercial-ShareAlike 4.0,4.0,12:00,https://www.xeno-canto.org/397386,comsan/XC397386.ogg
comsan,[],['call'],-31.0677,30.1796,Actitis hypoleucos,Common Sandpiper,Lynette Rudman,Creative Commons Attribution-NonCommercial-ShareAlike 4.0,4.0,07:00,https://www.xeno-canto.org/409954,comsan/XC409954.ogg
comsan,[],['flight call'],53.1755,-2.3069,Actitis hypoleucos,Common Sandpiper,Huw Lloyd,Creative Commons Attribution-NonCommercial-ShareAlike 4.0,3.0,23:30,https://www.xeno-canto.org/411021,comsan/XC411021.ogg
comsan,[],['alarm call'],49.4434,21.9175,Actitis hypoleucos,Common Sandpiper,Romuald Mikusek,Creative Commons Attribution-NonCommercial-ShareAlike 4.0,4.0,18:20,https://www.xeno-canto.org/422055,comsan/XC422055.ogg
comsan,[],['alarm call'],49.4434,21.9175,Actitis hypoleucos,Common Sandpiper,Romuald Mikusek,Creative Commons Attribution-NonCommercial-ShareAlike 4.0,4.0,18:20,https://www.xeno-canto.org/422057,comsan/XC422057.ogg
comsan,[],['alarm call'],49.4434,21.9175,Actitis hypoleucos,Common Sandpiper,Romuald Mikusek,Creative Commons Attribution-NonCommercial-ShareAlike 4.0,5.0,18:20,https://www.xeno-canto.org/422061,comsan/XC422061.ogg
comsan,[],['alarm call'],49.4434,21.9175,Actitis hypoleucos,Common Sandpiper,Romuald Mikusek,Creative Commons Attribution-NonCommercial-ShareAlike 4.0,4.0,18:20,https://www.xeno-canto.org/422062,comsan/XC422062.ogg
comsan,[],['alarm call'],49.4434,21.9175,Actitis hypoleucos,Common Sandpiper,Romuald Mikusek,Creative Commons Attribution-NonCommercial-ShareAlike 4.0,3.5,18:20,https://www.xeno-canto.org/422063,comsan/XC422063.ogg
comsan,[],['flight call'],52.0612,5.371,Actitis hypoleucos,Common Sandpiper,Aat Schaftenaar,Creative Commons Attribution-NonCommercial-ShareAlike 4.0,3.0,02:00,https://www.xeno-canto.org/424348,comsan/XC424348.ogg
comsan,[],['flight call'],52.0612,5.371,Actitis hypoleucos,Common Sandpiper,Aat Schaftenaar,Creative Commons Attribution-NonCommercial-ShareAlike 4.0,2.0,03:00,https://www.xeno-canto.org/424349,comsan/XC424349.ogg
comsan,[],['flight call'],41.957,-8.7464,Actitis hypoleucos,Common Sandpiper,Jorge Leitão,Creative Commons Attribution-NonCommercial-ShareAlike 4.0,2.0,09:12,https://www.xeno-canto.org/424757,comsan/XC424757.ogg
comsan,[],['alarm call'],63.7413,20.1932,Actitis hypoleucos,Common Sandpiper,Lars Edenius,Creative Commons Attribution-NonCommercial-ShareAlike 4.0,4.5,07:00,https://www.xeno-canto.org/425079,comsan/XC425079.ogg
comsan,[],['call'],62.4067,17.7101,Actitis hypoleucos,Common Sandpiper,Aladdin,Creative Commons Attribution-NonCommercial-ShareAlike 4.0,5.0,07:30,https://www.xeno-canto.org/428192,comsan/XC428192.ogg
comsan,[],['flight call'],52.0612,5.371,Actitis hypoleucos,Common Sandpiper,Aat Schaftenaar,Creative Commons Attribution-NonCommercial-ShareAlike 4.0,2.0,01:00,https://www.xeno-canto.org/429318,comsan/XC429318.ogg
comsan,[],['flight call'],52.0612,5.371,Actitis hypoleucos,Common Sandpiper,Aat Schaftenaar,Creative Commons Attribution-NonCommercial-ShareAlike 4.0,4.0,03:30,https://www.xeno-canto.org/429319,comsan/XC429319.ogg
comsan,[],['flight call'],52.0612,5.371,Actitis hypoleucos,Common Sandpiper,Aat Schaftenaar,Creative Commons Attribution-NonCommercial-ShareAlike 4.0,4.0,02:00,https://www.xeno-canto.org/429320,comsan/XC429320.ogg
comsan,[],['flight call'],63.8313,20.2607,Actitis hypoleucos,Common Sandpiper,Lars Edenius,Creative Commons Attribution-NonCommercial-ShareAlike 4.0,5.0,08:00,https://www.xeno-canto.org/430800,comsan/XC430800.ogg
comsan,[],"['call', 'flight call', 'song']",63.4902,77.0098,Actitis hypoleucos,Common Sandpiper,Albert Lastukhin,Creative Commons Attribution-NonCommercial-ShareAlike 4.0,5.0,17:00,https://www.xeno-canto.org/431111,comsan/XC431111.ogg
comsan,[],['flight call'],52.0612,5.371,Actitis hypoleucos,Common Sandpiper,Aat Schaftenaar,Creative Commons Attribution-NonCommercial-ShareAlike 4.0,2.0,02:00,https://www.xeno-canto.org/431425,comsan/XC431425.ogg
comsan,[],['flight call'],51.94,5.9038,Actitis hypoleucos,Common Sandpiper,Joost van Bruggen,Creative Commons Attribution-ShareAlike 4.0,4.0,02:14,https://www.xeno-canto.org/431822,comsan/XC431822.ogg
comsan,[],['flight call'],52.2183,0.1441,Actitis hypoleucos,Common Sandpiper,Simon Gillings,Creative Commons Attribution-NonCommercial-ShareAlike 4.0,3.5,03:15,https://www.xeno-canto.org/432064,comsan/XC432064.ogg
comsan,[],['flight call'],37.1976,-6.1841,Actitis hypoleucos,Common Sandpiper,Joost van Bruggen,Creative Commons Attribution-ShareAlike 4.0,4.0,09:38,https://www.xeno-canto.org/432214,comsan/XC432214.ogg
comsan,[],['flight call'],52.0612,5.371,Actitis hypoleucos,Common Sandpiper,Aat Schaftenaar,Creative Commons Attribution-NonCommercial-ShareAlike 4.0,3.0,23:00,https://www.xeno-canto.org/432711,comsan/XC432711.ogg
comsan,[],['call'],51.7199,5.9271,Actitis hypoleucos,Common Sandpiper,J. Veeken,Creative Commons Attribution-NonCommercial-ShareAlike 4.0,4.0,09:00,https://www.xeno-canto.org/432713,comsan/XC432713.ogg
comsan,[],['flight call'],52.0612,5.371,Actitis hypoleucos,Common Sandpiper,Aat Schaftenaar,Creative Commons Attribution-NonCommercial-ShareAlike 4.0,3.0,04:30,https://www.xeno-canto.org/432940,comsan/XC432940.ogg
comsan,[],['flight call'],52.0612,5.371,Actitis hypoleucos,Common Sandpiper,Aat Schaftenaar,Creative Commons Attribution-NonCommercial-ShareAlike 4.0,3.0,22:30,https://www.xeno-canto.org/434764,comsan/XC434764.ogg
comsan,[],['flight call'],52.0612,5.371,Actitis hypoleucos,Common Sandpiper,Aat Schaftenaar,Creative Commons Attribution-NonCommercial-ShareAlike 4.0,4.0,04:00,https://www.xeno-canto.org/434765,comsan/XC434765.ogg
comsan,[],"['alarm call', 'flight call']",52.0612,5.371,Actitis hypoleucos,Common Sandpiper,Aat Schaftenaar,Creative Commons Attribution-NonCommercial-ShareAlike 4.0,2.0,02:00,https://www.xeno-canto.org/434766,comsan/XC434766.ogg
comsan,[],['call'],54.5632,8.8752,Actitis hypoleucos,Common Sandpiper,brickegickel,Creative Commons Attribution-NonCommercial-ShareAlike 4.0,5.0,06:00,https://www.xeno-canto.org/434829,comsan/XC434829.ogg
comsan,[],['call'],54.5632,8.8752,Actitis hypoleucos,Common Sandpiper,brickegickel,Creative Commons Attribution-NonCommercial-ShareAlike 4.0,3.5,08:30,https://www.xeno-canto.org/435489,comsan/XC435489.ogg
comsan,[],['call'],54.5632,8.8752,Actitis hypoleucos,Common Sandpiper,brickegickel,Creative Commons Attribution-NonCommercial-ShareAlike 4.0,5.0,07:30,https://www.xeno-canto.org/435523,comsan/XC435523.ogg
comsan,[],['call'],54.2707,8.8709,Actitis hypoleucos,Common Sandpiper,brickegickel,Creative Commons Attribution-NonCommercial-ShareAlike 4.0,4.0,20:30,https://www.xeno-canto.org/435528,comsan/XC435528.ogg
comsan,[],['flight call'],43.486,5.1242,Actitis hypoleucos,Common Sandpiper,Charlie Bodin,Creative Commons Attribution-NonCommercial-ShareAlike 4.0,5.0,11:30,https://www.xeno-canto.org/442156,comsan/XC442156.ogg
comsan,[],['call'],69.5667,18.6001,Actitis hypoleucos,Common Sandpiper,Karl-Birger Strann,Creative Commons Attribution-NonCommercial-ShareAlike 4.0,5.0,11:30,https://www.xeno-canto.org/443741,comsan/XC443741.ogg
comsan,[],['flight call'],37.1178,-8.6828,Actitis hypoleucos,Common Sandpiper,Jorge Leitão,Creative Commons Attribution-NonCommercial-ShareAlike 4.0,2.5,20:31,https://www.xeno-canto.org/444847,comsan/XC444847.ogg
comsan,[],['call'],46.6976,0.2746,Actitis hypoleucos,Common Sandpiper,Bertrand Dallet,Creative Commons Attribution-NonCommercial-ShareAlike 4.0,4.0,21:00,https://www.xeno-canto.org/448611,comsan/XC448611.ogg
comsan,[],['call'],39.799,3.107,Actitis hypoleucos,Common Sandpiper,Lars Lachmann,Creative Commons Attribution-NonCommercial-ShareAlike 4.0,3.5,21:00,https://www.xeno-canto.org/449102,comsan/XC449102.ogg
comsan,[],['call'],51.6433,105.5224,Actitis hypoleucos,Common Sandpiper,Louis A. Hansen,Creative Commons Attribution-NonCommercial-ShareAlike 3.0,2.0,15:34,https://www.xeno-canto.org/455717,comsan/XC455717.ogg
comsan,[],['song'],51.6433,105.5224,Actitis hypoleucos,Common Sandpiper,Louis A. Hansen,Creative Commons Attribution-NonCommercial-ShareAlike 3.0,5.0,16:31,https://www.xeno-canto.org/455720,comsan/XC455720.ogg
comsan,[],['song'],51.6433,105.5224,Actitis hypoleucos,Common Sandpiper,Louis A. Hansen,Creative Commons Attribution-NonCommercial-ShareAlike 3.0,2.0,17:08,https://www.xeno-canto.org/455722,comsan/XC455722.ogg
comsan,[],['song'],51.6424,105.5332,Actitis hypoleucos,Common Sandpiper,Louis A. Hansen,Creative Commons Attribution-NonCommercial-ShareAlike 3.0,2.0,13:44,https://www.xeno-canto.org/457610,comsan/XC457610.ogg
comsan,[],['call'],51.6424,105.5332,Actitis hypoleucos,Common Sandpiper,Louis A. Hansen,Creative Commons Attribution-NonCommercial-ShareAlike 3.0,2.0,13:46,https://www.xeno-canto.org/457611,comsan/XC457611.ogg
comsan,[],['call'],51.6433,105.5224,Actitis hypoleucos,Common Sandpiper,Louis A. Hansen,Creative Commons Attribution-NonCommercial-ShareAlike 3.0,1.0,?,https://www.xeno-canto.org/458097,comsan/XC458097.ogg
comsan,[],"['flight call', 'nocturnal flight call']",51.9839,5.3368,Actitis hypoleucos,Common Sandpiper,Peter van Vlaardingen,Creative Commons Attribution-NonCommercial-ShareAlike 4.0,3.0,20:58,https://www.xeno-canto.org/465498,comsan/XC465498.ogg
comsan,[],"['flight call', 'nocturnal flight call']",51.9839,5.3368,Actitis hypoleucos,Common Sandpiper,Peter van Vlaardingen,Creative Commons Attribution-NonCommercial-ShareAlike 4.0,4.0,01:12,https://www.xeno-canto.org/465566,comsan/XC465566.ogg
comsan,[],['flight call'],50.1191,18.9721,Actitis hypoleucos,Common Sandpiper,Ireneusz Oleksik,Creative Commons Attribution-NonCommercial-ShareAlike 4.0,4.0,23:35,https://www.xeno-canto.org/467130,comsan/XC467130.ogg
comsan,[],"['flight call', 'nocturnal flight call']",46.6959,-2.3049,Actitis hypoleucos,Common Sandpiper,Louis Sallé,Creative Commons Attribution-NonCommercial-ShareAlike 4.0,3.0,01:00,https://www.xeno-canto.org/467216,comsan/XC467216.ogg
comsan,[],['flight call'],50.1191,18.9721,Actitis hypoleucos,Common Sandpiper,Ireneusz Oleksik,Creative Commons Attribution-NonCommercial-ShareAlike 4.0,2.0,00:21,https://www.xeno-canto.org/469615,comsan/XC469615.ogg
comsan,[],['flight call'],50.1191,18.9721,Actitis hypoleucos,Common Sandpiper,Ireneusz Oleksik,Creative Commons Attribution-NonCommercial-ShareAlike 4.0,4.0,02:11,https://www.xeno-canto.org/469616,comsan/XC469616.ogg
comsan,[],['flight call'],50.1191,18.9721,Actitis hypoleucos,Common Sandpiper,Ireneusz Oleksik,Creative Commons Attribution-NonCommercial-ShareAlike 4.0,4.0,02:26,https://www.xeno-canto.org/469617,comsan/XC469617.ogg
comsan,[],['flight call'],50.1191,18.9721,Actitis hypoleucos,Common Sandpiper,Ireneusz Oleksik,Creative Commons Attribution-NonCommercial-ShareAlike 4.0,1.5,02:30,https://www.xeno-canto.org/469618,comsan/XC469618.ogg
comsan,[],['flight call'],52.3857,16.8744,Actitis hypoleucos,Common Sandpiper,Paweł Szymański,Creative Commons Attribution-NonCommercial-ShareAlike 4.0,4.0,03:30,https://www.xeno-canto.org/471067,comsan/XC471067.ogg
comsan,[],['flight call'],50.1191,18.9721,Actitis hypoleucos,Common Sandpiper,Ireneusz Oleksik,Creative Commons Attribution-NonCommercial-ShareAlike 4.0,4.0,21:47,https://www.xeno-canto.org/471874,comsan/XC471874.ogg
comsan,[],"['flight call', 'nocturnal']",50.9792,11.6006,Actitis hypoleucos,Common Sandpiper,Christoph Klein,Creative Commons Attribution-NonCommercial-ShareAlike 4.0,3.0,03:00,https://www.xeno-canto.org/476381,comsan/XC476381.ogg
comsan,[],"['flight call', 'nocturnal flight call']",51.0602,13.7715,Actitis hypoleucos,Common Sandpiper,Jens Loose,Creative Commons Attribution-ShareAlike 4.0,4.0,00:02,https://www.xeno-canto.org/477776,comsan/XC477776.ogg
comsan,[],"['call', 'song']",56.7239,46.9036,Actitis hypoleucos,Common Sandpiper,Albert Lastukhin,Creative Commons Attribution-NonCommercial-ShareAlike 4.0,5.0,16:00,https://www.xeno-canto.org/484232,comsan/XC484232.ogg
comsan,[],"['call', 'song']",56.7239,46.9036,Actitis hypoleucos,Common Sandpiper,Albert Lastukhin,Creative Commons Attribution-NonCommercial-ShareAlike 4.0,5.0,16:00,https://www.xeno-canto.org/484233,comsan/XC484233.ogg
comsan,[],"['flight call', 'nocturnal call']",50.1191,18.9721,Actitis hypoleucos,Common Sandpiper,Ireneusz Oleksik,Creative Commons Attribution-NonCommercial-ShareAlike 4.0,3.0,01:37,https://www.xeno-canto.org/489034,comsan/XC489034.ogg
comsan,[],"['alarm call', 'call']",60.2411,25.18,Actitis hypoleucos,Common Sandpiper,Hannu Varkki,Creative Commons Attribution-NonCommercial-ShareAlike 4.0,4.5,01:00,https://www.xeno-canto.org/489268,comsan/XC489268.ogg
comsan,[],['flight call'],49.4452,22.6154,Actitis hypoleucos,Common Sandpiper,Ireneusz Oleksik,Creative Commons Attribution-NonCommercial-ShareAlike 4.0,3.0,03:45,https://www.xeno-canto.org/489343,comsan/XC489343.ogg
comsan,[],"['NFC', 'Nocturnal Flight Call', 'flight call']",51.3731,4.4585,Actitis hypoleucos,Common Sandpiper,Dan Slootmaekers,Creative Commons Attribution-NonCommercial-ShareAlike 4.0,2.0,22:45,https://www.xeno-canto.org/490274,comsan/XC490274.ogg
comsan,[],"['flight call', 'night flight call']",43.5352,-1.4475,Actitis hypoleucos,Common Sandpiper,Frédéric Cazaban,Creative Commons Attribution-NonCommercial-ShareAlike 4.0,5.0,05:30,https://www.xeno-canto.org/490392,comsan/XC490392.ogg
comsan,[],['alarm call'],56.1489,47.469,Actitis hypoleucos,Common Sandpiper,Albert Lastukhin,Creative Commons Attribution-NonCommercial-ShareAlike 4.0,5.0,08:30,https://www.xeno-canto.org/490674,comsan/XC490674.ogg
comsan,[],['flight call'],37.1185,-7.6237,Actitis hypoleucos,Common Sandpiper,Nelson Conceição,Creative Commons Attribution-NonCommercial-ShareAlike 4.0,3.0,20:14,https://www.xeno-canto.org/492049,comsan/XC492049.ogg
comsan,[],['alarm call'],56.0851,47.2602,Actitis hypoleucos,Common Sandpiper,Albert Lastukhin,Creative Commons Attribution-NonCommercial-ShareAlike 4.0,5.0,09:00,https://www.xeno-canto.org/492456,comsan/XC492456.ogg
comsan,[],['call'],37.069,-7.7192,Actitis hypoleucos,Common Sandpiper,Nelson Conceição,Creative Commons Attribution-NonCommercial-ShareAlike 4.0,4.0,12:02,https://www.xeno-canto.org/492572,comsan/XC492572.ogg
comsan,[],['song'],56.6954,46.9404,Actitis hypoleucos,Common Sandpiper,Albert Lastukhin,Creative Commons Attribution-NonCommercial-ShareAlike 4.0,5.0,06:30,https://www.xeno-canto.org/493128,comsan/XC493128.ogg
comsan,[],['flight call'],53.1091,17.1755,Actitis hypoleucos,Common Sandpiper,Ireneusz Oleksik,Creative Commons Attribution-NonCommercial-ShareAlike 4.0,3.0,23:19,https://www.xeno-canto.org/493565,comsan/XC493565.ogg
comsan,[],"['flight call', 'night call']",53.1091,17.1755,Actitis hypoleucos,Common Sandpiper,Ireneusz Oleksik,Creative Commons Attribution-NonCommercial-ShareAlike 4.0,4.0,00:35,https://www.xeno-canto.org/493889,comsan/XC493889.ogg
comsan,[],['flight call'],37.1379,-7.6303,Actitis hypoleucos,Common Sandpiper,Nelson Conceição,Creative Commons Attribution-NonCommercial-ShareAlike 4.0,2.0,01:50,https://www.xeno-canto.org/494232,comsan/XC494232.ogg
comsan,[],['call'],62.7832,24.9734,Actitis hypoleucos,Common Sandpiper,Alexandra Vasilevskaya,Creative Commons Attribution-NonCommercial-ShareAlike 4.0,3.0,16:00,https://www.xeno-canto.org/494572,comsan/XC494572.ogg
comsan,[],['flight call'],37.1379,-7.6303,Actitis hypoleucos,Common Sandpiper,Nelson Conceição,Creative Commons Attribution-NonCommercial-ShareAlike 4.0,3.0,02:13,https://www.xeno-canto.org/494789,comsan/XC494789.ogg
comsan,[],['call'],56.1832,46.1057,Actitis hypoleucos,Common Sandpiper,Albert Lastukhin,Creative Commons Attribution-NonCommercial-ShareAlike 4.0,5.0,05:30,https://www.xeno-canto.org/495023,comsan/XC495023.ogg
comsan,[],['flight call'],37.1357,-7.6138,Actitis hypoleucos,Common Sandpiper,Nelson Conceição,Creative Commons Attribution-NonCommercial-ShareAlike 4.0,4.0,11:11,https://www.xeno-canto.org/495421,comsan/XC495421.ogg
comsan,[],"['Nocturnal', 'flight call']",51.0928,4.0077,Actitis hypoleucos,Common Sandpiper,Tom Gheskiere,Creative Commons Attribution-NonCommercial-ShareAlike 4.0,5.0,05:30,https://www.xeno-canto.org/496097,comsan/XC496097.ogg
comsan,[],['flight call'],52.0612,5.371,Actitis hypoleucos,Common Sandpiper,Aat Schaftenaar,Creative Commons Attribution-NonCommercial-ShareAlike 4.0,1.0,04:30,https://www.xeno-canto.org/496514,comsan/XC496514.ogg
comsan,[],"['call', 'flight call']",51.8096,16.6488,Actitis hypoleucos,Common Sandpiper,Grzegorz Lorek,Creative Commons Attribution-NonCommercial-ShareAlike 4.0,1.0,06:36,https://www.xeno-canto.org/496532,comsan/XC496532.ogg
comsan,[],"['call', 'flight call']",51.8096,16.6488,Actitis hypoleucos,Common Sandpiper,Grzegorz Lorek,Creative Commons Attribution-NonCommercial-ShareAlike 4.0,3.0,08:08,https://www.xeno-canto.org/496533,comsan/XC496533.ogg
comsan,[],['call'],56.1521,47.0073,Actitis hypoleucos,Common Sandpiper,Albert Lastukhin,Creative Commons Attribution-NonCommercial-ShareAlike 4.0,5.0,19:00,https://www.xeno-canto.org/497331,comsan/XC497331.ogg
comsan,[],['call'],56.1521,47.0073,Actitis hypoleucos,Common Sandpiper,Albert Lastukhin,Creative Commons Attribution-NonCommercial-ShareAlike 4.0,5.0,19:00,https://www.xeno-canto.org/497333,comsan/XC497333.ogg
comsan,[],['call'],56.1521,47.0073,Actitis hypoleucos,Common Sandpiper,Albert Lastukhin,Creative Commons Attribution-NonCommercial-ShareAlike 4.0,5.0,19:00,https://www.xeno-canto.org/497335,comsan/XC497335.ogg
comsan,[],['call'],53.9299,-2.9833,Actitis hypoleucos,Common Sandpiper,Chris Batty,Creative Commons Attribution-NonCommercial-ShareAlike 4.0,3.0,01:07,https://www.xeno-canto.org/499613,comsan/XC499613.ogg
comsan,[],['flight call'],37.1178,-8.6828,Actitis hypoleucos,Common Sandpiper,Jorge Leitão,Creative Commons Attribution-NonCommercial-ShareAlike 4.0,0.0,20:17,https://www.xeno-canto.org/500457,comsan/XC500457.ogg
comsan,[],['song'],37.1178,-8.6828,Actitis hypoleucos,Common Sandpiper,Jorge Leitão,Creative Commons Attribution-NonCommercial-ShareAlike 4.0,0.0,18:49,https://www.xeno-canto.org/500677,comsan/XC500677.ogg
comsan,[],['flight call'],52.0612,5.371,Actitis hypoleucos,Common Sandpiper,Aat Schaftenaar,Creative Commons Attribution-NonCommercial-ShareAlike 4.0,0.0,04:30,https://www.xeno-canto.org/501508,comsan/XC501508.ogg
comsan,[],['call'],53.9299,-2.9833,Actitis hypoleucos,Common Sandpiper,Chris Batty,Creative Commons Attribution-NonCommercial-ShareAlike 4.0,2.5,?,https://www.xeno-canto.org/501605,comsan/XC501605.ogg
comsan,[],['call'],53.9299,-2.9833,Actitis hypoleucos,Common Sandpiper,Chris Batty,Creative Commons Attribution-NonCommercial-ShareAlike 4.0,2.5,01:34,https://www.xeno-canto.org/501607,comsan/XC501607.ogg
comsan,[],['call'],53.9299,-2.9833,Actitis hypoleucos,Common Sandpiper,Chris Batty,Creative Commons Attribution-NonCommercial-ShareAlike 4.0,2.5,23:56,https://www.xeno-canto.org/501608,comsan/XC501608.ogg
comsan,[],['call'],53.9299,-2.9833,Actitis hypoleucos,Common Sandpiper,Chris Batty,Creative Commons Attribution-NonCommercial-ShareAlike 4.0,2.5,02:44,https://www.xeno-canto.org/501610,comsan/XC501610.ogg
comsan,[],['call'],53.9299,-2.9833,Actitis hypoleucos,Common Sandpiper,Chris Batty,Creative Commons Attribution-NonCommercial-ShareAlike 4.0,3.0,23:32,https://www.xeno-canto.org/501611,comsan/XC501611.ogg
comsan,[],['call'],53.9299,-2.9833,Actitis hypoleucos,Common Sandpiper,Chris Batty,Creative Commons Attribution-NonCommercial-ShareAlike 4.0,3.0,00:13,https://www.xeno-canto.org/501614,comsan/XC501614.ogg
comsan,[],['call'],53.9299,-2.9833,Actitis hypoleucos,Common Sandpiper,Chris Batty,Creative Commons Attribution-NonCommercial-ShareAlike 4.0,3.0,00:35,https://www.xeno-canto.org/501616,comsan/XC501616.ogg
comsan,[],['call'],53.9299,-2.9833,Actitis hypoleucos,Common Sandpiper,Chris Batty,Creative Commons Attribution-NonCommercial-ShareAlike 4.0,2.5,01:04,https://www.xeno-canto.org/501618,comsan/XC501618.ogg
comsan,[],['call'],52.9725,-4.452,Actitis hypoleucos,Common Sandpiper,"Olivier SWIFT, Julie GROSSELET",Creative Commons Attribution-NonCommercial-ShareAlike 4.0,5.0,08:00,https://www.xeno-canto.org/502388,comsan/XC502388.ogg
comsan,[],"['call', 'song']",37.1565,-7.5459,Actitis hypoleucos,Common Sandpiper,Nelson Conceição,Creative Commons Attribution-NonCommercial-ShareAlike 4.0,4.5,18:55,https://www.xeno-canto.org/503479,comsan/XC503479.ogg
comsan,[],"['call', 'song']",37.1565,-7.5459,Actitis hypoleucos,Common Sandpiper,Nelson Conceição,Creative Commons Attribution-NonCommercial-ShareAlike 4.0,4.5,18:57,https://www.xeno-canto.org/503480,comsan/XC503480.ogg
comsan,[],['Single Note Calls'],40.7155,0.8473,Actitis hypoleucos,Common Sandpiper,Sean Ronayne,Creative Commons Attribution-NonCommercial-ShareAlike 4.0,5.0,11:30,https://www.xeno-canto.org/518442,comsan/XC518442.ogg
comsan,[],"['flight call', 'wings']",52.344,20.926,Actitis hypoleucos,Common Sandpiper,Jarek Matusiak,Creative Commons Attribution-NonCommercial-ShareAlike 4.0,5.0,14:00,https://www.xeno-canto.org/520584,comsan/XC520584.ogg
comsan,[],"['call', 'flight call', 'nocturnal flight call']",53.9299,-2.9833,Actitis hypoleucos,Common Sandpiper,Chris Batty,Creative Commons Attribution-NonCommercial-ShareAlike 4.0,2.0,05:14,https://www.xeno-canto.org/524728,comsan/XC524728.ogg
comsan,[],"['call', 'flight call', 'nocturnal flight call']",53.9299,-2.9833,Actitis hypoleucos,Common Sandpiper,Chris Batty,Creative Commons Attribution-NonCommercial-ShareAlike 4.0,3.0,03:16,https://www.xeno-canto.org/524730,comsan/XC524730.ogg
comsan,[],['flight call'],48.0372,-4.8622,Actitis hypoleucos,Common Sandpiper,Stanislas Wroza,Creative Commons Attribution-NonCommercial-ShareAlike 4.0,3.0,09:00,https://www.xeno-canto.org/526483,comsan/XC526483.ogg
comsan,[],['nocturnal flight call'],48.0372,-4.8622,Actitis hypoleucos,Common Sandpiper,Stanislas Wroza,Creative Commons Attribution-NonCommercial-ShareAlike 4.0,1.0,01:00,https://www.xeno-canto.org/526794,comsan/XC526794.ogg
comsan,[],['nocturnal flight call'],48.4549,-5.1297,Actitis hypoleucos,Common Sandpiper,Stanislas Wroza,Creative Commons Attribution-NonCommercial-ShareAlike 4.0,1.0,02:00,https://www.xeno-canto.org/526860,comsan/XC526860.ogg
comsan,[],"['call', 'flight call']",37.1389,-7.6144,Actitis hypoleucos,Common Sandpiper,Nelson Conceição,Creative Commons Attribution-NonCommercial-ShareAlike 4.0,3.5,18:22,https://www.xeno-canto.org/527850,comsan/XC527850.ogg
comsan,[],"['call', 'nocturnal flight call']",51.9612,5.8104,Actitis hypoleucos,Common Sandpiper,James Lidster,Creative Commons Attribution-NonCommercial-ShareAlike 4.0,4.0,02:15,https://www.xeno-canto.org/528121,comsan/XC528121.ogg
comsan,[],['call'],51.9612,5.8104,Actitis hypoleucos,Common Sandpiper,James Lidster,Creative Commons Attribution-NonCommercial-ShareAlike 4.0,2.0,05:15,https://www.xeno-canto.org/528482,comsan/XC528482.ogg
comsan,[],['call'],51.9612,5.8104,Actitis hypoleucos,Common Sandpiper,James Lidster,Creative Commons Attribution-NonCommercial-ShareAlike 4.0,2.0,05:00,https://www.xeno-canto.org/528637,comsan/XC528637.ogg
comsan,[],['call'],51.9612,5.8104,Actitis hypoleucos,Common Sandpiper,James Lidster,Creative Commons Attribution-NonCommercial-ShareAlike 4.0,2.0,05:15,https://www.xeno-canto.org/528638,comsan/XC528638.ogg
comsan,[],['nocturnal flight call'],48.7221,-3.5738,Actitis hypoleucos,Common Sandpiper,Morvan Corentin,Creative Commons Attribution-NonCommercial-ShareAlike 4.0,4.0,05:30,https://www.xeno-canto.org/543418,comsan/XC543418.ogg
comsan,[],['nocturnal flight call'],41.1684,0.974,Actitis hypoleucos,Common Sandpiper,Xavier Riera,Creative Commons Attribution-NonCommercial-ShareAlike 4.0,2.0,05:30,https://www.xeno-canto.org/545270,comsan/XC545270.ogg
comsan,[],"['flight call', 'nocturnal flight call']",6.9,79.8664,Actitis hypoleucos,Common Sandpiper,Gary Allport,Creative Commons Attribution-NonCommercial-ShareAlike 4.0,4.0,22:30,https://www.xeno-canto.org/545743,comsan/XC545743.ogg
comsan,[],"['life stage uncertain', 'nocturnal flight call', 'sex uncertain']",43.4599,-3.8193,Actitis hypoleucos,Common Sandpiper,Javier Hernández,Creative Commons Attribution-NonCommercial-ShareAlike 4.0,3.0,01:00,https://www.xeno-canto.org/545753,comsan/XC545753.ogg
comsan,[],['nocturnal flight call'],56.1252,-3.9392,Actitis hypoleucos,Common Sandpiper,Jacob Davies,Creative Commons Attribution-NonCommercial-ShareAlike 4.0,2.0,03:22,https://www.xeno-canto.org/548001,comsan/XC548001.ogg
comsan,[],['nocturnal flight call'],50.8297,3.2408,Actitis hypoleucos,Common Sandpiper,Ignaas Robbe,Creative Commons Attribution-NonCommercial-ShareAlike 4.0,2.0,02:25,https://www.xeno-canto.org/548087,comsan/XC548087.ogg
comsan,[],['nocturnal flight call'],41.2243,1.7254,Actitis hypoleucos,Common Sandpiper,Sergi,Creative Commons Attribution-NonCommercial-ShareAlike 4.0,1.0,00:57,https://www.xeno-canto.org/548720,comsan/XC548720.ogg
comsan,[],['nocturnal flight call'],49.2816,-0.206,Actitis hypoleucos,Common Sandpiper,Grégory Bruneau,Creative Commons Attribution-NonCommercial-ShareAlike 4.0,1.0,03:54,https://www.xeno-canto.org/548997,comsan/XC548997.ogg
comsan,[],['nocturnal flight call'],44.0635,1.9515,Actitis hypoleucos,Common Sandpiper,Cedric Mroczko,Creative Commons Attribution-NonCommercial-ShareAlike 4.0,2.0,03:20,https://www.xeno-canto.org/550675,comsan/XC550675.ogg
comsan,[],"['life stage uncertain', 'nocturnal flight call', 'sex uncertain']",40.7618,-3.7786,Actitis hypoleucos,Common Sandpiper,Oscar Vilches,Creative Commons Attribution-NonCommercial-ShareAlike 4.0,3.0,03:00,https://www.xeno-canto.org/550694,comsan/XC550694.ogg
comsan,[],['nocturnal flight call'],39.5104,-0.418,Actitis hypoleucos,Common Sandpiper,Joan Balfagon,Creative Commons Attribution-NonCommercial-ShareAlike 4.0,2.0,05:00,https://www.xeno-canto.org/550730,comsan/XC550730.ogg
comsan,[],['nocturnal flight call'],60.2357,25.0058,Actitis hypoleucos,Common Sandpiper,Juha Saari,Creative Commons Attribution-NonCommercial-ShareAlike 4.0,3.0,00:42,https://www.xeno-canto.org/551242,comsan/XC551242.ogg
comsan,[],['nocturnal flight call'],60.2357,25.0058,Actitis hypoleucos,Common Sandpiper,Juha Saari,Creative Commons Attribution-NonCommercial-ShareAlike 4.0,4.0,01:19,https://www.xeno-canto.org/551257,comsan/XC551257.ogg
comsan,[],['nocturnal flight call'],50.7193,3.2228,Actitis hypoleucos,Common Sandpiper,Nicolas Selosse,Creative Commons Attribution-NonCommercial-ShareAlike 4.0,3.0,03:02,https://www.xeno-canto.org/552166,comsan/XC552166.ogg
comsan,[],['nocturnal flight call'],50.7193,3.2228,Actitis hypoleucos,Common Sandpiper,Nicolas Selosse,Creative Commons Attribution-NonCommercial-ShareAlike 4.0,2.0,03:41,https://www.xeno-canto.org/552167,comsan/XC552167.ogg
comsan,[],['nocturnal flight call'],51.0406,3.713,Actitis hypoleucos,Common Sandpiper,Koen Lepla,Creative Commons Attribution-NonCommercial-ShareAlike 4.0,2.0,02:30,https://www.xeno-canto.org/552202,comsan/XC552202.ogg
comsan,[],['nocturnal flight call'],55.5042,9.7364,Actitis hypoleucos,Common Sandpiper,Michael Brunhøj Hansen,Creative Commons Attribution-NonCommercial-ShareAlike 4.0,3.0,23:16,https://www.xeno-canto.org/552243,comsan/XC552243.ogg
comsan,[],['nocturnal flight call'],50.7193,3.2228,Actitis hypoleucos,Common Sandpiper,Nicolas Selosse,Creative Commons Attribution-NonCommercial-ShareAlike 4.0,4.0,02:45,https://www.xeno-canto.org/552414,comsan/XC552414.ogg
comsan,[],['nocturnal flight call'],60.2357,25.0058,Actitis hypoleucos,Common Sandpiper,Juha Saari,Creative Commons Attribution-NonCommercial-ShareAlike 4.0,3.0,03:00,https://www.xeno-canto.org/552513,comsan/XC552513.ogg
comsan,[],['nocturnal flight call'],50.7542,4.5672,Actitis hypoleucos,Common Sandpiper,Frederik Fluyt,Creative Commons Attribution-NonCommercial-ShareAlike 4.0,1.0,02:00,https://www.xeno-canto.org/552592,comsan/XC552592.ogg
comsan,[],['nocturnal flight call'],39.4696,-0.3522,Actitis hypoleucos,Common Sandpiper,jesus carrion,Creative Commons Attribution-NonCommercial-ShareAlike 4.0,2.0,22:53,https://www.xeno-canto.org/552846,comsan/XC552846.ogg
comsan,[],['nocturnal flight call'],60.2357,25.0058,Actitis hypoleucos,Common Sandpiper,Juha Saari,Creative Commons Attribution-NonCommercial-ShareAlike 4.0,2.5,03:19,https://www.xeno-canto.org/552853,comsan/XC552853.ogg
comsan,[],['nocturnal flight call'],39.4696,-0.3522,Actitis hypoleucos,Common Sandpiper,jesus carrion,Creative Commons Attribution-NonCommercial-ShareAlike 4.0,3.0,03:33,https://www.xeno-canto.org/553365,comsan/XC553365.ogg
comsan,[],['nocturnal flight call'],39.4696,-0.3522,Actitis hypoleucos,Common Sandpiper,jesus carrion,Creative Commons Attribution-NonCommercial-ShareAlike 4.0,4.0,04:29,https://www.xeno-canto.org/553366,comsan/XC553366.ogg
comsan,[],['nocturnal flight call'],50.7193,3.2228,Actitis hypoleucos,Common Sandpiper,Nicolas Selosse,Creative Commons Attribution-NonCommercial-ShareAlike 4.0,3.0,23:32,https://www.xeno-canto.org/553457,comsan/XC553457.ogg
comsan,[],['nocturnal flight call'],50.7193,3.2228,Actitis hypoleucos,Common Sandpiper,Nicolas Selosse,Creative Commons Attribution-NonCommercial-ShareAlike 4.0,1.0,04:58,https://www.xeno-canto.org/553458,comsan/XC553458.ogg
comsan,[],['nocturnal flight call'],41.2243,1.7254,Actitis hypoleucos,Common Sandpiper,Sergi,Creative Commons Attribution-NonCommercial-ShareAlike 4.0,2.0,04:23,https://www.xeno-canto.org/553466,comsan/XC553466.ogg
comsan,[],['nocturnal flight call'],39.5104,-0.418,Actitis hypoleucos,Common Sandpiper,Joan Balfagon,Creative Commons Attribution-NonCommercial-ShareAlike 4.0,2.0,02:34,https://www.xeno-canto.org/553777,comsan/XC553777.ogg
comsan,[],"['flight call', 'nocturnal flight call']",50.1191,18.9721,Actitis hypoleucos,Common Sandpiper,Ireneusz Oleksik,Creative Commons Attribution-NonCommercial-ShareAlike 4.0,3.0,02:06,https://www.xeno-canto.org/554039,comsan/XC554039.ogg
comsan,[],['nocturnal flight call'],60.2357,25.0058,Actitis hypoleucos,Common Sandpiper,Juha Saari,Creative Commons Attribution-NonCommercial-ShareAlike 4.0,1.0,23:33,https://www.xeno-canto.org/554068,comsan/XC554068.ogg
comsan,['dunlin'],['flight call'],37.1357,-7.6138,Actitis hypoleucos,Common Sandpiper,Nelson Conceição,Creative Commons Attribution-NonCommercial-ShareAlike 4.0,3.5,19:45,https://www.xeno-canto.org/554095,comsan/XC554095.ogg
comsan,[],['nocturnal flight call'],51.0928,4.0077,Actitis hypoleucos,Common Sandpiper,Tom Gheskiere,Creative Commons Attribution-NonCommercial-ShareAlike 4.0,4.0,03:23,https://www.xeno-canto.org/554107,comsan/XC554107.ogg
comsan,[],['nocturnal flight call'],39.4696,-0.3522,Actitis hypoleucos,Common Sandpiper,jesus carrion,Creative Commons Attribution-NonCommercial-ShareAlike 4.0,3.0,23:59,https://www.xeno-canto.org/554383,comsan/XC554383.ogg
comsan,[],"['flight call', 'nocturnal flight call']",50.1191,18.9721,Actitis hypoleucos,Common Sandpiper,Ireneusz Oleksik,Creative Commons Attribution-NonCommercial-ShareAlike 4.0,2.0,21:34,https://www.xeno-canto.org/554582,comsan/XC554582.ogg
comsan,[],['nocturnal flight call'],51.3532,-0.1461,Actitis hypoleucos,Common Sandpiper,Arjun Dutta,Creative Commons Attribution-NonCommercial-ShareAlike 4.0,2.0,22:48,https://www.xeno-canto.org/554707,comsan/XC554707.ogg
comsan,[],['nocturnal flight call'],60.2357,25.0058,Actitis hypoleucos,Common Sandpiper,Juha Saari,Creative Commons Attribution-NonCommercial-ShareAlike 4.0,3.0,00:47,https://www.xeno-canto.org/554847,comsan/XC554847.ogg
comsan,[],['nocturnal flight call'],54.1951,-3.0927,Actitis hypoleucos,Common Sandpiper,Mike Douglas,Creative Commons Attribution-NonCommercial-ShareAlike 4.0,3.0,00:47,https://www.xeno-canto.org/555206,comsan/XC555206.ogg
comsan,[],"['flight call', 'nocturnal flight call']",50.1191,18.9721,Actitis hypoleucos,Common Sandpiper,Ireneusz Oleksik,Creative Commons Attribution-NonCommercial-ShareAlike 4.0,2.0,02:59,https://www.xeno-canto.org/555208,comsan/XC555208.ogg
comsan,[],['nocturnal flight call'],49.6276,0.6812,Actitis hypoleucos,Common Sandpiper,Loan Delpit,Creative Commons Attribution-NonCommercial-ShareAlike 4.0,2.0,05:00,https://www.xeno-canto.org/555291,comsan/XC555291.ogg
comsan,[],['nocturnal flight call'],57.4706,-4.163,Actitis hypoleucos,Common Sandpiper,B Whyte,Creative Commons Attribution-NonCommercial-ShareAlike 4.0,5.0,23:30,https://www.xeno-canto.org/555679,comsan/XC555679.ogg
comsan,[],['nocturnal flight call'],50.7193,3.2228,Actitis hypoleucos,Common Sandpiper,Nicolas Selosse,Creative Commons Attribution-NonCommercial-ShareAlike 4.0,4.0,04:09,https://www.xeno-canto.org/555829,comsan/XC555829.ogg
comsan,[],['nocturnal flight call'],50.7193,3.2228,Actitis hypoleucos,Common Sandpiper,Nicolas Selosse,Creative Commons Attribution-NonCommercial-ShareAlike 4.0,2.0,22:01,https://www.xeno-canto.org/556781,comsan/XC556781.ogg
comsan,[],['nocturnal flight call'],50.7193,3.2228,Actitis hypoleucos,Common Sandpiper,Nicolas Selosse,Creative Commons Attribution-NonCommercial-ShareAlike 4.0,2.0,22:43,https://www.xeno-canto.org/556785,comsan/XC556785.ogg
comsan,[],['nocturnal flight call'],50.7193,3.2228,Actitis hypoleucos,Common Sandpiper,Nicolas Selosse,Creative Commons Attribution-NonCommercial-ShareAlike 4.0,1.0,23:53,https://www.xeno-canto.org/556788,comsan/XC556788.ogg
comsan,[],['nocturnal flight call'],50.7193,3.2228,Actitis hypoleucos,Common Sandpiper,Nicolas Selosse,Creative Commons Attribution-NonCommercial-ShareAlike 4.0,1.0,01:37,https://www.xeno-canto.org/556795,comsan/XC556795.ogg
comsan,[],['nocturnal flight call'],50.7193,3.2228,Actitis hypoleucos,Common Sandpiper,Nicolas Selosse,Creative Commons Attribution-NonCommercial-ShareAlike 4.0,2.0,01:39,https://www.xeno-canto.org/556798,comsan/XC556798.ogg
comsan,[],['nocturnal flight call'],50.7193,3.2228,Actitis hypoleucos,Common Sandpiper,Nicolas Selosse,Creative Commons Attribution-NonCommercial-ShareAlike 4.0,2.0,02:12,https://www.xeno-canto.org/556802,comsan/XC556802.ogg
comsan,[],['nocturnal flight call'],50.7193,3.2228,Actitis hypoleucos,Common Sandpiper,Nicolas Selosse,Creative Commons Attribution-NonCommercial-ShareAlike 4.0,2.0,02:50,https://www.xeno-canto.org/556805,comsan/XC556805.ogg
comsan,[],['nocturnal flight call'],50.7193,3.2228,Actitis hypoleucos,Common Sandpiper,Nicolas Selosse,Creative Commons Attribution-NonCommercial-ShareAlike 4.0,2.0,03:55,https://www.xeno-canto.org/556814,comsan/XC556814.ogg
comsan,[],['nocturnal flight call'],50.7193,3.2228,Actitis hypoleucos,Common Sandpiper,Nicolas Selosse,Creative Commons Attribution-NonCommercial-ShareAlike 4.0,1.0,03:58,https://www.xeno-canto.org/556821,comsan/XC556821.ogg
comsan,[],"['adult', 'call', 'flight call', 'nocturnal flight call', 'song']",57.2821,-3.6965,Actitis hypoleucos,Common Sandpiper,Peter Stronach,Creative Commons Attribution-NonCommercial-ShareAlike 4.0,2.0,04:17,https://www.xeno-canto.org/557070,comsan/XC557070.ogg
comsan,[],"['adult', 'call', 'flight call', 'nocturnal flight call', 'song']",57.2821,-3.6965,Actitis hypoleucos,Common Sandpiper,Peter Stronach,Creative Commons Attribution-NonCommercial-ShareAlike 4.0,1.5,04:17,https://www.xeno-canto.org/557073,comsan/XC557073.ogg
comsan,[],"['adult', 'call', 'flight call', 'nocturnal flight call', 'song']",57.2821,-3.6965,Actitis hypoleucos,Common Sandpiper,Peter Stronach,Creative Commons Attribution-NonCommercial-ShareAlike 4.0,4.0,23:33,https://www.xeno-canto.org/557082,comsan/XC557082.ogg
comsan,[],"['adult', 'call', 'flight call', 'nocturnal flight call']",57.2821,-3.6965,Actitis hypoleucos,Common Sandpiper,Peter Stronach,Creative Commons Attribution-NonCommercial-ShareAlike 4.0,2.5,23:33,https://www.xeno-canto.org/557085,comsan/XC557085.ogg
comsan,[],['nocturnal flight call'],39.4696,-0.3522,Actitis hypoleucos,Common Sandpiper,jesus carrion,Creative Commons Attribution-NonCommercial-ShareAlike 4.0,4.0,05:50,https://www.xeno-canto.org/557246,comsan/XC557246.ogg
comsan,[],"['adult', 'nocturnal flight call', 'sex uncertain']",56.2702,44.0017,Actitis hypoleucos,Common Sandpiper,Andrey Suravenkov,Creative Commons Attribution-NonCommercial-ShareAlike 4.0,3.0,21:44,https://www.xeno-canto.org/557579,comsan/XC557579.ogg
comsan,[],['nocturnal flight call'],50.7193,3.2228,Actitis hypoleucos,Common Sandpiper,Nicolas Selosse,Creative Commons Attribution-NonCommercial-ShareAlike 4.0,0.0,01:21,https://www.xeno-canto.org/557910,comsan/XC557910.ogg
comsan,[],['nocturnal flight call'],51.0928,4.0077,Actitis hypoleucos,Common Sandpiper,Tom Gheskiere,Creative Commons Attribution-NonCommercial-ShareAlike 4.0,0.0,01:42,https://www.xeno-canto.org/557950,comsan/XC557950.ogg
comsan,[],['nocturnal flight call'],60.2357,25.0058,Actitis hypoleucos,Common Sandpiper,Juha Saari,Creative Commons Attribution-NonCommercial-ShareAlike 4.0,0.0,01:39,https://www.xeno-canto.org/558205,comsan/XC558205.ogg
comsan,[],['nocturnal flight call'],60.6991,27.0954,Actitis hypoleucos,Common Sandpiper,Eetu Paljakka,Creative Commons Attribution-NonCommercial-ShareAlike 4.0,4.0,02:20,https://www.xeno-canto.org/558769,comsan/XC558769.ogg
comsan,[],['nocturnal flight call'],59.3158,18.0588,Actitis hypoleucos,Common Sandpiper,Alan Dalton,Creative Commons Attribution-NonCommercial-ShareAlike 4.0,4.0,22:30,https://www.xeno-canto.org/559092,comsan/XC559092.ogg
comsan,[],['nocturnal flight call'],59.3158,18.0588,Actitis hypoleucos,Common Sandpiper,Alan Dalton,Creative Commons Attribution-NonCommercial-ShareAlike 4.0,3.0,02:30,https://www.xeno-canto.org/559357,comsan/XC559357.ogg
comsan,[],['nocturnal flight call'],53.5342,8.6032,Actitis hypoleucos,Common Sandpiper,Franck Hollander,Creative Commons Attribution-NonCommercial-ShareAlike 4.0,0.0,00:30,https://www.xeno-canto.org/559524,comsan/XC559524.ogg
comsan,[],"['flight call', 'nocturnal flight call']",59.9674,17.9371,Actitis hypoleucos,Common Sandpiper,Robert Ekman,Creative Commons Attribution-NonCommercial-ShareAlike 4.0,0.0,00:32,https://www.xeno-canto.org/559684,comsan/XC559684.ogg
comsan,[],['nocturnal flight call'],59.3158,18.0588,Actitis hypoleucos,Common Sandpiper,Alan Dalton,Creative Commons Attribution-NonCommercial-ShareAlike 4.0,3.0,02:30,https://www.xeno-canto.org/559838,comsan/XC559838.ogg
comsan,[],['nocturnal flight call'],60.2357,25.0058,Actitis hypoleucos,Common Sandpiper,Juha Saari,Creative Commons Attribution-NonCommercial-ShareAlike 4.0,0.0,01:38,https://www.xeno-canto.org/560323,comsan/XC560323.ogg
comsan,[],['song'],60.221,25.1228,Actitis hypoleucos,Common Sandpiper,Hannu Varkki,Creative Commons Attribution-NonCommercial-ShareAlike 4.0,4.5,05:00,https://www.xeno-canto.org/560630,comsan/XC560630.ogg
comsan,[],['nocturnal flight call'],50.7193,3.2228,Actitis hypoleucos,Common Sandpiper,Nicolas Selosse,Creative Commons Attribution-NonCommercial-ShareAlike 4.0,0.0,03:10,https://www.xeno-canto.org/562231,comsan/XC562231.ogg
comsan,[],['song'],59.9679,24.3949,Actitis hypoleucos,Common Sandpiper,Eetu Paljakka,Creative Commons Attribution-NonCommercial-ShareAlike 4.0,4.5,23:15,https://www.xeno-canto.org/562809,comsan/XC562809.ogg
comsan,[],['call'],65.1761,18.8739,Actitis hypoleucos,Common Sandpiper,Lars Edenius,Creative Commons Attribution-NonCommercial-ShareAlike 4.0,5.0,20:00,https://www.xeno-canto.org/565358,comsan/XC565358.ogg
comsan,[],['call'],62.1377,16.2453,Actitis hypoleucos,Common Sandpiper,Thomas Bergman,Creative Commons Attribution-NonCommercial-ShareAlike 4.0,2.5,06:28,https://www.xeno-canto.org/565765,comsan/XC565765.ogg
comsan,[],['flight call'],5.2012,-1.2948,Actitis hypoleucos,Common Sandpiper,Mike Nelson,Creative Commons Attribution-NonCommercial-ShareAlike 3.0,4.0,5:00pm,https://www.xeno-canto.org/56589,comsan/XC56589.ogg
comsan,['mallar3'],"['call', 'life stage uncertain', 'sex uncertain']",51.8096,16.6488,Actitis hypoleucos,Common Sandpiper,Grzegorz Lorek,Creative Commons Attribution-NonCommercial-ShareAlike 4.0,2.5,05:00,https://www.xeno-canto.org/569699,comsan/XC569699.ogg
comsan,['mallar3'],"['call', 'life stage uncertain', 'sex uncertain']",51.8096,16.6488,Actitis hypoleucos,Common Sandpiper,Grzegorz Lorek,Creative Commons Attribution-NonCommercial-ShareAlike 4.0,2.5,04:15,https://www.xeno-canto.org/569701,comsan/XC569701.ogg
comsan,[],['song'],50.5395,109.3991,Actitis hypoleucos,Common Sandpiper,Albina Fateeva,Creative Commons Attribution-NonCommercial-ShareAlike 4.0,3.0,05:30,https://www.xeno-canto.org/569862,comsan/XC569862.ogg
comsan,[],"['flight call', 'life stage uncertain', 'sex uncertain']",51.8387,-8.0159,Actitis hypoleucos,Common Sandpiper,Mr Mark Shorten,Creative Commons Attribution-NonCommercial-ShareAlike 4.0,2.5,05:30,https://www.xeno-canto.org/570261,comsan/XC570261.ogg
comsan,[],['call'],60.2703,-1.5285,Actitis hypoleucos,Common Sandpiper,Andrew Harrop,Creative Commons Attribution-NonCommercial-ShareAlike 4.0,4.0,10:30,https://www.xeno-canto.org/571110,comsan/XC571110.ogg
comsan,[],['flight call'],60.2703,-1.5285,Actitis hypoleucos,Common Sandpiper,Andrew Harrop,Creative Commons Attribution-NonCommercial-ShareAlike 4.0,3.0,10:30,https://www.xeno-canto.org/571111,comsan/XC571111.ogg
comsan,[],['song'],67.0345,19.7991,Actitis hypoleucos,Common Sandpiper,Hans Norelius,Creative Commons Attribution-NonCommercial-ShareAlike 4.0,0.0,08:00,https://www.xeno-canto.org/571299,comsan/XC571299.ogg
comsan,[],['call'],35.4821,127.1269,Actitis hypoleucos,Common Sandpiper,Byoungsoon Jang,Creative Commons Attribution-NonCommercial-ShareAlike 4.0,0.0,09:00,https://www.xeno-canto.org/571418,comsan/XC571418.ogg
comsan,[],"['flight call', 'nocturnal flight call']",50.1191,18.9721,Actitis hypoleucos,Common Sandpiper,Ireneusz Oleksik,Creative Commons Attribution-NonCommercial-ShareAlike 4.0,3.0,02:00,https://www.xeno-canto.org/571437,comsan/XC571437.ogg
comsan,[],"['nocturnal flight call', 'nocturnal flight call']",43.5352,-1.4475,Actitis hypoleucos,Common Sandpiper,Frédéric Cazaban,Creative Commons Attribution-NonCommercial-ShareAlike 4.0,4.0,05:00,https://www.xeno-canto.org/572605,comsan/XC572605.ogg
comsan,[],['flight call'],56.0841,47.2567,Actitis hypoleucos,Common Sandpiper,Albert Lastukhin,Creative Commons Attribution-NonCommercial-ShareAlike 4.0,3.0,06:00,https://www.xeno-canto.org/573391,comsan/XC573391.ogg
comsan,[],['flight call'],55.8141,46.9799,Actitis hypoleucos,Common Sandpiper,Albert Lastukhin,Creative Commons Attribution-NonCommercial-ShareAlike 4.0,5.0,06:00,https://www.xeno-canto.org/573393,comsan/XC573393.ogg
comsan,[],['nocturnal flight call'],51.3532,-0.1461,Actitis hypoleucos,Common Sandpiper,Arjun Dutta,Creative Commons Attribution-NonCommercial-ShareAlike 4.0,2.0,22:20,https://www.xeno-canto.org/574127,comsan/XC574127.ogg
comsan,[],"['adult', 'nocturnal flight call']",52.3882,16.9887,Actitis hypoleucos,Common Sandpiper,Sławomir Karpicki-Ignatowski,Creative Commons Attribution-NonCommercial-ShareAlike 4.0,4.0,02:00,https://www.xeno-canto.org/574277,comsan/XC574277.ogg
comsan,[],"['alarm call', 'flight call']",61.8419,16.6154,Actitis hypoleucos,Common Sandpiper,Thomas Bergman,Creative Commons Attribution-NonCommercial-ShareAlike 4.0,4.5,20:20,https://www.xeno-canto.org/574299,comsan/XC574299.ogg
comsan,[],['nocturnal flight call'],53.5342,8.6032,Actitis hypoleucos,Common Sandpiper,Franck Hollander,Creative Commons Attribution-NonCommercial-ShareAlike 4.0,0.0,04:00,https://www.xeno-canto.org/574645,comsan/XC574645.ogg
comsan,[],"['flight call', 'nocturnal flight call']",51.3532,-0.1461,Actitis hypoleucos,Common Sandpiper,Arjun Dutta,Creative Commons Attribution-NonCommercial-ShareAlike 4.0,4.0,22:34,https://www.xeno-canto.org/575672,comsan/XC575672.ogg
comsan,[],['nocturnal flight call'],51.8346,5.8519,Actitis hypoleucos,Common Sandpiper,Martijn Verdoes,Creative Commons Attribution-NonCommercial-ShareAlike 4.0,4.0,02:21,https://www.xeno-canto.org/576451,comsan/XC576451.ogg
comsan,[],"['life stage uncertain', 'nocturnal flight call', 'sex uncertain']",48.7043,-2.9879,Actitis hypoleucos,Common Sandpiper,LE ROY Renaud,Creative Commons Attribution-NonCommercial-ShareAlike 4.0,3.0,04:00,https://www.xeno-canto.org/577149,comsan/XC577149.ogg
comsan,[],['flight call'],64.191,21.113,Actitis hypoleucos,Common Sandpiper,Alan Dalton,Creative Commons Attribution-NonCommercial-ShareAlike 4.0,5.0,22:00,https://www.xeno-canto.org/577935,comsan/XC577935.ogg
comsan,[],['call'],64.191,21.113,Actitis hypoleucos,Common Sandpiper,Alan Dalton,Creative Commons Attribution-NonCommercial-ShareAlike 4.0,5.0,02:30,https://www.xeno-canto.org/577943,comsan/XC577943.ogg
comsan,[],['call'],53.827,13.8311,Actitis hypoleucos,Common Sandpiper,brickegickel,Creative Commons Attribution-NonCommercial-ShareAlike 4.0,3.5,20:00,https://www.xeno-canto.org/577972,comsan/XC577972.ogg
comsan,[],['nocturnal flight call'],50.7347,3.2143,Actitis hypoleucos,Common Sandpiper,Christophe Gruwier,Creative Commons Attribution-NonCommercial-ShareAlike 4.0,4.0,04:10,https://www.xeno-canto.org/578171,comsan/XC578171.ogg
comsan,[],"['life stage uncertain', 'sex uncertain']",51.225,-2.978,Actitis hypoleucos,Common Sandpiper,Paul Bate,Creative Commons Attribution-NonCommercial-ShareAlike 4.0,3.0,02:30,https://www.xeno-canto.org/578205,comsan/XC578205.ogg
comsan,[],"['life stage uncertain', 'nocturnal flight call', 'sex uncertain']",48.7044,-2.988,Actitis hypoleucos,Common Sandpiper,LE ROY Renaud,Creative Commons Attribution-NonCommercial-ShareAlike 4.0,3.0,04:00,https://www.xeno-canto.org/578511,comsan/XC578511.ogg
comsan,[],['nocturnal flight call'],50.7347,3.2143,Actitis hypoleucos,Common Sandpiper,Christophe Gruwier,Creative Commons Attribution-NonCommercial-ShareAlike 4.0,3.0,04:00,https://www.xeno-canto.org/578546,comsan/XC578546.ogg
comsan,[],"['flight call', 'nocturnal flight call']",49.4452,22.6154,Actitis hypoleucos,Common Sandpiper,Ireneusz Oleksik,Creative Commons Attribution-NonCommercial-ShareAlike 4.0,3.0,03:10,https://www.xeno-canto.org/578771,comsan/XC578771.ogg
comsan,[],"['flight call', 'nocturnal flight call']",49.4452,22.6154,Actitis hypoleucos,Common Sandpiper,Ireneusz Oleksik,Creative Commons Attribution-NonCommercial-ShareAlike 4.0,4.0,03:50,https://www.xeno-canto.org/578772,comsan/XC578772.ogg
comsan,[],"['call', 'nocturnal flight call']",59.3794,24.2407,Actitis hypoleucos,Common Sandpiper,Kaarel Võhandu,Creative Commons Attribution-NonCommercial-ShareAlike 4.0,3.0,02:45,https://www.xeno-canto.org/579372,comsan/XC579372.ogg
comsan,[],"['flight call', 'nocturnal flight call']",51.3532,-0.1461,Actitis hypoleucos,Common Sandpiper,Arjun Dutta,Creative Commons Attribution-NonCommercial-ShareAlike 4.0,4.0,03:26,https://www.xeno-canto.org/579400,comsan/XC579400.ogg
comsan,[],['nocturnal flight call'],45.8271,1.293,Actitis hypoleucos,Common Sandpiper,MERCIER Christophe,Creative Commons Attribution-NonCommercial-ShareAlike 4.0,4.0,03:35,https://www.xeno-canto.org/579712,comsan/XC579712.ogg
comsan,[],"['flight call', 'nocturnal flight call']",50.1098,19.2342,Actitis hypoleucos,Common Sandpiper,Ireneusz Oleksik,Creative Commons Attribution-NonCommercial-ShareAlike 4.0,4.0,03:32,https://www.xeno-canto.org/580492,comsan/XC580492.ogg
comsan,[],['flight call'],50.1191,18.9721,Actitis hypoleucos,Common Sandpiper,Ireneusz Oleksik,Creative Commons Attribution-NonCommercial-ShareAlike 4.0,3.5,07:18,https://www.xeno-canto.org/580517,comsan/XC580517.ogg
comsan,[],['nocturnal flight call'],51.8346,5.8519,Actitis hypoleucos,Common Sandpiper,Martijn Verdoes,Creative Commons Attribution-NonCommercial-ShareAlike 4.0,5.0,03:06,https://www.xeno-canto.org/580537,comsan/XC580537.ogg
comsan,[],['nocturnal flight call'],43.5352,-1.4475,Actitis hypoleucos,Common Sandpiper,Frédéric Cazaban,Creative Commons Attribution-NonCommercial-ShareAlike 4.0,5.0,04:04,https://www.xeno-canto.org/580678,comsan/XC580678.ogg
comsan,['dunlin'],['nocturnal flight call'],43.5352,-1.4475,Actitis hypoleucos,Common Sandpiper,Frédéric Cazaban,Creative Commons Attribution-NonCommercial-ShareAlike 4.0,4.5,04:25,https://www.xeno-canto.org/580687,comsan/XC580687.ogg
comsan,[],['nocturnal flight call'],45.8271,1.293,Actitis hypoleucos,Common Sandpiper,MERCIER Christophe,Creative Commons Attribution-NonCommercial-ShareAlike 4.0,5.0,22:19,https://www.xeno-canto.org/580713,comsan/XC580713.ogg
comsan,[],['nocturnal flight call'],50.7347,3.2143,Actitis hypoleucos,Common Sandpiper,Christophe Gruwier,Creative Commons Attribution-NonCommercial-ShareAlike 4.0,3.0,03:15,https://www.xeno-canto.org/580755,comsan/XC580755.ogg
comsan,[],['nocturnal flight call'],41.2243,1.7254,Actitis hypoleucos,Common Sandpiper,Sergi,Creative Commons Attribution-NonCommercial-ShareAlike 4.0,4.0,04:38,https://www.xeno-canto.org/580808,comsan/XC580808.ogg
comsan,[],"['life stage uncertain', 'nocturnal flight call', 'sex uncertain']",43.7545,-0.8624,Actitis hypoleucos,Common Sandpiper,tardy sylvain,Creative Commons Attribution-NonCommercial-ShareAlike 4.0,5.0,23:41,https://www.xeno-canto.org/580910,comsan/XC580910.ogg
comsan,[],"['begging call', 'life stage uncertain', 'nocturnal flight call', 'sex uncertain']",43.7545,-0.8624,Actitis hypoleucos,Common Sandpiper,tardy sylvain,Creative Commons Attribution-NonCommercial-ShareAlike 4.0,5.0,04:59,https://www.xeno-canto.org/580916,comsan/XC580916.ogg
comsan,[],"['flight call', 'nocturnal flight call']",50.1191,18.9721,Actitis hypoleucos,Common Sandpiper,Ireneusz Oleksik,Creative Commons Attribution-NonCommercial-ShareAlike 4.0,2.0,01:45,https://www.xeno-canto.org/581041,comsan/XC581041.ogg
comsan,[],['nocturnal flight call'],58.3749,26.6876,Actitis hypoleucos,Common Sandpiper,Uku Paal,Creative Commons Attribution-NonCommercial-ShareAlike 4.0,1.0,23:30,https://www.xeno-canto.org/581172,comsan/XC581172.ogg
comsan,[],"['flight call', 'nocturnal flight call', 'tew call']",50.1191,18.9721,Actitis hypoleucos,Common Sandpiper,Ireneusz Oleksik,Creative Commons Attribution-NonCommercial-ShareAlike 4.0,2.0,04:14,https://www.xeno-canto.org/581189,comsan/XC581189.ogg
comsan,[],"['nocturnal flight call', 'sex uncertain']",54.0113,-0.3886,Actitis hypoleucos,Common Sandpiper,James Spencer,Creative Commons Attribution-NonCommercial-ShareAlike 4.0,4.0,00:32,https://www.xeno-canto.org/581304,comsan/XC581304.ogg
comsan,[],['nocturnal flight call'],48.886,2.3542,Actitis hypoleucos,Common Sandpiper,Emmanuel Roy,Creative Commons Attribution-NonCommercial-ShareAlike 4.0,2.0,23:00,https://www.xeno-canto.org/581424,comsan/XC581424.ogg
comsan,[],"['call', 'flight call']",52.2048,13.7833,Actitis hypoleucos,Common Sandpiper,Regina Eidner,Creative Commons Attribution-NonCommercial-ShareAlike 4.0,5.0,21:41,https://www.xeno-canto.org/581607,comsan/XC581607.ogg
comsan,[],"['call', 'flight call']",52.2048,13.7833,Actitis hypoleucos,Common Sandpiper,Regina Eidner,Creative Commons Attribution-NonCommercial-ShareAlike 4.0,5.0,21:42,https://www.xeno-canto.org/581608,comsan/XC581608.ogg
comsan,[],"['flight call', 'nocturnal flight call']",43.6108,3.8767,Actitis hypoleucos,Common Sandpiper,Pierre Foulquier,Creative Commons Attribution-NonCommercial-ShareAlike 4.0,4.0,02:30,https://www.xeno-canto.org/581622,comsan/XC581622.ogg
comsan,[],['nocturnal flight call'],48.675,2.3501,Actitis hypoleucos,Common Sandpiper,julien Rochefort,Creative Commons Attribution-NonCommercial-ShareAlike 4.0,5.0,03:14,https://www.xeno-canto.org/581732,comsan/XC581732.ogg
comsan,[],['nocturnal flight call'],52.3287,21.0961,Actitis hypoleucos,Common Sandpiper,Tomasz Wałachowski,Creative Commons Attribution-NonCommercial-ShareAlike 4.0,2.0,03:30,https://www.xeno-canto.org/581851,comsan/XC581851.ogg
comsan,[],['nocturnal flight call'],47.3431,0.6214,Actitis hypoleucos,Common Sandpiper,Cedric Mroczko,Creative Commons Attribution-NonCommercial-ShareAlike 4.0,2.0,01:30,https://www.xeno-canto.org/582064,comsan/XC582064.ogg
comsan,[],"['Anthropogenic background noise', 'nocturnal flight call']",52.3857,-1.7909,Actitis hypoleucos,Common Sandpiper,John Sirrett,Creative Commons Attribution-NonCommercial-ShareAlike 4.0,4.0,01:00,https://www.xeno-canto.org/582068,comsan/XC582068.ogg
comsan,[],"['Anthropogenic background noise', 'nocturnal flight call']",52.3857,-1.7909,Actitis hypoleucos,Common Sandpiper,John Sirrett,Creative Commons Attribution-NonCommercial-ShareAlike 4.0,3.0,01:00,https://www.xeno-canto.org/582072,comsan/XC582072.ogg
comsan,[],"['call', 'life stage uncertain', 'sex uncertain']",41.0992,1.1604,Actitis hypoleucos,Common Sandpiper,Sidney M,Creative Commons Attribution-NonCommercial-ShareAlike 4.0,3.0,10:30,https://www.xeno-canto.org/582081,comsan/XC582081.ogg
comsan,[],['nocturnal flight call'],43.6108,3.8767,Actitis hypoleucos,Common Sandpiper,Pierre Foulquier,Creative Commons Attribution-NonCommercial-ShareAlike 4.0,4.0,02:30,https://www.xeno-canto.org/582118,comsan/XC582118.ogg
comsan,[],['nocturnal flight call'],48.0228,0.1995,Actitis hypoleucos,Common Sandpiper,Christian Kerihuel,Creative Commons Attribution-NonCommercial-ShareAlike 4.0,4.0,23:30,https://www.xeno-canto.org/582120,comsan/XC582120.ogg
comsan,[],['nocturnal flight call'],46.4168,-1.5399,Actitis hypoleucos,Common Sandpiper,Maxime Pirio,Creative Commons Attribution-NonCommercial-ShareAlike 4.0,5.0,23:38,https://www.xeno-canto.org/582510,comsan/XC582510.ogg
comsan,[],"['flight call', 'nocturnal flight call']",50.1191,18.9721,Actitis hypoleucos,Common Sandpiper,Ireneusz Oleksik,Creative Commons Attribution-NonCommercial-ShareAlike 4.0,4.0,00:04,https://www.xeno-canto.org/582935,comsan/XC582935.ogg
comsan,[],['nocturnal flight call'],53.5342,8.6032,Actitis hypoleucos,Common Sandpiper,Franck Hollander,Creative Commons Attribution-NonCommercial-ShareAlike 4.0,4.0,00:30,https://www.xeno-canto.org/582947,comsan/XC582947.ogg
comsan,[],"['adult', 'call', 'flight call']",51.1645,-0.6142,Actitis hypoleucos,Common Sandpiper,Ed Stubbs,Creative Commons Attribution-NonCommercial-ShareAlike 4.0,1.0,06:20,https://www.xeno-canto.org/583001,comsan/XC583001.ogg
comsan,[],['nocturnal flight call'],50.599,-1.2,Actitis hypoleucos,Common Sandpiper,Jon Sparshott,Creative Commons Attribution-NonCommercial-ShareAlike 4.0,2.0,22:30,https://www.xeno-canto.org/583018,comsan/XC583018.ogg
comsan,[],"['flight call', 'nocturnal flight call']",48.459,-5.1292,Actitis hypoleucos,Common Sandpiper,Stanislas Wroza,Creative Commons Attribution-NonCommercial-ShareAlike 4.0,4.0,01:00,https://www.xeno-canto.org/584396,comsan/XC584396.ogg
comsan,[],"['flight call', 'nocturnal flight call']",48.459,-5.1292,Actitis hypoleucos,Common Sandpiper,Stanislas Wroza,Creative Commons Attribution-NonCommercial-ShareAlike 4.0,5.0,01:00,https://www.xeno-canto.org/584397,comsan/XC584397.ogg
comsan,[],"['flight call', 'nocturnal flight call']",48.459,-5.1292,Actitis hypoleucos,Common Sandpiper,Stanislas Wroza,Creative Commons Attribution-NonCommercial-ShareAlike 4.0,4.0,01:00,https://www.xeno-canto.org/584398,comsan/XC584398.ogg
comsan,[],"['flight call', 'nocturnal flight call']",48.459,-5.1292,Actitis hypoleucos,Common Sandpiper,Stanislas Wroza,Creative Commons Attribution-NonCommercial-ShareAlike 4.0,4.0,01:00,https://www.xeno-canto.org/584477,comsan/XC584477.ogg
comsan,[],"['flight call', 'nocturnal flight call', 'social calls']",48.459,-5.1292,Actitis hypoleucos,Common Sandpiper,Stanislas Wroza,Creative Commons Attribution-NonCommercial-ShareAlike 4.0,4.0,01:00,https://www.xeno-canto.org/584478,comsan/XC584478.ogg
comsan,[],"['flight call', 'nocturnal flight call', 'social calls']",48.459,-5.1292,Actitis hypoleucos,Common Sandpiper,Stanislas Wroza,Creative Commons Attribution-NonCommercial-ShareAlike 4.0,3.0,01:00,https://www.xeno-canto.org/584479,comsan/XC584479.ogg
comsan,[],"['flight call', 'nocturnal flight call', 'short calls']",48.459,-5.1292,Actitis hypoleucos,Common Sandpiper,Stanislas Wroza,Creative Commons Attribution-NonCommercial-ShareAlike 4.0,4.0,01:00,https://www.xeno-canto.org/584481,comsan/XC584481.ogg
comsan,[],"['flight call', 'nocturnal flight call', 'short calls']",48.4594,-5.1294,Actitis hypoleucos,Common Sandpiper,Stanislas Wroza,Creative Commons Attribution-NonCommercial-ShareAlike 4.0,4.0,01:00,https://www.xeno-canto.org/584608,comsan/XC584608.ogg
comsan,[],"['flight call', 'nocturnal flight call', 'short calls']",48.4594,-5.1294,Actitis hypoleucos,Common Sandpiper,Stanislas Wroza,Creative Commons Attribution-NonCommercial-ShareAlike 4.0,4.0,01:00,https://www.xeno-canto.org/584609,comsan/XC584609.ogg
comsan,[],"['flight call', 'nocturnal flight call', 'short calls']",48.4594,-5.1294,Actitis hypoleucos,Common Sandpiper,Stanislas Wroza,Creative Commons Attribution-NonCommercial-ShareAlike 4.0,4.0,01:00,https://www.xeno-canto.org/584610,comsan/XC584610.ogg
comsan,[],"['flight call', 'nocturnal flight call', 'short calls']",48.4594,-5.1294,Actitis hypoleucos,Common Sandpiper,Stanislas Wroza,Creative Commons Attribution-NonCommercial-ShareAlike 4.0,4.0,01:00,https://www.xeno-canto.org/584611,comsan/XC584611.ogg
comsan,[],"['""M"" call', 'chatter call', 'flight call', 'nocturnal flight call', 'thin social calls']",48.4593,-5.1296,Actitis hypoleucos,Common Sandpiper,Stanislas Wroza,Creative Commons Attribution-NonCommercial-ShareAlike 4.0,3.0,02:00,https://www.xeno-canto.org/584750,comsan/XC584750.ogg
comsan,[],"['life stage uncertain', 'nocturnal flight call', 'sex uncertain']",41.1684,0.974,Actitis hypoleucos,Common Sandpiper,Xavier Riera,Creative Commons Attribution-NonCommercial-ShareAlike 4.0,4.0,05:00,https://www.xeno-canto.org/585172,comsan/XC585172.ogg
comsan,[],['nocturnal flight call'],48.0374,0.187,Actitis hypoleucos,Common Sandpiper,Christian Kerihuel,Creative Commons Attribution-NonCommercial-ShareAlike 4.0,5.0,01:00,https://www.xeno-canto.org/585285,comsan/XC585285.ogg
comsan,[],['nocturnal flight call'],51.4309,-2.8518,Actitis hypoleucos,Common Sandpiper,Paul Williams,Creative Commons Attribution-NonCommercial-ShareAlike 4.0,3.0,02:04,https://www.xeno-canto.org/586329,comsan/XC586329.ogg
comsan,[],['nocturnal flight call'],51.4309,-2.8518,Actitis hypoleucos,Common Sandpiper,Paul Williams,Creative Commons Attribution-NonCommercial-ShareAlike 4.0,3.0,01:34,https://www.xeno-canto.org/586330,comsan/XC586330.ogg
comsan,[],['nocturnal flight call'],51.4309,-2.8518,Actitis hypoleucos,Common Sandpiper,Paul Williams,Creative Commons Attribution-NonCommercial-ShareAlike 4.0,3.0,02:33,https://www.xeno-canto.org/586332,comsan/XC586332.ogg
comsan,[],['nocturnal flight call'],51.4309,-2.8518,Actitis hypoleucos,Common Sandpiper,Paul Williams,Creative Commons Attribution-NonCommercial-ShareAlike 4.0,3.0,03:59,https://www.xeno-canto.org/586340,comsan/XC586340.ogg
comsan,[],['nocturnal flight call'],51.4309,-2.8518,Actitis hypoleucos,Common Sandpiper,Paul Williams,Creative Commons Attribution-NonCommercial-ShareAlike 4.0,3.0,03:16,https://www.xeno-canto.org/586342,comsan/XC586342.ogg
comsan,[],['nocturnal flight call'],51.4309,-2.8518,Actitis hypoleucos,Common Sandpiper,Paul Williams,Creative Commons Attribution-NonCommercial-ShareAlike 4.0,3.0,01:20,https://www.xeno-canto.org/586343,comsan/XC586343.ogg
comsan,[],"['flight call', 'life stage uncertain', 'sex uncertain']",41.0992,1.1604,Actitis hypoleucos,Common Sandpiper,Sidney M,Creative Commons Attribution-NonCommercial-ShareAlike 4.0,2.0,08:00,https://www.xeno-canto.org/586746,comsan/XC586746.ogg
comsan,[],['nocturnal flight call'],50.6624,4.6083,Actitis hypoleucos,Common Sandpiper,CLAES Victor,Creative Commons Attribution-NonCommercial-ShareAlike 4.0,3.0,03:43,https://www.xeno-canto.org/587026,comsan/XC587026.ogg
comsan,[],"['bisyllabic call', 'flight call']",48.0372,-4.8622,Actitis hypoleucos,Common Sandpiper,Stanislas Wroza,Creative Commons Attribution-NonCommercial-ShareAlike 4.0,5.0,07:00,https://www.xeno-canto.org/587272,comsan/XC587272.ogg
comsan,[],"['life stage uncertain', 'nocturnal flight call', 'sex uncertain']",51.9036,-8.4871,Actitis hypoleucos,Common Sandpiper,Harry Hussey,Creative Commons Attribution-NonCommercial-ShareAlike 4.0,4.0,21:18,https://www.xeno-canto.org/587627,comsan/XC587627.ogg
comsan,[],"['flight call', 'nocturnal flight call']",50.7542,4.5672,Actitis hypoleucos,Common Sandpiper,Frederik Fluyt,Creative Commons Attribution-NonCommercial-ShareAlike 4.0,4.0,23:50,https://www.xeno-canto.org/587730,comsan/XC587730.ogg
comsan,[],['nocturnal flight call'],42.340284,2.48002,Actitis hypoleucos,Common Sandpiper,Oriol Baena,Creative Commons Attribution-NonCommercial-ShareAlike 3.0,3.0,03:36,https://www.xeno-canto.org/587840,comsan/XC587840.ogg
comsan,[],['nocturnal flight call'],42.340284,2.48002,Actitis hypoleucos,Common Sandpiper,Oriol Baena,Creative Commons Attribution-NonCommercial-ShareAlike 3.0,3.0,04:07,https://www.xeno-canto.org/587842,comsan/XC587842.ogg
comsan,[],['nocturnal flight call'],42.337147,2.512696,Actitis hypoleucos,Common Sandpiper,Robert Manzano,Creative Commons Attribution-NonCommercial-ShareAlike 3.0,3.0,22:25,https://www.xeno-canto.org/587852,comsan/XC587852.ogg
comsan,[],['nocturnal flight call'],42.328487,2.551244,Actitis hypoleucos,Common Sandpiper,Oriol Baena,Creative Commons Attribution-NonCommercial-ShareAlike 3.0,3.0,22:33,https://www.xeno-canto.org/587862,comsan/XC587862.ogg
comsan,[],"['life stage uncertain', 'nocturnal flight call', 'sex uncertain']",41.5564,1.8551,Actitis hypoleucos,Common Sandpiper,Jordi Calvet,Creative Commons Attribution-NonCommercial-ShareAlike 4.0,2.0,22:15,https://www.xeno-canto.org/588255,comsan/XC588255.ogg
comsan,[],"['chatter calls', 'nocturnal flight call']",48.0372,-4.8622,Actitis hypoleucos,Common Sandpiper,Stanislas Wroza,Creative Commons Attribution-NonCommercial-ShareAlike 4.0,4.0,02:00,https://www.xeno-canto.org/588564,comsan/XC588564.ogg
comsan,[],"['chatter calls', 'nocturnal flight call']",48.0372,-4.8622,Actitis hypoleucos,Common Sandpiper,Stanislas Wroza,Creative Commons Attribution-NonCommercial-ShareAlike 4.0,4.0,02:00,https://www.xeno-canto.org/588565,comsan/XC588565.ogg
comsan,[],"['dissyllabic call', 'flight call']",48.0372,-4.8622,Actitis hypoleucos,Common Sandpiper,Stanislas Wroza,Creative Commons Attribution-NonCommercial-ShareAlike 4.0,4.0,08:00,https://www.xeno-canto.org/588583,comsan/XC588583.ogg
comsan,[],['nocturnal flight call'],48.0372,-4.8622,Actitis hypoleucos,Common Sandpiper,Stanislas Wroza,Creative Commons Attribution-NonCommercial-ShareAlike 4.0,4.0,01:00,https://www.xeno-canto.org/588589,comsan/XC588589.ogg
comsan,[],"['flight call', 'nocturnal flight call']",51.056,-1.322,Actitis hypoleucos,Common Sandpiper,Tom Jordan,Creative Commons Attribution-NonCommercial-ShareAlike 4.0,4.0,22:31,https://www.xeno-canto.org/588935,comsan/XC588935.ogg
comsan,[],['flight call'],50.8024,-1.9836,Actitis hypoleucos,Common Sandpiper,Martin Wood,Creative Commons Attribution-NonCommercial-ShareAlike 4.0,3.0,23:30,https://www.xeno-canto.org/588968,comsan/XC588968.ogg
comsan,[],"['flight call', 'sex uncertain']",52.3882,16.9887,Actitis hypoleucos,Common Sandpiper,Sławomir Karpicki-Ignatowski,Creative Commons Attribution-NonCommercial-ShareAlike 4.0,5.0,03:00,https://www.xeno-canto.org/589069,comsan/XC589069.ogg
comsan,[],['nocturnal flight call'],48.7043,-2.9878,Actitis hypoleucos,Common Sandpiper,LE ROY Renaud,Creative Commons Attribution-NonCommercial-ShareAlike 4.0,3.0,03:30,https://www.xeno-canto.org/589962,comsan/XC589962.ogg
comsan,[],['call'],50.9866,6.9827,Actitis hypoleucos,Common Sandpiper,Stephan Risch,Creative Commons Attribution-NonCommercial-ShareAlike 4.0,4.0,20:07,https://www.xeno-canto.org/590787,comsan/XC590787.ogg
comsan,[],['alarm call'],64.5789,26.6691,Actitis hypoleucos,Common Sandpiper,Hannu Varkki,Creative Commons Attribution-NonCommercial-ShareAlike 4.0,4.5,08:00,https://www.xeno-canto.org/592709,comsan/XC592709.ogg
comsan,[],"['flight call', 'nocturnal flight call']",37.1379,-7.6303,Actitis hypoleucos,Common Sandpiper,Nelson Conceição,Creative Commons Attribution-NonCommercial-ShareAlike 4.0,5.0,04:16,https://www.xeno-canto.org/594340,comsan/XC594340.ogg
comsan,[],['call'],40.8633,-6.8901,Actitis hypoleucos,Common Sandpiper,Eduardo Realinho,Creative Commons Attribution-NonCommercial-ShareAlike 4.0,4.0,13:00,https://www.xeno-canto.org/594450,comsan/XC594450.ogg
comsan,[],['flight call'],37.1357,-7.6138,Actitis hypoleucos,Common Sandpiper,Nelson Conceição,Creative Commons Attribution-NonCommercial-ShareAlike 4.0,5.0,19:21,https://www.xeno-canto.org/594516,comsan/XC594516.ogg
comsan,[],"['life stage uncertain', 'nocturnal flight call', 'sex uncertain']",56.7028,-2.6114,Actitis hypoleucos,Common Sandpiper,Simon Busuttil,Creative Commons Attribution-NonCommercial-ShareAlike 4.0,3.0,04:00,https://www.xeno-canto.org/595918,comsan/XC595918.ogg
comsan,[],"['life stage uncertain', 'nocturnal flight call', 'sex uncertain']",56.7028,-2.6114,Actitis hypoleucos,Common Sandpiper,Simon Busuttil,Creative Commons Attribution-NonCommercial-ShareAlike 4.0,3.0,03:00,https://www.xeno-canto.org/595919,comsan/XC595919.ogg
comsan,[],['call'],23.8314,120.7932,Actitis hypoleucos,Common Sandpiper,Sunny Tseng,Creative Commons Attribution-NonCommercial-ShareAlike 4.0,3.5,08:30,https://www.xeno-canto.org/597141,comsan/XC597141.ogg
comsan,[],['nocturnal flight call'],42.3285,2.5512,Actitis hypoleucos,Common Sandpiper,Robert Manzano,Creative Commons Attribution-NonCommercial-ShareAlike 4.0,3.0,05:13,https://www.xeno-canto.org/597503,comsan/XC597503.ogg
comsan,[],"['call', 'flight call']",46.6449,0.5841,Actitis hypoleucos,Common Sandpiper,Sophie Neill,Creative Commons Attribution-NonCommercial-ShareAlike 4.0,5.0,10:00,https://www.xeno-canto.org/600832,comsan/XC600832.ogg
comsan,[],['nocturnal flight call'],51.3626,4.4419,Actitis hypoleucos,Common Sandpiper,Bram Vogels,Creative Commons Attribution-NonCommercial-ShareAlike 4.0,4.0,02:00,https://www.xeno-canto.org/603036,comsan/XC603036.ogg
comsan,[],['nocturnal flight call'],51.3626,4.4419,Actitis hypoleucos,Common Sandpiper,Bram Vogels,Creative Commons Attribution-NonCommercial-ShareAlike 4.0,4.0,02:00,https://www.xeno-canto.org/603037,comsan/XC603037.ogg
comsan,[],"['flight call', 'sex uncertain']",40.7751,0.7213,Actitis hypoleucos,Common Sandpiper,Jordi Calvet,Creative Commons Attribution-NonCommercial-ShareAlike 4.0,2.5,19:14,https://www.xeno-canto.org/605377,comsan/XC605377.ogg
comsan,[],"['alarm call', 'long call']",48.9823,2.1633,Actitis hypoleucos,Common Sandpiper,Stanislas Wroza,Creative Commons Attribution-NonCommercial-ShareAlike 4.0,4.0,08:00,https://www.xeno-canto.org/606348,comsan/XC606348.ogg
comsan,[],['flight call'],48.9823,2.1633,Actitis hypoleucos,Common Sandpiper,Stanislas Wroza,Creative Commons Attribution-NonCommercial-ShareAlike 4.0,5.0,08:00,https://www.xeno-canto.org/606397,comsan/XC606397.ogg
comsan,[],"['adult', 'call']",-26.8613,26.4833,Actitis hypoleucos,Common Sandpiper,Tony Archer,Creative Commons Attribution-NonCommercial-ShareAlike 4.0,3.0,15:30,https://www.xeno-canto.org/607031,comsan/XC607031.ogg
comsan,[],['call'],-13.101,31.7949,Actitis hypoleucos,Common Sandpiper,Meena Haribal,Creative Commons Attribution-NonCommercial-ShareAlike 4.0,4.0,04:30,https://www.xeno-canto.org/613127,comsan/XC613127.ogg
comsan,[],['call'],-13.101,31.7949,Actitis hypoleucos,Common Sandpiper,Meena Haribal,Creative Commons Attribution-NonCommercial-ShareAlike 4.0,4.0,06:30,https://www.xeno-canto.org/613128,comsan/XC613128.ogg
comsan,[],"['nocturnal flight call', 'sex uncertain']",53.2854,22.5764,Actitis hypoleucos,Common Sandpiper,Romuald Mikusek,Creative Commons Attribution-NonCommercial-ShareAlike 4.0,1.5,00:02,https://www.xeno-canto.org/614296,comsan/XC614296.ogg
comsan,[],['nocturnal flight call'],51.9824,7.613,Actitis hypoleucos,Common Sandpiper,Johannes Amshoff,Creative Commons Attribution-NonCommercial-ShareAlike 4.0,4.0,02:32,https://www.xeno-canto.org/614843,comsan/XC614843.ogg
comsan,[],['nocturnal flight call'],39.3544,-0.3164,Actitis hypoleucos,Common Sandpiper,BirdingAlbufera,Creative Commons Attribution-NonCommercial-ShareAlike 4.0,5.0,21:30,https://www.xeno-canto.org/619377,comsan/XC619377.ogg
comsan,[],"['call', 'flight call', 'nocturnal flight call']",53.9299,-2.9833,Actitis hypoleucos,Common Sandpiper,Chris Batty,Creative Commons Attribution-NonCommercial-ShareAlike 4.0,3.0,23:27,https://www.xeno-canto.org/621615,comsan/XC621615.ogg
comsan,['dunlin'],"['call', 'flight call', 'nocturnal flight call']",53.9299,-2.9833,Actitis hypoleucos,Common Sandpiper,Chris Batty,Creative Commons Attribution-NonCommercial-ShareAlike 4.0,2.5,22:57,https://www.xeno-canto.org/621618,comsan/XC621618.ogg
comsan,[],"['call', 'flight call', 'nocturnal flight call']",53.9299,-2.9833,Actitis hypoleucos,Common Sandpiper,Chris Batty,Creative Commons Attribution-NonCommercial-ShareAlike 4.0,2.5,03:58,https://www.xeno-canto.org/621619,comsan/XC621619.ogg
comsan,[],"['call', 'flight call', 'nocturnal flight call']",53.9299,-2.9833,Actitis hypoleucos,Common Sandpiper,Chris Batty,Creative Commons Attribution-NonCommercial-ShareAlike 4.0,3.0,22:13,https://www.xeno-canto.org/621620,comsan/XC621620.ogg
comsan,['dunlin'],"['flight call', 'life stage uncertain', 'sex uncertain']",51.8061,16.6513,Actitis hypoleucos,Common Sandpiper,Grzegorz Lorek,Creative Commons Attribution-NonCommercial-ShareAlike 4.0,4.5,19:40,https://www.xeno-canto.org/622858,comsan/XC622858.ogg
comsan,[],"['adult', 'flight call']",39.4709,-8.0205,Actitis hypoleucos,Common Sandpiper,Paulo Alves,Creative Commons Attribution-NonCommercial-ShareAlike 4.0,3.5,12:30,https://www.xeno-canto.org/624401,comsan/XC624401.ogg
comsan,[],"['life stage uncertain', 'nocturnal flight call', 'sex uncertain']",41.2243,1.7254,Actitis hypoleucos,Common Sandpiper,Sergi,Creative Commons Attribution-NonCommercial-ShareAlike 4.0,4.0,06:38,https://www.xeno-canto.org/628409,comsan/XC628409.ogg
comsan,[],['nocturnal flight call'],46.4168,-1.5399,Actitis hypoleucos,Common Sandpiper,Maxime Pirio,Creative Commons Attribution-NonCommercial-ShareAlike 4.0,5.0,22:54,https://www.xeno-canto.org/629449,comsan/XC629449.ogg
comsan,[],['nocturnal flight call'],43.7412,-7.867,Actitis hypoleucos,Common Sandpiper,Ricardo Hevia,Creative Commons Attribution-NonCommercial-ShareAlike 4.0,4.0,05:00,https://www.xeno-canto.org/632676,comsan/XC632676.ogg
comsan,[],['nocturnal flight call'],43.7412,-7.867,Actitis hypoleucos,Common Sandpiper,Ricardo Hevia,Creative Commons Attribution-NonCommercial-ShareAlike 4.0,4.0,06:00,https://www.xeno-canto.org/633141,comsan/XC633141.ogg
comsan,[],"['adult', 'nocturnal flight call', 'sex uncertain']",54.2386,-0.4196,Actitis hypoleucos,Common Sandpiper,Dan Lombard,Creative Commons Attribution-NonCommercial-ShareAlike 4.0,4.0,01:00,https://www.xeno-canto.org/636683,comsan/XC636683.ogg
comsan,[],"['adult', 'nocturnal flight call', 'sex uncertain']",54.2386,-0.4196,Actitis hypoleucos,Common Sandpiper,Dan Lombard,Creative Commons Attribution-NonCommercial-ShareAlike 4.0,4.0,00:30,https://www.xeno-canto.org/636686,comsan/XC636686.ogg
comsan,[],"['nocturnal flight call', 'sex uncertain']",54.2386,-0.4196,Actitis hypoleucos,Common Sandpiper,Dan Lombard,Creative Commons Attribution-NonCommercial-ShareAlike 4.0,4.0,00:30,https://www.xeno-canto.org/636689,comsan/XC636689.ogg
comsan,[],"['nocturnal flight call', 'sex uncertain', 'song', 'subsong']",54.2386,-0.4196,Actitis hypoleucos,Common Sandpiper,Dan Lombard,Creative Commons Attribution-NonCommercial-ShareAlike 4.0,4.0,23:00,https://www.xeno-canto.org/636691,comsan/XC636691.ogg
comsan,[],"['nocturnal flight call', 'song']",54.2386,-0.4196,Actitis hypoleucos,Common Sandpiper,Dan Lombard,Creative Commons Attribution-NonCommercial-ShareAlike 4.0,4.0,01:00,https://www.xeno-canto.org/636696,comsan/XC636696.ogg
comsan,[],['nocturnal flight call'],43.7412,-7.867,Actitis hypoleucos,Common Sandpiper,Ricardo Hevia,Creative Commons Attribution-NonCommercial-ShareAlike 4.0,5.0,01:00,https://www.xeno-canto.org/637268,comsan/XC637268.ogg
comsan,[],"['adult', 'flight call', 'sex uncertain']",57.0161,-6.2787,Actitis hypoleucos,Common Sandpiper,Sean Morris,Creative Commons Attribution-NonCommercial-ShareAlike 4.0,4.0,05:17,https://www.xeno-canto.org/638592,comsan/XC638592.ogg
comsan,[],"['life stage uncertain', 'nocturnal flight call', 'sex uncertain']",41.2243,1.7254,Actitis hypoleucos,Common Sandpiper,Sergi,Creative Commons Attribution-NonCommercial-ShareAlike 4.0,5.0,21:16,https://www.xeno-canto.org/639192,comsan/XC639192.ogg
comsan,[],['nocturnal flight call'],41.4875,2.3653,Actitis hypoleucos,Common Sandpiper,Feliu López i Gelats,Creative Commons Attribution-NonCommercial-ShareAlike 4.0,5.0,03:00,https://www.xeno-canto.org/639418,comsan/XC639418.ogg
comsan,[],"['flight call', 'nocturnal flight call']",53.1646,8.1832,Actitis hypoleucos,Common Sandpiper,Lennart Haak,Creative Commons Attribution-NonCommercial-ShareAlike 4.0,4.0,03:51,https://www.xeno-canto.org/642158,comsan/XC642158.ogg
comsan,[],"['life stage uncertain', 'nocturnal flight call', 'sex uncertain']",41.2243,1.7254,Actitis hypoleucos,Common Sandpiper,Sergi,Creative Commons Attribution-NonCommercial-ShareAlike 4.0,5.0,02:15,https://www.xeno-canto.org/642258,comsan/XC642258.ogg
comsan,[],['nocturnal flight call'],43.7412,-7.867,Actitis hypoleucos,Common Sandpiper,Ricardo Hevia,Creative Commons Attribution-NonCommercial-ShareAlike 4.0,5.0,04:00,https://www.xeno-canto.org/642698,comsan/XC642698.ogg
comsan,[],['nocturnal flight call'],43.7412,-7.867,Actitis hypoleucos,Common Sandpiper,Ricardo Hevia,Creative Commons Attribution-NonCommercial-ShareAlike 4.0,4.0,02:30,https://www.xeno-canto.org/643036,comsan/XC643036.ogg
comsan,[],['nocturnal flight call'],43.7412,-7.867,Actitis hypoleucos,Common Sandpiper,Ricardo Hevia,Creative Commons Attribution-NonCommercial-ShareAlike 4.0,5.0,02:30,https://www.xeno-canto.org/643721,comsan/XC643721.ogg
comsan,[],"['life stage uncertain', 'nocturnal flight call', 'sex uncertain']",41.2243,1.7254,Actitis hypoleucos,Common Sandpiper,Sergi,Creative Commons Attribution-NonCommercial-ShareAlike 4.0,4.0,02:19,https://www.xeno-canto.org/643758,comsan/XC643758.ogg
comsan,[],['nocturnal flight call'],42.009,2.0278,Actitis hypoleucos,Common Sandpiper,Albert Subirà,Creative Commons Attribution-NonCommercial-ShareAlike 4.0,5.0,05:17,https://www.xeno-canto.org/643855,comsan/XC643855.ogg
comsan,[],['nocturnal flight call'],51.589,6.1757,Actitis hypoleucos,Common Sandpiper,Jan Erik Kikkert,Creative Commons Attribution-NonCommercial-ShareAlike 4.0,4.0,04:04,https://www.xeno-canto.org/643995,comsan/XC643995.ogg
comsan,[],['nocturnal flight call'],43.7412,-7.867,Actitis hypoleucos,Common Sandpiper,Ricardo Hevia,Creative Commons Attribution-NonCommercial-ShareAlike 4.0,3.0,04:00,https://www.xeno-canto.org/644274,comsan/XC644274.ogg
comsan,[],['flight call'],53.2509,5.598,Actitis hypoleucos,Common Sandpiper,Gosse Hoekstra,Creative Commons Attribution-NonCommercial-ShareAlike 4.0,5.0,01:30,https://www.xeno-canto.org/644352,comsan/XC644352.ogg
comsan,[],['nocturnal flight call'],43.5352,-1.4475,Actitis hypoleucos,Common Sandpiper,Frédéric Cazaban,Creative Commons Attribution-NonCommercial-ShareAlike 4.0,5.0,23:10,https://www.xeno-canto.org/644516,comsan/XC644516.ogg
comsan,[],"['flight call', 'nocturnal flight call']",50.1191,18.9721,Actitis hypoleucos,Common Sandpiper,Ireneusz Oleksik,Creative Commons Attribution-NonCommercial-ShareAlike 4.0,2.0,23:49,https://www.xeno-canto.org/644621,comsan/XC644621.ogg
comsan,[],['nocturnal flight call'],43.7412,-7.867,Actitis hypoleucos,Common Sandpiper,Ricardo Hevia,Creative Commons Attribution-NonCommercial-ShareAlike 4.0,5.0,23:30,https://www.xeno-canto.org/644655,comsan/XC644655.ogg
comsan,[],"['flight call', 'nocturnal flight call']",50.1191,18.9721,Actitis hypoleucos,Common Sandpiper,Ireneusz Oleksik,Creative Commons Attribution-NonCommercial-ShareAlike 4.0,2.0,02:24,https://www.xeno-canto.org/645352,comsan/XC645352.ogg
comsan,[],"['call', 'nocturnal flight call']",58.6397,16.7958,Actitis hypoleucos,Common Sandpiper,Hans Norelius,Creative Commons Attribution-NonCommercial-ShareAlike 4.0,2.0,22:14,https://www.xeno-canto.org/645595,comsan/XC645595.ogg
comsan,[],"['life stage uncertain', 'sex uncertain']",51.225,-2.978,Actitis hypoleucos,Common Sandpiper,Paul Bate,Creative Commons Attribution-NonCommercial-ShareAlike 4.0,3.0,00:30,https://www.xeno-canto.org/645610,comsan/XC645610.ogg
comsan,[],"['adult', 'call', 'song']",60.313,5.4033,Actitis hypoleucos,Common Sandpiper,Frode Falkenberg,Creative Commons Attribution-NonCommercial-ShareAlike 4.0,3.5,07:00,https://www.xeno-canto.org/645957,comsan/XC645957.ogg
comsan,[],"['adult', 'nocturnal flight call']",53.4902,-2.6299,Actitis hypoleucos,Common Sandpiper,Robert Thorpe,Creative Commons Attribution-NonCommercial-ShareAlike 4.0,5.0,02:43,https://www.xeno-canto.org/646093,comsan/XC646093.ogg
comsan,[],['nocturnal flight call'],60.2357,25.0058,Actitis hypoleucos,Common Sandpiper,Juha Saari,Creative Commons Attribution-NonCommercial-ShareAlike 4.0,5.0,00:02,https://www.xeno-canto.org/646183,comsan/XC646183.ogg
comsan,[],['nocturnal flight call'],60.134,25.0301,Actitis hypoleucos,Common Sandpiper,Juha Saari,Creative Commons Attribution-NonCommercial-ShareAlike 4.0,5.0,01:16,https://www.xeno-canto.org/646223,comsan/XC646223.ogg
comsan,[],"['flight call', 'nocturnal flight call']",50.1191,18.9721,Actitis hypoleucos,Common Sandpiper,Ireneusz Oleksik,Creative Commons Attribution-NonCommercial-ShareAlike 4.0,5.0,02:30,https://www.xeno-canto.org/646310,comsan/XC646310.ogg
comsan,[],['nocturnal flight call'],60.2357,25.0058,Actitis hypoleucos,Common Sandpiper,Juha Saari,Creative Commons Attribution-NonCommercial-ShareAlike 4.0,5.0,02:04,https://www.xeno-canto.org/646457,comsan/XC646457.ogg
comsan,[],"['call', 'flight call', 'life stage uncertain', 'nocturnal flight call', 'sex uncertain']",51.9839,5.3368,Actitis hypoleucos,Common Sandpiper,Peter van Vlaardingen,Creative Commons Attribution-NonCommercial-ShareAlike 4.0,5.0,02:12,https://www.xeno-canto.org/646465,comsan/XC646465.ogg
comsan,[],"['life stage uncertain', 'nocturnal flight call', 'sex uncertain']",41.2243,1.7254,Actitis hypoleucos,Common Sandpiper,Sergi,Creative Commons Attribution-NonCommercial-ShareAlike 4.0,4.0,21:35,https://www.xeno-canto.org/646786,comsan/XC646786.ogg
comsan,[],['nocturnal flight call'],59.2826,18.0106,Actitis hypoleucos,Common Sandpiper,Teet Sirotkin,Creative Commons Attribution-NonCommercial-ShareAlike 4.0,4.0,00:33,https://www.xeno-canto.org/647542,comsan/XC647542.ogg
comsan,[],['nocturnal flight call'],55.5566,8.0872,Actitis hypoleucos,Common Sandpiper,Blåvand Fuglestation,Creative Commons Attribution-NonCommercial-ShareAlike 4.0,4.0,01:38,https://www.xeno-canto.org/647793,comsan/XC647793.ogg
comsan,[],['nocturnal flight call'],51.4522,-9.8189,Actitis hypoleucos,Common Sandpiper,Irish Wildlife Sounds,Creative Commons Attribution-NonCommercial-ShareAlike 4.0,5.0,03:00,https://www.xeno-canto.org/648403,comsan/XC648403.ogg
comsan,[],"['life stage uncertain', 'nocturnal flight call', 'sex uncertain']",41.2243,1.7254,Actitis hypoleucos,Common Sandpiper,Sergi,Creative Commons Attribution-NonCommercial-ShareAlike 4.0,5.0,04:30,https://www.xeno-canto.org/648450,comsan/XC648450.ogg
comsan,[],['nocturnal flight call'],51.0445,2.3912,Actitis hypoleucos,Common Sandpiper,Julien Piette,Creative Commons Attribution-NonCommercial-ShareAlike 4.0,5.0,03:27,https://www.xeno-canto.org/648672,comsan/XC648672.ogg
comsan,[],"['adult', 'nocturnal flight call']",53.4902,-2.6299,Actitis hypoleucos,Common Sandpiper,Robert Thorpe,Creative Commons Attribution-NonCommercial-ShareAlike 4.0,3.0,03:13,https://www.xeno-canto.org/649282,comsan/XC649282.ogg
comsan,[],['nocturnal flight call'],53.5342,8.6032,Actitis hypoleucos,Common Sandpiper,Franck Hollander,Creative Commons Attribution-NonCommercial-ShareAlike 4.0,2.0,02:30,https://www.xeno-canto.org/650235,comsan/XC650235.ogg
comsan,[],"['life stage uncertain', 'nocturnal flight call', 'sex uncertain']",58.7396,17.8657,Actitis hypoleucos,Common Sandpiper,Alan Dalton,Creative Commons Attribution-NonCommercial-ShareAlike 4.0,5.0,00:00,https://www.xeno-canto.org/650270,comsan/XC650270.ogg
comsan,[],"['life stage uncertain', 'nocturnal flight call', 'sex uncertain']",58.7396,17.8657,Actitis hypoleucos,Common Sandpiper,Alan Dalton,Creative Commons Attribution-NonCommercial-ShareAlike 4.0,5.0,22:30,https://www.xeno-canto.org/650276,comsan/XC650276.ogg
comsan,[],['nocturnal flight call'],43.7412,-7.867,Actitis hypoleucos,Common Sandpiper,Ricardo Hevia,Creative Commons Attribution-NonCommercial-ShareAlike 4.0,5.0,04:00,https://www.xeno-canto.org/651714,comsan/XC651714.ogg
comsan,[],['flight call'],60.2601,-1.2881,Actitis hypoleucos,Common Sandpiper,Andrew Harrop,Creative Commons Attribution-NonCommercial-ShareAlike 4.0,4.0,07:00,https://www.xeno-canto.org/652588,comsan/XC652588.ogg
comsan,[],"['life stage uncertain', 'nocturnal flight call', 'sex uncertain']",58.7396,17.8657,Actitis hypoleucos,Common Sandpiper,Alan Dalton,Creative Commons Attribution-NonCommercial-ShareAlike 4.0,5.0,23:30,https://www.xeno-canto.org/653699,comsan/XC653699.ogg
comsan,[],"['life stage uncertain', 'nocturnal flight call', 'sex uncertain']",58.7396,17.8657,Actitis hypoleucos,Common Sandpiper,Alan Dalton,Creative Commons Attribution-NonCommercial-ShareAlike 4.0,5.0,22:30,https://www.xeno-canto.org/653714,comsan/XC653714.ogg
comsan,[],['uncertain'],46.2147,9.4401,Actitis hypoleucos,Common Sandpiper,Daniel Perolini,Creative Commons Attribution-NonCommercial-ShareAlike 4.0,1.0,13:30,https://www.xeno-canto.org/655100,comsan/XC655100.ogg
comsan,[],"['life stage uncertain', 'nocturnal flight call', 'sex uncertain']",58.7396,17.8657,Actitis hypoleucos,Common Sandpiper,Alan Dalton,Creative Commons Attribution-NonCommercial-ShareAlike 4.0,5.0,23:30,https://www.xeno-canto.org/658194,comsan/XC658194.ogg
comsan,[],"['life stage uncertain', 'nocturnal flight call', 'sex uncertain']",58.7396,17.8657,Actitis hypoleucos,Common Sandpiper,Alan Dalton,Creative Commons Attribution-NonCommercial-ShareAlike 4.0,4.5,23:00,https://www.xeno-canto.org/658626,comsan/XC658626.ogg
comsan,[],"['nocturnal flight call', 'sex uncertain']",58.7396,17.8657,Actitis hypoleucos,Common Sandpiper,Alan Dalton,Creative Commons Attribution-NonCommercial-ShareAlike 4.0,5.0,01:30,https://www.xeno-canto.org/658631,comsan/XC658631.ogg
comsan,[],"['adult', 'alarm call', 'sex uncertain']",57.056,-6.3425,Actitis hypoleucos,Common Sandpiper,Sean Morris,Creative Commons Attribution-NonCommercial-ShareAlike 4.0,5.0,11:40,https://www.xeno-canto.org/658688,comsan/XC658688.ogg
comsan,[],"['alarm call', 'call']",59.3796,25.8016,Actitis hypoleucos,Common Sandpiper,Uku Paal,Creative Commons Attribution-NonCommercial-ShareAlike 4.0,4.5,19:30,https://www.xeno-canto.org/659279,comsan/XC659279.ogg
comsan,[],"['life stage uncertain', 'nocturnal flight call', 'sex uncertain']",58.7396,17.8657,Actitis hypoleucos,Common Sandpiper,Alan Dalton,Creative Commons Attribution-NonCommercial-ShareAlike 4.0,5.0,01:00,https://www.xeno-canto.org/660045,comsan/XC660045.ogg
comsan,[],['nocturnal flight call'],43.7412,-7.867,Actitis hypoleucos,Common Sandpiper,Ricardo Hevia,Creative Commons Attribution-NonCommercial-ShareAlike 4.0,5.0,00:30,https://www.xeno-canto.org/660177,comsan/XC660177.ogg
comsan,[],['nocturnal flight call'],41.4875,2.3653,Actitis hypoleucos,Common Sandpiper,Feliu López i Gelats,Creative Commons Attribution-NonCommercial-ShareAlike 4.0,5.0,00:30,https://www.xeno-canto.org/660610,comsan/XC660610.ogg
comsan,[],"['adult', 'call', 'duet', 'female', 'male', 'song']",64.191,21.113,Actitis hypoleucos,Common Sandpiper,Alan Dalton,Creative Commons Attribution-NonCommercial-ShareAlike 4.0,4.5,03:30,https://www.xeno-canto.org/661968,comsan/XC661968.ogg
comsan,[],"['life stage uncertain', 'nocturnal flight call', 'sex uncertain']",41.2243,1.7254,Actitis hypoleucos,Common Sandpiper,Sergi,Creative Commons Attribution-NonCommercial-ShareAlike 4.0,5.0,05:14,https://www.xeno-canto.org/662167,comsan/XC662167.ogg
comsan,[],['nocturnal flight call'],43.7412,-7.867,Actitis hypoleucos,Common Sandpiper,Ricardo Hevia,Creative Commons Attribution-NonCommercial-ShareAlike 4.0,4.0,02:30,https://www.xeno-canto.org/662277,comsan/XC662277.ogg
comsan,[],"['dawn song', 'life stage uncertain', 'male', 'song']",64.191,21.113,Actitis hypoleucos,Common Sandpiper,Alan Dalton,Creative Commons Attribution-NonCommercial-ShareAlike 4.0,4.5,03:30,https://www.xeno-canto.org/662508,comsan/XC662508.ogg
comsan,[],"['life stage uncertain', 'nocturnal flight call', 'sex uncertain']",53.4697,9.7893,Actitis hypoleucos,Common Sandpiper,Lars Burnus,Creative Commons Attribution-NonCommercial-ShareAlike 4.0,5.0,23:04,https://www.xeno-canto.org/663388,comsan/XC663388.ogg
comsan,[],"['life stage uncertain', 'nocturnal flight call', 'sex uncertain']",41.2243,1.7254,Actitis hypoleucos,Common Sandpiper,Sergi,Creative Commons Attribution-NonCommercial-ShareAlike 4.0,5.0,03:20,https://www.xeno-canto.org/663488,comsan/XC663488.ogg
comsan,[],"['adult', 'call', 'sex uncertain']",57.0161,-6.2787,Actitis hypoleucos,Common Sandpiper,Sean Morris,Creative Commons Attribution-NonCommercial-ShareAlike 4.0,4.0,02:05,https://www.xeno-canto.org/663708,comsan/XC663708.ogg
comsan,[],"['adult', 'call', 'nocturnal flight call', 'sex uncertain']",57.0161,-6.2787,Actitis hypoleucos,Common Sandpiper,Sean Morris,Creative Commons Attribution-NonCommercial-ShareAlike 4.0,4.0,02:20,https://www.xeno-canto.org/663717,comsan/XC663717.ogg
comsan,[],"['adult', 'call', 'sex uncertain']",64.191,21.113,Actitis hypoleucos,Common Sandpiper,Alan Dalton,Creative Commons Attribution-NonCommercial-ShareAlike 4.0,4.5,23:30,https://www.xeno-canto.org/663898,comsan/XC663898.ogg
comsan,['arcter'],"['adult', 'duet', 'song']",64.191,21.113,Actitis hypoleucos,Common Sandpiper,Alan Dalton,Creative Commons Attribution-NonCommercial-ShareAlike 4.0,4.5,00:00,https://www.xeno-canto.org/663899,comsan/XC663899.ogg
comsan,[],['nocturnal flight call'],44.0635,1.9515,Actitis hypoleucos,Common Sandpiper,Cedric Mroczko,Creative Commons Attribution-NonCommercial-ShareAlike 4.0,1.0,22:45,https://www.xeno-canto.org/663967,comsan/XC663967.ogg
comsan,[],"['call', 'flight call', 'sex uncertain']",51.8852,-10.3605,Actitis hypoleucos,Common Sandpiper,Michael John O Mahony,Creative Commons Attribution-NonCommercial-ShareAlike 4.0,5.0,23:00,https://www.xeno-canto.org/663987,comsan/XC663987.ogg
comsan,[],"['life stage uncertain', 'nocturnal flight call', 'sex uncertain']",41.1698,0.9761,Actitis hypoleucos,Common Sandpiper,Xavier Riera,Creative Commons Attribution-NonCommercial-ShareAlike 4.0,5.0,01:00,https://www.xeno-canto.org/664012,comsan/XC664012.ogg
comsan,[],['nocturnal flight call'],53.5342,8.6032,Actitis hypoleucos,Common Sandpiper,Franck Hollander,Creative Commons Attribution-NonCommercial-ShareAlike 4.0,3.0,03:30,https://www.xeno-canto.org/664399,comsan/XC664399.ogg
comsan,['mallar3'],"['call', 'flight call', 'nocturnal flight call']",51.9839,5.3368,Actitis hypoleucos,Common Sandpiper,Peter van Vlaardingen,Creative Commons Attribution-NonCommercial-ShareAlike 4.0,3.5,04:15,https://www.xeno-canto.org/664793,comsan/XC664793.ogg
comsan,[],"['call', 'flight call', 'life stage uncertain', 'nocturnal flight call', 'sex uncertain']",53.2671,5.7642,Actitis hypoleucos,Common Sandpiper,Lisette,Creative Commons Attribution-NonCommercial-ShareAlike 4.0,5.0,04:18,https://www.xeno-canto.org/665016,comsan/XC665016.ogg
comsan,[],['nocturnal flight call'],43.7412,-7.867,Actitis hypoleucos,Common Sandpiper,Ricardo Hevia,Creative Commons Attribution-NonCommercial-ShareAlike 4.0,5.0,02:30,https://www.xeno-canto.org/665205,comsan/XC665205.ogg
comsan,[],"['nocturnal flight call', 'sex uncertain']",46.5376,-1.2117,Actitis hypoleucos,Common Sandpiper,LE ROY Renaud,Creative Commons Attribution-NonCommercial-ShareAlike 4.0,3.0,03:00,https://www.xeno-canto.org/665392,comsan/XC665392.ogg
comsan,[],['nocturnal flight call'],43.7412,-7.867,Actitis hypoleucos,Common Sandpiper,Ricardo Hevia,Creative Commons Attribution-NonCommercial-ShareAlike 4.0,5.0,01:00,https://www.xeno-canto.org/665465,comsan/XC665465.ogg
comsan,[],['nocturnal flight call'],43.1896,-0.4409,Actitis hypoleucos,Common Sandpiper,Sébastien Arriubergé,Creative Commons Attribution-NonCommercial-ShareAlike 4.0,5.0,04:59,https://www.xeno-canto.org/665469,comsan/XC665469.ogg
comsan,[],['nocturnal flight call'],43.1896,-0.4409,Actitis hypoleucos,Common Sandpiper,Sébastien Arriubergé,Creative Commons Attribution-NonCommercial-ShareAlike 4.0,4.0,5:21,https://www.xeno-canto.org/665470,comsan/XC665470.ogg
comsan,[],"['adult', 'nocturnal flight call', 'sex uncertain']",57.0161,-6.2787,Actitis hypoleucos,Common Sandpiper,Sean Morris,Creative Commons Attribution-NonCommercial-ShareAlike 4.0,3.5,02:16,https://www.xeno-canto.org/665492,comsan/XC665492.ogg
comsan,[],"['adult', 'nocturnal flight call', 'sex uncertain']",57.0161,-6.2787,Actitis hypoleucos,Common Sandpiper,Sean Morris,Creative Commons Attribution-NonCommercial-ShareAlike 4.0,4.5,01:49,https://www.xeno-canto.org/665513,comsan/XC665513.ogg
comsan,[],"['adult', 'nocturnal flight call', 'sex uncertain']",57.0161,-6.2787,Actitis hypoleucos,Common Sandpiper,Sean Morris,Creative Commons Attribution-NonCommercial-ShareAlike 4.0,4.5,01:48,https://www.xeno-canto.org/665628,comsan/XC665628.ogg
comsan,[],"['adult', 'nocturnal flight call', 'sex uncertain']",57.0161,-6.2787,Actitis hypoleucos,Common Sandpiper,Sean Morris,Creative Commons Attribution-NonCommercial-ShareAlike 4.0,4.0,01:57,https://www.xeno-canto.org/665630,comsan/XC665630.ogg
comsan,[],"['adult', 'nocturnal flight call', 'sex uncertain']",57.0161,-6.2787,Actitis hypoleucos,Common Sandpiper,Sean Morris,Creative Commons Attribution-NonCommercial-ShareAlike 4.0,4.0,04:24,https://www.xeno-canto.org/665633,comsan/XC665633.ogg
comsan,[],"['life stage uncertain', 'nocturnal flight call', 'sex uncertain']",41.2243,1.7254,Actitis hypoleucos,Common Sandpiper,Sergi,Creative Commons Attribution-NonCommercial-ShareAlike 4.0,5.0,23:08,https://www.xeno-canto.org/666071,comsan/XC666071.ogg
comsan,[],"['adult', 'nocturnal flight call', 'sex uncertain']",57.0161,-6.2787,Actitis hypoleucos,Common Sandpiper,Sean Morris,Creative Commons Attribution-NonCommercial-ShareAlike 4.0,4.0,02:52,https://www.xeno-canto.org/666163,comsan/XC666163.ogg
comsan,[],"['life stage uncertain', 'nocturnal flight call', 'sex uncertain']",50.6041,5.6641,Actitis hypoleucos,Common Sandpiper,Chèvremont Fabian,Creative Commons Attribution-NonCommercial-ShareAlike 4.0,3.0,02:30,https://www.xeno-canto.org/666524,comsan/XC666524.ogg
comsan,[],['nocturnal flight call'],43.4917,-8.2014,Actitis hypoleucos,Common Sandpiper,Juan Pita-Romero Caamaño,Creative Commons Attribution-NonCommercial-ShareAlike 4.0,5.0,23:00,https://www.xeno-canto.org/666712,comsan/XC666712.ogg
comwax,[],['song'],-20.79,-42.8882,Estrilda astrild,Common Waxbill,Noé Eiterer,Creative Commons Attribution-NonCommercial-ShareAlike 3.0,4.0,10:30,https://www.xeno-canto.org/113946,comwax/XC113946.ogg
comwax,[],"['call', 'song']",-23.1568,-45.8696,Estrilda astrild,Common Waxbill,GABRIEL LEITE,Creative Commons Attribution-NonCommercial-ShareAlike 3.0,2.5,09:00,https://www.xeno-canto.org/119334,comwax/XC119334.ogg
comwax,[],['call'],6.188,10.4821,Estrilda astrild,Common Waxbill,Michał Budka,Creative Commons Attribution-NonCommercial-ShareAlike 3.0,4.0,07:30,https://www.xeno-canto.org/121196,comwax/XC121196.ogg
comwax,[],['call'],-28.8865,24.8353,Estrilda astrild,Common Waxbill,Sander Bot,Creative Commons Attribution-NonCommercial-ShareAlike 3.0,4.0,?,https://www.xeno-canto.org/126170,comwax/XC126170.ogg
comwax,[],['call'],0.1203,6.633,Estrilda astrild,Common Waxbill,Todd Mark,Creative Commons Attribution-NonCommercial-ShareAlike 3.0,4.0,13:00,https://www.xeno-canto.org/142253,comwax/XC142253.ogg
comwax,[],['song'],39.8483,-5.6788,Estrilda astrild,Common Waxbill,Patrik Åberg,Creative Commons Attribution-NonCommercial-ShareAlike 3.0,3.5,11:33,https://www.xeno-canto.org/148899,comwax/XC148899.ogg
comwax,[],['song'],-27.2069,-49.6446,Estrilda astrild,Common Waxbill,Douglas Meyer,Creative Commons Attribution-NonCommercial-ShareAlike 4.0,4.0,09:19,https://www.xeno-canto.org/174276,comwax/XC174276.ogg
comwax,"['commyn', 'spodov', 'zebdov']",['call'],21.2637,-157.8194,Estrilda astrild,Common Waxbill,Dan Lane,Creative Commons Attribution-NonCommercial-ShareAlike 4.0,2.5,09:00,https://www.xeno-canto.org/174815,comwax/XC174815.ogg
comwax,"['houspa', 'zebdov']",['call'],21.2637,-157.8194,Estrilda astrild,Common Waxbill,Dan Lane,Creative Commons Attribution-NonCommercial-ShareAlike 4.0,2.5,09:00,https://www.xeno-canto.org/174822,comwax/XC174822.ogg
comwax,[],['song'],-28.634,-49.5021,Estrilda astrild,Common Waxbill,João Gava,Creative Commons Attribution-NonCommercial-ShareAlike 4.0,4.0,17:00,https://www.xeno-canto.org/186432,comwax/XC186432.ogg
comwax,[],['song'],32.679,-17.089,Estrilda astrild,Common Waxbill,Lars Lachmann,Creative Commons Attribution-NonCommercial-ShareAlike 4.0,3.5,14:31,https://www.xeno-canto.org/190167,comwax/XC190167.ogg
comwax,[],['call'],32.679,-17.089,Estrilda astrild,Common Waxbill,Lars Lachmann,Creative Commons Attribution-NonCommercial-ShareAlike 4.0,3.5,14:20,https://www.xeno-canto.org/190168,comwax/XC190168.ogg
comwax,[],['flight call'],32.679,-17.089,Estrilda astrild,Common Waxbill,Lars Lachmann,Creative Commons Attribution-NonCommercial-ShareAlike 4.0,3.5,14:38,https://www.xeno-canto.org/190169,comwax/XC190169.ogg
comwax,[],['call'],-27.0982,-48.9111,Estrilda astrild,Common Waxbill,Sandro Salomon,Creative Commons Attribution-NonCommercial-ShareAlike 4.0,5.0,07:00,https://www.xeno-canto.org/192539,comwax/XC192539.ogg
comwax,[],['song'],-3.8531,-40.9271,Estrilda astrild,Common Waxbill,Caio Brito,Creative Commons Attribution-NonCommercial-ShareAlike 4.0,3.0,16:30,https://www.xeno-canto.org/197208,comwax/XC197208.ogg
comwax,[],"['song', 'song in flight']",38.7271,-8.902,Estrilda astrild,Common Waxbill,Marcin Sołowiej,Creative Commons Attribution-NonCommercial-ShareAlike 4.0,3.0,11:00,https://www.xeno-canto.org/198778,comwax/XC198778.ogg
comwax,[],"['call', 'flight call']",37.4176,-5.9972,Estrilda astrild,Common Waxbill,José Carlos Sires,Creative Commons Attribution-NonCommercial-ShareAlike 4.0,2.0,?,https://www.xeno-canto.org/202499,comwax/XC202499.ogg
comwax,[],"['call', 'flight call']",37.4176,-5.9972,Estrilda astrild,Common Waxbill,José Carlos Sires,Creative Commons Attribution-NonCommercial-ShareAlike 4.0,2.0,?,https://www.xeno-canto.org/202500,comwax/XC202500.ogg
comwax,[],['call'],37.8459,-6.046,Estrilda astrild,Common Waxbill,José Carlos Sires,Creative Commons Attribution-NonCommercial-ShareAlike 4.0,3.0,?,https://www.xeno-canto.org/202579,comwax/XC202579.ogg
comwax,[],['call'],39.6395,-8.6158,Estrilda astrild,Common Waxbill,Meijer,Creative Commons Attribution-NonCommercial-ShareAlike 4.0,4.0,17:12,https://www.xeno-canto.org/202753,comwax/XC202753.ogg
comwax,['zebdov'],['flight call'],-20.3179,57.5132,Estrilda astrild,Common Waxbill,Albert Lastukhin & Alexandr Shirjaev,Creative Commons Attribution-NonCommercial-ShareAlike 4.0,2.5,09:00,https://www.xeno-canto.org/203347,comwax/XC203347.ogg
comwax,[],"['call', 'flight call']",21.4347,-157.757,Estrilda astrild,Common Waxbill,Ross Gallardy,Creative Commons Attribution-NonCommercial-ShareAlike 4.0,5.0,08:30,https://www.xeno-canto.org/203482,comwax/XC203482.ogg
comwax,[],['call'],21.4347,-157.757,Estrilda astrild,Common Waxbill,Ross Gallardy,Creative Commons Attribution-NonCommercial-ShareAlike 4.0,5.0,08:30,https://www.xeno-canto.org/203483,comwax/XC203483.ogg
comwax,[],['call'],21.4347,-157.757,Estrilda astrild,Common Waxbill,Ross Gallardy,Creative Commons Attribution-NonCommercial-ShareAlike 4.0,4.0,08:30,https://www.xeno-canto.org/203484,comwax/XC203484.ogg
comwax,['zebdov'],['call'],21.3128,-157.7253,Estrilda astrild,Common Waxbill,Ross Gallardy,Creative Commons Attribution-NonCommercial-ShareAlike 4.0,4.5,08:00,https://www.xeno-canto.org/205817,comwax/XC205817.ogg
comwax,[],"['call', 'juvenile']",21.4103,-157.7888,Estrilda astrild,Common Waxbill,Ross Gallardy,Creative Commons Attribution-NonCommercial-ShareAlike 4.0,3.0,14:30,https://www.xeno-canto.org/207446,comwax/XC207446.ogg
comwax,[],['song'],-15.4541,28.4212,Estrilda astrild,Common Waxbill,Rory Nefdt,Creative Commons Attribution-NonCommercial-ShareAlike 4.0,3.5,08:30,https://www.xeno-canto.org/208053,comwax/XC208053.ogg
comwax,[],['call'],37.1852,-5.921,Estrilda astrild,Common Waxbill,José Carlos Sires,Creative Commons Attribution-NonCommercial-ShareAlike 4.0,2.0,?,https://www.xeno-canto.org/208067,comwax/XC208067.ogg
comwax,[],['call'],37.1852,-5.921,Estrilda astrild,Common Waxbill,José Carlos Sires,Creative Commons Attribution-NonCommercial-ShareAlike 4.0,2.0,?,https://www.xeno-canto.org/208068,comwax/XC208068.ogg
comwax,[],['flight call'],37.1852,-5.921,Estrilda astrild,Common Waxbill,José Carlos Sires,Creative Commons Attribution-NonCommercial-ShareAlike 4.0,2.0,?,https://www.xeno-canto.org/208069,comwax/XC208069.ogg
comwax,[],['flight call'],37.1852,-5.921,Estrilda astrild,Common Waxbill,José Carlos Sires,Creative Commons Attribution-NonCommercial-ShareAlike 4.0,2.0,?,https://www.xeno-canto.org/208070,comwax/XC208070.ogg
comwax,[],['call'],3.3456,8.646,Estrilda astrild,Common Waxbill,Jacob C. Cooper,Creative Commons Attribution-NonCommercial-ShareAlike 4.0,3.5,08:30,https://www.xeno-canto.org/209725,comwax/XC209725.ogg
comwax,[],['call'],-23.5667,-46.6501,Estrilda astrild,Common Waxbill,Jeremy Minns,Creative Commons Attribution-NonCommercial-ShareAlike 4.0,3.5,07:08,https://www.xeno-canto.org/217542,comwax/XC217542.ogg
comwax,[],['song'],0.0033,36.9454,Estrilda astrild,Common Waxbill,Rory Nefdt,Creative Commons Attribution-NonCommercial-ShareAlike 4.0,3.5,09:00,https://www.xeno-canto.org/240890,comwax/XC240890.ogg
comwax,[],['flight call'],37.7713,-25.3279,Estrilda astrild,Common Waxbill,Cedric Mroczko,Creative Commons Attribution-NonCommercial-ShareAlike 4.0,3.0,15:30,https://www.xeno-canto.org/256805,comwax/XC256805.ogg
comwax,[],['flight call'],37.774,-25.211,Estrilda astrild,Common Waxbill,Cedric Mroczko,Creative Commons Attribution-NonCommercial-ShareAlike 4.0,3.0,12:00,https://www.xeno-canto.org/256923,comwax/XC256923.ogg
comwax,[],['call'],37.774,-25.211,Estrilda astrild,Common Waxbill,Cedric Mroczko,Creative Commons Attribution-NonCommercial-ShareAlike 4.0,2.5,12:30,https://www.xeno-canto.org/256924,comwax/XC256924.ogg
comwax,[],['call'],37.7667,-25.2027,Estrilda astrild,Common Waxbill,Cedric Mroczko,Creative Commons Attribution-NonCommercial-ShareAlike 4.0,4.0,09:30,https://www.xeno-canto.org/262758,comwax/XC262758.ogg
comwax,[],['flight call'],37.3053,-6.2575,Estrilda astrild,Common Waxbill,José Carlos Sires,Creative Commons Attribution-NonCommercial-ShareAlike 4.0,3.0,?,https://www.xeno-canto.org/284807,comwax/XC284807.ogg
comwax,[],['call'],37.3053,-6.2575,Estrilda astrild,Common Waxbill,José Carlos Sires,Creative Commons Attribution-NonCommercial-ShareAlike 4.0,3.0,?,https://www.xeno-canto.org/284808,comwax/XC284808.ogg
comwax,[],['call'],37.1425,-6.5452,Estrilda astrild,Common Waxbill,José Carlos Sires,Creative Commons Attribution-NonCommercial-ShareAlike 4.0,3.0,?,https://www.xeno-canto.org/286898,comwax/XC286898.ogg
comwax,[],['call'],37.1242,-6.4966,Estrilda astrild,Common Waxbill,José Carlos Sires,Creative Commons Attribution-NonCommercial-ShareAlike 4.0,3.0,?,https://www.xeno-canto.org/286899,comwax/XC286899.ogg
comwax,[],['song'],-22.4508,-42.7735,Estrilda astrild,Common Waxbill,Jerome Fischer,Creative Commons Attribution-NonCommercial-ShareAlike 4.0,4.0,09:00,https://www.xeno-canto.org/287879,comwax/XC287879.ogg
comwax,[],['call'],38.0868,-8.7867,Estrilda astrild,Common Waxbill,Antonio Xeira,Creative Commons Attribution-NonCommercial-ShareAlike 4.0,5.0,17:00,https://www.xeno-canto.org/288136,comwax/XC288136.ogg
comwax,[],['call'],38.0868,-8.7867,Estrilda astrild,Common Waxbill,Antonio Xeira,Creative Commons Attribution-NonCommercial-ShareAlike 4.0,5.0,17:00,https://www.xeno-canto.org/288137,comwax/XC288137.ogg
comwax,[],['call'],-1.2441,36.7357,Estrilda astrild,Common Waxbill,James Bradley,Creative Commons Attribution-NonCommercial-ShareAlike 4.0,3.0,18:00,https://www.xeno-canto.org/291333,comwax/XC291333.ogg
comwax,[],['call'],37.4176,-5.9972,Estrilda astrild,Common Waxbill,José Carlos Sires,Creative Commons Attribution-NonCommercial-ShareAlike 4.0,3.0,?,https://www.xeno-canto.org/291488,comwax/XC291488.ogg
comwax,[],"['call', 'flight call']",37.3576,-5.9336,Estrilda astrild,Common Waxbill,José Carlos Sires,Creative Commons Attribution-NonCommercial-ShareAlike 4.0,3.0,?,https://www.xeno-canto.org/293403,comwax/XC293403.ogg
comwax,[],"['call', 'flight call']",37.3576,-5.9336,Estrilda astrild,Common Waxbill,José Carlos Sires,Creative Commons Attribution-NonCommercial-ShareAlike 4.0,3.0,?,https://www.xeno-canto.org/293404,comwax/XC293404.ogg
comwax,[],"['call', 'flight call']",37.3576,-5.9336,Estrilda astrild,Common Waxbill,José Carlos Sires,Creative Commons Attribution-NonCommercial-ShareAlike 4.0,3.0,?,https://www.xeno-canto.org/293405,comwax/XC293405.ogg
comwax,[],"['call', 'flight call']",37.3576,-5.9336,Estrilda astrild,Common Waxbill,José Carlos Sires,Creative Commons Attribution-NonCommercial-ShareAlike 4.0,3.0,?,https://www.xeno-canto.org/293406,comwax/XC293406.ogg
comwax,[],"['call', 'flight call']",37.3576,-5.9336,Estrilda astrild,Common Waxbill,José Carlos Sires,Creative Commons Attribution-NonCommercial-ShareAlike 4.0,3.0,?,https://www.xeno-canto.org/293407,comwax/XC293407.ogg
comwax,[],"['call', 'flight call']",37.3576,-5.9336,Estrilda astrild,Common Waxbill,José Carlos Sires,Creative Commons Attribution-NonCommercial-ShareAlike 4.0,3.0,?,https://www.xeno-canto.org/293408,comwax/XC293408.ogg
comwax,[],['call'],37.4176,-5.9972,Estrilda astrild,Common Waxbill,José Carlos Sires,Creative Commons Attribution-NonCommercial-ShareAlike 4.0,3.0,?,https://www.xeno-canto.org/294229,comwax/XC294229.ogg
comwax,[],"['call', 'female', 'male', 'song']",37.3576,-5.9336,Estrilda astrild,Common Waxbill,José Carlos Sires,Creative Commons Attribution-NonCommercial-ShareAlike 4.0,3.0,?,https://www.xeno-canto.org/294452,comwax/XC294452.ogg
comwax,[],['call'],-25.3071,27.449,Estrilda astrild,Common Waxbill,Faansie Peacock,Creative Commons Attribution-NonCommercial-ShareAlike 4.0,5.0,07:30,https://www.xeno-canto.org/307316,comwax/XC307316.ogg
comwax,[],['call'],-33.3273,26.5363,Estrilda astrild,Common Waxbill,Lynette Rudman,Creative Commons Attribution-NonCommercial-ShareAlike 4.0,4.0,16:30,https://www.xeno-canto.org/313227,comwax/XC313227.ogg
comwax,[],['call'],-7.9812,-14.3971,Estrilda astrild,Common Waxbill,Jim Holmes,Creative Commons Attribution-NonCommercial-ShareAlike 4.0,3.0,10:00,https://www.xeno-canto.org/314684,comwax/XC314684.ogg
comwax,[],"['call', 'flight call', 'flock']",-31.5829,-52.2412,Estrilda astrild,Common Waxbill,Fernando Jacobs,Creative Commons Attribution-NonCommercial-ShareAlike 4.0,5.0,16:28,https://www.xeno-canto.org/318794,comwax/XC318794.ogg
comwax,[],['song'],41.5456,1.8732,Estrilda astrild,Common Waxbill,Jordi Calvet,Creative Commons Attribution-NonCommercial-ShareAlike 4.0,4.0,09:22,https://www.xeno-canto.org/329471,comwax/XC329471.ogg
comwax,[],"['call', 'flight call']",41.5455,1.8729,Estrilda astrild,Common Waxbill,Jordi Calvet,Creative Commons Attribution-NonCommercial-ShareAlike 4.0,4.0,09:19,https://www.xeno-canto.org/329474,comwax/XC329474.ogg
comwax,[],"['call', 'song']",41.7671,-7.4355,Estrilda astrild,Common Waxbill,Paulo Belo,Creative Commons Attribution-NonCommercial-ShareAlike 4.0,3.0,10:30,https://www.xeno-canto.org/334290,comwax/XC334290.ogg
comwax,[],['flight call'],37.0951,-6.0386,Estrilda astrild,Common Waxbill,José Carlos Sires,Creative Commons Attribution-NonCommercial-ShareAlike 4.0,4.0,?,https://www.xeno-canto.org/337606,comwax/XC337606.ogg
comwax,[],['call'],-33.9888,18.4319,Estrilda astrild,Common Waxbill,Bram Piot,Creative Commons Attribution-NonCommercial-ShareAlike 4.0,3.5,08:00,https://www.xeno-canto.org/342527,comwax/XC342527.ogg
comwax,[],['flight call'],0.2885,6.6045,Estrilda astrild,Common Waxbill,Philippe Verbelen,Creative Commons Attribution-NonCommercial-ShareAlike 4.0,4.0,17:17,https://www.xeno-canto.org/348461,comwax/XC348461.ogg
comwax,[],['flight call'],0.2885,6.6045,Estrilda astrild,Common Waxbill,Philippe Verbelen,Creative Commons Attribution-NonCommercial-ShareAlike 4.0,4.0,17:18,https://www.xeno-canto.org/348462,comwax/XC348462.ogg
comwax,[],['flight call'],0.2885,6.6045,Estrilda astrild,Common Waxbill,Philippe Verbelen,Creative Commons Attribution-NonCommercial-ShareAlike 4.0,4.0,05:54,https://www.xeno-canto.org/348463,comwax/XC348463.ogg
comwax,[],['flight call'],0.2885,6.6045,Estrilda astrild,Common Waxbill,Philippe Verbelen,Creative Commons Attribution-NonCommercial-ShareAlike 4.0,4.0,05:56,https://www.xeno-canto.org/348464,comwax/XC348464.ogg
comwax,[],"['call', 'flight call']",0.2885,6.6045,Estrilda astrild,Common Waxbill,Philippe Verbelen,Creative Commons Attribution-NonCommercial-ShareAlike 4.0,4.0,06:09,https://www.xeno-canto.org/348465,comwax/XC348465.ogg
comwax,[],['call'],37.8611,-25.792,Estrilda astrild,Common Waxbill,Tero Linjama,Creative Commons Attribution-NonCommercial-ShareAlike 4.0,5.0,07:00,https://www.xeno-canto.org/349831,comwax/XC349831.ogg
comwax,[],['song'],37.8611,-25.792,Estrilda astrild,Common Waxbill,Tero Linjama,Creative Commons Attribution-NonCommercial-ShareAlike 4.0,5.0,07:00,https://www.xeno-canto.org/349832,comwax/XC349832.ogg
comwax,[],['song'],1.4234,103.8822,Estrilda astrild,Common Waxbill,Yeo SB,Creative Commons Attribution-NonCommercial-ShareAlike 4.0,4.5,18:00,https://www.xeno-canto.org/361840,comwax/XC361840.ogg
comwax,['oahama'],"['call', 'song']",21.399,-157.898,Estrilda astrild,Common Waxbill,Dan Lane,Creative Commons Attribution-NonCommercial-ShareAlike 4.0,3.5,12:00,https://www.xeno-canto.org/368429,comwax/XC368429.ogg
comwax,[],['call'],41.5343,1.8531,Estrilda astrild,Common Waxbill,Jordi Calvet,Creative Commons Attribution-NonCommercial-ShareAlike 4.0,0.0,13:30,https://www.xeno-canto.org/372997,comwax/XC372997.ogg
comwax,[],['call'],-2.9965,37.6244,Estrilda astrild,Common Waxbill,isaac kilusu,Creative Commons Attribution-NonCommercial-ShareAlike 4.0,0.0,09:29,https://www.xeno-canto.org/375315,comwax/XC375315.ogg
comwax,[],['song'],-33.0953,26.1487,Estrilda astrild,Common Waxbill,Lynette Rudman,Creative Commons Attribution-NonCommercial-ShareAlike 4.0,4.0,13:00,https://www.xeno-canto.org/381064,comwax/XC381064.ogg
comwax,[],['call'],-26.5232,28.159,Estrilda astrild,Common Waxbill,Faansie Peacock,Creative Commons Attribution-NonCommercial-ShareAlike 4.0,4.5,11:30,https://www.xeno-canto.org/388303,comwax/XC388303.ogg
comwax,[],['call'],39.4056,-8.5337,Estrilda astrild,Common Waxbill,Paulo Alves,Creative Commons Attribution-NonCommercial-ShareAlike 4.0,5.0,15:00,https://www.xeno-canto.org/391084,comwax/XC391084.ogg
comwax,[],['call'],41.5107,1.9366,Estrilda astrild,Common Waxbill,Jordi Calvet,Creative Commons Attribution-NonCommercial-ShareAlike 4.0,0.0,09:00,https://www.xeno-canto.org/395256,comwax/XC395256.ogg
comwax,[],"['call', 'flight call']",-21.2854,55.3882,Estrilda astrild,Common Waxbill,Cedric Mroczko,Creative Commons Attribution-NonCommercial-ShareAlike 4.0,3.5,17:55,https://www.xeno-canto.org/400812,comwax/XC400812.ogg
comwax,['zebdov'],['call'],-21.2854,55.3882,Estrilda astrild,Common Waxbill,Cedric Mroczko,Creative Commons Attribution-NonCommercial-ShareAlike 4.0,3.5,10:00,https://www.xeno-canto.org/400870,comwax/XC400870.ogg
comwax,['zebdov'],['call'],-21.2854,55.3882,Estrilda astrild,Common Waxbill,Cedric Mroczko,Creative Commons Attribution-NonCommercial-ShareAlike 4.0,3.5,10:00,https://www.xeno-canto.org/400871,comwax/XC400871.ogg
comwax,[],['call'],15.2655,-23.7561,Estrilda astrild,Common Waxbill,Bram Piot,Creative Commons Attribution-NonCommercial-ShareAlike 4.0,4.0,07:30,https://www.xeno-canto.org/405560,comwax/XC405560.ogg
comwax,[],['flight call'],37.4176,-5.9972,Estrilda astrild,Common Waxbill,Stanislas Wroza,Creative Commons Attribution-NonCommercial-ShareAlike 4.0,3.0,10:00,https://www.xeno-canto.org/414630,comwax/XC414630.ogg
comwax,[],"['call', 'flock calling', 'song']",37.1852,-5.921,Estrilda astrild,Common Waxbill,Stanislas Wroza,Creative Commons Attribution-NonCommercial-ShareAlike 4.0,0.0,21:30,https://www.xeno-canto.org/414646,comwax/XC414646.ogg
comwax,[],"['call', 'flock calling', 'song']",37.1852,-5.921,Estrilda astrild,Common Waxbill,Stanislas Wroza,Creative Commons Attribution-NonCommercial-ShareAlike 4.0,0.0,21:30,https://www.xeno-canto.org/414647,comwax/XC414647.ogg
comwax,[],"['call', 'flock calling', 'song']",37.1852,-5.921,Estrilda astrild,Common Waxbill,Stanislas Wroza,Creative Commons Attribution-NonCommercial-ShareAlike 4.0,5.0,21:30,https://www.xeno-canto.org/414648,comwax/XC414648.ogg
comwax,[],"['call', 'flock calling', 'song']",37.1852,-5.921,Estrilda astrild,Common Waxbill,Stanislas Wroza,Creative Commons Attribution-NonCommercial-ShareAlike 4.0,4.0,21:30,https://www.xeno-canto.org/414649,comwax/XC414649.ogg
comwax,[],['call'],41.957,-8.7464,Estrilda astrild,Common Waxbill,Jorge Leitão,Creative Commons Attribution-NonCommercial-ShareAlike 4.0,0.0,11:23,https://www.xeno-canto.org/422723,comwax/XC422723.ogg
comwax,['mallar3'],['call'],39.8749,-8.8553,Estrilda astrild,Common Waxbill,João Tomás,Creative Commons Attribution-NonCommercial-ShareAlike 4.0,4.5,06:30,https://www.xeno-canto.org/428744,comwax/XC428744.ogg
comwax,[],"['Call in flock of birds', 'call']",41.5118,-8.327,Estrilda astrild,Common Waxbill,Jorge Leitão,Creative Commons Attribution-NonCommercial-ShareAlike 4.0,0.0,11:14,https://www.xeno-canto.org/428936,comwax/XC428936.ogg
comwax,[],['call'],41.7698,-8.8741,Estrilda astrild,Common Waxbill,Jorge Leitão,Creative Commons Attribution-NonCommercial-ShareAlike 4.0,3.5,10:24,https://www.xeno-canto.org/430512,comwax/XC430512.ogg
comwax,[],['song'],37.2863,-6.2589,Estrilda astrild,Common Waxbill,Joost van Bruggen,Creative Commons Attribution-ShareAlike 4.0,4.0,13:23,https://www.xeno-canto.org/431984,comwax/XC431984.ogg
comwax,[],"['call', 'male', 'song']",37.1553,-7.6201,Estrilda astrild,Common Waxbill,Nelson Conceição,Creative Commons Attribution-NonCommercial-ShareAlike 4.0,5.0,20:41,https://www.xeno-canto.org/432168,comwax/XC432168.ogg
comwax,[],['song'],41.303,2.1281,Estrilda astrild,Common Waxbill,nick talbot,Creative Commons Attribution-NonCommercial-ShareAlike 4.0,4.0,11:00,https://www.xeno-canto.org/432871,comwax/XC432871.ogg
comwax,[],"['flight call', 'song']",-16.5728,-49.3122,Estrilda astrild,Common Waxbill,JAYRSON ARAUJO DE OLIVEIRA,Creative Commons Attribution-NonCommercial-ShareAlike 4.0,4.0,8:34,https://www.xeno-canto.org/432990,comwax/XC432990.ogg
comwax,[],['call'],41.303,2.1281,Estrilda astrild,Common Waxbill,nick talbot,Creative Commons Attribution-NonCommercial-ShareAlike 4.0,4.0,09:45,https://www.xeno-canto.org/433415,comwax/XC433415.ogg
comwax,[],"['call', 'song']",37.1538,-7.6735,Estrilda astrild,Common Waxbill,Nelson Conceição,Creative Commons Attribution-NonCommercial-ShareAlike 4.0,4.0,11:58,https://www.xeno-canto.org/434192,comwax/XC434192.ogg
comwax,[],"['call', 'female', 'male', 'song']",37.1538,-7.6735,Estrilda astrild,Common Waxbill,Nelson Conceição,Creative Commons Attribution-NonCommercial-ShareAlike 4.0,4.0,11:59,https://www.xeno-canto.org/434193,comwax/XC434193.ogg
comwax,[],"['call', 'female', 'male', 'song']",37.1538,-7.6735,Estrilda astrild,Common Waxbill,Nelson Conceição,Creative Commons Attribution-NonCommercial-ShareAlike 4.0,4.0,12:13,https://www.xeno-canto.org/434194,comwax/XC434194.ogg
comwax,[],"['call', 'female', 'male', 'song']",37.1538,-7.6735,Estrilda astrild,Common Waxbill,Nelson Conceição,Creative Commons Attribution-NonCommercial-ShareAlike 4.0,3.0,12:17,https://www.xeno-canto.org/434196,comwax/XC434196.ogg
comwax,[],"['call', 'male', 'song']",37.1538,-7.6735,Estrilda astrild,Common Waxbill,Nelson Conceição,Creative Commons Attribution-NonCommercial-ShareAlike 4.0,4.5,12:19,https://www.xeno-canto.org/434211,comwax/XC434211.ogg
comwax,[],"['call', 'female', 'male', 'song']",37.1538,-7.6735,Estrilda astrild,Common Waxbill,Nelson Conceição,Creative Commons Attribution-NonCommercial-ShareAlike 4.0,5.0,10:44,https://www.xeno-canto.org/434834,comwax/XC434834.ogg
comwax,[],"['call', 'female', 'male', 'song']",37.1538,-7.6735,Estrilda astrild,Common Waxbill,Nelson Conceição,Creative Commons Attribution-NonCommercial-ShareAlike 4.0,5.0,11:00,https://www.xeno-canto.org/434843,comwax/XC434843.ogg
comwax,[],"['male', 'song']",37.1538,-7.6735,Estrilda astrild,Common Waxbill,Nelson Conceição,Creative Commons Attribution-NonCommercial-ShareAlike 4.0,5.0,15:32,https://www.xeno-canto.org/438356,comwax/XC438356.ogg
comwax,[],['call'],37.1538,-7.6735,Estrilda astrild,Common Waxbill,Nelson Conceição,Creative Commons Attribution-NonCommercial-ShareAlike 4.0,5.0,16:43,https://www.xeno-canto.org/439232,comwax/XC439232.ogg
comwax,[],['call'],-26.3355,-48.9688,Estrilda astrild,Common Waxbill,Guilherme Willrich,Creative Commons Attribution-NonCommercial-ShareAlike 4.0,0.0,07:58,https://www.xeno-canto.org/440197,comwax/XC440197.ogg
comwax,[],"['call', 'song']",41.3007,2.1202,Estrilda astrild,Common Waxbill,Sean Ronayne,Creative Commons Attribution-NonCommercial-ShareAlike 4.0,0.0,09:30,https://www.xeno-canto.org/440231,comwax/XC440231.ogg
comwax,[],['call'],37.1551,-7.6945,Estrilda astrild,Common Waxbill,Nelson Conceição,Creative Commons Attribution-NonCommercial-ShareAlike 4.0,5.0,11:54,https://www.xeno-canto.org/446928,comwax/XC446928.ogg
comwax,[],['flight call'],37.1538,-7.6735,Estrilda astrild,Common Waxbill,Nelson Conceição,Creative Commons Attribution-NonCommercial-ShareAlike 4.0,5.0,17:49,https://www.xeno-canto.org/454207,comwax/XC454207.ogg
comwax,[],['song'],-16.6003,-49.2802,Estrilda astrild,Common Waxbill,JAYRSON ARAUJO DE OLIVEIRA,Creative Commons Attribution-NonCommercial-ShareAlike 4.0,3.5,7:50,https://www.xeno-canto.org/454253,comwax/XC454253.ogg
comwax,[],"['call', 'flight call']",15.075,-23.5561,Estrilda astrild,Common Waxbill,Marcin Sołowiej,Creative Commons Attribution-NonCommercial-ShareAlike 4.0,5.0,11:30,https://www.xeno-canto.org/456707,comwax/XC456707.ogg
comwax,[],"['call', 'flight call']",15.2642,-23.6899,Estrilda astrild,Common Waxbill,Marcin Sołowiej,Creative Commons Attribution-NonCommercial-ShareAlike 4.0,5.0,11:30,https://www.xeno-canto.org/456709,comwax/XC456709.ogg
comwax,[],['call'],41.697,-8.851,Estrilda astrild,Common Waxbill,Jorge Leitão,Creative Commons Attribution-NonCommercial-ShareAlike 4.0,0.0,18:04,https://www.xeno-canto.org/459398,comwax/XC459398.ogg
comwax,[],['song'],-33.2115,19.7247,Estrilda astrild,Common Waxbill,Raphaël Nussbaumer,Creative Commons Attribution-NonCommercial-ShareAlike 4.0,0.0,07:23,https://www.xeno-canto.org/459441,comwax/XC459441.ogg
comwax,[],"['call', 'flight call']",41.6092,-8.4078,Estrilda astrild,Common Waxbill,Jorge Leitão,Creative Commons Attribution-NonCommercial-ShareAlike 4.0,2.5,10:34,https://www.xeno-canto.org/461597,comwax/XC461597.ogg
comwax,[],['song'],37.1485,-7.5699,Estrilda astrild,Common Waxbill,Nelson Conceição,Creative Commons Attribution-NonCommercial-ShareAlike 4.0,4.5,18:17,https://www.xeno-canto.org/461664,comwax/XC461664.ogg
comwax,[],['song'],-16.6003,-49.2802,Estrilda astrild,Common Waxbill,JAYRSON ARAUJO DE OLIVEIRA,Creative Commons Attribution-NonCommercial-ShareAlike 4.0,4.5,7:11,https://www.xeno-canto.org/462837,comwax/XC462837.ogg
comwax,['houspa'],"['flight call', 'male', 'song']",43.6644,7.1995,Estrilda astrild,Common Waxbill,Joss Deffarges,Creative Commons Attribution-NonCommercial-ShareAlike 4.0,2.5,12:07,https://www.xeno-canto.org/464935,comwax/XC464935.ogg
comwax,[],['song'],-16.6003,-49.2802,Estrilda astrild,Common Waxbill,JAYRSON ARAUJO DE OLIVEIRA,Creative Commons Attribution-NonCommercial-ShareAlike 4.0,4.5,8:56,https://www.xeno-canto.org/465144,comwax/XC465144.ogg
comwax,[],['song'],-23.9152,-46.321,Estrilda astrild,Common Waxbill,Robson Silva e Silva,Creative Commons Attribution-NonCommercial-ShareAlike 4.0,4.0,09:00,https://www.xeno-canto.org/466217,comwax/XC466217.ogg
comwax,[],"['call', 'flight call']",37.1538,-7.6735,Estrilda astrild,Common Waxbill,Nelson Conceição,Creative Commons Attribution-NonCommercial-ShareAlike 4.0,4.5,19:47,https://www.xeno-canto.org/467799,comwax/XC467799.ogg
comwax,[],['song'],-16.6003,-49.2802,Estrilda astrild,Common Waxbill,JAYRSON ARAUJO DE OLIVEIRA,Creative Commons Attribution-NonCommercial-ShareAlike 4.0,4.5,8:56,https://www.xeno-canto.org/470024,comwax/XC470024.ogg
comwax,[],['call'],-22.9103,-43.236,Estrilda astrild,Common Waxbill,Ricardo Gagliardi,Creative Commons Attribution-NonCommercial-ShareAlike 4.0,0.0,12:17,https://www.xeno-canto.org/472449,comwax/XC472449.ogg
comwax,[],['call'],37.1538,-7.6735,Estrilda astrild,Common Waxbill,Nelson Conceição,Creative Commons Attribution-NonCommercial-ShareAlike 4.0,5.0,20:22,https://www.xeno-canto.org/474234,comwax/XC474234.ogg
comwax,[],['call'],37.1538,-7.6735,Estrilda astrild,Common Waxbill,Nelson Conceição,Creative Commons Attribution-NonCommercial-ShareAlike 4.0,5.0,20:23,https://www.xeno-canto.org/474235,comwax/XC474235.ogg
comwax,[],['song'],-16.6003,-49.2802,Estrilda astrild,Common Waxbill,JAYRSON ARAUJO DE OLIVEIRA,Creative Commons Attribution-NonCommercial-ShareAlike 4.0,4.5,8:56,https://www.xeno-canto.org/478405,comwax/XC478405.ogg
comwax,[],"['call', 'song']",37.1866,-7.4373,Estrilda astrild,Common Waxbill,Nelson Conceição,Creative Commons Attribution-NonCommercial-ShareAlike 4.0,3.0,10:24,https://www.xeno-canto.org/486141,comwax/XC486141.ogg
comwax,[],"['call', 'song']",37.1538,-7.6735,Estrilda astrild,Common Waxbill,Nelson Conceição,Creative Commons Attribution-NonCommercial-ShareAlike 4.0,4.5,10:51,https://www.xeno-canto.org/486621,comwax/XC486621.ogg
comwax,[],"['call', 'song']",37.1538,-7.6735,Estrilda astrild,Common Waxbill,Nelson Conceição,Creative Commons Attribution-NonCommercial-ShareAlike 4.0,4.5,11:13,https://www.xeno-canto.org/486627,comwax/XC486627.ogg
comwax,[],"['call', 'female', 'male', 'song']",37.1538,-7.6735,Estrilda astrild,Common Waxbill,Nelson Conceição,Creative Commons Attribution-NonCommercial-ShareAlike 4.0,2.5,11:16,https://www.xeno-canto.org/487355,comwax/XC487355.ogg
comwax,[],"['call', 'song']",37.1538,-7.6735,Estrilda astrild,Common Waxbill,Nelson Conceição,Creative Commons Attribution-NonCommercial-ShareAlike 4.0,3.5,11:03,https://www.xeno-canto.org/487377,comwax/XC487377.ogg
comwax,[],"['call', 'song']",37.1538,-7.6735,Estrilda astrild,Common Waxbill,Nelson Conceição,Creative Commons Attribution-NonCommercial-ShareAlike 4.0,3.5,11:05,https://www.xeno-canto.org/487379,comwax/XC487379.ogg
comwax,[],"['call', 'song']",37.1538,-7.6735,Estrilda astrild,Common Waxbill,Nelson Conceição,Creative Commons Attribution-NonCommercial-ShareAlike 4.0,4.5,11:16,https://www.xeno-canto.org/487396,comwax/XC487396.ogg
comwax,[],"['call', 'song']",37.1538,-7.6735,Estrilda astrild,Common Waxbill,Nelson Conceição,Creative Commons Attribution-NonCommercial-ShareAlike 4.0,4.5,11:23,https://www.xeno-canto.org/487400,comwax/XC487400.ogg
comwax,[],['call'],37.1538,-7.6735,Estrilda astrild,Common Waxbill,Nelson Conceição,Creative Commons Attribution-NonCommercial-ShareAlike 4.0,4.5,11:37,https://www.xeno-canto.org/487402,comwax/XC487402.ogg
comwax,[],"['call', 'flight call']",37.1538,-7.6735,Estrilda astrild,Common Waxbill,Nelson Conceição,Creative Commons Attribution-NonCommercial-ShareAlike 4.0,5.0,11:09,https://www.xeno-canto.org/487699,comwax/XC487699.ogg
comwax,[],['flight call'],38.7038,-27.0484,Estrilda astrild,Common Waxbill,Baltasar Pinheiro,Creative Commons Attribution-NonCommercial-ShareAlike 4.0,3.0,17:30,https://www.xeno-canto.org/489392,comwax/XC489392.ogg
comwax,[],['call'],-26.821,26.6127,Estrilda astrild,Common Waxbill,Tony Archer,Creative Commons Attribution-NonCommercial-ShareAlike 4.0,3.0,16:30,https://www.xeno-canto.org/495152,comwax/XC495152.ogg
comwax,[],['song'],37.1538,-7.6735,Estrilda astrild,Common Waxbill,Nelson Conceição,Creative Commons Attribution-NonCommercial-ShareAlike 4.0,4.5,09:40,https://www.xeno-canto.org/499041,comwax/XC499041.ogg
comwax,['houspa'],"['call', 'song']",37.1538,-7.6735,Estrilda astrild,Common Waxbill,Nelson Conceição,Creative Commons Attribution-NonCommercial-ShareAlike 4.0,3.5,09:46,https://www.xeno-canto.org/499078,comwax/XC499078.ogg
comwax,[],"['call', 'flight call', 'song']",37.1538,-7.6735,Estrilda astrild,Common Waxbill,Nelson Conceição,Creative Commons Attribution-NonCommercial-ShareAlike 4.0,3.5,10:58,https://www.xeno-canto.org/499097,comwax/XC499097.ogg
comwax,[],"['call', 'flight call', 'song']",37.1538,-7.6735,Estrilda astrild,Common Waxbill,Nelson Conceição,Creative Commons Attribution-NonCommercial-ShareAlike 4.0,4.0,11:01,https://www.xeno-canto.org/499099,comwax/XC499099.ogg
comwax,['houspa'],"['call', 'song']",37.1538,-7.6735,Estrilda astrild,Common Waxbill,Nelson Conceição,Creative Commons Attribution-NonCommercial-ShareAlike 4.0,3.5,11:50,https://www.xeno-canto.org/499122,comwax/XC499122.ogg
comwax,[],['flight call'],37.1319,-8.6047,Estrilda astrild,Common Waxbill,Jorge Leitão,Creative Commons Attribution-NonCommercial-ShareAlike 4.0,0.0,08:10,https://www.xeno-canto.org/499542,comwax/XC499542.ogg
comwax,[],"['call', 'song']",37.1538,-7.6735,Estrilda astrild,Common Waxbill,Nelson Conceição,Creative Commons Attribution-NonCommercial-ShareAlike 4.0,4.5,10:11,https://www.xeno-canto.org/502464,comwax/XC502464.ogg
comwax,[],['call'],41.5624,-8.4266,Estrilda astrild,Common Waxbill,Jorge Leitão,Creative Commons Attribution-NonCommercial-ShareAlike 4.0,0.0,10:18,https://www.xeno-canto.org/502670,comwax/XC502670.ogg
comwax,[],['call'],41.5624,-8.4266,Estrilda astrild,Common Waxbill,Jorge Leitão,Creative Commons Attribution-NonCommercial-ShareAlike 4.0,0.0,12:06,https://www.xeno-canto.org/502672,comwax/XC502672.ogg
comwax,[],"['call', 'flight call']",41.5624,-8.4266,Estrilda astrild,Common Waxbill,Jorge Leitão,Creative Commons Attribution-NonCommercial-ShareAlike 4.0,0.0,12:30,https://www.xeno-canto.org/502673,comwax/XC502673.ogg
comwax,[],['call'],37.1538,-7.6735,Estrilda astrild,Common Waxbill,Nelson Conceição,Creative Commons Attribution-NonCommercial-ShareAlike 4.0,4.5,10:15,https://www.xeno-canto.org/502929,comwax/XC502929.ogg
comwax,[],"['adult', 'call', 'flight call']",-26.8209,26.613,Estrilda astrild,Common Waxbill,Tony Archer,Creative Commons Attribution-NonCommercial-ShareAlike 4.0,2.5,15:30,https://www.xeno-canto.org/509536,comwax/XC509536.ogg
comwax,[],"['call', 'flight call']",37.1658,-7.6207,Estrilda astrild,Common Waxbill,Nelson Conceição,Creative Commons Attribution-NonCommercial-ShareAlike 4.0,4.0,15:44,https://www.xeno-canto.org/515361,comwax/XC515361.ogg
comwax,[],"['call', 'flight call']",37.0705,-7.7196,Estrilda astrild,Common Waxbill,Nelson Conceição,Creative Commons Attribution-NonCommercial-ShareAlike 4.0,5.0,14:36,https://www.xeno-canto.org/522036,comwax/XC522036.ogg
comwax,[],['call'],41.957,-8.7464,Estrilda astrild,Common Waxbill,Jorge Leitão,Creative Commons Attribution-NonCommercial-ShareAlike 4.0,0.0,08:38,https://www.xeno-canto.org/529122,comwax/XC529122.ogg
comwax,[],"['adult', 'call']",-26.7369,26.5862,Estrilda astrild,Common Waxbill,Tony Archer,Creative Commons Attribution-NonCommercial-ShareAlike 4.0,4.0,15:00,https://www.xeno-canto.org/531699,comwax/XC531699.ogg
comwax,[],"['adult', 'flight call', 'sex uncertain']",-22.8468,-43.3836,Estrilda astrild,Common Waxbill,Ricardo Gagliardi,Creative Commons Attribution-NonCommercial-ShareAlike 4.0,4.0,09:15,https://www.xeno-canto.org/548917,comwax/XC548917.ogg
comwax,[],"['song,call']",-23.2506,-45.9736,Estrilda astrild,Common Waxbill,Dante Buzzetti,Creative Commons Attribution-NonCommercial-ShareAlike 4.0,4.0,9:20,https://www.xeno-canto.org/550372,comwax/XC550372.ogg
comwax,[],['call'],-23.2506,-45.9736,Estrilda astrild,Common Waxbill,Dante Buzzetti,Creative Commons Attribution-NonCommercial-ShareAlike 4.0,4.0,11:25,https://www.xeno-canto.org/550376,comwax/XC550376.ogg
comwax,[],"['adult', 'sex uncertain', 'song']",-16.6003,-49.2802,Estrilda astrild,Common Waxbill,JAYRSON ARAUJO DE OLIVEIRA,Creative Commons Attribution-NonCommercial-ShareAlike 4.0,4.5,8:48,https://www.xeno-canto.org/563360,comwax/XC563360.ogg
comwax,[],['call'],38.5192,-6.118,Estrilda astrild,Common Waxbill,Eduardo Realinho,Creative Commons Attribution-NonCommercial-ShareAlike 4.0,2.5,21:30,https://www.xeno-canto.org/564919,comwax/XC564919.ogg
comwax,['houspa'],"['call', 'song']",37.1551,-7.6945,Estrilda astrild,Common Waxbill,Nelson Conceição,Creative Commons Attribution-NonCommercial-ShareAlike 4.0,4.5,09:37,https://www.xeno-canto.org/564961,comwax/XC564961.ogg
comwax,[],['call'],37.1551,-7.6945,Estrilda astrild,Common Waxbill,Nelson Conceição,Creative Commons Attribution-NonCommercial-ShareAlike 4.0,5.0,09:54,https://www.xeno-canto.org/564971,comwax/XC564971.ogg
comwax,[],['call'],-13.6854,29.2753,Estrilda astrild,Common Waxbill,Dries Van de Loock,Creative Commons Attribution-NonCommercial-ShareAlike 4.0,0.0,?,https://www.xeno-canto.org/566395,comwax/XC566395.ogg
comwax,[],"['call', 'calls of several birds in a party flying over']",42.7104,-8.7061,Estrilda astrild,Common Waxbill,Jacobo Ramil MIllarengo,Creative Commons Attribution-NonCommercial-ShareAlike 4.0,0.0,08:30,https://www.xeno-canto.org/574111,comwax/XC574111.ogg
comwax,[],"['call', 'flight call', 'sex uncertain']",39.8715,-8.8571,Estrilda astrild,Common Waxbill,João Tomás,Creative Commons Attribution-NonCommercial-ShareAlike 4.0,4.5,07:30,https://www.xeno-canto.org/580544,comwax/XC580544.ogg
comwax,[],"['adult', 'flight call', 'sex uncertain', 'song']",-22.9511,-43.0384,Estrilda astrild,Common Waxbill,Ricardo Gagliardi,Creative Commons Attribution-NonCommercial-ShareAlike 4.0,4.0,08:09,https://www.xeno-canto.org/582183,comwax/XC582183.ogg
comwax,[],"['call', 'sex uncertain']",41.957,-8.7464,Estrilda astrild,Common Waxbill,Jorge Leitão,Creative Commons Attribution-NonCommercial-ShareAlike 4.0,4.5,18:01,https://www.xeno-canto.org/584505,comwax/XC584505.ogg
comwax,[],"['call', 'flight call']",-2.9858,37.5975,Estrilda astrild,Common Waxbill,isaac kilusu,Creative Commons Attribution-NonCommercial-ShareAlike 4.0,4.0,18:09,https://www.xeno-canto.org/584947,comwax/XC584947.ogg
comwax,[],['call'],-2.9858,37.5975,Estrilda astrild,Common Waxbill,isaac kilusu,Creative Commons Attribution-NonCommercial-ShareAlike 4.0,4.0,18:10,https://www.xeno-canto.org/584948,comwax/XC584948.ogg
comwax,[],['call'],-2.9858,37.5975,Estrilda astrild,Common Waxbill,isaac kilusu,Creative Commons Attribution-NonCommercial-ShareAlike 4.0,4.0,18:11,https://www.xeno-canto.org/584949,comwax/XC584949.ogg
comwax,[],"['adult', 'call', 'male', 'song']",42.7104,-8.7061,Estrilda astrild,Common Waxbill,Jacobo Ramil MIllarengo,Creative Commons Attribution-NonCommercial-ShareAlike 4.0,2.0,13:30,https://www.xeno-canto.org/590762,comwax/XC590762.ogg
comwax,[],['call'],37.2103,-4.0337,Estrilda astrild,Common Waxbill,Sławomir Karpicki-Ignatowski,Creative Commons Attribution-NonCommercial-ShareAlike 4.0,3.0,17:00,https://www.xeno-canto.org/594125,comwax/XC594125.ogg
comwax,[],"['alarm call', 'call']",40.8209,-6.8906,Estrilda astrild,Common Waxbill,Eduardo Realinho,Creative Commons Attribution-NonCommercial-ShareAlike 4.0,3.5,20:00,https://www.xeno-canto.org/594502,comwax/XC594502.ogg
comwax,[],"['alarm call', 'call']",40.8209,-6.8906,Estrilda astrild,Common Waxbill,Eduardo Realinho,Creative Commons Attribution-NonCommercial-ShareAlike 4.0,3.5,20:00,https://www.xeno-canto.org/594503,comwax/XC594503.ogg
comwax,[],['call'],41.9391,-8.7484,Estrilda astrild,Common Waxbill,Jorge Leitão,Creative Commons Attribution-NonCommercial-ShareAlike 4.0,5.0,12:16,https://www.xeno-canto.org/597589,comwax/XC597589.ogg
comwax,[],"['flight call', 'life stage uncertain', 'sex uncertain']",38.6489,-9.2425,Estrilda astrild,Common Waxbill,Pere Josa,Creative Commons Attribution-NonCommercial-ShareAlike 4.0,3.0,11:00,https://www.xeno-canto.org/600006,comwax/XC600006.ogg
comwax,[],"['adult', 'call', 'sex uncertain']",-2.9858,37.5975,Estrilda astrild,Common Waxbill,isaac kilusu,Creative Commons Attribution-NonCommercial-ShareAlike 4.0,3.5,10:37,https://www.xeno-canto.org/601541,comwax/XC601541.ogg
comwax,[],['call'],37.2283,-8.8252,Estrilda astrild,Common Waxbill,Eduardo Realinho,Creative Commons Attribution-NonCommercial-ShareAlike 4.0,3.0,12:00,https://www.xeno-canto.org/603518,comwax/XC603518.ogg
comwax,['commyn'],"['adult', 'sex uncertain', 'song']",-17.721,168.3117,Estrilda astrild,Common Waxbill,Dominik Maximilián Ramík,Creative Commons Attribution-NonCommercial-ShareAlike 4.0,3.5,07:45,https://www.xeno-canto.org/612161,comwax/XC612161.ogg
comwax,[],"['alarm call', 'call', 'flight call']",39.4699,-8.0305,Estrilda astrild,Common Waxbill,Paulo Alves,Creative Commons Attribution-NonCommercial-ShareAlike 4.0,3.5,15:00,https://www.xeno-canto.org/619822,comwax/XC619822.ogg
comwax,[],"['adult', 'flight call']",-26.8195,26.6101,Estrilda astrild,Common Waxbill,Tony Archer,Creative Commons Attribution-NonCommercial-ShareAlike 4.0,3.0,06:30,https://www.xeno-canto.org/621552,comwax/XC621552.ogg
comwax,[],"['adult', 'call', 'female', 'flight call', 'juvenile', 'male']",42.8288,-8.8591,Estrilda astrild,Common Waxbill,Jacobo Ramil MIllarengo,Creative Commons Attribution-NonCommercial-ShareAlike 4.0,5.0,17:00,https://www.xeno-canto.org/628588,comwax/XC628588.ogg
comwax,[],"['adult', 'call', 'male']",-28.9398,26.512,Estrilda astrild,Common Waxbill,Dawie de Swardt,Creative Commons Attribution-NonCommercial-ShareAlike 4.0,4.0,08:00,https://www.xeno-canto.org/630112,comwax/XC630112.ogg
comwax,[],"['Cattle', 'adult', 'call']",-26.6927,26.7362,Estrilda astrild,Common Waxbill,Tony Archer,Creative Commons Attribution-NonCommercial-ShareAlike 4.0,3.5,08:00,https://www.xeno-canto.org/640019,comwax/XC640019.ogg
comwax,[],"['adult', 'male', 'song']",42.6785,-8.72,Estrilda astrild,Common Waxbill,Jacobo Ramil MIllarengo,Creative Commons Attribution-NonCommercial-ShareAlike 4.0,5.0,10:30,https://www.xeno-canto.org/640274,comwax/XC640274.ogg
comwax,[],"['adult', 'call', 'contact call', 'sex uncertain']",-33.2587,26.581,Estrilda astrild,Common Waxbill,Lynette Rudman,Creative Commons Attribution-NonCommercial-ShareAlike 4.0,4.0,07:00,https://www.xeno-canto.org/640570,comwax/XC640570.ogg
comwax,[],"['adult', 'female', 'juvenile', 'male', 'song']",-33.3277,26.6259,Estrilda astrild,Common Waxbill,Lynette Rudman,Creative Commons Attribution-NonCommercial-ShareAlike 4.0,4.0,07:30,https://www.xeno-canto.org/648485,comwax/XC648485.ogg
comwax,[],"['adult', 'call', 'female', 'flight call', 'juvenile', 'male']",43.1855,-9.048,Estrilda astrild,Common Waxbill,Jacobo Ramil MIllarengo,Creative Commons Attribution-NonCommercial-ShareAlike 4.0,5.0,16:00,https://www.xeno-canto.org/648973,comwax/XC648973.ogg
comwax,[],"['Running water', 'adult', 'call']",-26.6667,26.7596,Estrilda astrild,Common Waxbill,Tony Archer,Creative Commons Attribution-NonCommercial-ShareAlike 4.0,2.5,15:00,https://www.xeno-canto.org/651832,comwax/XC651832.ogg
comwax,[],['call'],41.8074,-8.8626,Estrilda astrild,Common Waxbill,Jorge Leitão,Creative Commons Attribution-NonCommercial-ShareAlike 4.0,5.0,12:58,https://www.xeno-canto.org/657968,comwax/XC657968.ogg
comwax,[],"['call', 'song']",37.1538,-7.6735,Estrilda astrild,Common Waxbill,Nelson Conceição,Creative Commons Attribution-NonCommercial-ShareAlike 4.0,5.0,19:06,https://www.xeno-canto.org/666121,comwax/XC666121.ogg
comwax,[],"['call', 'song']",37.1658,-7.6207,Estrilda astrild,Common Waxbill,Nelson Conceição,Creative Commons Attribution-NonCommercial-ShareAlike 4.0,4.5,20:07,https://www.xeno-canto.org/667140,comwax/XC667140.ogg
comwax,['houspa'],['call'],-23.5667,-46.6501,Estrilda astrild,Common Waxbill,Jeremy Minns,Creative Commons Attribution-NonCommercial-ShareAlike 3.0,3.5,06:38,https://www.xeno-canto.org/84507,comwax/XC84507.ogg
comwax,[],['call'],-23.5667,-46.6501,Estrilda astrild,Common Waxbill,Jeremy Minns,Creative Commons Attribution-NonCommercial-ShareAlike 3.0,4.0,07:09,https://www.xeno-canto.org/84508,comwax/XC84508.ogg
coopet,[],['call'],-36.2523,174.979,Pterodroma cookii,Cook's Petrel,Dan Lane,Creative Commons Attribution-NonCommercial-ShareAlike 4.0,3.0,10:30,https://www.xeno-canto.org/293320,coopet/XC293320.ogg
coopet,[],['call'],-36.2523,174.979,Pterodroma cookii,Cook's Petrel,Dan Lane,Creative Commons Attribution-NonCommercial-ShareAlike 4.0,3.0,16:30,https://www.xeno-canto.org/293336,coopet/XC293336.ogg
coopet,[],['call'],-36.2523,174.979,Pterodroma cookii,Cook's Petrel,Dan Lane,Creative Commons Attribution-NonCommercial-ShareAlike 4.0,3.0,16:30,https://www.xeno-canto.org/293339,coopet/XC293339.ogg
crehon,"['apapan', 'hawama', 'mauala']",['call'],20.7846,-156.2221,Palmeria dolei,Akohekohe,Brooks Rownd,Creative Commons Attribution-NonCommercial-ShareAlike 3.0,2.5,09:01,https://www.xeno-canto.org/122341,crehon/XC122341.ogg
crehon,"['apapan', 'hawama', 'warwhe1']","['call', 'song']",20.7846,-156.2221,Palmeria dolei,Akohekohe,Brooks Rownd,Creative Commons Attribution-NonCommercial-ShareAlike 3.0,1.5,10:16,https://www.xeno-canto.org/122342,crehon/XC122342.ogg
dunlin,[],['call'],53.304,5.089,Calidris alpina,Dunlin,Sander Bot,Creative Commons Attribution-NonCommercial-ShareAlike 3.0,3.0,11:00,https://www.xeno-canto.org/112427,dunlin/XC112427.ogg
dunlin,[],['call'],31.0132,-81.4333,Calidris alpina,Dunlin,Liam Wolff,Creative Commons Attribution-NonCommercial-ShareAlike 3.0,4.0,16:41,https://www.xeno-canto.org/112515,dunlin/XC112515.ogg
dunlin,[],['call'],28.1916,-82.787,Calidris alpina,Dunlin,Mike Nelson,Creative Commons Attribution-NonCommercial-ShareAlike 3.0,3.0,08:30,https://www.xeno-canto.org/130562,dunlin/XC130562.ogg
dunlin,[],['call'],28.2541,-82.7557,Calidris alpina,Dunlin,Mike Nelson,Creative Commons Attribution-NonCommercial-ShareAlike 3.0,3.0,08:30,https://www.xeno-canto.org/130563,dunlin/XC130563.ogg
dunlin,[],['flight call'],39.257,-75.125,Calidris alpina,Dunlin,Paul Driver,Creative Commons Attribution-NonCommercial-ShareAlike 3.0,5.0,04:09,https://www.xeno-canto.org/140019,dunlin/XC140019.ogg
dunlin,[],['call'],39.198,-75.014,Calidris alpina,Dunlin,Paul Driver,Creative Commons Attribution-NonCommercial-ShareAlike 3.0,4.0,09:09,https://www.xeno-canto.org/140020,dunlin/XC140020.ogg
dunlin,['lobdow'],['song'],64.4669,-164.7537,Calidris alpina,Dunlin,Andrew Spencer,Creative Commons Attribution-NonCommercial-ShareAlike 3.0,4.5,00:45,https://www.xeno-canto.org/141702,dunlin/XC141702.ogg
dunlin,['lobdow'],['song'],64.4669,-164.7537,Calidris alpina,Dunlin,Andrew Spencer,Creative Commons Attribution-NonCommercial-ShareAlike 3.0,4.5,00:45,https://www.xeno-canto.org/141703,dunlin/XC141703.ogg
dunlin,[],['call'],71.2435,-156.6335,Calidris alpina,Dunlin,Andrew Spencer,Creative Commons Attribution-NonCommercial-ShareAlike 3.0,5.0,01:30,https://www.xeno-canto.org/141725,dunlin/XC141725.ogg
dunlin,[],['flight call'],39.0693,118.2113,Calidris alpina,Dunlin,Matt Slaymaker,Creative Commons Attribution-NonCommercial-ShareAlike 3.0,3.0,10:00,https://www.xeno-canto.org/144534,dunlin/XC144534.ogg
dunlin,[],"['call', 'flight call']",56.1092,47.5529,Calidris alpina,Dunlin,Albert Lastukhin,Creative Commons Attribution-NonCommercial-ShareAlike 3.0,1.0,07:00,https://www.xeno-canto.org/146448,dunlin/XC146448.ogg
dunlin,[],"['call', 'song']",56.142,47.3509,Calidris alpina,Dunlin,Albert Lastukhin,Creative Commons Attribution-NonCommercial-ShareAlike 3.0,3.0,06:00,https://www.xeno-canto.org/146724,dunlin/XC146724.ogg
dunlin,[],"['alarm call', 'flight call']",43.4238,-0.4616,Calidris alpina,Dunlin,Bernard BOUSQUET,Creative Commons Attribution-NonCommercial-ShareAlike 3.0,4.0,12:30,https://www.xeno-canto.org/147161,dunlin/XC147161.ogg
dunlin,[],['flight call'],56.1085,47.5581,Calidris alpina,Dunlin,Albert Lastukhin,Creative Commons Attribution-NonCommercial-ShareAlike 3.0,3.0,10:30,https://www.xeno-canto.org/147784,dunlin/XC147784.ogg
dunlin,[],['flight call'],56.1071,47.5503,Calidris alpina,Dunlin,Albert Lastukhin,Creative Commons Attribution-NonCommercial-ShareAlike 3.0,2.0,11:00,https://www.xeno-canto.org/147792,dunlin/XC147792.ogg
dunlin,[],['flight call'],56.1086,47.5464,Calidris alpina,Dunlin,Albert Lastukhin,Creative Commons Attribution-NonCommercial-ShareAlike 3.0,3.0,10:30,https://www.xeno-canto.org/149009,dunlin/XC149009.ogg
dunlin,[],['flight call'],56.1071,47.5483,Calidris alpina,Dunlin,Albert Lastukhin,Creative Commons Attribution-NonCommercial-ShareAlike 3.0,3.0,10:30,https://www.xeno-canto.org/149010,dunlin/XC149010.ogg
dunlin,[],['flight call'],56.107,47.5348,Calidris alpina,Dunlin,Albert Lastukhin,Creative Commons Attribution-NonCommercial-ShareAlike 3.0,3.0,10:30,https://www.xeno-canto.org/149025,dunlin/XC149025.ogg
dunlin,[],['flight call'],32.7802,-117.2154,Calidris alpina,Dunlin,Paul Marvin,Creative Commons Attribution-NonCommercial-ShareAlike 3.0,5.0,09:46,https://www.xeno-canto.org/149416,dunlin/XC149416.ogg
dunlin,[],"['alarm call', 'flight call']",54.3525,18.9657,Calidris alpina,Dunlin,Jarek Matusiak,Creative Commons Attribution-NonCommercial-ShareAlike 3.0,5.0,17:00,https://www.xeno-canto.org/150666,dunlin/XC150666.ogg
dunlin,[],['call'],54.3525,18.9657,Calidris alpina,Dunlin,Jarek Matusiak,Creative Commons Attribution-NonCommercial-ShareAlike 3.0,5.0,16:40,https://www.xeno-canto.org/150801,dunlin/XC150801.ogg
dunlin,[],['call'],54.068,8.976,Calidris alpina,Dunlin,Volker Arnold,Creative Commons Attribution-NonCommercial-ShareAlike 3.0,4.0,23:17,https://www.xeno-canto.org/151975,dunlin/XC151975.ogg
dunlin,[],['flight call'],56.1065,47.5618,Calidris alpina,Dunlin,Albert Lastukhin,Creative Commons Attribution-NonCommercial-ShareAlike 3.0,2.0,11:30,https://www.xeno-canto.org/152754,dunlin/XC152754.ogg
dunlin,[],['call'],39.4187,-74.3898,Calidris alpina,Dunlin,Paul Driver,Creative Commons Attribution-NonCommercial-ShareAlike 3.0,4.0,08:30,https://www.xeno-canto.org/155914,dunlin/XC155914.ogg
dunlin,[],['call'],39.4187,-74.3898,Calidris alpina,Dunlin,Paul Driver,Creative Commons Attribution-NonCommercial-ShareAlike 3.0,4.0,08:30,https://www.xeno-canto.org/155916,dunlin/XC155916.ogg
dunlin,[],['call'],39.4187,-74.3898,Calidris alpina,Dunlin,Paul Driver,Creative Commons Attribution-NonCommercial-ShareAlike 3.0,4.0,08:30,https://www.xeno-canto.org/155917,dunlin/XC155917.ogg
dunlin,[],['call'],39.4187,-74.3898,Calidris alpina,Dunlin,Paul Driver,Creative Commons Attribution-NonCommercial-ShareAlike 3.0,4.0,08:30,https://www.xeno-canto.org/155919,dunlin/XC155919.ogg
dunlin,[],['call'],54.064,8.964,Calidris alpina,Dunlin,Volker Arnold,Creative Commons Attribution-NonCommercial-ShareAlike 3.0,2.0,19:44,https://www.xeno-canto.org/156058,dunlin/XC156058.ogg
dunlin,"['bkbplo', 'brant']",['call'],44.6476,-1.1253,Calidris alpina,Dunlin,Mathieu Taillade,Creative Commons Attribution-NonCommercial-ShareAlike 3.0,1.5,18:00,https://www.xeno-canto.org/157473,dunlin/XC157473.ogg
dunlin,[],['call'],28.6781,-80.7717,Calidris alpina,Dunlin,Paul Marvin,Creative Commons Attribution-NonCommercial-ShareAlike 3.0,5.0,08:51,https://www.xeno-canto.org/161079,dunlin/XC161079.ogg
dunlin,[],['call'],28.6781,-80.7717,Calidris alpina,Dunlin,Paul Marvin,Creative Commons Attribution-NonCommercial-ShareAlike 3.0,5.0,09:00,https://www.xeno-canto.org/161080,dunlin/XC161080.ogg
dunlin,[],['flight call'],28.6781,-80.7717,Calidris alpina,Dunlin,Paul Marvin,Creative Commons Attribution-NonCommercial-ShareAlike 3.0,5.0,09:11,https://www.xeno-canto.org/161082,dunlin/XC161082.ogg
dunlin,[],['flight call'],28.6812,-80.6943,Calidris alpina,Dunlin,Paul Marvin,Creative Commons Attribution-NonCommercial-ShareAlike 3.0,4.0,11:21,https://www.xeno-canto.org/161086,dunlin/XC161086.ogg
dunlin,[],['call'],28.6812,-80.6943,Calidris alpina,Dunlin,Paul Marvin,Creative Commons Attribution-NonCommercial-ShareAlike 3.0,4.0,09:04,https://www.xeno-canto.org/161091,dunlin/XC161091.ogg
dunlin,[],['call'],28.6812,-80.6943,Calidris alpina,Dunlin,Paul Marvin,Creative Commons Attribution-NonCommercial-ShareAlike 3.0,5.0,11:22,https://www.xeno-canto.org/161093,dunlin/XC161093.ogg
dunlin,[],"['call', 'flight call']",28.6812,-80.6943,Calidris alpina,Dunlin,Paul Marvin,Creative Commons Attribution-NonCommercial-ShareAlike 3.0,5.0,11:12,https://www.xeno-canto.org/161095,dunlin/XC161095.ogg
dunlin,[],['call'],28.6812,-80.6943,Calidris alpina,Dunlin,Paul Marvin,Creative Commons Attribution-NonCommercial-ShareAlike 3.0,5.0,11:12,https://www.xeno-canto.org/161096,dunlin/XC161096.ogg
dunlin,[],['call'],32.7152,-9.0598,Calidris alpina,Dunlin,Tero Linjama,Creative Commons Attribution-NonCommercial-ShareAlike 3.0,5.0,06:30,https://www.xeno-canto.org/164141,dunlin/XC164141.ogg
dunlin,[],['call'],32.7152,-9.0598,Calidris alpina,Dunlin,Tero Linjama,Creative Commons Attribution-NonCommercial-ShareAlike 3.0,5.0,06:30,https://www.xeno-canto.org/164142,dunlin/XC164142.ogg
dunlin,[],['call'],39.062,-74.7729,Calidris alpina,Dunlin,Paul Driver,Creative Commons Attribution-NonCommercial-ShareAlike 3.0,5.0,06:20,https://www.xeno-canto.org/168627,dunlin/XC168627.ogg
dunlin,[],['call'],39.062,-74.7729,Calidris alpina,Dunlin,Paul Driver,Creative Commons Attribution-NonCommercial-ShareAlike 3.0,5.0,06:21,https://www.xeno-canto.org/168628,dunlin/XC168628.ogg
dunlin,[],['call'],28.6245,-80.7936,Calidris alpina,Dunlin,Paul Marvin,Creative Commons Attribution-NonCommercial-ShareAlike 3.0,5.0,12:02,https://www.xeno-canto.org/169169,dunlin/XC169169.ogg
dunlin,[],['flight call'],28.6245,-80.7936,Calidris alpina,Dunlin,Paul Marvin,Creative Commons Attribution-NonCommercial-ShareAlike 3.0,5.0,11:41,https://www.xeno-canto.org/169170,dunlin/XC169170.ogg
dunlin,['cangoo'],"['Call', 'flock']",41.61422,-83.17215,Calidris alpina,Dunlin,Allen T. Chartier,Creative Commons Attribution-NonCommercial-ShareAlike 3.0,1.5,?,https://www.xeno-canto.org/17027,dunlin/XC17027.ogg
dunlin,[],['call'],48.6299,-3.8423,Calidris alpina,Dunlin,Michele Peron,Creative Commons Attribution-NonCommercial-ShareAlike 4.0,5.0,07:00,https://www.xeno-canto.org/172379,dunlin/XC172379.ogg
dunlin,['skylar'],"['call', 'male', 'song']",58.5434,24.4502,Calidris alpina,Dunlin,Uku Paal,Creative Commons Attribution-NonCommercial-ShareAlike 4.0,3.5,07:00,https://www.xeno-canto.org/179286,dunlin/XC179286.ogg
dunlin,[],['song'],69.598,18.823,Calidris alpina,Dunlin,Stein Ø. Nilsen,Creative Commons Attribution-NonCommercial-ShareAlike 4.0,4.0,18:30,https://www.xeno-canto.org/179625,dunlin/XC179625.ogg
dunlin,[],"['call', 'song']",78.2185,15.6479,Calidris alpina,Dunlin,Stein Ø. Nilsen,Creative Commons Attribution-NonCommercial-ShareAlike 4.0,4.5,17:45,https://www.xeno-canto.org/180425,dunlin/XC180425.ogg
dunlin,[],['call'],46.0192,61.846,Calidris alpina,Dunlin,Albert Lastukhin,Creative Commons Attribution-NonCommercial-ShareAlike 4.0,3.0,08:30,https://www.xeno-canto.org/182762,dunlin/XC182762.ogg
dunlin,[],['call'],46.0192,61.846,Calidris alpina,Dunlin,Albert Lastukhin,Creative Commons Attribution-NonCommercial-ShareAlike 4.0,2.0,08:30,https://www.xeno-canto.org/182763,dunlin/XC182763.ogg
dunlin,[],['call'],45.5953,64.3647,Calidris alpina,Dunlin,Albert Lastukhin,Creative Commons Attribution-NonCommercial-ShareAlike 4.0,2.0,05:30,https://www.xeno-canto.org/182870,dunlin/XC182870.ogg
dunlin,[],['call'],46.0192,61.846,Calidris alpina,Dunlin,Albert Lastukhin,Creative Commons Attribution-NonCommercial-ShareAlike 4.0,4.0,06:00,https://www.xeno-canto.org/184318,dunlin/XC184318.ogg
dunlin,[],['call'],46.0192,61.846,Calidris alpina,Dunlin,Albert Lastukhin,Creative Commons Attribution-NonCommercial-ShareAlike 4.0,1.5,07:00,https://www.xeno-canto.org/184320,dunlin/XC184320.ogg
dunlin,[],['flight call'],56.1211,47.5042,Calidris alpina,Dunlin,Albert Lastukhin,Creative Commons Attribution-NonCommercial-ShareAlike 4.0,3.5,08:30,https://www.xeno-canto.org/197018,dunlin/XC197018.ogg
dunlin,[],['call'],54.3448,19.048,Calidris alpina,Dunlin,Jarek Matusiak,Creative Commons Attribution-NonCommercial-ShareAlike 4.0,5.0,16:00,https://www.xeno-canto.org/197956,dunlin/XC197956.ogg
dunlin,[],['call'],37.2523,-6.9685,Calidris alpina,Dunlin,José Carlos Sires,Creative Commons Attribution-NonCommercial-ShareAlike 4.0,2.0,?,https://www.xeno-canto.org/198116,dunlin/XC198116.ogg
dunlin,[],['flight call'],37.2523,-6.9685,Calidris alpina,Dunlin,José Carlos Sires,Creative Commons Attribution-NonCommercial-ShareAlike 4.0,2.0,?,https://www.xeno-canto.org/198119,dunlin/XC198119.ogg
dunlin,[],['call'],54.9107,19.097,Calidris alpina,Dunlin,Jarek Matusiak,Creative Commons Attribution-NonCommercial-ShareAlike 4.0,5.0,00:00,https://www.xeno-canto.org/198689,dunlin/XC198689.ogg
dunlin,[],['call'],54.9107,19.097,Calidris alpina,Dunlin,Jarek Matusiak,Creative Commons Attribution-NonCommercial-ShareAlike 4.0,5.0,00:00,https://www.xeno-canto.org/198690,dunlin/XC198690.ogg
dunlin,[],['alarm call'],65.998,15.918,Calidris alpina,Dunlin,Rob van Bemmelen,Creative Commons Attribution-NonCommercial-ShareAlike 4.0,5.0,21:00,https://www.xeno-canto.org/202895,dunlin/XC202895.ogg
dunlin,[],"['alarm call', 'begging call', 'juvenile']",65.998,15.918,Calidris alpina,Dunlin,Rob van Bemmelen,Creative Commons Attribution-NonCommercial-ShareAlike 4.0,5.0,21:00,https://www.xeno-canto.org/202896,dunlin/XC202896.ogg
dunlin,[],['song'],78.1926,15.8011,Calidris alpina,Dunlin,Stein Ø. Nilsen,Creative Commons Attribution-NonCommercial-ShareAlike 4.0,4.5,07:30,https://www.xeno-canto.org/210264,dunlin/XC210264.ogg
dunlin,[],"['call', 'flight call']",50.8419,3.3345,Calidris alpina,Dunlin,Eddy Scheinpflug,Creative Commons Attribution-NonCommercial-ShareAlike 4.0,3.0,07:26,https://www.xeno-canto.org/217206,dunlin/XC217206.ogg
dunlin,[],"['call', 'calls in conflict']",34.6993,135.4668,Calidris alpina,Dunlin,Anon Torimi,Creative Commons Attribution-NonCommercial-ShareAlike 4.0,3.5,15:30,https://www.xeno-canto.org/241188,dunlin/XC241188.ogg
dunlin,[],['flight call'],39.8599,-75.7255,Calidris alpina,Dunlin,Kelley Nunn,Creative Commons Attribution-NonCommercial-ShareAlike 4.0,4.0,21:30,https://www.xeno-canto.org/245658,dunlin/XC245658.ogg
dunlin,[],['call'],54.7334,10.7001,Calidris alpina,Dunlin,Niels Krabbe,Creative Commons Attribution-NonCommercial-ShareAlike 3.0,4.0,xx:xx,https://www.xeno-canto.org/25875,dunlin/XC25875.ogg
dunlin,[],['call'],54.7334,10.7001,Calidris alpina,Dunlin,Niels Krabbe,Creative Commons Attribution-NonCommercial-ShareAlike 3.0,4.0,xx:xx,https://www.xeno-canto.org/25876,dunlin/XC25876.ogg
dunlin,[],"['alarm call', 'call']",70.1443,30.1673,Calidris alpina,Dunlin,Tomek Tumiel,Creative Commons Attribution-NonCommercial-ShareAlike 4.0,5.0,19:00,https://www.xeno-canto.org/260307,dunlin/XC260307.ogg
dunlin,[],['song'],44.2051,132.4161,Calidris alpina,Dunlin,Albert Lastukhin,Creative Commons Attribution-NonCommercial-ShareAlike 4.0,3.0,02:30,https://www.xeno-canto.org/266424,dunlin/XC266424.ogg
dunlin,[],['flight call'],52.3373,13.8085,Calidris alpina,Dunlin,Sonnenburg,Creative Commons Attribution-NonCommercial-ShareAlike 4.0,4.0,06:35,https://www.xeno-canto.org/278914,dunlin/XC278914.ogg
dunlin,[],"['call', 'social calls']",54.3568,18.9565,Calidris alpina,Dunlin,Jarek Matusiak,Creative Commons Attribution-NonCommercial-ShareAlike 4.0,5.0,14:00,https://www.xeno-canto.org/282218,dunlin/XC282218.ogg
dunlin,[],"['call', 'social calls']",54.3568,18.9565,Calidris alpina,Dunlin,Jarek Matusiak,Creative Commons Attribution-NonCommercial-ShareAlike 4.0,5.0,14:00,https://www.xeno-canto.org/282219,dunlin/XC282219.ogg
dunlin,[],"['aggression', 'call']",54.3568,18.9565,Calidris alpina,Dunlin,Jarek Matusiak,Creative Commons Attribution-NonCommercial-ShareAlike 4.0,5.0,14:00,https://www.xeno-canto.org/282223,dunlin/XC282223.ogg
dunlin,[],"['alarm call', 'flight call']",54.3568,18.9565,Calidris alpina,Dunlin,Jarek Matusiak,Creative Commons Attribution-NonCommercial-ShareAlike 4.0,5.0,14:00,https://www.xeno-canto.org/282225,dunlin/XC282225.ogg
dunlin,[],"['aggression', 'call']",54.3568,18.9565,Calidris alpina,Dunlin,Jarek Matusiak,Creative Commons Attribution-NonCommercial-ShareAlike 4.0,5.0,14:00,https://www.xeno-canto.org/282227,dunlin/XC282227.ogg
dunlin,[],['flight call'],54.3568,18.9565,Calidris alpina,Dunlin,Jarek Matusiak,Creative Commons Attribution-NonCommercial-ShareAlike 4.0,5.0,14:00,https://www.xeno-canto.org/284758,dunlin/XC284758.ogg
dunlin,[],['call'],35.6284,134.9236,Calidris alpina,Dunlin,Anon Torimi,Creative Commons Attribution-NonCommercial-ShareAlike 4.0,4.0,14:30,https://www.xeno-canto.org/291779,dunlin/XC291779.ogg
dunlin,[],['call'],35.6284,134.9236,Calidris alpina,Dunlin,Anon Torimi,Creative Commons Attribution-NonCommercial-ShareAlike 4.0,4.0,14:30,https://www.xeno-canto.org/291780,dunlin/XC291780.ogg
dunlin,[],['call'],48.44,3.2828,Calidris alpina,Dunlin,julien Rochefort,Creative Commons Attribution-NonCommercial-ShareAlike 4.0,5.0,10:30,https://www.xeno-canto.org/309174,dunlin/XC309174.ogg
dunlin,[],"['alarm call', 'call']",33.1471,-90.5809,Calidris alpina,Dunlin,Hal Mitchell,Creative Commons Attribution-NonCommercial-ShareAlike 4.0,5.0,13:00,https://www.xeno-canto.org/316123,dunlin/XC316123.ogg
dunlin,[],"['call', 'song']",58.4924,-4.4373,Calidris alpina,Dunlin,Bernard BOUSQUET,Creative Commons Attribution-NonCommercial-ShareAlike 4.0,4.0,16:00,https://www.xeno-canto.org/320514,dunlin/XC320514.ogg
dunlin,[],"['call', 'flight call']",51.8172,-10.2712,Calidris alpina,Dunlin,Lars Lachmann,Creative Commons Attribution-NonCommercial-ShareAlike 4.0,2.0,15:30,https://www.xeno-canto.org/333176,dunlin/XC333176.ogg
dunlin,[],['flight call'],52.3372,13.8095,Calidris alpina,Dunlin,Sonnenburg,Creative Commons Attribution-NonCommercial-ShareAlike 4.0,3.0,08:10,https://www.xeno-canto.org/334235,dunlin/XC334235.ogg
dunlin,[],['flight call'],45.8257,8.6211,Calidris alpina,Dunlin,Francesco Sottile,Creative Commons Attribution-NonCommercial-ShareAlike 4.0,4.0,14:44,https://www.xeno-canto.org/336046,dunlin/XC336046.ogg
dunlin,[],['flight call'],36.8149,-6.3366,Calidris alpina,Dunlin,José Carlos Sires,Creative Commons Attribution-NonCommercial-ShareAlike 4.0,4.0,?,https://www.xeno-canto.org/338290,dunlin/XC338290.ogg
dunlin,[],['call'],36.8149,-6.3366,Calidris alpina,Dunlin,José Carlos Sires,Creative Commons Attribution-NonCommercial-ShareAlike 4.0,4.0,?,https://www.xeno-canto.org/338815,dunlin/XC338815.ogg
dunlin,[],['flight call'],54.877,8.3459,Calidris alpina,Dunlin,Paul Ehlers,Creative Commons Attribution-NonCommercial-ShareAlike 4.0,4.0,12:30,https://www.xeno-canto.org/339834,dunlin/XC339834.ogg
dunlin,[],['call'],54.877,8.3459,Calidris alpina,Dunlin,Paul Ehlers,Creative Commons Attribution-NonCommercial-ShareAlike 4.0,4.0,12:30,https://www.xeno-canto.org/339835,dunlin/XC339835.ogg
dunlin,[],['call'],70.8578,29.0859,Calidris alpina,Dunlin,Tero Linjama,Creative Commons Attribution-NonCommercial-ShareAlike 4.0,5.0,07:00,https://www.xeno-canto.org/342358,dunlin/XC342358.ogg
dunlin,[],['call'],39.1079,-74.7059,Calidris alpina,Dunlin,Thomas Magarian,Creative Commons Attribution-NonCommercial-ShareAlike 4.0,2.0,12:48,https://www.xeno-canto.org/358197,dunlin/XC358197.ogg
dunlin,[],['call'],39.1079,-74.7059,Calidris alpina,Dunlin,Thomas Magarian,Creative Commons Attribution-NonCommercial-ShareAlike 4.0,2.0,12:20,https://www.xeno-canto.org/358198,dunlin/XC358198.ogg
dunlin,[],['call'],39.1079,-74.7059,Calidris alpina,Dunlin,Thomas Magarian,Creative Commons Attribution-NonCommercial-ShareAlike 4.0,2.0,12:22,https://www.xeno-canto.org/358199,dunlin/XC358199.ogg
dunlin,[],['call'],39.1079,-74.7059,Calidris alpina,Dunlin,Thomas Magarian,Creative Commons Attribution-NonCommercial-ShareAlike 4.0,2.0,12:22,https://www.xeno-canto.org/358691,dunlin/XC358691.ogg
dunlin,[],['call'],39.1079,-74.7059,Calidris alpina,Dunlin,Thomas Magarian,Creative Commons Attribution-NonCommercial-ShareAlike 4.0,2.0,12:23,https://www.xeno-canto.org/358692,dunlin/XC358692.ogg
dunlin,[],['call'],39.1079,-74.7059,Calidris alpina,Dunlin,Thomas Magarian,Creative Commons Attribution-NonCommercial-ShareAlike 4.0,2.0,12:24,https://www.xeno-canto.org/358693,dunlin/XC358693.ogg
dunlin,[],['call'],39.1079,-74.7059,Calidris alpina,Dunlin,Thomas Magarian,Creative Commons Attribution-NonCommercial-ShareAlike 4.0,2.0,12:25,https://www.xeno-canto.org/358694,dunlin/XC358694.ogg
dunlin,[],['call'],39.1079,-74.7059,Calidris alpina,Dunlin,Thomas Magarian,Creative Commons Attribution-NonCommercial-ShareAlike 4.0,2.0,12:32,https://www.xeno-canto.org/358695,dunlin/XC358695.ogg
dunlin,[],['call'],39.1079,-74.7059,Calidris alpina,Dunlin,Thomas Magarian,Creative Commons Attribution-NonCommercial-ShareAlike 4.0,2.0,12:35,https://www.xeno-canto.org/358696,dunlin/XC358696.ogg
dunlin,[],['call'],39.1079,-74.7059,Calidris alpina,Dunlin,Thomas Magarian,Creative Commons Attribution-NonCommercial-ShareAlike 4.0,2.0,12:44,https://www.xeno-canto.org/358697,dunlin/XC358697.ogg
dunlin,[],['call'],39.1079,-74.7059,Calidris alpina,Dunlin,Thomas Magarian,Creative Commons Attribution-NonCommercial-ShareAlike 4.0,2.0,12:46,https://www.xeno-canto.org/358698,dunlin/XC358698.ogg
dunlin,[],"['Wing noise', 'call']",39.1079,-74.7059,Calidris alpina,Dunlin,Thomas Magarian,Creative Commons Attribution-NonCommercial-ShareAlike 4.0,3.0,12:54,https://www.xeno-canto.org/358699,dunlin/XC358699.ogg
dunlin,['rudtur'],"['flight call', 'song']",69.526,18.8685,Calidris alpina,Dunlin,Stein Ø. Nilsen,Creative Commons Attribution-NonCommercial-ShareAlike 4.0,4.5,06:00,https://www.xeno-canto.org/370662,dunlin/XC370662.ogg
dunlin,[],"['call', 'song']",56.0779,47.9129,Calidris alpina,Dunlin,Albert Lastukhin,Creative Commons Attribution-NonCommercial-ShareAlike 4.0,5.0,21:30,https://www.xeno-canto.org/371999,dunlin/XC371999.ogg
dunlin,[],"['call', 'song']",56.0779,47.9129,Calidris alpina,Dunlin,Albert Lastukhin,Creative Commons Attribution-NonCommercial-ShareAlike 4.0,5.0,21:30,https://www.xeno-canto.org/372000,dunlin/XC372000.ogg
dunlin,[],"['call', 'song']",56.0779,47.9129,Calidris alpina,Dunlin,Albert Lastukhin,Creative Commons Attribution-NonCommercial-ShareAlike 4.0,3.0,21:30,https://www.xeno-canto.org/372001,dunlin/XC372001.ogg
dunlin,[],['call'],53.3723,-6.1492,Calidris alpina,Dunlin,GABRIEL LEITE,Creative Commons Attribution-NonCommercial-ShareAlike 4.0,4.0,08:00,https://www.xeno-canto.org/372357,dunlin/XC372357.ogg
dunlin,[],['song'],52.951534,1.089535,Calidris alpina,Dunlin,David Farrow,Creative Commons Attribution-NonCommercial-ShareAlike 3.0,4.0,?:?,https://www.xeno-canto.org/37496,dunlin/XC37496.ogg
dunlin,[],['flight call'],52.4041,0.7524,Calidris alpina,Dunlin,Nick Moran,Creative Commons Attribution-NonCommercial-ShareAlike 4.0,4.0,02:16,https://www.xeno-canto.org/382116,dunlin/XC382116.ogg
dunlin,[],['flight call'],43.4667,4.4562,Calidris alpina,Dunlin,Stanislas Wroza,Creative Commons Attribution-NonCommercial-ShareAlike 4.0,5.0,07:00,https://www.xeno-canto.org/383211,dunlin/XC383211.ogg
dunlin,[],['flight call'],43.6075,4.214,Calidris alpina,Dunlin,Stanislas Wroza,Creative Commons Attribution-NonCommercial-ShareAlike 4.0,3.0,07:00,https://www.xeno-canto.org/383282,dunlin/XC383282.ogg
dunlin,[],['flight call'],51.94,5.9038,Calidris alpina,Dunlin,Joost van Bruggen,Creative Commons Attribution-NonCommercial-ShareAlike 4.0,3.0,02:04,https://www.xeno-canto.org/384169,dunlin/XC384169.ogg
dunlin,[],"['in flight', 'song']",64.6601,178.8664,Calidris alpina,Dunlin,Jens Kirkeby,Creative Commons Attribution-NonCommercial-ShareAlike 4.0,4.5,08:00,https://www.xeno-canto.org/385669,dunlin/XC385669.ogg
dunlin,[],['flight call'],51.2292,5.255,Calidris alpina,Dunlin,Toon Jansen,Creative Commons Attribution-NonCommercial-ShareAlike 4.0,2.0,10:00,https://www.xeno-canto.org/393742,dunlin/XC393742.ogg
dunlin,[],"['flight call', 'nocturnal flightcall']",47.3388,7.8398,Calidris alpina,Dunlin,Thomas Lüthi,Creative Commons Attribution-NonCommercial-ShareAlike 4.0,3.0,00:49,https://www.xeno-canto.org/404346,dunlin/XC404346.ogg
dunlin,[],"['flight call', 'nocturnal flightcall']",47.3388,7.8398,Calidris alpina,Dunlin,Thomas Lüthi,Creative Commons Attribution-NonCommercial-ShareAlike 4.0,2.0,01:09,https://www.xeno-canto.org/405665,dunlin/XC405665.ogg
dunlin,[],['song'],71.2973,-156.7737,Calidris alpina,Dunlin,Patrik Åberg,Creative Commons Attribution-NonCommercial-ShareAlike 4.0,4.0,18:39,https://www.xeno-canto.org/406393,dunlin/XC406393.ogg
dunlin,[],['alarm call'],71.2973,-156.7737,Calidris alpina,Dunlin,Patrik Åberg,Creative Commons Attribution-NonCommercial-ShareAlike 4.0,4.0,18:51,https://www.xeno-canto.org/406394,dunlin/XC406394.ogg
dunlin,[],"['alarm call', 'call']",39.761,-74.103,Calidris alpina,Dunlin,Meena Haribal,Creative Commons Attribution-NonCommercial-ShareAlike 4.0,2.5,10:00,https://www.xeno-canto.org/408102,dunlin/XC408102.ogg
dunlin,[],"['flight call', 'tchurr call']",37.1599,-6.9139,Calidris alpina,Dunlin,Stanislas Wroza,Creative Commons Attribution-NonCommercial-ShareAlike 4.0,5.0,09:00,https://www.xeno-canto.org/414673,dunlin/XC414673.ogg
dunlin,[],['flight call'],52.0612,5.371,Calidris alpina,Dunlin,Aat Schaftenaar,Creative Commons Attribution-NonCommercial-ShareAlike 4.0,1.0,03:00,https://www.xeno-canto.org/424663,dunlin/XC424663.ogg
dunlin,[],['flight call'],52.0612,5.371,Calidris alpina,Dunlin,Aat Schaftenaar,Creative Commons Attribution-NonCommercial-ShareAlike 4.0,1.0,03:00,https://www.xeno-canto.org/424665,dunlin/XC424665.ogg
dunlin,[],['flight call'],52.0612,5.371,Calidris alpina,Dunlin,Aat Schaftenaar,Creative Commons Attribution-NonCommercial-ShareAlike 4.0,1.0,03:00,https://www.xeno-canto.org/429313,dunlin/XC429313.ogg
dunlin,[],['call'],41.697,-8.851,Calidris alpina,Dunlin,Jorge Leitão,Creative Commons Attribution-NonCommercial-ShareAlike 4.0,3.0,17:00,https://www.xeno-canto.org/430436,dunlin/XC430436.ogg
dunlin,[],['flight call'],51.0771,-1.7952,Calidris alpina,Dunlin,Simon Gillings,Creative Commons Attribution-NonCommercial-ShareAlike 4.0,2.0,03:14,https://www.xeno-canto.org/432065,dunlin/XC432065.ogg
dunlin,[],['flight call'],56.7451,12.6311,Calidris alpina,Dunlin,Henrik Storm ,Creative Commons Attribution-NonCommercial-ShareAlike 4.0,2.5,07:30,https://www.xeno-canto.org/433531,dunlin/XC433531.ogg
dunlin,[],['call'],54.5632,8.8752,Calidris alpina,Dunlin,brickegickel,Creative Commons Attribution-NonCommercial-ShareAlike 4.0,4.0,05:00,https://www.xeno-canto.org/434826,dunlin/XC434826.ogg
dunlin,[],['call'],54.2707,8.8709,Calidris alpina,Dunlin,brickegickel,Creative Commons Attribution-NonCommercial-ShareAlike 4.0,4.0,19:00,https://www.xeno-canto.org/435526,dunlin/XC435526.ogg
dunlin,[],['flight call'],48.9589,4.3661,Calidris alpina,Dunlin,Morvan Corentin,Creative Commons Attribution-NonCommercial-ShareAlike 4.0,4.0,04:00,https://www.xeno-canto.org/437034,dunlin/XC437034.ogg
dunlin,[],['song'],37.025,-8.0137,Calidris alpina,Dunlin,Jorge Leitão,Creative Commons Attribution-NonCommercial-ShareAlike 4.0,4.0,12:13,https://www.xeno-canto.org/437037,dunlin/XC437037.ogg
dunlin,[],['call'],49.1056,8.3678,Calidris alpina,Dunlin,brickegickel,Creative Commons Attribution-NonCommercial-ShareAlike 4.0,2.5,20:00,https://www.xeno-canto.org/437201,dunlin/XC437201.ogg
dunlin,[],['flight call'],71.2789,-156.6485,Calidris alpina,Dunlin,Jarmo Pirhonen,Creative Commons Attribution-NonCommercial-ShareAlike 4.0,5.0,14:00,https://www.xeno-canto.org/438452,dunlin/XC438452.ogg
dunlin,[],"['call', 'flight call', 'nocturnal flight call']",50.6193,3.1255,Calidris alpina,Dunlin,Adrien Mauss,Creative Commons Attribution-NonCommercial-ShareAlike 4.0,3.0,00:40,https://www.xeno-canto.org/439318,dunlin/XC439318.ogg
dunlin,[],"['flight call', 'nocturnal flight call']",60.2357,25.0058,Calidris alpina,Dunlin,Juha Saari,Creative Commons Attribution-NonCommercial-ShareAlike 4.0,3.0,03:36,https://www.xeno-canto.org/439353,dunlin/XC439353.ogg
dunlin,[],['flight call'],50.8852,4.3316,Calidris alpina,Dunlin,Seynaeve Adriaan,Creative Commons Attribution-NonCommercial-ShareAlike 4.0,3.0,22:07,https://www.xeno-canto.org/439998,dunlin/XC439998.ogg
dunlin,[],"['Nocturnal flight call', 'flight call']",43.5352,-1.4475,Calidris alpina,Dunlin,Frédéric Cazaban,Creative Commons Attribution-NonCommercial-ShareAlike 4.0,3.0,04:30,https://www.xeno-canto.org/440306,dunlin/XC440306.ogg
dunlin,[],['flight call'],48.4541,-5.0846,Calidris alpina,Dunlin,Morvan Corentin,Creative Commons Attribution-NonCommercial-ShareAlike 4.0,4.0,06:30,https://www.xeno-canto.org/440913,dunlin/XC440913.ogg
dunlin,[],['flight call'],52.0747,4.7632,Calidris alpina,Dunlin,Michel Veldt,Creative Commons Attribution-NonCommercial-ShareAlike 4.0,3.0,00:34,https://www.xeno-canto.org/441006,dunlin/XC441006.ogg
dunlin,[],['call'],37.1178,-8.6828,Calidris alpina,Dunlin,Jorge Leitão,Creative Commons Attribution-NonCommercial-ShareAlike 4.0,3.0,19:45,https://www.xeno-canto.org/444844,dunlin/XC444844.ogg
dunlin,[],['call'],51.4834,0.2942,Calidris alpina,Dunlin,David Darrell-Lambert,Creative Commons Attribution-NonCommercial-ShareAlike 4.0,2.0,23:00,https://www.xeno-canto.org/447137,dunlin/XC447137.ogg
dunlin,[],['alarm call'],19.462,-98.9683,Calidris alpina,Dunlin,Manuel Grosselet,Creative Commons Attribution-NonCommercial-ShareAlike 4.0,5.0,08:30,https://www.xeno-canto.org/448303,dunlin/XC448303.ogg
dunlin,[],['flight call'],51.4769,0.2399,Calidris alpina,Dunlin,Fraser Simpson,Creative Commons Attribution-NonCommercial-ShareAlike 4.0,5.0,13:00,https://www.xeno-canto.org/449519,dunlin/XC449519.ogg
dunlin,[],['flight call'],52.0612,5.371,Calidris alpina,Dunlin,Aat Schaftenaar,Creative Commons Attribution-NonCommercial-ShareAlike 4.0,3.0,04:30,https://www.xeno-canto.org/460483,dunlin/XC460483.ogg
dunlin,[],['flight call'],37.1389,-7.6144,Calidris alpina,Dunlin,Nelson Conceição,Creative Commons Attribution-NonCommercial-ShareAlike 4.0,3.5,18:27,https://www.xeno-canto.org/463962,dunlin/XC463962.ogg
dunlin,[],['flight call'],50.4374,8.8963,Calidris alpina,Dunlin,brickegickel,Creative Commons Attribution-NonCommercial-ShareAlike 4.0,4.0,23:00,https://www.xeno-canto.org/465501,dunlin/XC465501.ogg
dunlin,[],"['NFC', 'Nocturnal Flight Call', 'flight call']",45.9286,-0.9757,Calidris alpina,Dunlin,Louis Sallé,Creative Commons Attribution-NonCommercial-ShareAlike 4.0,4.0,05:30,https://www.xeno-canto.org/472191,dunlin/XC472191.ogg
dunlin,"['rinphe', 'skylar']",['call'],53.6283,0.127,Calidris alpina,Dunlin,Harry Hussey,Creative Commons Attribution-NonCommercial-ShareAlike 4.0,4.5,19:03,https://www.xeno-canto.org/475773,dunlin/XC475773.ogg
dunlin,[],"['NFC', 'Nocturnal Flight Call', 'flight call']",45.9286,-0.9757,Calidris alpina,Dunlin,Louis Sallé,Creative Commons Attribution-NonCommercial-ShareAlike 4.0,4.0,23:30,https://www.xeno-canto.org/475893,dunlin/XC475893.ogg
dunlin,[],"['call', 'song']",60.054,-1.3533,Calidris alpina,Dunlin,Andrew Harrop,Creative Commons Attribution-NonCommercial-ShareAlike 4.0,5.0,11:00,https://www.xeno-canto.org/476531,dunlin/XC476531.ogg
dunlin,['skylar'],"['flight call', 'song']",58.7843,23.6655,Calidris alpina,Dunlin,Uku Paal,Creative Commons Attribution-NonCommercial-ShareAlike 4.0,2.5,07:00,https://www.xeno-canto.org/476635,dunlin/XC476635.ogg
dunlin,"['rudtur', 'sander']","['alarm call', 'call', 'feeding calls', 'flight call']",64.0818,-22.6904,Calidris alpina,Dunlin,Stanislas Wroza,Creative Commons Attribution-NonCommercial-ShareAlike 4.0,0.0,10:30,https://www.xeno-canto.org/478856,dunlin/XC478856.ogg
dunlin,"['rudtur', 'sander']","['alarm call', 'call', 'feeding calls', 'flight call']",64.0818,-22.6904,Calidris alpina,Dunlin,Stanislas Wroza,Creative Commons Attribution-NonCommercial-ShareAlike 4.0,0.0,10:30,https://www.xeno-canto.org/478857,dunlin/XC478857.ogg
dunlin,[],['flight call'],63.8448,-21.057,Calidris alpina,Dunlin,Stanislas Wroza,Creative Commons Attribution-NonCommercial-ShareAlike 4.0,0.0,20:00,https://www.xeno-canto.org/478882,dunlin/XC478882.ogg
dunlin,[],['flight call'],63.8448,-21.057,Calidris alpina,Dunlin,Stanislas Wroza,Creative Commons Attribution-NonCommercial-ShareAlike 4.0,5.0,20:00,https://www.xeno-canto.org/478883,dunlin/XC478883.ogg
dunlin,['sander'],"['alarm call', 'call', 'feeding calls', 'flight call']",64.2739,-15.4584,Calidris alpina,Dunlin,Stanislas Wroza,Creative Commons Attribution-NonCommercial-ShareAlike 4.0,0.0,19:00,https://www.xeno-canto.org/479010,dunlin/XC479010.ogg
dunlin,['sander'],"['alarm call', 'call', 'feeding calls', 'flight call']",64.2739,-15.4584,Calidris alpina,Dunlin,Stanislas Wroza,Creative Commons Attribution-NonCommercial-ShareAlike 4.0,0.0,19:00,https://www.xeno-canto.org/479011,dunlin/XC479011.ogg
dunlin,[],['flight call'],65.3804,-15.8858,Calidris alpina,Dunlin,Stanislas Wroza,Creative Commons Attribution-NonCommercial-ShareAlike 4.0,0.0,09:00,https://www.xeno-canto.org/479282,dunlin/XC479282.ogg
dunlin,[],['flight call'],65.3804,-15.8858,Calidris alpina,Dunlin,Stanislas Wroza,Creative Commons Attribution-NonCommercial-ShareAlike 4.0,0.0,09:00,https://www.xeno-canto.org/479283,dunlin/XC479283.ogg
dunlin,[],['flight call'],65.3804,-15.8858,Calidris alpina,Dunlin,Stanislas Wroza,Creative Commons Attribution-NonCommercial-ShareAlike 4.0,0.0,09:00,https://www.xeno-canto.org/479284,dunlin/XC479284.ogg
dunlin,[],['flight call'],65.3804,-15.8858,Calidris alpina,Dunlin,Stanislas Wroza,Creative Commons Attribution-NonCommercial-ShareAlike 4.0,0.0,09:00,https://www.xeno-canto.org/479285,dunlin/XC479285.ogg
dunlin,[],['flight call'],65.3804,-15.8858,Calidris alpina,Dunlin,Stanislas Wroza,Creative Commons Attribution-NonCommercial-ShareAlike 4.0,0.0,09:00,https://www.xeno-canto.org/479286,dunlin/XC479286.ogg
dunlin,[],"['flight call', 'nocturnal flight call']",47.3523,-2.2295,Calidris alpina,Dunlin,Stanislas Wroza,Creative Commons Attribution-NonCommercial-ShareAlike 4.0,0.0,00:30,https://www.xeno-canto.org/480206,dunlin/XC480206.ogg
dunlin,[],['call'],37.1357,-7.6138,Calidris alpina,Dunlin,Nelson Conceição,Creative Commons Attribution-NonCommercial-ShareAlike 4.0,5.0,21:16,https://www.xeno-canto.org/481637,dunlin/XC481637.ogg
dunlin,[],"['call', 'flight call']",37.1357,-7.6138,Calidris alpina,Dunlin,Nelson Conceição,Creative Commons Attribution-NonCommercial-ShareAlike 4.0,5.0,21:17,https://www.xeno-canto.org/481638,dunlin/XC481638.ogg
dunlin,[],['flight call'],52.0612,5.371,Calidris alpina,Dunlin,Aat Schaftenaar,Creative Commons Attribution-NonCommercial-ShareAlike 4.0,0.0,00:30,https://www.xeno-canto.org/485281,dunlin/XC485281.ogg
dunlin,[],['flight call'],64.6032,-22.1424,Calidris alpina,Dunlin,Stanislas Wroza,Creative Commons Attribution-NonCommercial-ShareAlike 4.0,0.0,05:00,https://www.xeno-canto.org/487295,dunlin/XC487295.ogg
dunlin,[],['flight call'],65.3741,-22.9186,Calidris alpina,Dunlin,Stanislas Wroza,Creative Commons Attribution-NonCommercial-ShareAlike 4.0,0.0,10:00,https://www.xeno-canto.org/487562,dunlin/XC487562.ogg
dunlin,[],['song'],65.3741,-22.9186,Calidris alpina,Dunlin,Stanislas Wroza,Creative Commons Attribution-NonCommercial-ShareAlike 4.0,0.0,10:00,https://www.xeno-canto.org/487563,dunlin/XC487563.ogg
dunlin,[],['flight call'],64.9088,-23.7948,Calidris alpina,Dunlin,Stanislas Wroza,Creative Commons Attribution-NonCommercial-ShareAlike 4.0,0.0,18:00,https://www.xeno-canto.org/487644,dunlin/XC487644.ogg
dunlin,[],['call'],51.542,143.3598,Calidris alpina,Dunlin,Albert Lastukhin,Creative Commons Attribution-NonCommercial-ShareAlike 4.0,3.0,06:00,https://www.xeno-canto.org/489761,dunlin/XC489761.ogg
dunlin,[],['flight call'],48.7221,-3.5738,Calidris alpina,Dunlin,Morvan Corentin,Creative Commons Attribution-NonCommercial-ShareAlike 4.0,4.0,23:30,https://www.xeno-canto.org/489948,dunlin/XC489948.ogg
dunlin,[],['flight call'],48.2272,-3.5041,Calidris alpina,Dunlin,riou,Creative Commons Attribution-NonCommercial-ShareAlike 4.0,0.0,02:00,https://www.xeno-canto.org/492597,dunlin/XC492597.ogg
dunlin,[],"['flight call', 'nocturnal']",52.2892,-2.4197,Calidris alpina,Dunlin,Joe Sparey,Creative Commons Attribution-NonCommercial-ShareAlike 4.0,0.0,01:57,https://www.xeno-canto.org/493153,dunlin/XC493153.ogg
dunlin,[],['call'],51.8096,16.6488,Calidris alpina,Dunlin,Grzegorz Lorek,Creative Commons Attribution-NonCommercial-ShareAlike 4.0,0.0,20:20,https://www.xeno-canto.org/494213,dunlin/XC494213.ogg
dunlin,[],['flight call'],48.699,-1.5103,Calidris alpina,Dunlin,Stanislas Wroza,Creative Commons Attribution-NonCommercial-ShareAlike 4.0,5.0,22:00,https://www.xeno-canto.org/494498,dunlin/XC494498.ogg
dunlin,[],['flight call'],48.699,-1.5103,Calidris alpina,Dunlin,Stanislas Wroza,Creative Commons Attribution-NonCommercial-ShareAlike 4.0,5.0,22:00,https://www.xeno-canto.org/494499,dunlin/XC494499.ogg
dunlin,[],['flight call'],48.699,-1.5103,Calidris alpina,Dunlin,Stanislas Wroza,Creative Commons Attribution-NonCommercial-ShareAlike 4.0,5.0,22:00,https://www.xeno-canto.org/494500,dunlin/XC494500.ogg
dunlin,[],['flight call'],48.699,-1.5103,Calidris alpina,Dunlin,Stanislas Wroza,Creative Commons Attribution-NonCommercial-ShareAlike 4.0,0.0,22:00,https://www.xeno-canto.org/494501,dunlin/XC494501.ogg
dunlin,[],['flight call'],48.699,-1.5103,Calidris alpina,Dunlin,Stanislas Wroza,Creative Commons Attribution-NonCommercial-ShareAlike 4.0,0.0,22:00,https://www.xeno-canto.org/494502,dunlin/XC494502.ogg
dunlin,[],"['call', 'flight call']",37.1357,-7.6138,Calidris alpina,Dunlin,Nelson Conceição,Creative Commons Attribution-NonCommercial-ShareAlike 4.0,2.5,12:35,https://www.xeno-canto.org/495426,dunlin/XC495426.ogg
dunlin,[],['call'],70.1465,28.8622,Calidris alpina,Dunlin,brickegickel,Creative Commons Attribution-NonCommercial-ShareAlike 4.0,5.0,08:00,https://www.xeno-canto.org/496100,dunlin/XC496100.ogg
dunlin,[],['call'],70.1465,28.8622,Calidris alpina,Dunlin,brickegickel,Creative Commons Attribution-NonCommercial-ShareAlike 4.0,5.0,08:00,https://www.xeno-canto.org/496101,dunlin/XC496101.ogg
dunlin,[],['call'],70.1465,28.8622,Calidris alpina,Dunlin,brickegickel,Creative Commons Attribution-NonCommercial-ShareAlike 4.0,4.0,09:00,https://www.xeno-canto.org/496307,dunlin/XC496307.ogg
dunlin,[],['nocturnal flight call'],53.7476,9.67,Calidris alpina,Dunlin,Paul Ehlers,Creative Commons Attribution-NonCommercial-ShareAlike 4.0,0.0,04:16,https://www.xeno-canto.org/496323,dunlin/XC496323.ogg
dunlin,[],['flight call'],46.3043,-1.2931,Calidris alpina,Dunlin,Jack Berteau,Creative Commons Attribution-NonCommercial-ShareAlike 4.0,5.0,07:30,https://www.xeno-canto.org/496379,dunlin/XC496379.ogg
dunlin,[],['Nocturnal flight call'],52.3859,16.8751,Calidris alpina,Dunlin,Paweł Szymański,Creative Commons Attribution-NonCommercial-ShareAlike 4.0,4.0,03:40,https://www.xeno-canto.org/496406,dunlin/XC496406.ogg
dunlin,[],['nocturnal flight call'],53.7476,9.67,Calidris alpina,Dunlin,Paul Ehlers,Creative Commons Attribution-NonCommercial-ShareAlike 4.0,3.0,01:00,https://www.xeno-canto.org/497122,dunlin/XC497122.ogg
dunlin,[],"['flight call', 'nocturnal flightcall']",59.4329,24.9453,Calidris alpina,Dunlin,Juha Saari,Creative Commons Attribution-NonCommercial-ShareAlike 4.0,0.0,01:32,https://www.xeno-canto.org/497851,dunlin/XC497851.ogg
dunlin,[],['nocturnal flight call'],52.5061,6.2538,Calidris alpina,Dunlin,Vincent Martens,Creative Commons Attribution-NonCommercial-ShareAlike 4.0,3.0,03:02,https://www.xeno-canto.org/497924,dunlin/XC497924.ogg
dunlin,[],['nocturnal flight call'],58.3749,26.6876,Calidris alpina,Dunlin,Uku Paal,Creative Commons Attribution-NonCommercial-ShareAlike 4.0,2.0,03:30,https://www.xeno-canto.org/499685,dunlin/XC499685.ogg
dunlin,[],"['call', 'song']",41.697,-8.851,Calidris alpina,Dunlin,Jorge Leitão,Creative Commons Attribution-NonCommercial-ShareAlike 4.0,0.0,17:27,https://www.xeno-canto.org/500145,dunlin/XC500145.ogg
dunlin,[],['call'],41.697,-8.851,Calidris alpina,Dunlin,Jorge Leitão,Creative Commons Attribution-NonCommercial-ShareAlike 4.0,0.0,17:30,https://www.xeno-canto.org/500159,dunlin/XC500159.ogg
dunlin,[],['call'],51.806,16.6505,Calidris alpina,Dunlin,Grzegorz Lorek,Creative Commons Attribution-NonCommercial-ShareAlike 4.0,0.0,18:00,https://www.xeno-canto.org/500637,dunlin/XC500637.ogg
dunlin,['gwfgoo'],['flight call'],51.4155,4.822,Calidris alpina,Dunlin,Stijn Leestmans,Creative Commons Attribution-NonCommercial-ShareAlike 4.0,1.5,09:30,https://www.xeno-canto.org/501016,dunlin/XC501016.ogg
dunlin,[],['call'],53.6291,0.1283,Calidris alpina,Dunlin,David Darrell-Lambert,Creative Commons Attribution-NonCommercial-ShareAlike 4.0,4.5,09:00,https://www.xeno-canto.org/501204,dunlin/XC501204.ogg
dunlin,[],['call'],53.6291,0.1283,Calidris alpina,Dunlin,David Darrell-Lambert,Creative Commons Attribution-NonCommercial-ShareAlike 4.0,4.5,09:00,https://www.xeno-canto.org/501205,dunlin/XC501205.ogg
dunlin,[],['call'],53.6291,0.1283,Calidris alpina,Dunlin,David Darrell-Lambert,Creative Commons Attribution-NonCommercial-ShareAlike 4.0,4.5,09:00,https://www.xeno-canto.org/501206,dunlin/XC501206.ogg
dunlin,[],['call'],53.6291,0.1283,Calidris alpina,Dunlin,David Darrell-Lambert,Creative Commons Attribution-NonCommercial-ShareAlike 4.0,4.5,09:00,https://www.xeno-canto.org/501207,dunlin/XC501207.ogg
dunlin,[],['flight call'],51.0406,3.713,Calidris alpina,Dunlin,Koen Lepla,Creative Commons Attribution-NonCommercial-ShareAlike 4.0,0.0,21:30,https://www.xeno-canto.org/501450,dunlin/XC501450.ogg
dunlin,[],['Nocturnal flight call'],52.3856,16.8742,Calidris alpina,Dunlin,Paweł Szymański,Creative Commons Attribution-NonCommercial-ShareAlike 4.0,3.0,00:00,https://www.xeno-canto.org/501452,dunlin/XC501452.ogg
dunlin,[],['nocturnal flight call'],50.8852,4.3316,Calidris alpina,Dunlin,Seynaeve Adriaan,Creative Commons Attribution-NonCommercial-ShareAlike 4.0,0.0,04:46,https://www.xeno-canto.org/504634,dunlin/XC504634.ogg
dunlin,[],"['call', 'flight call', 'nocturnal flight call']",52.0172,-0.34,Calidris alpina,Dunlin,James P,Creative Commons Attribution-NonCommercial-ShareAlike 4.0,3.0,23:59,https://www.xeno-canto.org/504788,dunlin/XC504788.ogg
dunlin,[],['flight call'],51.9707,5.3833,Calidris alpina,Dunlin,Peter van Vlaardingen,Creative Commons Attribution-NonCommercial-ShareAlike 4.0,1.5,8:10,https://www.xeno-canto.org/504882,dunlin/XC504882.ogg
dunlin,[],"['flight call', 'nocturnal flight call']",53.248,6.5804,Calidris alpina,Dunlin,Jacob Bosma,Creative Commons Attribution-NonCommercial-ShareAlike 4.0,2.0,04:00,https://www.xeno-canto.org/506984,dunlin/XC506984.ogg
dunlin,[],"['call', 'life stage uncertain', 'sex uncertain']",43.3339,-70.5423,Calidris alpina,Dunlin,Will Sweet,Creative Commons Attribution-NonCommercial-ShareAlike 4.0,3.0,14:30,https://www.xeno-canto.org/508126,dunlin/XC508126.ogg
dunlin,['sander'],['call'],37.133,-7.6147,Calidris alpina,Dunlin,Nelson Conceição,Creative Commons Attribution-NonCommercial-ShareAlike 4.0,2.5,10:18,https://www.xeno-canto.org/510551,dunlin/XC510551.ogg
dunlin,[],['call'],34.7305,136.5285,Calidris alpina,Dunlin,Anon Torimi,Creative Commons Attribution-NonCommercial-ShareAlike 4.0,3.0,11:20,https://www.xeno-canto.org/513144,dunlin/XC513144.ogg
dunlin,[],['call'],34.7101,135.3554,Calidris alpina,Dunlin,Anon Torimi,Creative Commons Attribution-NonCommercial-ShareAlike 4.0,4.0,14:50,https://www.xeno-canto.org/513986,dunlin/XC513986.ogg
dunlin,[],['call'],34.7101,135.3554,Calidris alpina,Dunlin,Anon Torimi,Creative Commons Attribution-NonCommercial-ShareAlike 4.0,3.0,13:55,https://www.xeno-canto.org/513992,dunlin/XC513992.ogg
dunlin,[],['nocturnal flight call'],47.3887,-2.9666,Calidris alpina,Dunlin,riou,Creative Commons Attribution-NonCommercial-ShareAlike 4.0,3.0,03:00,https://www.xeno-canto.org/516195,dunlin/XC516195.ogg
dunlin,[],['Feeding Flock'],40.7155,0.8473,Calidris alpina,Dunlin,Sean Ronayne,Creative Commons Attribution-NonCommercial-ShareAlike 4.0,5.0,11:30,https://www.xeno-canto.org/518444,dunlin/XC518444.ogg
dunlin,[],"['Twitter and Grate', 'call']",39.761,-74.103,Calidris alpina,Dunlin,William Whitehead,Creative Commons Attribution-NonCommercial-ShareAlike 4.0,4.0,10:00,https://www.xeno-canto.org/518815,dunlin/XC518815.ogg
dunlin,[],"['adult', 'flight call', 'male']",70.1843,19.8821,Calidris alpina,Dunlin,Stein Ø. Nilsen,Creative Commons Attribution-NonCommercial-ShareAlike 4.0,5.0,06:00,https://www.xeno-canto.org/523621,dunlin/XC523621.ogg
dunlin,[],"['call', 'flight call']",53.9299,-2.9833,Calidris alpina,Dunlin,Chris Batty,Creative Commons Attribution-NonCommercial-ShareAlike 4.0,2.5,?,https://www.xeno-canto.org/526111,dunlin/XC526111.ogg
dunlin,[],"['call', 'flight call', 'nocturnal flight call']",53.9299,-2.9833,Calidris alpina,Dunlin,Chris Batty,Creative Commons Attribution-NonCommercial-ShareAlike 4.0,2.5,03:17,https://www.xeno-canto.org/526113,dunlin/XC526113.ogg
dunlin,[],"['call', 'flight call', 'nocturnal flight call', 'song']",53.9299,-2.9833,Calidris alpina,Dunlin,Chris Batty,Creative Commons Attribution-NonCommercial-ShareAlike 4.0,1.5,?,https://www.xeno-canto.org/526114,dunlin/XC526114.ogg
dunlin,[],"['call', 'flight call', 'nocturnal flight call']",53.9299,-2.9833,Calidris alpina,Dunlin,Chris Batty,Creative Commons Attribution-NonCommercial-ShareAlike 4.0,2.5,22:12,https://www.xeno-canto.org/526115,dunlin/XC526115.ogg
dunlin,[],"['nocturnal flight call', 'song']",53.9299,-2.9833,Calidris alpina,Dunlin,Chris Batty,Creative Commons Attribution-NonCommercial-ShareAlike 4.0,3.0,01:07,https://www.xeno-canto.org/526116,dunlin/XC526116.ogg
dunlin,[],"['call', 'flight call', 'nocturnal flight call']",53.9299,-2.9833,Calidris alpina,Dunlin,Chris Batty,Creative Commons Attribution-NonCommercial-ShareAlike 4.0,2.5,00:44,https://www.xeno-canto.org/526117,dunlin/XC526117.ogg
dunlin,[],"['call', 'flight call']",53.9299,-2.9833,Calidris alpina,Dunlin,Chris Batty,Creative Commons Attribution-NonCommercial-ShareAlike 4.0,2.5,06:48,https://www.xeno-canto.org/526118,dunlin/XC526118.ogg
dunlin,[],"['call', 'flight call']",53.9299,-2.9833,Calidris alpina,Dunlin,Chris Batty,Creative Commons Attribution-NonCommercial-ShareAlike 4.0,2.5,07:02,https://www.xeno-canto.org/526119,dunlin/XC526119.ogg
dunlin,[],"['call', 'flight call', 'nocturnal flight call']",53.9299,-2.9833,Calidris alpina,Dunlin,Chris Batty,Creative Commons Attribution-NonCommercial-ShareAlike 4.0,3.0,21:16,https://www.xeno-canto.org/526120,dunlin/XC526120.ogg
dunlin,[],['flight call'],44.6562,-1.2553,Calidris alpina,Dunlin,Stanislas Wroza,Creative Commons Attribution-NonCommercial-ShareAlike 4.0,5.0,09:00,https://www.xeno-canto.org/526218,dunlin/XC526218.ogg
dunlin,[],"['nocturnal flight call', 'song']",53.9299,-2.9833,Calidris alpina,Dunlin,Chris Batty,Creative Commons Attribution-NonCommercial-ShareAlike 4.0,3.0,23:12,https://www.xeno-canto.org/526636,dunlin/XC526636.ogg
dunlin,[],"['call', 'flight call', 'nocturnal flight call']",53.9299,-2.9833,Calidris alpina,Dunlin,Chris Batty,Creative Commons Attribution-NonCommercial-ShareAlike 4.0,3.0,21:51,https://www.xeno-canto.org/526637,dunlin/XC526637.ogg
dunlin,[],"['call', 'flight call', 'nocturnal flight call']",53.9299,-2.9833,Calidris alpina,Dunlin,Chris Batty,Creative Commons Attribution-NonCommercial-ShareAlike 4.0,2.5,01:13,https://www.xeno-canto.org/526639,dunlin/XC526639.ogg
dunlin,[],"['call', 'flight call']",53.9299,-2.9833,Calidris alpina,Dunlin,Chris Batty,Creative Commons Attribution-NonCommercial-ShareAlike 4.0,3.0,07:01,https://www.xeno-canto.org/526640,dunlin/XC526640.ogg
dunlin,[],"['nocturnal flight call', 'song']",53.9299,-2.9833,Calidris alpina,Dunlin,Chris Batty,Creative Commons Attribution-NonCommercial-ShareAlike 4.0,3.0,22:35,https://www.xeno-canto.org/526642,dunlin/XC526642.ogg
dunlin,[],"['call', 'flight call', 'nocturnal flight call']",53.9299,-2.9833,Calidris alpina,Dunlin,Chris Batty,Creative Commons Attribution-NonCommercial-ShareAlike 4.0,3.0,00:26,https://www.xeno-canto.org/526643,dunlin/XC526643.ogg
dunlin,[],"['call', 'flight call', 'nocturnal flight call']",53.9299,-2.9833,Calidris alpina,Dunlin,Chris Batty,Creative Commons Attribution-NonCommercial-ShareAlike 4.0,2.5,03:39,https://www.xeno-canto.org/526644,dunlin/XC526644.ogg
dunlin,[],"['call', 'flight call']",53.9299,-2.9833,Calidris alpina,Dunlin,Chris Batty,Creative Commons Attribution-NonCommercial-ShareAlike 4.0,2.5,05:40,https://www.xeno-canto.org/526645,dunlin/XC526645.ogg
dunlin,[],"['call', 'flight call', 'nocturnal flight call']",53.9299,-2.9833,Calidris alpina,Dunlin,Chris Batty,Creative Commons Attribution-NonCommercial-ShareAlike 4.0,2.5,21:18,https://www.xeno-canto.org/526646,dunlin/XC526646.ogg
dunlin,[],['call'],49.914,-6.3069,Calidris alpina,Dunlin,James Lidster,Creative Commons Attribution-NonCommercial-ShareAlike 4.0,2.0,04:30,https://www.xeno-canto.org/526730,dunlin/XC526730.ogg
dunlin,[],"['nocturnal flight call', 'social calls']",48.4549,-5.1297,Calidris alpina,Dunlin,Stanislas Wroza,Creative Commons Attribution-NonCommercial-ShareAlike 4.0,3.0,02:00,https://www.xeno-canto.org/526857,dunlin/XC526857.ogg
dunlin,[],['nocturnal flight call'],48.4549,-5.1297,Calidris alpina,Dunlin,Stanislas Wroza,Creative Commons Attribution-NonCommercial-ShareAlike 4.0,3.0,02:00,https://www.xeno-canto.org/526858,dunlin/XC526858.ogg
dunlin,[],['nocturnal flight call'],48.4549,-5.1297,Calidris alpina,Dunlin,Stanislas Wroza,Creative Commons Attribution-NonCommercial-ShareAlike 4.0,4.0,01:00,https://www.xeno-canto.org/526888,dunlin/XC526888.ogg
dunlin,[],['nocturnal flight call'],48.4549,-5.1297,Calidris alpina,Dunlin,Stanislas Wroza,Creative Commons Attribution-NonCommercial-ShareAlike 4.0,2.0,03:00,https://www.xeno-canto.org/526915,dunlin/XC526915.ogg
dunlin,[],['nocturnal flight call'],48.4549,-5.1297,Calidris alpina,Dunlin,Stanislas Wroza,Creative Commons Attribution-NonCommercial-ShareAlike 4.0,4.0,03:00,https://www.xeno-canto.org/526916,dunlin/XC526916.ogg
dunlin,[],"['call', 'flight call']",51.9612,5.8104,Calidris alpina,Dunlin,James Lidster,Creative Commons Attribution-NonCommercial-ShareAlike 4.0,1.0,23:30,https://www.xeno-canto.org/528639,dunlin/XC528639.ogg
dunlin,[],"['call', 'flight call', 'nocturnal flight call']",52.0172,-0.34,Calidris alpina,Dunlin,James P,Creative Commons Attribution-NonCommercial-ShareAlike 4.0,3.0,04:25,https://www.xeno-canto.org/531798,dunlin/XC531798.ogg
dunlin,[],['flight call'],44.6562,-1.2553,Calidris alpina,Dunlin,Stanislas Wroza,Creative Commons Attribution-NonCommercial-ShareAlike 4.0,3.0,08:30,https://www.xeno-canto.org/535951,dunlin/XC535951.ogg
dunlin,[],['flight call'],44.6562,-1.2553,Calidris alpina,Dunlin,Stanislas Wroza,Creative Commons Attribution-NonCommercial-ShareAlike 4.0,2.0,08:30,https://www.xeno-canto.org/535953,dunlin/XC535953.ogg
dunlin,[],['nocturnal flight call'],45.2867,4.8289,Calidris alpina,Dunlin,Vincent Palomares,Creative Commons Attribution-NonCommercial-ShareAlike 4.0,3.0,03:30,https://www.xeno-canto.org/537564,dunlin/XC537564.ogg
dunlin,[],"['flight call', 'nocturnal flight call']",51.1715,-0.5644,Calidris alpina,Dunlin,Ed Stubbs,Creative Commons Attribution-NonCommercial-ShareAlike 4.0,2.0,01:48,https://www.xeno-canto.org/540824,dunlin/XC540824.ogg
dunlin,[],"['flight call', 'nocturnal flight call']",51.056,-1.322,Calidris alpina,Dunlin,Tom Jordan,Creative Commons Attribution-NonCommercial-ShareAlike 4.0,2.0,05:36,https://www.xeno-canto.org/541122,dunlin/XC541122.ogg
dunlin,[],['nocturnal flight call'],45.3103,1.639,Calidris alpina,Dunlin,Julien Barataud,Creative Commons Attribution-NonCommercial-ShareAlike 4.0,2.0,23:46,https://www.xeno-canto.org/543941,dunlin/XC543941.ogg
dunlin,[],['nocturnal flight call'],54.1951,-3.0927,Calidris alpina,Dunlin,Mike Douglas,Creative Commons Attribution-NonCommercial-ShareAlike 4.0,2.0,05:02,https://www.xeno-canto.org/544701,dunlin/XC544701.ogg
dunlin,[],['nocturnal flight call'],46.2027,-1.1649,Calidris alpina,Dunlin,BAUDOUIN,Creative Commons Attribution-NonCommercial-ShareAlike 4.0,2.0,02:00,https://www.xeno-canto.org/544763,dunlin/XC544763.ogg
dunlin,[],"['flight call', 'life stage uncertain', 'sex uncertain']",43.2885,-5.8157,Calidris alpina,Dunlin,Luis Alvarez Menendez,Creative Commons Attribution-ShareAlike 4.0,3.0,06:30,https://www.xeno-canto.org/545082,dunlin/XC545082.ogg
dunlin,[],['nocturnal flight call'],47.9189,-2.2797,Calidris alpina,Dunlin,Gaëtan Mineau,Creative Commons Attribution-NonCommercial-ShareAlike 4.0,2.0,05:30,https://www.xeno-canto.org/546003,dunlin/XC546003.ogg
dunlin,[],"['life stage uncertain', 'nocturnal flight call']",51.1278,-3.2913,Calidris alpina,Dunlin,Will Langdon,Creative Commons Attribution-NonCommercial-ShareAlike 4.0,3.0,01:40,https://www.xeno-canto.org/547367,dunlin/XC547367.ogg
dunlin,[],"['life stage uncertain', 'nocturnal flight call', 'sex uncertain']",51.9036,-8.4871,Calidris alpina,Dunlin,Harry Hussey,Creative Commons Attribution-NonCommercial-ShareAlike 4.0,3.0,04:38,https://www.xeno-canto.org/548430,dunlin/XC548430.ogg
dunlin,[],['nocturnal flight call'],47.9189,-2.2797,Calidris alpina,Dunlin,Gaëtan Mineau,Creative Commons Attribution-NonCommercial-ShareAlike 4.0,1.0,02:00,https://www.xeno-canto.org/548645,dunlin/XC548645.ogg
dunlin,[],['nocturnal flight call'],48.7221,-3.5738,Calidris alpina,Dunlin,Morvan Corentin,Creative Commons Attribution-NonCommercial-ShareAlike 4.0,4.0,23:30,https://www.xeno-canto.org/550158,dunlin/XC550158.ogg
dunlin,[],"['call', 'flight call', 'life stage uncertain', 'nocturnal flight call', 'sex uncertain']",52.3088,-1.3115,Calidris alpina,Dunlin,Theo de Clermont,Creative Commons Attribution-NonCommercial-ShareAlike 4.0,2.0,03:00,https://www.xeno-canto.org/552146,dunlin/XC552146.ogg
dunlin,[],['nocturnal flight call'],37.1379,-7.6303,Calidris alpina,Dunlin,Nelson Conceição,Creative Commons Attribution-NonCommercial-ShareAlike 4.0,3.0,00:53,https://www.xeno-canto.org/552634,dunlin/XC552634.ogg
dunlin,[],['nocturnal flight call'],37.1379,-7.6303,Calidris alpina,Dunlin,Nelson Conceição,Creative Commons Attribution-NonCommercial-ShareAlike 4.0,3.0,02:38,https://www.xeno-canto.org/552645,dunlin/XC552645.ogg
dunlin,[],['nocturnal flight call'],37.1379,-7.6303,Calidris alpina,Dunlin,Nelson Conceição,Creative Commons Attribution-NonCommercial-ShareAlike 4.0,3.0,05:14,https://www.xeno-canto.org/552647,dunlin/XC552647.ogg
dunlin,['cangoo'],"['adult', 'call', 'male', 'sex uncertain', 'song']",58.6624,-93.834,Calidris alpina,Dunlin,Doug Hynes,Creative Commons Attribution-ShareAlike 4.0,0.0,08:51,https://www.xeno-canto.org/552848,dunlin/XC552848.ogg
dunlin,[],"['life stage uncertain', 'nocturnal flight call', 'sex uncertain']",38.5553,-6.0661,Calidris alpina,Dunlin,Eduardo Realinho,Creative Commons Attribution-NonCommercial-ShareAlike 4.0,3.5,05:30,https://www.xeno-canto.org/553011,dunlin/XC553011.ogg
dunlin,[],"['life stage uncertain', 'nocturnal flight call', 'sex uncertain']",38.5553,-6.0661,Calidris alpina,Dunlin,Eduardo Realinho,Creative Commons Attribution-NonCommercial-ShareAlike 4.0,4.0,01:00,https://www.xeno-canto.org/553014,dunlin/XC553014.ogg
dunlin,[],"['adult', 'nocturnal flight call', 'sex uncertain']",52.0165,-8.5699,Calidris alpina,Dunlin,Michael John O Mahony,Creative Commons Attribution-NonCommercial-ShareAlike 4.0,5.0,11:00,https://www.xeno-canto.org/553371,dunlin/XC553371.ogg
dunlin,[],['flight call'],37.1357,-7.6138,Calidris alpina,Dunlin,Nelson Conceição,Creative Commons Attribution-NonCommercial-ShareAlike 4.0,4.5,19:45,https://www.xeno-canto.org/554096,dunlin/XC554096.ogg
dunlin,[],['call'],37.1357,-7.6138,Calidris alpina,Dunlin,Nelson Conceição,Creative Commons Attribution-NonCommercial-ShareAlike 4.0,4.5,20:38,https://www.xeno-canto.org/554101,dunlin/XC554101.ogg
dunlin,[],"['call', 'flight call']",37.1357,-7.6138,Calidris alpina,Dunlin,Nelson Conceição,Creative Commons Attribution-NonCommercial-ShareAlike 4.0,4.5,20:38,https://www.xeno-canto.org/554103,dunlin/XC554103.ogg
dunlin,[],"['call', 'flight call']",37.1357,-7.6138,Calidris alpina,Dunlin,Nelson Conceição,Creative Commons Attribution-NonCommercial-ShareAlike 4.0,4.5,20:51,https://www.xeno-canto.org/554104,dunlin/XC554104.ogg
dunlin,[],['flight call'],50.7193,3.2228,Calidris alpina,Dunlin,Nicolas Selosse,Creative Commons Attribution-NonCommercial-ShareAlike 4.0,3.0,00:54,https://www.xeno-canto.org/554119,dunlin/XC554119.ogg
dunlin,[],['flight call'],50.7193,3.2228,Calidris alpina,Dunlin,Nicolas Selosse,Creative Commons Attribution-NonCommercial-ShareAlike 4.0,3.0,01:04,https://www.xeno-canto.org/554120,dunlin/XC554120.ogg
dunlin,[],['flight call'],50.7193,3.2228,Calidris alpina,Dunlin,Nicolas Selosse,Creative Commons Attribution-NonCommercial-ShareAlike 4.0,3.0,01:17,https://www.xeno-canto.org/554121,dunlin/XC554121.ogg
dunlin,[],['nocturnal flight call'],47.9189,-2.2797,Calidris alpina,Dunlin,Gaëtan Mineau,Creative Commons Attribution-NonCommercial-ShareAlike 4.0,3.0,00:00,https://www.xeno-canto.org/554202,dunlin/XC554202.ogg
dunlin,[],"['flight call', 'nocturnal flight call']",51.056,-1.322,Calidris alpina,Dunlin,Tom Jordan,Creative Commons Attribution-NonCommercial-ShareAlike 4.0,3.0,02:56,https://www.xeno-canto.org/554875,dunlin/XC554875.ogg
dunlin,[],"['life stage uncertain', 'nocturnal flight call', 'sex uncertain']",51.7575,-0.4687,Calidris alpina,Dunlin,Calum Mckellar,Creative Commons Attribution-NonCommercial-ShareAlike 4.0,2.0,01:00,https://www.xeno-canto.org/555827,dunlin/XC555827.ogg
dunlin,[],"['flight call', 'nocturnal flight call']",51.056,-1.322,Calidris alpina,Dunlin,Tom Jordan,Creative Commons Attribution-NonCommercial-ShareAlike 4.0,1.5,23:18,https://www.xeno-canto.org/556865,dunlin/XC556865.ogg
dunlin,[],['nocturnal flight call'],57.4706,-4.163,Calidris alpina,Dunlin,B Whyte,Creative Commons Attribution-NonCommercial-ShareAlike 4.0,2.0,02:00,https://www.xeno-canto.org/559154,dunlin/XC559154.ogg
dunlin,[],['nocturnal flight call'],50.7193,3.2228,Calidris alpina,Dunlin,Nicolas Selosse,Creative Commons Attribution-NonCommercial-ShareAlike 4.0,2.0,23:40,https://www.xeno-canto.org/559387,dunlin/XC559387.ogg
dunlin,[],"['adult', 'call', 'flight call', 'nocturnal flight call']",57.2821,-3.6965,Calidris alpina,Dunlin,Peter Stronach,Creative Commons Attribution-NonCommercial-ShareAlike 4.0,3.0,01:51,https://www.xeno-canto.org/559873,dunlin/XC559873.ogg
dunlin,[],['nocturnal flight call'],56.0615,-3.4122,Calidris alpina,Dunlin,Graham Sparshott,Creative Commons Attribution-NonCommercial-ShareAlike 4.0,1.0,02:23,https://www.xeno-canto.org/559919,dunlin/XC559919.ogg
dunlin,[],['nocturnal flight call'],57.4706,-4.163,Calidris alpina,Dunlin,B Whyte,Creative Commons Attribution-NonCommercial-ShareAlike 4.0,2.0,02:00,https://www.xeno-canto.org/562551,dunlin/XC562551.ogg
dunlin,[],['nocturnal flight call'],57.4706,-4.163,Calidris alpina,Dunlin,B Whyte,Creative Commons Attribution-NonCommercial-ShareAlike 4.0,1.5,02:30,https://www.xeno-canto.org/563165,dunlin/XC563165.ogg
dunlin,[],['flight call'],65.957,16.2078,Calidris alpina,Dunlin,Lars Edenius,Creative Commons Attribution-NonCommercial-ShareAlike 4.0,3.5,05:00,https://www.xeno-canto.org/564392,dunlin/XC564392.ogg
dunlin,[],"['adult', 'nocturnal flight call', 'sex uncertain']",51.8983,-8.4896,Calidris alpina,Dunlin,Mr Mark Shorten,Creative Commons Attribution-NonCommercial-ShareAlike 4.0,3.0,01:30,https://www.xeno-canto.org/565369,dunlin/XC565369.ogg
dunlin,[],"['call', 'flight call']",30.3514,-9.5014,Calidris alpina,Dunlin,Mike Nelson,Creative Commons Attribution-NonCommercial-ShareAlike 3.0,3.5,9:30am,https://www.xeno-canto.org/56565,dunlin/XC56565.ogg
dunlin,[],"['adult', 'call', 'sex uncertain', 'song']",58.6889,-94.1354,Calidris alpina,Dunlin,Doug Hynes,Creative Commons Attribution-ShareAlike 4.0,5.0,21:42,https://www.xeno-canto.org/566009,dunlin/XC566009.ogg
dunlin,[],['song'],65.103,14.447,Calidris alpina,Dunlin,Lars Edenius,Creative Commons Attribution-NonCommercial-ShareAlike 4.0,5.0,04:00,https://www.xeno-canto.org/567733,dunlin/XC567733.ogg
dunlin,[],"['life stage uncertain', 'nocturnal flight call', 'sex uncertain']",52.1551,-7.3835,Calidris alpina,Dunlin,Daniel Weldon,Creative Commons Attribution-NonCommercial-ShareAlike 4.0,5.0,03:00,https://www.xeno-canto.org/569777,dunlin/XC569777.ogg
dunlin,[],"['life stage uncertain', 'nocturnal flight call', 'sex uncertain']",54.949,-1.48,Calidris alpina,Dunlin,Mark Newsome,Creative Commons Attribution-NonCommercial-ShareAlike 4.0,4.0,00:48,https://www.xeno-canto.org/578783,dunlin/XC578783.ogg
dunlin,[],"['flight call', 'nocturnal flight call']",54.1818,-0.3203,Calidris alpina,Dunlin,Will Scott,Creative Commons Attribution-NonCommercial-ShareAlike 4.0,5.0,02:41,https://www.xeno-canto.org/579870,dunlin/XC579870.ogg
dunlin,[],['nocturnal flight call'],54.1951,-3.0927,Calidris alpina,Dunlin,Mike Douglas,Creative Commons Attribution-NonCommercial-ShareAlike 4.0,3.0,03:52,https://www.xeno-canto.org/581308,dunlin/XC581308.ogg
dunlin,[],"['flight call', 'nocturnal flight call']",51.6825,4.3454,Calidris alpina,Dunlin,Robbin van Dijk,Creative Commons Attribution-NonCommercial-ShareAlike 4.0,2.0,23:29,https://www.xeno-canto.org/581450,dunlin/XC581450.ogg
dunlin,[],['nocturnal flight call'],59.3158,18.0588,Calidris alpina,Dunlin,Alan Dalton,Creative Commons Attribution-NonCommercial-ShareAlike 4.0,4.0,02:30,https://www.xeno-canto.org/581775,dunlin/XC581775.ogg
dunlin,[],"['life stage uncertain', 'nocturnal flight call', 'sex uncertain']",43.7545,-0.8624,Calidris alpina,Dunlin,tardy sylvain,Creative Commons Attribution-NonCommercial-ShareAlike 4.0,2.0,04:27,https://www.xeno-canto.org/582071,dunlin/XC582071.ogg
dunlin,[],['nocturnal flight call'],56.1872,-3.9688,Calidris alpina,Dunlin,Fiona Morton,Creative Commons Attribution-NonCommercial-ShareAlike 4.0,4.0,23:09,https://www.xeno-canto.org/582257,dunlin/XC582257.ogg
dunlin,[],"['life stage uncertain', 'nocturnal flight call', 'sex uncertain']",51.9036,-8.4871,Calidris alpina,Dunlin,Harry Hussey,Creative Commons Attribution-NonCommercial-ShareAlike 4.0,2.0,05:11,https://www.xeno-canto.org/582869,dunlin/XC582869.ogg
dunlin,[],"['life stage uncertain', 'nocturnal flight call', 'sex uncertain']",51.9036,-8.4871,Calidris alpina,Dunlin,Harry Hussey,Creative Commons Attribution-NonCommercial-ShareAlike 4.0,3.0,04:08,https://www.xeno-canto.org/583035,dunlin/XC583035.ogg
dunlin,[],['nocturnal flight call'],43.5352,-1.4475,Calidris alpina,Dunlin,Frédéric Cazaban,Creative Commons Attribution-NonCommercial-ShareAlike 4.0,4.5,04:37,https://www.xeno-canto.org/583972,dunlin/XC583972.ogg
dunlin,[],"['nocturnal flight call', 'sex uncertain']",52.0165,-8.5699,Calidris alpina,Dunlin,Michael John O Mahony,Creative Commons Attribution-NonCommercial-ShareAlike 4.0,5.0,23:30,https://www.xeno-canto.org/583985,dunlin/XC583985.ogg
dunlin,[],"['flight call', 'nocturnal flight call']",50.1191,18.9721,Calidris alpina,Dunlin,Ireneusz Oleksik,Creative Commons Attribution-NonCommercial-ShareAlike 4.0,1.0,01:27,https://www.xeno-canto.org/584273,dunlin/XC584273.ogg
dunlin,[],"['call', 'flight call', 'nocturnal flight call']",54.2081,-0.2889,Calidris alpina,Dunlin,Mark Pearson,Creative Commons Attribution-NonCommercial-ShareAlike 4.0,4.0,01:34,https://www.xeno-canto.org/584288,dunlin/XC584288.ogg
dunlin,[],"['flight call', 'nocturnal flight call', 'song']",48.459,-5.1292,Calidris alpina,Dunlin,Stanislas Wroza,Creative Commons Attribution-NonCommercial-ShareAlike 4.0,4.0,01:00,https://www.xeno-canto.org/584385,dunlin/XC584385.ogg
dunlin,[],"['flight call', 'nocturnal flight call', 'song']",48.459,-5.1292,Calidris alpina,Dunlin,Stanislas Wroza,Creative Commons Attribution-NonCommercial-ShareAlike 4.0,4.0,01:00,https://www.xeno-canto.org/584386,dunlin/XC584386.ogg
dunlin,['sander'],"['flight call', 'nocturnal flight call']",48.459,-5.1292,Calidris alpina,Dunlin,Stanislas Wroza,Creative Commons Attribution-NonCommercial-ShareAlike 4.0,4.5,01:00,https://www.xeno-canto.org/584387,dunlin/XC584387.ogg
dunlin,[],"['flight call', 'nocturnal flight call', 'various calls']",48.459,-5.1292,Calidris alpina,Dunlin,Stanislas Wroza,Creative Commons Attribution-NonCommercial-ShareAlike 4.0,5.0,01:00,https://www.xeno-canto.org/584388,dunlin/XC584388.ogg
dunlin,[],"['flight call', 'nocturnal flight call']",48.459,-5.1292,Calidris alpina,Dunlin,Stanislas Wroza,Creative Commons Attribution-NonCommercial-ShareAlike 4.0,3.0,01:00,https://www.xeno-canto.org/584389,dunlin/XC584389.ogg
dunlin,[],"['flight call', 'nocturnal flight call', 'song']",48.459,-5.1292,Calidris alpina,Dunlin,Stanislas Wroza,Creative Commons Attribution-NonCommercial-ShareAlike 4.0,4.0,01:00,https://www.xeno-canto.org/584390,dunlin/XC584390.ogg
dunlin,[],"['flight call', 'nocturnal flight call']",48.459,-5.1292,Calidris alpina,Dunlin,Stanislas Wroza,Creative Commons Attribution-NonCommercial-ShareAlike 4.0,5.0,01:00,https://www.xeno-canto.org/584391,dunlin/XC584391.ogg
dunlin,[],"['flight call', 'nocturnal flight call']",48.459,-5.1292,Calidris alpina,Dunlin,Stanislas Wroza,Creative Commons Attribution-NonCommercial-ShareAlike 4.0,3.0,01:00,https://www.xeno-canto.org/584392,dunlin/XC584392.ogg
dunlin,[],"['flight call', 'nocturnal flight call']",48.459,-5.1292,Calidris alpina,Dunlin,Stanislas Wroza,Creative Commons Attribution-NonCommercial-ShareAlike 4.0,4.0,01:00,https://www.xeno-canto.org/584429,dunlin/XC584429.ogg
dunlin,[],"['aberrant', 'flight call', 'nocturnal flight call']",48.459,-5.1292,Calidris alpina,Dunlin,Stanislas Wroza,Creative Commons Attribution-NonCommercial-ShareAlike 4.0,4.0,01:00,https://www.xeno-canto.org/584430,dunlin/XC584430.ogg
dunlin,[],"['flight call', 'nocturnal flight call']",48.459,-5.1292,Calidris alpina,Dunlin,Stanislas Wroza,Creative Commons Attribution-NonCommercial-ShareAlike 4.0,4.0,01:00,https://www.xeno-canto.org/584431,dunlin/XC584431.ogg
dunlin,[],"['flat calls', 'flight call', 'nocturnal flight call']",48.459,-5.1292,Calidris alpina,Dunlin,Stanislas Wroza,Creative Commons Attribution-NonCommercial-ShareAlike 4.0,4.0,01:00,https://www.xeno-canto.org/584432,dunlin/XC584432.ogg
dunlin,[],"['flat calls', 'flight call', 'nocturnal flight call']",48.459,-5.1292,Calidris alpina,Dunlin,Stanislas Wroza,Creative Commons Attribution-NonCommercial-ShareAlike 4.0,4.0,01:00,https://www.xeno-canto.org/584433,dunlin/XC584433.ogg
dunlin,[],"['flight call', 'nocturnal flight call']",48.459,-5.1292,Calidris alpina,Dunlin,Stanislas Wroza,Creative Commons Attribution-NonCommercial-ShareAlike 4.0,4.0,01:00,https://www.xeno-canto.org/584467,dunlin/XC584467.ogg
dunlin,[],"['flight call', 'nocturnal flight call', 'short calls']",48.459,-5.1292,Calidris alpina,Dunlin,Stanislas Wroza,Creative Commons Attribution-NonCommercial-ShareAlike 4.0,4.0,01:00,https://www.xeno-canto.org/584468,dunlin/XC584468.ogg
dunlin,[],"['flight call', 'nocturnal flight call', 'short calls']",48.459,-5.1292,Calidris alpina,Dunlin,Stanislas Wroza,Creative Commons Attribution-NonCommercial-ShareAlike 4.0,4.0,01:00,https://www.xeno-canto.org/584469,dunlin/XC584469.ogg
dunlin,[],"['flight call', 'nocturnal flight call', 'short calls']",48.459,-5.1292,Calidris alpina,Dunlin,Stanislas Wroza,Creative Commons Attribution-NonCommercial-ShareAlike 4.0,4.0,01:00,https://www.xeno-canto.org/584470,dunlin/XC584470.ogg
dunlin,[],"['flight call', 'nocturnal flight call', 'short calls']",48.459,-5.1292,Calidris alpina,Dunlin,Stanislas Wroza,Creative Commons Attribution-NonCommercial-ShareAlike 4.0,4.0,01:00,https://www.xeno-canto.org/584471,dunlin/XC584471.ogg
dunlin,[],"['flight call', 'nocturnal flight call']",48.459,-5.1292,Calidris alpina,Dunlin,Stanislas Wroza,Creative Commons Attribution-NonCommercial-ShareAlike 4.0,4.0,01:00,https://www.xeno-canto.org/584472,dunlin/XC584472.ogg
dunlin,[],"['flight call', 'nocturnal flight call']",48.459,-5.1292,Calidris alpina,Dunlin,Stanislas Wroza,Creative Commons Attribution-NonCommercial-ShareAlike 4.0,5.0,01:00,https://www.xeno-canto.org/584473,dunlin/XC584473.ogg
dunlin,[],"['flight call', 'nocturnal flight call']",48.459,-5.1292,Calidris alpina,Dunlin,Stanislas Wroza,Creative Commons Attribution-NonCommercial-ShareAlike 4.0,4.0,01:00,https://www.xeno-canto.org/584474,dunlin/XC584474.ogg
dunlin,[],['nocturnal flight call'],39.3131,-9.2168,Calidris alpina,Dunlin,Helder Cardoso,Creative Commons Attribution-NonCommercial-ShareAlike 4.0,4.0,04:00,https://www.xeno-canto.org/584662,dunlin/XC584662.ogg
dunlin,[],"['flight call', 'nocturnal flight call', 'shot calls', 'soft calls', 'various calls']",48.4593,-5.1296,Calidris alpina,Dunlin,Stanislas Wroza,Creative Commons Attribution-NonCommercial-ShareAlike 4.0,4.0,02:00,https://www.xeno-canto.org/584748,dunlin/XC584748.ogg
dunlin,[],"['nocturnal flight call', 'soft call']",55.4107,12.8449,Calidris alpina,Dunlin,Johan Lorentzon,Creative Commons Attribution-NonCommercial-ShareAlike 4.0,5.0,00:06,https://www.xeno-canto.org/585043,dunlin/XC585043.ogg
dunlin,[],"['chatter', 'nocturnal flight call']",57.7441,10.6363,Calidris alpina,Dunlin,Martin Grienenberger,Creative Commons Attribution-NonCommercial-ShareAlike 4.0,3.0,02:12,https://www.xeno-canto.org/585049,dunlin/XC585049.ogg
dunlin,[],['nocturnal flight call'],57.7441,10.6363,Calidris alpina,Dunlin,Martin Grienenberger,Creative Commons Attribution-NonCommercial-ShareAlike 4.0,3.0,04:09,https://www.xeno-canto.org/585167,dunlin/XC585167.ogg
dunlin,[],"['life stage uncertain', 'nocturnal flight call', 'sex uncertain']",59.3158,18.0588,Calidris alpina,Dunlin,Alan Dalton,Creative Commons Attribution-NonCommercial-ShareAlike 4.0,5.0,22:30,https://www.xeno-canto.org/585381,dunlin/XC585381.ogg
dunlin,[],"['flight call', 'nocturnal flight call']",50.7542,4.5672,Calidris alpina,Dunlin,Frederik Fluyt,Creative Commons Attribution-NonCommercial-ShareAlike 4.0,4.0,01:00,https://www.xeno-canto.org/585759,dunlin/XC585759.ogg
dunlin,[],['nocturnal flight call'],51.6825,4.3454,Calidris alpina,Dunlin,Robbin van Dijk,Creative Commons Attribution-NonCommercial-ShareAlike 4.0,4.0,05:55,https://www.xeno-canto.org/585850,dunlin/XC585850.ogg
dunlin,[],['nocturnal flight call'],58.3749,26.6876,Calidris alpina,Dunlin,Uku Paal,Creative Commons Attribution-NonCommercial-ShareAlike 4.0,4.0,22:30,https://www.xeno-canto.org/586474,dunlin/XC586474.ogg
dunlin,[],['nocturnal flight call'],56.1872,-3.9688,Calidris alpina,Dunlin,Fiona Morton,Creative Commons Attribution-NonCommercial-ShareAlike 4.0,4.0,02:24,https://www.xeno-canto.org/586706,dunlin/XC586706.ogg
dunlin,[],"['life stage uncertain', 'nocturnal flight call', 'sex uncertain']",51.589,6.1757,Calidris alpina,Dunlin,Jan Erik Kikkert,Creative Commons Attribution-NonCommercial-ShareAlike 4.0,3.0,23:37,https://www.xeno-canto.org/586993,dunlin/XC586993.ogg
dunlin,[],"['call', 'flight call']",48.0372,-4.8622,Calidris alpina,Dunlin,Stanislas Wroza,Creative Commons Attribution-NonCommercial-ShareAlike 4.0,5.0,07:00,https://www.xeno-canto.org/587246,dunlin/XC587246.ogg
dunlin,[],"['call', 'flight call', 'rolled call']",48.0372,-4.8622,Calidris alpina,Dunlin,Stanislas Wroza,Creative Commons Attribution-NonCommercial-ShareAlike 4.0,5.0,07:00,https://www.xeno-canto.org/587247,dunlin/XC587247.ogg
dunlin,[],"['call', 'social calls']",48.0372,-4.8622,Calidris alpina,Dunlin,Stanislas Wroza,Creative Commons Attribution-NonCommercial-ShareAlike 4.0,5.0,07:00,https://www.xeno-canto.org/587249,dunlin/XC587249.ogg
dunlin,[],"['call', 'social calls']",48.0372,-4.8622,Calidris alpina,Dunlin,Stanislas Wroza,Creative Commons Attribution-NonCommercial-ShareAlike 4.0,5.0,07:00,https://www.xeno-canto.org/587252,dunlin/XC587252.ogg
dunlin,[],"['call', 'social calls']",48.0372,-4.8622,Calidris alpina,Dunlin,Stanislas Wroza,Creative Commons Attribution-NonCommercial-ShareAlike 4.0,5.0,07:00,https://www.xeno-canto.org/587254,dunlin/XC587254.ogg
dunlin,[],"['call', 'social calls']",48.0372,-4.8622,Calidris alpina,Dunlin,Stanislas Wroza,Creative Commons Attribution-NonCommercial-ShareAlike 4.0,5.0,07:00,https://www.xeno-canto.org/587256,dunlin/XC587256.ogg
dunlin,[],"['call', 'social calls']",48.0372,-4.8622,Calidris alpina,Dunlin,Stanislas Wroza,Creative Commons Attribution-NonCommercial-ShareAlike 4.0,3.0,07:00,https://www.xeno-canto.org/587258,dunlin/XC587258.ogg
dunlin,[],"['call', 'social calls']",48.0372,-4.8622,Calidris alpina,Dunlin,Stanislas Wroza,Creative Commons Attribution-NonCommercial-ShareAlike 4.0,3.0,07:00,https://www.xeno-canto.org/587259,dunlin/XC587259.ogg
dunlin,[],"['call', 'flight call']",48.0372,-4.8622,Calidris alpina,Dunlin,Stanislas Wroza,Creative Commons Attribution-NonCommercial-ShareAlike 4.0,5.0,07:00,https://www.xeno-canto.org/587263,dunlin/XC587263.ogg
dunlin,[],"['call', 'flight call']",48.0372,-4.8622,Calidris alpina,Dunlin,Stanislas Wroza,Creative Commons Attribution-NonCommercial-ShareAlike 4.0,5.0,07:00,https://www.xeno-canto.org/587266,dunlin/XC587266.ogg
dunlin,[],"['call', 'flight call']",48.0372,-4.8622,Calidris alpina,Dunlin,Stanislas Wroza,Creative Commons Attribution-NonCommercial-ShareAlike 4.0,5.0,07:00,https://www.xeno-canto.org/587269,dunlin/XC587269.ogg
dunlin,[],"['call', 'flight call']",48.0372,-4.8622,Calidris alpina,Dunlin,Stanislas Wroza,Creative Commons Attribution-NonCommercial-ShareAlike 4.0,3.5,07:00,https://www.xeno-canto.org/587271,dunlin/XC587271.ogg
dunlin,[],['nocturnal flight call'],51.3532,-0.1461,Calidris alpina,Dunlin,Arjun Dutta,Creative Commons Attribution-NonCommercial-ShareAlike 4.0,4.0,03:51,https://www.xeno-canto.org/587489,dunlin/XC587489.ogg
dunlin,[],"['nocturnal flight call', 'sex uncertain']",51.3529,7.1223,Calidris alpina,Dunlin,Ralph Matull,Creative Commons Attribution-NonCommercial-ShareAlike 4.0,3.0,01:02,https://www.xeno-canto.org/587596,dunlin/XC587596.ogg
dunlin,[],"['flight call', 'nocturnal flight call']",50.1191,18.9721,Calidris alpina,Dunlin,Ireneusz Oleksik,Creative Commons Attribution-NonCommercial-ShareAlike 4.0,3.0,02:30,https://www.xeno-canto.org/587889,dunlin/XC587889.ogg
dunlin,[],['call'],59.8841,-1.2993,Calidris alpina,Dunlin,Andrew Harrop,Creative Commons Attribution-NonCommercial-ShareAlike 4.0,5.0,17:30,https://www.xeno-canto.org/588277,dunlin/XC588277.ogg
dunlin,[],"['flight call', 'nocturnal flight call']",51.0406,3.713,Calidris alpina,Dunlin,Koen Lepla,Creative Commons Attribution-NonCommercial-ShareAlike 4.0,4.0,00:30,https://www.xeno-canto.org/588396,dunlin/XC588396.ogg
dunlin,[],"['flight call', 'slightly odd call']",48.0372,-4.8622,Calidris alpina,Dunlin,Stanislas Wroza,Creative Commons Attribution-NonCommercial-ShareAlike 4.0,4.0,08:00,https://www.xeno-canto.org/588405,dunlin/XC588405.ogg
dunlin,[],['nocturnal flight call'],43.5352,-1.4475,Calidris alpina,Dunlin,Frédéric Cazaban,Creative Commons Attribution-NonCommercial-ShareAlike 4.0,3.5,04:24,https://www.xeno-canto.org/588428,dunlin/XC588428.ogg
dunlin,[],"['flight call', 'social calls in flight']",48.0372,-4.8622,Calidris alpina,Dunlin,Stanislas Wroza,Creative Commons Attribution-NonCommercial-ShareAlike 4.0,4.0,08:00,https://www.xeno-canto.org/588492,dunlin/XC588492.ogg
dunlin,[],"['alarm call', 'call', 'flight call', 'social calls']",48.0372,-4.8622,Calidris alpina,Dunlin,Stanislas Wroza,Creative Commons Attribution-NonCommercial-ShareAlike 4.0,4.0,08:00,https://www.xeno-canto.org/588493,dunlin/XC588493.ogg
dunlin,[],['nocturnal flight call'],48.0372,-4.8622,Calidris alpina,Dunlin,Stanislas Wroza,Creative Commons Attribution-NonCommercial-ShareAlike 4.0,4.0,01:00,https://www.xeno-canto.org/588585,dunlin/XC588585.ogg
dunlin,[],['nocturnal flight call'],43.5352,-1.4475,Calidris alpina,Dunlin,Frédéric Cazaban,Creative Commons Attribution-NonCommercial-ShareAlike 4.0,2.0,23:45,https://www.xeno-canto.org/588770,dunlin/XC588770.ogg
dunlin,[],"['life stage uncertain', 'nocturnal flight call', 'sex uncertain']",53.2415,-1.9088,Calidris alpina,Dunlin,Rowan Wakefield,Creative Commons Attribution-NonCommercial-ShareAlike 4.0,4.0,00:23,https://www.xeno-canto.org/589130,dunlin/XC589130.ogg
dunlin,[],"['call', 'flight call', 'nocturnal flight call']",53.1101,-0.4035,Calidris alpina,Dunlin,James P,Creative Commons Attribution-NonCommercial-ShareAlike 4.0,4.0,05:35,https://www.xeno-canto.org/589207,dunlin/XC589207.ogg
dunlin,[],['nocturnal flight call'],47.5959,7.66,Calidris alpina,Dunlin,Steffen Hartmann,Creative Commons Attribution-NonCommercial-ShareAlike 4.0,3.0,04:35,https://www.xeno-canto.org/589327,dunlin/XC589327.ogg
dunlin,[],['nocturnal flight call'],52.1418,5.3724,Calidris alpina,Dunlin,Frank Pierik,Creative Commons Attribution-NonCommercial-ShareAlike 4.0,3.0,05:00,https://www.xeno-canto.org/589336,dunlin/XC589336.ogg
dunlin,[],['nocturnal flight call'],48.0374,0.187,Calidris alpina,Dunlin,Christian Kerihuel,Creative Commons Attribution-NonCommercial-ShareAlike 4.0,3.0,23:00,https://www.xeno-canto.org/589464,dunlin/XC589464.ogg
dunlin,[],"['life stage uncertain', 'nocturnal flight call', 'sex uncertain']",59.3158,18.0588,Calidris alpina,Dunlin,Alan Dalton,Creative Commons Attribution-NonCommercial-ShareAlike 4.0,2.0,00:30,https://www.xeno-canto.org/589746,dunlin/XC589746.ogg
dunlin,[],['nocturnal flight call'],56.105,-3.9205,Calidris alpina,Dunlin,Graeme Cook,Creative Commons Attribution-NonCommercial-ShareAlike 4.0,2.0,01:30,https://www.xeno-canto.org/589813,dunlin/XC589813.ogg
dunlin,[],"['flight call', 'life stage uncertain', 'sex uncertain']",48.8826,9.0248,Calidris alpina,Dunlin,Jochen Völlm,Creative Commons Attribution-NonCommercial-ShareAlike 4.0,0.5,07:45,https://www.xeno-canto.org/591947,dunlin/XC591947.ogg
dunlin,['bkbplo'],['flight call'],49.3907,-1.1681,Calidris alpina,Dunlin,Alain Verneau,Creative Commons Attribution-NonCommercial-ShareAlike 4.0,3.5,14:30,https://www.xeno-canto.org/592721,dunlin/XC592721.ogg
dunlin,[],['flight call'],46.2676,-1.1985,Calidris alpina,Dunlin,Jack Berteau,Creative Commons Attribution-NonCommercial-ShareAlike 4.0,4.0,10:00,https://www.xeno-canto.org/593264,dunlin/XC593264.ogg
dunlin,[],['flight call'],46.3369,-1.3409,Calidris alpina,Dunlin,Jack Berteau,Creative Commons Attribution-NonCommercial-ShareAlike 4.0,4.0,11:00,https://www.xeno-canto.org/593271,dunlin/XC593271.ogg
dunlin,[],['flight call'],40.8591,-6.8807,Calidris alpina,Dunlin,Eduardo Realinho,Creative Commons Attribution-NonCommercial-ShareAlike 4.0,3.0,16:00,https://www.xeno-canto.org/594495,dunlin/XC594495.ogg
dunlin,[],['nocturnal flight call'],56.105,-3.9205,Calidris alpina,Dunlin,Graeme Cook,Creative Commons Attribution-NonCommercial-ShareAlike 4.0,4.0,22:00,https://www.xeno-canto.org/594562,dunlin/XC594562.ogg
dunlin,[],"['call', 'flight call', 'nocturnal flight call']",54.1145,-0.1224,Calidris alpina,Dunlin,Mark Pearson,Creative Commons Attribution-NonCommercial-ShareAlike 4.0,3.0,23:50,https://www.xeno-canto.org/594633,dunlin/XC594633.ogg
dunlin,['mallar3'],"['life stage uncertain', 'nocturnal flight call', 'sex uncertain']",52.0638,-0.3155,Calidris alpina,Dunlin,Paul Donald,Creative Commons Attribution-NonCommercial-ShareAlike 4.0,3.5,22:00,https://www.xeno-canto.org/595071,dunlin/XC595071.ogg
dunlin,[],['flight call'],48.0228,0.1995,Calidris alpina,Dunlin,Christian Kerihuel,Creative Commons Attribution-NonCommercial-ShareAlike 4.0,3.0,06:00,https://www.xeno-canto.org/595134,dunlin/XC595134.ogg
dunlin,[],"['flight call', 'life stage uncertain', 'sex uncertain']",51.562,-2.6617,Calidris alpina,Dunlin,Adam Cross,Creative Commons Attribution-NonCommercial-ShareAlike 4.0,3.5,19:45,https://www.xeno-canto.org/595327,dunlin/XC595327.ogg
dunlin,[],['nocturnal flight call'],44.9696,10.6401,Calidris alpina,Dunlin,Alessandro Pavesi,Creative Commons Attribution-NonCommercial-ShareAlike 4.0,2.0,22:27,https://www.xeno-canto.org/597266,dunlin/XC597266.ogg
dunlin,[],"['call', 'flight call', 'nocturnal flight call']",54.1145,-0.1224,Calidris alpina,Dunlin,Mark Pearson,Creative Commons Attribution-NonCommercial-ShareAlike 4.0,4.0,23:08,https://www.xeno-canto.org/597278,dunlin/XC597278.ogg
dunlin,[],['call'],40.7784,0.7213,Calidris alpina,Dunlin,Xavier Riera,Creative Commons Attribution-NonCommercial-ShareAlike 4.0,5.0,10:30,https://www.xeno-canto.org/597773,dunlin/XC597773.ogg
dunlin,[],"['flight call', 'life stage uncertain', 'sex uncertain']",52.6363,1.2763,Calidris alpina,Dunlin,Graham Clarke,Creative Commons Attribution-NonCommercial-ShareAlike 4.0,4.0,01:30,https://www.xeno-canto.org/601180,dunlin/XC601180.ogg
dunlin,[],"['call', 'flight call', 'nocturnal flight call']",53.1101,-0.4035,Calidris alpina,Dunlin,James P,Creative Commons Attribution-NonCommercial-ShareAlike 4.0,4.0,20:57,https://www.xeno-canto.org/601428,dunlin/XC601428.ogg
dunlin,[],"['flight call', 'nocturnal flight call']",43.6251,-5.7838,Calidris alpina,Dunlin,Raphaël Nussbaumer,Creative Commons Attribution-NonCommercial-ShareAlike 4.0,3.0,02:54,https://www.xeno-canto.org/602320,dunlin/XC602320.ogg
dunlin,[],"['flight call', 'nocturnal flight call']",43.6251,-5.7838,Calidris alpina,Dunlin,Raphaël Nussbaumer,Creative Commons Attribution-NonCommercial-ShareAlike 4.0,3.0,02:54,https://www.xeno-canto.org/602321,dunlin/XC602321.ogg
dunlin,[],['nocturnal flight call'],51.3626,4.4419,Calidris alpina,Dunlin,Bram Vogels,Creative Commons Attribution-NonCommercial-ShareAlike 4.0,4.0,02:00,https://www.xeno-canto.org/603067,dunlin/XC603067.ogg
dunlin,[],"['nocturnal flight call', 'sex uncertain']",52.687,1.2173,Calidris alpina,Dunlin,Nick Edwards,Creative Commons Attribution-NonCommercial-ShareAlike 4.0,4.0,21:30,https://www.xeno-canto.org/603891,dunlin/XC603891.ogg
dunlin,[],['nocturnal flight call'],49.506,-2.5348,Calidris alpina,Dunlin,Chris Massey,Creative Commons Attribution-NonCommercial-ShareAlike 4.0,4.0,04:15,https://www.xeno-canto.org/604246,dunlin/XC604246.ogg
dunlin,[],"['call', 'nocturnal flight call']",43.7412,-7.867,Calidris alpina,Dunlin,Ricardo Hevia,Creative Commons Attribution-NonCommercial-ShareAlike 4.0,4.0,00:30,https://www.xeno-canto.org/604277,dunlin/XC604277.ogg
dunlin,[],['nocturnal flight call'],41.5646,2.2254,Calidris alpina,Dunlin,Oriol Baena,Creative Commons Attribution-NonCommercial-ShareAlike 4.0,4.0,05:12,https://www.xeno-canto.org/606070,dunlin/XC606070.ogg
dunlin,[],"['adult', 'call', 'female', 'male']",48.2311,-122.3826,Calidris alpina,Dunlin,Bruce Lagerquist,Creative Commons Attribution-NonCommercial-ShareAlike 4.0,5.0,10:08,https://www.xeno-canto.org/607062,dunlin/XC607062.ogg
dunlin,[],"['adult', 'call', 'female', 'male']",48.2311,-122.3826,Calidris alpina,Dunlin,Bruce Lagerquist,Creative Commons Attribution-NonCommercial-ShareAlike 4.0,5.0,10:08,https://www.xeno-canto.org/607063,dunlin/XC607063.ogg
dunlin,[],['call'],36.6307,35.6085,Calidris alpina,Dunlin,Cedric Mroczko,Creative Commons Attribution-NonCommercial-ShareAlike 4.0,2.5,14:20,https://www.xeno-canto.org/609380,dunlin/XC609380.ogg
dunlin,[],['nocturnal flight call'],43.7412,-7.867,Calidris alpina,Dunlin,Ricardo Hevia,Creative Commons Attribution-NonCommercial-ShareAlike 4.0,2.0,03:00,https://www.xeno-canto.org/610819,dunlin/XC610819.ogg
dunlin,['bkbplo'],"['call', 'flight call', 'nocturnal flight call']",53.9299,-2.9833,Calidris alpina,Dunlin,Chris Batty,Creative Commons Attribution-NonCommercial-ShareAlike 4.0,2.5,03:32,https://www.xeno-canto.org/612722,dunlin/XC612722.ogg
dunlin,[],['call'],46.3047,-1.2921,Calidris alpina,Dunlin,Jack Berteau,Creative Commons Attribution-NonCommercial-ShareAlike 4.0,4.0,10:30,https://www.xeno-canto.org/613204,dunlin/XC613204.ogg
dunlin,[],['call'],51.8503,-8.2943,Calidris alpina,Dunlin,Irish Wildlife Sounds,Creative Commons Attribution-NonCommercial-ShareAlike 4.0,4.0,07:00,https://www.xeno-canto.org/618190,dunlin/XC618190.ogg
dunlin,[],"['flight call', 'life stage uncertain', 'sex uncertain']",51.8061,16.6513,Calidris alpina,Dunlin,Grzegorz Lorek,Creative Commons Attribution-NonCommercial-ShareAlike 4.0,4.0,19:30,https://www.xeno-canto.org/622854,dunlin/XC622854.ogg
dunlin,[],['nocturnal flight call'],53.2415,-1.9088,Calidris alpina,Dunlin,Rowan Wakefield,Creative Commons Attribution-NonCommercial-ShareAlike 4.0,3.0,02:15,https://www.xeno-canto.org/624843,dunlin/XC624843.ogg
dunlin,[],"['nocturnal flight call', 'song']",53.9299,-2.9833,Calidris alpina,Dunlin,Chris Batty,Creative Commons Attribution-NonCommercial-ShareAlike 4.0,2.5,00:07,https://www.xeno-canto.org/625793,dunlin/XC625793.ogg
dunlin,[],"['call', 'flight call', 'nocturnal flight call']",53.9299,-2.9833,Calidris alpina,Dunlin,Chris Batty,Creative Commons Attribution-NonCommercial-ShareAlike 4.0,3.0,23:30,https://www.xeno-canto.org/625794,dunlin/XC625794.ogg
dunlin,[],"['call', 'flight call', 'nocturnal flight call']",53.9299,-2.9833,Calidris alpina,Dunlin,Chris Batty,Creative Commons Attribution-NonCommercial-ShareAlike 4.0,2.5,22:22,https://www.xeno-canto.org/625795,dunlin/XC625795.ogg
dunlin,[],"['call', 'flight call', 'nocturnal flight call', 'song']",53.9299,-2.9833,Calidris alpina,Dunlin,Chris Batty,Creative Commons Attribution-NonCommercial-ShareAlike 4.0,2.5,23:48,https://www.xeno-canto.org/625796,dunlin/XC625796.ogg
dunlin,[],['nocturnal flight call'],51.6077,-0.1944,Calidris alpina,Dunlin,Samuel Levy,Creative Commons Attribution-NonCommercial-ShareAlike 4.0,4.0,23:00,https://www.xeno-canto.org/625993,dunlin/XC625993.ogg
dunlin,[],['nocturnal flight call'],51.6077,-0.1944,Calidris alpina,Dunlin,Samuel Levy,Creative Commons Attribution-NonCommercial-ShareAlike 4.0,2.5,05:20,https://www.xeno-canto.org/626329,dunlin/XC626329.ogg
dunlin,[],['nocturnal flight call'],51.6077,-0.1944,Calidris alpina,Dunlin,Samuel Levy,Creative Commons Attribution-NonCommercial-ShareAlike 4.0,3.5,05:50,https://www.xeno-canto.org/626331,dunlin/XC626331.ogg
dunlin,[],['nocturnal flight call'],41.9919,1.5099,Calidris alpina,Dunlin,Lluís Brotons,Creative Commons Attribution-NonCommercial-ShareAlike 4.0,3.0,03:00,https://www.xeno-canto.org/626864,dunlin/XC626864.ogg
dunlin,[],['flight call'],45.9241,-1.2291,Calidris alpina,Dunlin,Bernard BOUSQUET,Creative Commons Attribution-NonCommercial-ShareAlike 4.0,4.0,10:00,https://www.xeno-canto.org/628116,dunlin/XC628116.ogg
dunlin,[],['nocturnal flight call'],51.6077,-0.1944,Calidris alpina,Dunlin,Samuel Levy,Creative Commons Attribution-NonCommercial-ShareAlike 4.0,5.0,22:26,https://www.xeno-canto.org/628566,dunlin/XC628566.ogg
dunlin,[],['call'],67.9002,13.0465,Calidris alpina,Dunlin,Meena Haribal,Creative Commons Attribution-NonCommercial-ShareAlike 4.0,4.0,10:00,https://www.xeno-canto.org/629142,dunlin/XC629142.ogg
dunlin,[],['nocturnal flight call'],50.7347,3.2143,Calidris alpina,Dunlin,Christophe Gruwier,Creative Commons Attribution-NonCommercial-ShareAlike 4.0,4.0,01:00,https://www.xeno-canto.org/633326,dunlin/XC633326.ogg
dunlin,[],['uncertain'],47.4314,-0.5948,Calidris alpina,Dunlin,Siméon Béasse,Creative Commons Attribution-NonCommercial-ShareAlike 4.0,4.0,09:00,https://www.xeno-canto.org/634254,dunlin/XC634254.ogg
dunlin,[],['nocturnal flight call'],43.7412,-7.867,Calidris alpina,Dunlin,Ricardo Hevia,Creative Commons Attribution-NonCommercial-ShareAlike 4.0,3.0,04:30,https://www.xeno-canto.org/635016,dunlin/XC635016.ogg
dunlin,[],['nocturnal flight call'],55.5566,8.0872,Calidris alpina,Dunlin,Blåvand Fuglestation,Creative Commons Attribution-NonCommercial-ShareAlike 4.0,4.0,00:30,https://www.xeno-canto.org/635063,dunlin/XC635063.ogg
dunlin,[],['nocturnal flight call'],41.4875,2.3653,Calidris alpina,Dunlin,Feliu López i Gelats,Creative Commons Attribution-NonCommercial-ShareAlike 4.0,4.0,23:30,https://www.xeno-canto.org/635268,dunlin/XC635268.ogg
dunlin,[],['nocturnal flight call'],39.918,65.1588,Calidris alpina,Dunlin,Martin Grienenberger,Creative Commons Attribution-NonCommercial-ShareAlike 4.0,3.0,02:18,https://www.xeno-canto.org/636365,dunlin/XC636365.ogg
dunlin,[],['nocturnal flight call'],54.2386,-0.4196,Calidris alpina,Dunlin,Dan Lombard,Creative Commons Attribution-NonCommercial-ShareAlike 4.0,3.0,00:30,https://www.xeno-canto.org/636730,dunlin/XC636730.ogg
dunlin,[],['nocturnal flight call'],54.2386,-0.4196,Calidris alpina,Dunlin,Dan Lombard,Creative Commons Attribution-NonCommercial-ShareAlike 4.0,3.0,23:30,https://www.xeno-canto.org/636733,dunlin/XC636733.ogg
dunlin,[],['nocturnal flight call'],54.2386,-0.4196,Calidris alpina,Dunlin,Dan Lombard,Creative Commons Attribution-NonCommercial-ShareAlike 4.0,4.0,00:30,https://www.xeno-canto.org/636734,dunlin/XC636734.ogg
dunlin,[],['nocturnal flight call'],54.2386,-0.4196,Calidris alpina,Dunlin,Dan Lombard,Creative Commons Attribution-NonCommercial-ShareAlike 4.0,4.0,01:00,https://www.xeno-canto.org/636735,dunlin/XC636735.ogg
dunlin,[],['nocturnal flight call'],54.2386,-0.4196,Calidris alpina,Dunlin,Dan Lombard,Creative Commons Attribution-NonCommercial-ShareAlike 4.0,3.0,23:30,https://www.xeno-canto.org/636736,dunlin/XC636736.ogg
dunlin,[],['nocturnal flight call'],54.2386,-0.4196,Calidris alpina,Dunlin,Dan Lombard,Creative Commons Attribution-NonCommercial-ShareAlike 4.0,4.0,00:00,https://www.xeno-canto.org/636739,dunlin/XC636739.ogg
dunlin,[],"['flight call', 'nocturnal flight call']",51.6825,4.3454,Calidris alpina,Dunlin,Robbin van Dijk,Creative Commons Attribution-NonCommercial-ShareAlike 4.0,4.0,03:52,https://www.xeno-canto.org/638427,dunlin/XC638427.ogg
dunlin,[],['nocturnal flight call'],43.7412,-7.867,Calidris alpina,Dunlin,Ricardo Hevia,Creative Commons Attribution-NonCommercial-ShareAlike 4.0,4.0,01:00,https://www.xeno-canto.org/638634,dunlin/XC638634.ogg
dunlin,[],"['nocturnal flight call', 'sex uncertain']",50.5796,-1.2984,Calidris alpina,Dunlin,Jon Sparshott,Creative Commons Attribution-NonCommercial-ShareAlike 4.0,1.0,23:55,https://www.xeno-canto.org/638652,dunlin/XC638652.ogg
dunlin,[],['call'],37.1357,-7.6138,Calidris alpina,Dunlin,Nelson Conceição,Creative Commons Attribution-NonCommercial-ShareAlike 4.0,5.0,18:04,https://www.xeno-canto.org/639622,dunlin/XC639622.ogg
dunlin,[],['nocturnal flight call'],43.5352,-1.4475,Calidris alpina,Dunlin,Frédéric Cazaban,Creative Commons Attribution-NonCommercial-ShareAlike 4.0,3.0,23:38,https://www.xeno-canto.org/641839,dunlin/XC641839.ogg
dunlin,[],['nocturnal flight call'],43.7412,-7.867,Calidris alpina,Dunlin,Ricardo Hevia,Creative Commons Attribution-NonCommercial-ShareAlike 4.0,4.0,01:00,https://www.xeno-canto.org/643034,dunlin/XC643034.ogg
dunlin,[],"['flight call', 'nocturnal flight call']",43.3448,-1.8045,Calidris alpina,Dunlin,David Santamaría Urbano,Creative Commons Attribution-NonCommercial-ShareAlike 4.0,4.0,23:30,https://www.xeno-canto.org/643241,dunlin/XC643241.ogg
dunlin,[],['nocturnal flight call'],43.7412,-7.867,Calidris alpina,Dunlin,Ricardo Hevia,Creative Commons Attribution-NonCommercial-ShareAlike 4.0,3.0,04:00,https://www.xeno-canto.org/643853,dunlin/XC643853.ogg
dunlin,[],['nocturnal flight call'],48.0228,0.1995,Calidris alpina,Dunlin,Christian Kerihuel,Creative Commons Attribution-NonCommercial-ShareAlike 4.0,3.0,23:30,https://www.xeno-canto.org/643878,dunlin/XC643878.ogg
dunlin,[],"['adult', 'sex uncertain', 'song']",57.0503,-6.3523,Calidris alpina,Dunlin,Sean Morris,Creative Commons Attribution-NonCommercial-ShareAlike 4.0,3.5,11:10,https://www.xeno-canto.org/644440,dunlin/XC644440.ogg
dunlin,[],['nocturnal flight call'],43.5352,-1.4475,Calidris alpina,Dunlin,Frédéric Cazaban,Creative Commons Attribution-NonCommercial-ShareAlike 4.0,5.0,04:02,https://www.xeno-canto.org/644513,dunlin/XC644513.ogg
dunlin,[],['nocturnal flight call'],43.5352,-1.4475,Calidris alpina,Dunlin,Frédéric Cazaban,Creative Commons Attribution-NonCommercial-ShareAlike 4.0,4.0,23:09,https://www.xeno-canto.org/644514,dunlin/XC644514.ogg
dunlin,[],['nocturnal flight call'],43.7412,-7.867,Calidris alpina,Dunlin,Ricardo Hevia,Creative Commons Attribution-NonCommercial-ShareAlike 4.0,5.0,02:00,https://www.xeno-canto.org/645639,dunlin/XC645639.ogg
dunlin,[],['nocturnal flight call'],43.7412,-7.867,Calidris alpina,Dunlin,Ricardo Hevia,Creative Commons Attribution-NonCommercial-ShareAlike 4.0,4.0,03:30,https://www.xeno-canto.org/646316,dunlin/XC646316.ogg
dunlin,[],"['flight call', 'nocturnal flight call']",54.1818,-0.3203,Calidris alpina,Dunlin,Will Scott,Creative Commons Attribution-NonCommercial-ShareAlike 4.0,3.0,21:55,https://www.xeno-canto.org/646347,dunlin/XC646347.ogg
dunlin,[],"['aberrant', 'life stage uncertain', 'sex uncertain']",51.225,-2.978,Calidris alpina,Dunlin,Paul Bate,Creative Commons Attribution-NonCommercial-ShareAlike 4.0,3.0,04:00,https://www.xeno-canto.org/646763,dunlin/XC646763.ogg
dunlin,[],['nocturnal flight call'],53.4902,-2.6299,Calidris alpina,Dunlin,Robert Thorpe,Creative Commons Attribution-NonCommercial-ShareAlike 4.0,2.0,03:05,https://www.xeno-canto.org/646820,dunlin/XC646820.ogg
dunlin,[],['nocturnal flight call'],56.0615,-3.4122,Calidris alpina,Dunlin,Graham Sparshott,Creative Commons Attribution-NonCommercial-ShareAlike 4.0,2.0,01:31,https://www.xeno-canto.org/646858,dunlin/XC646858.ogg
dunlin,[],['nocturnal flight call'],50.5987,-1.2003,Calidris alpina,Dunlin,Jon Sparshott,Creative Commons Attribution-NonCommercial-ShareAlike 4.0,1.0,23:44,https://www.xeno-canto.org/647344,dunlin/XC647344.ogg
dunlin,[],"['call', 'flight call', 'nocturnal flight call']",54.2081,-0.2889,Calidris alpina,Dunlin,Mark Pearson,Creative Commons Attribution-NonCommercial-ShareAlike 4.0,4.0,22:45,https://www.xeno-canto.org/649025,dunlin/XC649025.ogg
dunlin,[],['nocturnal flight call'],43.7412,-7.867,Calidris alpina,Dunlin,Ricardo Hevia,Creative Commons Attribution-NonCommercial-ShareAlike 4.0,4.0,02:00,https://www.xeno-canto.org/649429,dunlin/XC649429.ogg
dunlin,[],['flight call'],63.764,20.5198,Calidris alpina,Dunlin,Lars Edenius,Creative Commons Attribution-NonCommercial-ShareAlike 4.0,3.5,19:00,https://www.xeno-canto.org/649871,dunlin/XC649871.ogg
dunlin,[],['nocturnal flight call'],43.5352,-1.4475,Calidris alpina,Dunlin,Frédéric Cazaban,Creative Commons Attribution-NonCommercial-ShareAlike 4.0,5.0,22:43,https://www.xeno-canto.org/649890,dunlin/XC649890.ogg
dunlin,[],['nocturnal flight call'],57.6144,-4.1148,Calidris alpina,Dunlin,David Tattersley,Creative Commons Attribution-NonCommercial-ShareAlike 4.0,4.0,23:38,https://www.xeno-canto.org/649925,dunlin/XC649925.ogg
dunlin,[],"['flight call', 'nocturnal flight call']",54.1818,-0.3203,Calidris alpina,Dunlin,Will Scott,Creative Commons Attribution-NonCommercial-ShareAlike 4.0,5.0,02:47,https://www.xeno-canto.org/650976,dunlin/XC650976.ogg
dunlin,[],['call'],37.9077,-75.3626,Calidris alpina,Dunlin,Paul Driver,Creative Commons Attribution-NonCommercial-ShareAlike 4.0,5.0,14:22,https://www.xeno-canto.org/651117,dunlin/XC651117.ogg
dunlin,[],['call'],37.9077,-75.3626,Calidris alpina,Dunlin,Paul Driver,Creative Commons Attribution-NonCommercial-ShareAlike 4.0,5.0,14:28,https://www.xeno-canto.org/651118,dunlin/XC651118.ogg
dunlin,[],['call'],37.9077,-75.3626,Calidris alpina,Dunlin,Paul Driver,Creative Commons Attribution-NonCommercial-ShareAlike 4.0,5.0,08:15,https://www.xeno-canto.org/651119,dunlin/XC651119.ogg
dunlin,[],['call'],37.9077,-75.3626,Calidris alpina,Dunlin,Paul Driver,Creative Commons Attribution-NonCommercial-ShareAlike 4.0,5.0,08:16,https://www.xeno-canto.org/651121,dunlin/XC651121.ogg
dunlin,[],['nocturnal flight call'],59.1797,24.3281,Calidris alpina,Dunlin,timo nuoranen,Creative Commons Attribution-NonCommercial-ShareAlike 4.0,4.0,01:00,https://www.xeno-canto.org/651952,dunlin/XC651952.ogg
dunlin,['skylar'],['song'],58.801,23.5147,Calidris alpina,Dunlin,Uku Paal,Creative Commons Attribution-NonCommercial-ShareAlike 4.0,3.5,06:00,https://www.xeno-canto.org/652084,dunlin/XC652084.ogg
dunlin,[],['nocturnal flight call'],43.7412,-7.867,Calidris alpina,Dunlin,Ricardo Hevia,Creative Commons Attribution-NonCommercial-ShareAlike 4.0,4.0,01:30,https://www.xeno-canto.org/652503,dunlin/XC652503.ogg
dunlin,[],['nocturnal flight call'],43.7412,-7.867,Calidris alpina,Dunlin,Ricardo Hevia,Creative Commons Attribution-NonCommercial-ShareAlike 4.0,4.0,03:30,https://www.xeno-canto.org/653088,dunlin/XC653088.ogg
dunlin,[],['song'],68.0934,21.7019,Calidris alpina,Dunlin,Lars Edenius,Creative Commons Attribution-NonCommercial-ShareAlike 4.0,5.0,10:00,https://www.xeno-canto.org/654085,dunlin/XC654085.ogg
dunlin,[],['nocturnal flight call'],43.7412,-7.867,Calidris alpina,Dunlin,Ricardo Hevia,Creative Commons Attribution-NonCommercial-ShareAlike 4.0,4.0,02:00,https://www.xeno-canto.org/655619,dunlin/XC655619.ogg
dunlin,['skylar'],['call'],58.8024,23.5059,Calidris alpina,Dunlin,Uku Paal,Creative Commons Attribution-NonCommercial-ShareAlike 4.0,3.5,06:30,https://www.xeno-canto.org/656598,dunlin/XC656598.ogg
dunlin,[],['flight call'],37.069,-7.7192,Calidris alpina,Dunlin,Nelson Conceição,Creative Commons Attribution-NonCommercial-ShareAlike 4.0,1.5,11:25,https://www.xeno-canto.org/656685,dunlin/XC656685.ogg
dunlin,[],['flight call'],37.1357,-7.6138,Calidris alpina,Dunlin,Nelson Conceição,Creative Commons Attribution-NonCommercial-ShareAlike 4.0,2.5,16:00,https://www.xeno-canto.org/656694,dunlin/XC656694.ogg
dunlin,[],"['adult', 'song']",68.3937,21.1088,Calidris alpina,Dunlin,Dag Österlund,Creative Commons Attribution-NonCommercial-ShareAlike 4.0,5.0,10:30,https://www.xeno-canto.org/657469,dunlin/XC657469.ogg
dunlin,[],"['adult', 'flight call', 'song']",60.054,-1.3533,Calidris alpina,Dunlin,Andrew Harrop,Creative Commons Attribution-NonCommercial-ShareAlike 4.0,4.0,13:30,https://www.xeno-canto.org/657851,dunlin/XC657851.ogg
dunlin,[],"['adult', 'flight call']",60.054,-1.3533,Calidris alpina,Dunlin,Andrew Harrop,Creative Commons Attribution-NonCommercial-ShareAlike 4.0,4.0,13:30,https://www.xeno-canto.org/657852,dunlin/XC657852.ogg
dunlin,[],"['life stage uncertain', 'nocturnal flight call', 'sex uncertain']",58.7396,17.8657,Calidris alpina,Dunlin,Alan Dalton,Creative Commons Attribution-NonCommercial-ShareAlike 4.0,4.0,23:00,https://www.xeno-canto.org/660067,dunlin/XC660067.ogg
dunlin,[],['nocturnal flight call'],43.7412,-7.867,Calidris alpina,Dunlin,Ricardo Hevia,Creative Commons Attribution-NonCommercial-ShareAlike 4.0,4.0,03:00,https://www.xeno-canto.org/660175,dunlin/XC660175.ogg
dunlin,[],['nocturnal flight call'],43.7412,-7.867,Calidris alpina,Dunlin,Ricardo Hevia,Creative Commons Attribution-NonCommercial-ShareAlike 4.0,4.0,01:30,https://www.xeno-canto.org/662123,dunlin/XC662123.ogg
dunlin,[],['nocturnal flight call'],43.7412,-7.867,Calidris alpina,Dunlin,Ricardo Hevia,Creative Commons Attribution-NonCommercial-ShareAlike 4.0,4.0,03:30,https://www.xeno-canto.org/662278,dunlin/XC662278.ogg
dunlin,[],"['anthropogenic', 'nocturnal flight call']",52.3857,-1.7909,Calidris alpina,Dunlin,John Sirrett,Creative Commons Attribution-NonCommercial-ShareAlike 4.0,3.0,02:00,https://www.xeno-canto.org/663035,dunlin/XC663035.ogg
dunlin,[],['nocturnal flight call'],53.6719,-1.7852,Calidris alpina,Dunlin,David Tattersley,Creative Commons Attribution-NonCommercial-ShareAlike 4.0,4.0,01:51,https://www.xeno-canto.org/663437,dunlin/XC663437.ogg
dunlin,[],['nocturnal flight call'],43.7412,-7.867,Calidris alpina,Dunlin,Ricardo Hevia,Creative Commons Attribution-NonCommercial-ShareAlike 4.0,4.0,04:00,https://www.xeno-canto.org/663497,dunlin/XC663497.ogg
dunlin,[],['nocturnal flight call'],43.7412,-7.867,Calidris alpina,Dunlin,Ricardo Hevia,Creative Commons Attribution-NonCommercial-ShareAlike 4.0,4.0,02:30,https://www.xeno-canto.org/663499,dunlin/XC663499.ogg
dunlin,[],['nocturnal flight call'],53.2509,5.598,Calidris alpina,Dunlin,Gosse Hoekstra,Creative Commons Attribution-NonCommercial-ShareAlike 4.0,4.0,23:30,https://www.xeno-canto.org/663582,dunlin/XC663582.ogg
dunlin,[],['nocturnal flight call'],54.2386,-0.4196,Calidris alpina,Dunlin,Dan Lombard,Creative Commons Attribution-NonCommercial-ShareAlike 4.0,4.0,01:30,https://www.xeno-canto.org/663930,dunlin/XC663930.ogg
dunlin,[],"['flight call', 'life stage uncertain', 'sex uncertain']",57.0505,-6.3585,Calidris alpina,Dunlin,Sean Morris,Creative Commons Attribution-NonCommercial-ShareAlike 4.0,4.0,10:37,https://www.xeno-canto.org/663971,dunlin/XC663971.ogg
dunlin,[],['nocturnal flight call'],43.4917,-8.2014,Calidris alpina,Dunlin,Juan Pita-Romero Caamaño,Creative Commons Attribution-NonCommercial-ShareAlike 4.0,4.0,01:30,https://www.xeno-canto.org/664719,dunlin/XC664719.ogg
dunlin,[],['nocturnal flight call'],54.949,-1.48,Calidris alpina,Dunlin,Mark Newsome,Creative Commons Attribution-NonCommercial-ShareAlike 4.0,4.0,23:21,https://www.xeno-canto.org/665604,dunlin/XC665604.ogg
dunlin,[],['nocturnal flight call'],43.7412,-7.867,Calidris alpina,Dunlin,Ricardo Hevia,Creative Commons Attribution-NonCommercial-ShareAlike 4.0,4.0,05:00,https://www.xeno-canto.org/665699,dunlin/XC665699.ogg
dunlin,[],['nocturnal flight call'],43.7412,-7.867,Calidris alpina,Dunlin,Ricardo Hevia,Creative Commons Attribution-NonCommercial-ShareAlike 4.0,4.0,04:00,https://www.xeno-canto.org/665925,dunlin/XC665925.ogg
dunlin,[],['nocturnal flight call'],43.7412,-7.867,Calidris alpina,Dunlin,Ricardo Hevia,Creative Commons Attribution-NonCommercial-ShareAlike 4.0,4.0,03:30,https://www.xeno-canto.org/666162,dunlin/XC666162.ogg
dunlin,[],['call'],43.0872,3.0962,Calidris alpina,Dunlin,brickegickel,Creative Commons Attribution-NonCommercial-ShareAlike 4.0,5.0,21:30,https://www.xeno-canto.org/666768,dunlin/XC666768.ogg
dunlin,[],['call'],43.0872,3.0962,Calidris alpina,Dunlin,brickegickel,Creative Commons Attribution-NonCommercial-ShareAlike 4.0,5.0,21:30,https://www.xeno-canto.org/666769,dunlin/XC666769.ogg
dunlin,[],['call'],43.0872,3.0962,Calidris alpina,Dunlin,brickegickel,Creative Commons Attribution-NonCommercial-ShareAlike 4.0,5.0,21:30,https://www.xeno-canto.org/666770,dunlin/XC666770.ogg
dunlin,[],['nocturnal flight call'],43.7412,-7.867,Calidris alpina,Dunlin,Ricardo Hevia,Creative Commons Attribution-NonCommercial-ShareAlike 4.0,5.0,04:00,https://www.xeno-canto.org/667050,dunlin/XC667050.ogg
dunlin,[],['nocturnal flight call'],53.5342,8.6032,Calidris alpina,Dunlin,Franck Hollander,Creative Commons Attribution-NonCommercial-ShareAlike 4.0,3.5,02:00,https://www.xeno-canto.org/667177,dunlin/XC667177.ogg
dunlin,[],['nocturnal flight call'],43.7412,-7.867,Calidris alpina,Dunlin,Ricardo Hevia,Creative Commons Attribution-NonCommercial-ShareAlike 4.0,5.0,02:00,https://www.xeno-canto.org/667209,dunlin/XC667209.ogg
elepai,"['hawama', 'houfin', 'skylar']","['call', 'song']",19.8239,-155.6089,Chasiempis sandwichensis,Hawaii Elepaio,Dan Lane,Creative Commons Attribution-NonCommercial-ShareAlike 4.0,4.5,13:30,https://www.xeno-canto.org/175246,elepai/XC175246.ogg
elepai,"['apapan', 'hawama']","['call', 'song']",19.8208,-155.8373,Chasiempis sandwichensis,Hawaii Elepaio,Dan Lane,Creative Commons Attribution-NonCommercial-ShareAlike 4.0,3.5,09:30,https://www.xeno-canto.org/175526,elepai/XC175526.ogg
elepai,[],"['call', 'song']",19.6725,-155.3876,Chasiempis sandwichensis,Hawaii Elepaio,Todd Mark,Creative Commons Attribution-NonCommercial-ShareAlike 4.0,4.0,11:00,https://www.xeno-canto.org/252700,elepai/XC252700.ogg
elepai,['omao'],"['call', 'song']",19.6725,-155.3876,Chasiempis sandwichensis,Hawaii Elepaio,Todd Mark,Creative Commons Attribution-NonCommercial-ShareAlike 4.0,3.5,11:00,https://www.xeno-canto.org/252703,elepai/XC252703.ogg
elepai,[],"['call', 'song']",19.6334,-155.3753,Chasiempis sandwichensis,Hawaii Elepaio,Todd Mark,Creative Commons Attribution-NonCommercial-ShareAlike 4.0,4.0,09:30,https://www.xeno-canto.org/252712,elepai/XC252712.ogg
elepai,[],"['call', 'song']",19.8239,-155.6089,Chasiempis sandwichensis,Hawaii Elepaio,Daniel Lane,Creative Commons Attribution-NonCommercial-ShareAlike 3.0,4.0,10:00,https://www.xeno-canto.org/27324,elepai/XC27324.ogg
elepai,['warwhe1'],['call'],19.1098,-155.8253,Chasiempis sandwichensis,Hawaii Elepaio,Daniel Lane,Creative Commons Attribution-NonCommercial-ShareAlike 3.0,3.5,16:05,https://www.xeno-canto.org/27343,elepai/XC27343.ogg
elepai,[],"['call', 'song']",19.1098,-155.8253,Chasiempis sandwichensis,Hawaii Elepaio,Daniel Lane,Creative Commons Attribution-NonCommercial-ShareAlike 3.0,5.0,16:15,https://www.xeno-canto.org/27344,elepai/XC27344.ogg
elepai,['apapan'],['call'],19.7901,-155.3273,Chasiempis sandwichensis,Hawaii Elepaio,Daniel Lane,Creative Commons Attribution-NonCommercial-ShareAlike 3.0,4.5,14:20,https://www.xeno-canto.org/27352,elepai/XC27352.ogg
elepai,"['hawama', 'houfin']",['song'],19.7901,-155.3273,Chasiempis sandwichensis,Hawaii Elepaio,Daniel Lane,Creative Commons Attribution-NonCommercial-ShareAlike 3.0,3.5,09:30,https://www.xeno-canto.org/27373,elepai/XC27373.ogg
elepai,[],"['alarm call', 'song']",19.4424,-155.315,Chasiempis sandwichensis,Hawaii Elepaio,Ulf Elman,Creative Commons Attribution-NonCommercial-ShareAlike 4.0,4.0,12:50,https://www.xeno-canto.org/385134,elepai/XC385134.ogg
elepai,[],"['call', 'song']",19.4726,-155.3579,Chasiempis sandwichensis,Hawaii Elepaio,Ulf Elman,Creative Commons Attribution-NonCommercial-ShareAlike 4.0,3.0,11:02,https://www.xeno-canto.org/385168,elepai/XC385168.ogg
elepai,[],['song'],19.4424,-155.315,Chasiempis sandwichensis,Hawaii Elepaio,Ulf Elman,Creative Commons Attribution-NonCommercial-ShareAlike 4.0,4.0,09:20,https://www.xeno-canto.org/385495,elepai/XC385495.ogg
elepai,[],"['call', 'song']",19.4424,-155.315,Chasiempis sandwichensis,Hawaii Elepaio,Ulf Elman,Creative Commons Attribution-NonCommercial-ShareAlike 4.0,4.0,09:18,https://www.xeno-canto.org/385556,elepai/XC385556.ogg
ercfra,[],"['call', 'song']",9.868,38.917,Pternistis erckelii,Erckel's Francolin,Andrew Spencer,Creative Commons Attribution-NonCommercial-ShareAlike 4.0,4.0,07:00,https://www.xeno-canto.org/210297,ercfra/XC210297.ogg
ercfra,[],['alarm call'],19.8239,-155.6089,Pternistis erckelii,Erckel's Francolin,Todd Mark,Creative Commons Attribution-NonCommercial-ShareAlike 4.0,5.0,06:30,https://www.xeno-canto.org/252696,ercfra/XC252696.ogg
ercfra,[],['alarm call'],19.8239,-155.6089,Pternistis erckelii,Erckel's Francolin,Todd Mark,Creative Commons Attribution-NonCommercial-ShareAlike 4.0,5.0,06:30,https://www.xeno-canto.org/252697,ercfra/XC252697.ogg
ercfra,[],['song'],9.8013,38.5483,Pternistis erckelii,Erckel's Francolin,Andrew Spencer,Creative Commons Attribution-NonCommercial-ShareAlike 4.0,4.0,17:00,https://www.xeno-canto.org/267205,ercfra/XC267205.ogg
ercfra,[],['call'],9.9629,38.6853,Pternistis erckelii,Erckel's Francolin,Rolf A. de By,Creative Commons Attribution-NonCommercial-ShareAlike 4.0,5.0,06:11,https://www.xeno-canto.org/410276,ercfra/XC410276.ogg
ercfra,[],['call'],9.9629,38.6853,Pternistis erckelii,Erckel's Francolin,Rolf A. de By,Creative Commons Attribution-NonCommercial-ShareAlike 4.0,5.0,06:15,https://www.xeno-canto.org/410277,ercfra/XC410277.ogg
eurwig,"['mallar3', 'norpin']","['female', 'flight call', 'male', 'song']",52.456,20.733,Mareca penelope,Eurasian Wigeon,Jarek Matusiak,Creative Commons Attribution-NonCommercial-ShareAlike 3.0,4.5,18:40,https://www.xeno-canto.org/113187,eurwig/XC113187.ogg
eurwig,[],"['call', 'female', 'flight call', 'male']",52.456,20.733,Mareca penelope,Eurasian Wigeon,Jarek Matusiak,Creative Commons Attribution-NonCommercial-ShareAlike 3.0,5.0,18:40,https://www.xeno-canto.org/113188,eurwig/XC113188.ogg
eurwig,[],['call'],26.6804,93.5596,Mareca penelope,Eurasian Wigeon,Mike Nelson,Creative Commons Attribution-NonCommercial-ShareAlike 3.0,3.5,10:00,https://www.xeno-canto.org/116537,eurwig/XC116537.ogg
eurwig,['comsan'],['flight call'],56.4985,47.3126,Mareca penelope,Eurasian Wigeon,Albert Lastukhin,Creative Commons Attribution-NonCommercial-ShareAlike 3.0,1.5,17:30,https://www.xeno-canto.org/132048,eurwig/XC132048.ogg
eurwig,[],"['call', 'female']",56.4477,47.5076,Mareca penelope,Eurasian Wigeon,Albert Lastukhin,Creative Commons Attribution-NonCommercial-ShareAlike 3.0,1.0,22:00,https://www.xeno-canto.org/134682,eurwig/XC134682.ogg
eurwig,['comsan'],"['call', 'male', 'song']",56.4469,47.5039,Mareca penelope,Eurasian Wigeon,Albert Lastukhin,Creative Commons Attribution-NonCommercial-ShareAlike 3.0,2.5,22:00,https://www.xeno-canto.org/134683,eurwig/XC134683.ogg
eurwig,[],['call'],56.4964,47.3734,Mareca penelope,Eurasian Wigeon,Albert Lastukhin,Creative Commons Attribution-NonCommercial-ShareAlike 3.0,2.0,22:00,https://www.xeno-canto.org/134684,eurwig/XC134684.ogg
eurwig,[],"['call', 'song']",69.5778,18.6401,Mareca penelope,Eurasian Wigeon,Stein Ø. Nilsen,Creative Commons Attribution-NonCommercial-ShareAlike 3.0,4.0,05:30,https://www.xeno-canto.org/136000,eurwig/XC136000.ogg
eurwig,[],['song'],62.5066,6.0439,Mareca penelope,Eurasian Wigeon,Elias A. Ryberg,Creative Commons Attribution-NonCommercial-ShareAlike 3.0,5.0,11:30,https://www.xeno-canto.org/143305,eurwig/XC143305.ogg
eurwig,[],['call'],43.4302,-0.4675,Mareca penelope,Eurasian Wigeon,Bernard BOUSQUET,Creative Commons Attribution-NonCommercial-ShareAlike 3.0,4.0,11:00,https://www.xeno-canto.org/154383,eurwig/XC154383.ogg
eurwig,[],['call'],48.384,-123.516,Mareca penelope,Eurasian Wigeon,Ian Cruickshank,Creative Commons Attribution-NonCommercial-ShareAlike 3.0,4.0,12:00,https://www.xeno-canto.org/156799,eurwig/XC156799.ogg
eurwig,['mallar3'],['call'],43.4302,-0.4675,Mareca penelope,Eurasian Wigeon,Bernard BOUSQUET,Creative Commons Attribution-NonCommercial-ShareAlike 3.0,3.5,17:30,https://www.xeno-canto.org/158566,eurwig/XC158566.ogg
eurwig,"['mallar3', 'rocpig']","['call', 'male']",51.1396,16.9774,Mareca penelope,Eurasian Wigeon,Antoni Knychała,Creative Commons Attribution-NonCommercial-ShareAlike 3.0,4.5,11:00,https://www.xeno-canto.org/158906,eurwig/XC158906.ogg
eurwig,[],"['call', 'wing noise']",32.041,131.4994,Mareca penelope,Eurasian Wigeon,Andrew Spencer,Creative Commons Attribution-NonCommercial-ShareAlike 3.0,4.0,15:30,https://www.xeno-canto.org/168742,eurwig/XC168742.ogg
eurwig,[],['call'],35.0278,135.6794,Mareca penelope,Eurasian Wigeon,Anon Torimi,Creative Commons Attribution-NonCommercial-ShareAlike 4.0,4.0,10:30,https://www.xeno-canto.org/200205,eurwig/XC200205.ogg
eurwig,[],['call'],35.0278,135.6794,Mareca penelope,Eurasian Wigeon,Anon Torimi,Creative Commons Attribution-NonCommercial-ShareAlike 4.0,2.5,10:30,https://www.xeno-canto.org/200206,eurwig/XC200206.ogg
eurwig,[],['song'],52.292,4.9304,Mareca penelope,Eurasian Wigeon,Meijer,Creative Commons Attribution-NonCommercial-ShareAlike 4.0,4.0,11:00,https://www.xeno-canto.org/202752,eurwig/XC202752.ogg
eurwig,[],"['call', 'male']",35.0278,135.6794,Mareca penelope,Eurasian Wigeon,Anon Torimi,Creative Commons Attribution-NonCommercial-ShareAlike 4.0,4.0,10:15,https://www.xeno-canto.org/202833,eurwig/XC202833.ogg
eurwig,[],['call'],35.5603,135.1611,Mareca penelope,Eurasian Wigeon,Anon Torimi,Creative Commons Attribution-NonCommercial-ShareAlike 4.0,2.0,13:30,https://www.xeno-canto.org/203792,eurwig/XC203792.ogg
eurwig,[],['call'],51.6665,-1.9594,Mareca penelope,Eurasian Wigeon,Dawid Jablonski,Creative Commons Attribution-NonCommercial-ShareAlike 4.0,5.0,14:00,https://www.xeno-canto.org/203981,eurwig/XC203981.ogg
eurwig,[],['call'],35.0129,135.6731,Mareca penelope,Eurasian Wigeon,Anon Torimi,Creative Commons Attribution-NonCommercial-ShareAlike 4.0,4.0,10:30,https://www.xeno-canto.org/213609,eurwig/XC213609.ogg
eurwig,[],['call'],35.0129,135.6731,Mareca penelope,Eurasian Wigeon,Anon Torimi,Creative Commons Attribution-NonCommercial-ShareAlike 4.0,3.5,10:30,https://www.xeno-canto.org/213610,eurwig/XC213610.ogg
eurwig,[],['call'],35.0129,135.6731,Mareca penelope,Eurasian Wigeon,Anon Torimi,Creative Commons Attribution-NonCommercial-ShareAlike 4.0,3.5,10:30,https://www.xeno-canto.org/213611,eurwig/XC213611.ogg
eurwig,[],['call'],35.4848,136.1281,Mareca penelope,Eurasian Wigeon,Anon Torimi,Creative Commons Attribution-NonCommercial-ShareAlike 4.0,3.0,11:00,https://www.xeno-canto.org/214919,eurwig/XC214919.ogg
eurwig,[],"['call', 'male']",35.0287,135.6806,Mareca penelope,Eurasian Wigeon,Anon Torimi,Creative Commons Attribution-NonCommercial-ShareAlike 4.0,4.0,10:30,https://www.xeno-canto.org/215130,eurwig/XC215130.ogg
eurwig,[],"['call', 'male']",35.0287,135.6806,Mareca penelope,Eurasian Wigeon,Anon Torimi,Creative Commons Attribution-NonCommercial-ShareAlike 4.0,4.0,10:30,https://www.xeno-canto.org/215131,eurwig/XC215131.ogg
eurwig,[],"['call', 'calls in competition', 'male']",35.0287,135.6806,Mareca penelope,Eurasian Wigeon,Anon Torimi,Creative Commons Attribution-NonCommercial-ShareAlike 4.0,4.0,10:30,https://www.xeno-canto.org/215132,eurwig/XC215132.ogg
eurwig,[],"['call', 'male']",35.0287,135.6806,Mareca penelope,Eurasian Wigeon,Anon Torimi,Creative Commons Attribution-NonCommercial-ShareAlike 4.0,4.0,10:30,https://www.xeno-canto.org/215133,eurwig/XC215133.ogg
eurwig,[],['flight call'],60.09,24.4872,Mareca penelope,Eurasian Wigeon,Eetu Paljakka,Creative Commons Attribution-NonCommercial-ShareAlike 4.0,4.5,14:54,https://www.xeno-canto.org/237217,eurwig/XC237217.ogg
eurwig,[],"['alarm call', 'female']",68.6214,27.4472,Mareca penelope,Eurasian Wigeon,Tomek Tumiel,Creative Commons Attribution-NonCommercial-ShareAlike 4.0,5.0,08:30,https://www.xeno-canto.org/262182,eurwig/XC262182.ogg
eurwig,[],"['call', 'female', 'male']",44.2051,132.4161,Mareca penelope,Eurasian Wigeon,Albert Lastukhin,Creative Commons Attribution-NonCommercial-ShareAlike 4.0,4.0,21:30,https://www.xeno-canto.org/266800,eurwig/XC266800.ogg
eurwig,[],"['call', 'female', 'male']",44.2051,132.4161,Mareca penelope,Eurasian Wigeon,Albert Lastukhin,Creative Commons Attribution-NonCommercial-ShareAlike 4.0,4.0,21:30,https://www.xeno-canto.org/266801,eurwig/XC266801.ogg
eurwig,[],"['call', 'female', 'male']",44.2051,132.4161,Mareca penelope,Eurasian Wigeon,Albert Lastukhin,Creative Commons Attribution-NonCommercial-ShareAlike 4.0,4.0,21:30,https://www.xeno-canto.org/266803,eurwig/XC266803.ogg
eurwig,[],"['call', 'female', 'male']",44.2051,132.4161,Mareca penelope,Eurasian Wigeon,Albert Lastukhin,Creative Commons Attribution-NonCommercial-ShareAlike 4.0,4.0,21:30,https://www.xeno-canto.org/266804,eurwig/XC266804.ogg
eurwig,[],"['call', 'male']",44.2051,132.4161,Mareca penelope,Eurasian Wigeon,Albert Lastukhin,Creative Commons Attribution-NonCommercial-ShareAlike 4.0,4.0,21:30,https://www.xeno-canto.org/266806,eurwig/XC266806.ogg
eurwig,[],"['call', 'male']",44.2051,132.4161,Mareca penelope,Eurasian Wigeon,Albert Lastukhin,Creative Commons Attribution-NonCommercial-ShareAlike 4.0,3.5,07:30,https://www.xeno-canto.org/266811,eurwig/XC266811.ogg
eurwig,[],['call'],42.5275,130.692,Mareca penelope,Eurasian Wigeon,Albert Lastukhin,Creative Commons Attribution-NonCommercial-ShareAlike 4.0,3.0,07:30,https://www.xeno-canto.org/279551,eurwig/XC279551.ogg
eurwig,[],['call'],50.4345,8.8994,Mareca penelope,Eurasian Wigeon,brickegickel,Creative Commons Attribution-NonCommercial-ShareAlike 4.0,4.0,12:00,https://www.xeno-canto.org/284757,eurwig/XC284757.ogg
eurwig,[],['call'],68.8428,18.3949,Mareca penelope,Eurasian Wigeon,Stein Ø. Nilsen,Creative Commons Attribution-NonCommercial-ShareAlike 4.0,4.0,09:00,https://www.xeno-canto.org/289143,eurwig/XC289143.ogg
eurwig,[],"['call', 'male']",32.104,130.2737,Mareca penelope,Eurasian Wigeon,Ross Gallardy,Creative Commons Attribution-NonCommercial-ShareAlike 4.0,5.0,11:30,https://www.xeno-canto.org/294833,eurwig/XC294833.ogg
eurwig,"['cangoo', 'mallar3']",['call'],51.6476,0.4854,Mareca penelope,Eurasian Wigeon,David Bissett,Creative Commons Attribution-NonCommercial-ShareAlike 4.0,4.5,11:30,https://www.xeno-canto.org/299487,eurwig/XC299487.ogg
eurwig,"['amewig', 'cacgoo1']",['call'],47.678,-122.2603,Mareca penelope,Eurasian Wigeon,Bruce Lagerquist,Creative Commons Attribution-NonCommercial-ShareAlike 4.0,3.5,09:00,https://www.xeno-canto.org/303378,eurwig/XC303378.ogg
eurwig,['gnwtea'],"['female', 'flight call', 'male']",60.09,24.4872,Mareca penelope,Eurasian Wigeon,Eetu Paljakka,Creative Commons Attribution-NonCommercial-ShareAlike 4.0,3.5,18:36,https://www.xeno-canto.org/314027,eurwig/XC314027.ogg
eurwig,[],['flight call'],60.6995,27.0951,Mareca penelope,Eurasian Wigeon,Eetu Paljakka,Creative Commons Attribution-NonCommercial-ShareAlike 4.0,4.0,23:00,https://www.xeno-canto.org/314385,eurwig/XC314385.ogg
eurwig,['skylar'],['call'],58.2747,-4.0685,Mareca penelope,Eurasian Wigeon,Bernard BOUSQUET,Creative Commons Attribution-NonCommercial-ShareAlike 4.0,3.5,06:00,https://www.xeno-canto.org/317478,eurwig/XC317478.ogg
eurwig,[],['call'],52.445,0.154,Mareca penelope,Eurasian Wigeon,David Darrell-Lambert,Creative Commons Attribution-NonCommercial-ShareAlike 4.0,4.0,14:00,https://www.xeno-canto.org/323341,eurwig/XC323341.ogg
eurwig,[],['call'],54.877,8.3459,Mareca penelope,Eurasian Wigeon,Paul Ehlers,Creative Commons Attribution-NonCommercial-ShareAlike 4.0,4.0,12:30,https://www.xeno-canto.org/339845,eurwig/XC339845.ogg
eurwig,[],['song'],61.8026,26.0474,Mareca penelope,Eurasian Wigeon,Tero Linjama,Creative Commons Attribution-NonCommercial-ShareAlike 4.0,4.0,07:00,https://www.xeno-canto.org/340588,eurwig/XC340588.ogg
eurwig,[],"['male', 'song']",61.996,25.5726,Mareca penelope,Eurasian Wigeon,Tero Linjama,Creative Commons Attribution-NonCommercial-ShareAlike 4.0,5.0,07:00,https://www.xeno-canto.org/340589,eurwig/XC340589.ogg
eurwig,[],['call'],51.9612,5.8104,Mareca penelope,Eurasian Wigeon,James Lidster,Creative Commons Attribution-NonCommercial-ShareAlike 4.0,3.0,23:00,https://www.xeno-canto.org/347444,eurwig/XC347444.ogg
eurwig,[],['flight call'],46.9846,7.1585,Mareca penelope,Eurasian Wigeon,Jerome Fischer,Creative Commons Attribution-NonCommercial-ShareAlike 4.0,5.0,10:30,https://www.xeno-canto.org/348389,eurwig/XC348389.ogg
eurwig,['mallar3'],"['call', 'female calls and Male excitement calls.']",51.7497,4.527,Mareca penelope,Eurasian Wigeon,Jorick van Arneym,Creative Commons Attribution-NonCommercial-ShareAlike 4.0,4.5,08:19,https://www.xeno-canto.org/349698,eurwig/XC349698.ogg
eurwig,['gnwtea'],['call'],46.9846,7.1585,Mareca penelope,Eurasian Wigeon,Jerome Fischer,Creative Commons Attribution-NonCommercial-ShareAlike 4.0,3.5,12:30,https://www.xeno-canto.org/356394,eurwig/XC356394.ogg
eurwig,[],['call'],46.9846,7.1585,Mareca penelope,Eurasian Wigeon,Jerome Fischer,Creative Commons Attribution-NonCommercial-ShareAlike 4.0,5.0,12:30,https://www.xeno-canto.org/356395,eurwig/XC356395.ogg
eurwig,[],['call'],48.2197,11.7662,Mareca penelope,Eurasian Wigeon,Antonio Xeira,Creative Commons Attribution-NonCommercial-ShareAlike 4.0,4.0,13:00,https://www.xeno-canto.org/360924,eurwig/XC360924.ogg
eurwig,[],['flight call'],54.0932,13.3635,Mareca penelope,Eurasian Wigeon,Marcel Tenhaeff,Creative Commons Attribution-NonCommercial-ShareAlike 4.0,3.0,01:00,https://www.xeno-canto.org/362197,eurwig/XC362197.ogg
eurwig,[],['call'],52.2547,13.9025,Mareca penelope,Eurasian Wigeon,Sonnenburg,Creative Commons Attribution-NonCommercial-ShareAlike 4.0,4.0,05:06,https://www.xeno-canto.org/362387,eurwig/XC362387.ogg
eurwig,[],['call'],52.2547,13.903,Mareca penelope,Eurasian Wigeon,Sonnenburg,Creative Commons Attribution-NonCommercial-ShareAlike 4.0,4.0,05:05,https://www.xeno-canto.org/362396,eurwig/XC362396.ogg
eurwig,[],['call'],52.9792,13.3379,Mareca penelope,Eurasian Wigeon,Annette Hamann,Creative Commons Attribution-NonCommercial-ShareAlike 4.0,5.0,18:30,https://www.xeno-canto.org/363808,eurwig/XC363808.ogg
eurwig,[],['song'],52.600337,1.478434,Mareca penelope,Eurasian Wigeon,David Farrow,Creative Commons Attribution-NonCommercial-ShareAlike 3.0,4.0,?:?,https://www.xeno-canto.org/37499,eurwig/XC37499.ogg
eurwig,[],"['call', 'male']",67.6375,52.9032,Mareca penelope,Eurasian Wigeon,Albert Lastukhin,Creative Commons Attribution-NonCommercial-ShareAlike 4.0,4.0,22:30,https://www.xeno-canto.org/377997,eurwig/XC377997.ogg
eurwig,[],"['call', 'male']",67.6375,52.9032,Mareca penelope,Eurasian Wigeon,Albert Lastukhin,Creative Commons Attribution-NonCommercial-ShareAlike 4.0,4.0,22:30,https://www.xeno-canto.org/377998,eurwig/XC377998.ogg
eurwig,[],"['Nocturnal Recording', 'flight call']",52.9094,1.0867,Mareca penelope,Eurasian Wigeon,Kieran Nixon,Creative Commons Attribution-NonCommercial-ShareAlike 4.0,3.0,03:00,https://www.xeno-canto.org/389130,eurwig/XC389130.ogg
eurwig,"['amewig', 'mallar3']","['call', 'male']",48.412,-123.3622,Mareca penelope,Eurasian Wigeon,Barry Edmonston,Creative Commons Attribution-NonCommercial-ShareAlike 4.0,4.5,11:00,https://www.xeno-canto.org/397329,eurwig/XC397329.ogg
eurwig,[],"['call', 'flight call']",45.8956,-1.0959,Mareca penelope,Eurasian Wigeon,Stanislas Wroza,Creative Commons Attribution-NonCommercial-ShareAlike 4.0,3.0,08:30,https://www.xeno-canto.org/402127,eurwig/XC402127.ogg
eurwig,['mallar3'],['call'],51.6476,0.4854,Mareca penelope,Eurasian Wigeon,David Bissett,Creative Commons Attribution-NonCommercial-ShareAlike 4.0,3.5,07:30,https://www.xeno-canto.org/402315,eurwig/XC402315.ogg
eurwig,[],['call'],53.0829,4.8004,Mareca penelope,Eurasian Wigeon,Julia Wittmann,Creative Commons Attribution-NonCommercial-ShareAlike 4.0,3.5,09:00,https://www.xeno-canto.org/403061,eurwig/XC403061.ogg
eurwig,[],"['call', 'male']",69.8363,25.0829,Mareca penelope,Eurasian Wigeon,Karl-Birger Strann,Creative Commons Attribution-NonCommercial-ShareAlike 4.0,3.5,05:30,https://www.xeno-canto.org/403128,eurwig/XC403128.ogg
eurwig,['norpin'],['call'],35.9051,139.696,Mareca penelope,Eurasian Wigeon,Guy Kirwan,Creative Commons Attribution-NonCommercial-ShareAlike 4.0,3.5,14:30,https://www.xeno-canto.org/409618,eurwig/XC409618.ogg
eurwig,[],['flight call'],51.0596,13.7695,Mareca penelope,Eurasian Wigeon,Jens Loose,Creative Commons Attribution-NonCommercial-ShareAlike 4.0,5.0,01:54,https://www.xeno-canto.org/414618,eurwig/XC414618.ogg
eurwig,[],"['call', 'male']",63.7515,20.3103,Mareca penelope,Eurasian Wigeon,Lars Edenius,Creative Commons Attribution-NonCommercial-ShareAlike 4.0,4.5,06:00,https://www.xeno-canto.org/416938,eurwig/XC416938.ogg
eurwig,[],"['flight call', 'wingbeat']",52.0612,5.371,Mareca penelope,Eurasian Wigeon,Aat Schaftenaar,Creative Commons Attribution-NonCommercial-ShareAlike 4.0,2.0,21:30,https://www.xeno-canto.org/424353,eurwig/XC424353.ogg
eurwig,[],"['call', 'male']",63.1838,75.391,Mareca penelope,Eurasian Wigeon,Albert Lastukhin,Creative Commons Attribution-NonCommercial-ShareAlike 4.0,3.0,07:00,https://www.xeno-canto.org/430995,eurwig/XC430995.ogg
eurwig,[],"['call', 'male']",63.1838,75.391,Mareca penelope,Eurasian Wigeon,Albert Lastukhin,Creative Commons Attribution-NonCommercial-ShareAlike 4.0,4.0,08:30,https://www.xeno-canto.org/431085,eurwig/XC431085.ogg
eurwig,[],['flight call'],63.4902,77.0098,Mareca penelope,Eurasian Wigeon,Albert Lastukhin,Creative Commons Attribution-NonCommercial-ShareAlike 4.0,4.0,16:30,https://www.xeno-canto.org/431113,eurwig/XC431113.ogg
eurwig,[],['flight call'],52.0612,5.371,Mareca penelope,Eurasian Wigeon,Aat Schaftenaar,Creative Commons Attribution-NonCommercial-ShareAlike 4.0,4.0,04:00,https://www.xeno-canto.org/431431,eurwig/XC431431.ogg
eurwig,[],['flight call'],52.0612,5.371,Mareca penelope,Eurasian Wigeon,Aat Schaftenaar,Creative Commons Attribution-NonCommercial-ShareAlike 4.0,1.0,23:30,https://www.xeno-canto.org/431432,eurwig/XC431432.ogg
eurwig,[],['flight call'],52.0612,5.371,Mareca penelope,Eurasian Wigeon,Aat Schaftenaar,Creative Commons Attribution-NonCommercial-ShareAlike 4.0,4.0,21:00,https://www.xeno-canto.org/431433,eurwig/XC431433.ogg
eurwig,[],['flight call'],52.0612,5.371,Mareca penelope,Eurasian Wigeon,Aat Schaftenaar,Creative Commons Attribution-NonCommercial-ShareAlike 4.0,4.0,22:00,https://www.xeno-canto.org/431434,eurwig/XC431434.ogg
eurwig,[],"['female', 'flight call']",62.142,73.7097,Mareca penelope,Eurasian Wigeon,Albert Lastukhin,Creative Commons Attribution-NonCommercial-ShareAlike 4.0,3.0,23:30,https://www.xeno-canto.org/432262,eurwig/XC432262.ogg
eurwig,[],['flight call'],62.142,73.7097,Mareca penelope,Eurasian Wigeon,Albert Lastukhin,Creative Commons Attribution-NonCommercial-ShareAlike 4.0,3.0,23:30,https://www.xeno-canto.org/432263,eurwig/XC432263.ogg
eurwig,[],['flight call'],62.142,73.7097,Mareca penelope,Eurasian Wigeon,Albert Lastukhin,Creative Commons Attribution-NonCommercial-ShareAlike 4.0,4.0,23:30,https://www.xeno-canto.org/432282,eurwig/XC432282.ogg
eurwig,[],"['alarm call', 'call', 'female', 'flight call']",65.5963,-17.0918,Mareca penelope,Eurasian Wigeon,Stanislas Wroza,Creative Commons Attribution-NonCommercial-ShareAlike 4.0,5.0,22:00,https://www.xeno-canto.org/432770,eurwig/XC432770.ogg
eurwig,[],"['flight call', 'noctural flight call']",52.4504,5.5613,Mareca penelope,Eurasian Wigeon,G Berger,Creative Commons Attribution-NonCommercial-ShareAlike 4.0,3.0,02:00,https://www.xeno-canto.org/433132,eurwig/XC433132.ogg
eurwig,[],['call'],58.9769,17.8706,Mareca penelope,Eurasian Wigeon,Ulf Elman,Creative Commons Attribution-NonCommercial-ShareAlike 4.0,3.5,12:00,https://www.xeno-canto.org/439346,eurwig/XC439346.ogg
eurwig,[],['call'],48.2637,4.3033,Mareca penelope,Eurasian Wigeon,Morvan Corentin,Creative Commons Attribution-NonCommercial-ShareAlike 4.0,4.0,16:00,https://www.xeno-canto.org/441249,eurwig/XC441249.ogg
eurwig,[],"['call', 'male']",42.9037,13.9077,Mareca penelope,Eurasian Wigeon,Dimitri,Creative Commons Attribution-NonCommercial-ShareAlike 4.0,4.0,16:00,https://www.xeno-canto.org/442299,eurwig/XC442299.ogg
eurwig,[],['call'],32.1344,-2.8895,Mareca penelope,Eurasian Wigeon,Geoffrey Monchaux,Creative Commons Attribution-NonCommercial-ShareAlike 4.0,3.5,11:30,https://www.xeno-canto.org/443320,eurwig/XC443320.ogg
eurwig,[],['call'],32.1344,-2.8895,Mareca penelope,Eurasian Wigeon,Geoffrey Monchaux,Creative Commons Attribution-NonCommercial-ShareAlike 4.0,4.0,11:30,https://www.xeno-canto.org/443322,eurwig/XC443322.ogg
eurwig,[],"['flight call', 'nocturnal flight call']",60.2357,25.0058,Mareca penelope,Eurasian Wigeon,Juha Saari,Creative Commons Attribution-NonCommercial-ShareAlike 4.0,4.0,01:00,https://www.xeno-canto.org/443976,eurwig/XC443976.ogg
eurwig,[],"['call', 'male', 'song', 'whistle']",50.3725,1.5697,Mareca penelope,Eurasian Wigeon,Stanislas Wroza,Creative Commons Attribution-NonCommercial-ShareAlike 4.0,5.0,09:30,https://www.xeno-canto.org/447852,eurwig/XC447852.ogg
eurwig,[],['call'],51.8605,-8.1752,Mareca penelope,Eurasian Wigeon,Sean Ronayne,Creative Commons Attribution-NonCommercial-ShareAlike 4.0,5.0,15:00,https://www.xeno-canto.org/448814,eurwig/XC448814.ogg
eurwig,[],"['alarm call', 'call', 'female', 'male', 'song']",50.262,1.5748,Mareca penelope,Eurasian Wigeon,Stanislas Wroza,Creative Commons Attribution-NonCommercial-ShareAlike 4.0,4.0,13:00,https://www.xeno-canto.org/448901,eurwig/XC448901.ogg
eurwig,[],['flight call'],52.0612,5.371,Mareca penelope,Eurasian Wigeon,Aat Schaftenaar,Creative Commons Attribution-NonCommercial-ShareAlike 4.0,4.0,04:00,https://www.xeno-canto.org/450566,eurwig/XC450566.ogg
eurwig,['gnwtea'],"['call', 'male']",52.5495,-0.7436,Mareca penelope,Eurasian Wigeon,Andrew Harrop,Creative Commons Attribution-NonCommercial-ShareAlike 4.0,3.5,09:01,https://www.xeno-canto.org/452099,eurwig/XC452099.ogg
eurwig,[],['call'],48.4614,-123.4226,Mareca penelope,Eurasian Wigeon,Randy Dzenkiw,Creative Commons Attribution-NonCommercial-ShareAlike 4.0,3.0,15:00,https://www.xeno-canto.org/454616,eurwig/XC454616.ogg
eurwig,[],['flight call'],52.1593,5.3563,Mareca penelope,Eurasian Wigeon,Johan Jordaans,Creative Commons Attribution-NonCommercial-ShareAlike 4.0,3.0,20:10,https://www.xeno-canto.org/461050,eurwig/XC461050.ogg
eurwig,[],['flight call'],52.1468,5.3788,Mareca penelope,Eurasian Wigeon,Gerda van Deelen,Creative Commons Attribution-NonCommercial-ShareAlike 4.0,2.0,20:30,https://www.xeno-canto.org/461850,eurwig/XC461850.ogg
eurwig,[],['flight call'],52.0612,5.371,Mareca penelope,Eurasian Wigeon,Aat Schaftenaar,Creative Commons Attribution-NonCommercial-ShareAlike 4.0,3.0,21:00,https://www.xeno-canto.org/462262,eurwig/XC462262.ogg
eurwig,['gnwtea'],"['call', 'male']",49.3191,-1.2754,Mareca penelope,Eurasian Wigeon,Alain Verneau,Creative Commons Attribution-NonCommercial-ShareAlike 4.0,3.5,15:00,https://www.xeno-canto.org/463341,eurwig/XC463341.ogg
eurwig,[],['flight call'],52.1468,5.3788,Mareca penelope,Eurasian Wigeon,Gerda van Deelen,Creative Commons Attribution-NonCommercial-ShareAlike 4.0,2.0,20:28,https://www.xeno-canto.org/463681,eurwig/XC463681.ogg
eurwig,[],['flight call'],52.1468,5.3788,Mareca penelope,Eurasian Wigeon,Gerda van Deelen,Creative Commons Attribution-NonCommercial-ShareAlike 4.0,2.0,20:35,https://www.xeno-canto.org/463686,eurwig/XC463686.ogg
eurwig,[],['flight call'],52.1468,5.3788,Mareca penelope,Eurasian Wigeon,Gerda van Deelen,Creative Commons Attribution-NonCommercial-ShareAlike 4.0,2.0,00:56,https://www.xeno-canto.org/463723,eurwig/XC463723.ogg
eurwig,[],['flight call'],52.0612,5.371,Mareca penelope,Eurasian Wigeon,Aat Schaftenaar,Creative Commons Attribution-NonCommercial-ShareAlike 4.0,2.0,22:00,https://www.xeno-canto.org/467338,eurwig/XC467338.ogg
eurwig,[],['flight call'],52.0612,5.371,Mareca penelope,Eurasian Wigeon,Aat Schaftenaar,Creative Commons Attribution-NonCommercial-ShareAlike 4.0,4.0,00:30,https://www.xeno-canto.org/467395,eurwig/XC467395.ogg
eurwig,[],"['flight call', 'nocturnal flight call']",51.9839,5.3368,Mareca penelope,Eurasian Wigeon,Peter van Vlaardingen,Creative Commons Attribution-NonCommercial-ShareAlike 4.0,3.0,01:02,https://www.xeno-canto.org/468914,eurwig/XC468914.ogg
eurwig,[],"['flight call', 'nocturnal flight call']",60.2357,25.0058,Mareca penelope,Eurasian Wigeon,Juha Saari,Creative Commons Attribution-NonCommercial-ShareAlike 4.0,3.0,00:19,https://www.xeno-canto.org/469420,eurwig/XC469420.ogg
eurwig,[],"['NFC', 'Nocturnal Flight Call', 'flight call']",45.9286,-0.9757,Mareca penelope,Eurasian Wigeon,Louis Sallé,Creative Commons Attribution-NonCommercial-ShareAlike 4.0,4.0,22:00,https://www.xeno-canto.org/469975,eurwig/XC469975.ogg
eurwig,[],"['female', 'flight call', 'male']",65.1878,19.6687,Mareca penelope,Eurasian Wigeon,Lars Edenius,Creative Commons Attribution-NonCommercial-ShareAlike 4.0,5.0,23:30,https://www.xeno-canto.org/476060,eurwig/XC476060.ogg
eurwig,[],['flight call'],53.4909,22.6334,Mareca penelope,Eurasian Wigeon,Romuald Mikusek,Creative Commons Attribution-NonCommercial-ShareAlike 4.0,4.0,18:45,https://www.xeno-canto.org/477515,eurwig/XC477515.ogg
eurwig,[],"['call', 'flight call', 'grunt call']",63.8448,-21.057,Mareca penelope,Eurasian Wigeon,Stanislas Wroza,Creative Commons Attribution-NonCommercial-ShareAlike 4.0,4.0,21:00,https://www.xeno-canto.org/479157,eurwig/XC479157.ogg
eurwig,[],"['call', 'female']",65.5933,-19.4351,Mareca penelope,Eurasian Wigeon,Stanislas Wroza,Creative Commons Attribution-NonCommercial-ShareAlike 4.0,5.0,10:00,https://www.xeno-canto.org/484470,eurwig/XC484470.ogg
eurwig,[],"['begging call', 'call']",65.5933,-19.4351,Mareca penelope,Eurasian Wigeon,Stanislas Wroza,Creative Commons Attribution-NonCommercial-ShareAlike 4.0,4.0,10:00,https://www.xeno-canto.org/484471,eurwig/XC484471.ogg
eurwig,[],"['call', 'female']",66.0207,-17.3637,Mareca penelope,Eurasian Wigeon,Stanislas Wroza,Creative Commons Attribution-NonCommercial-ShareAlike 4.0,4.0,06:00,https://www.xeno-canto.org/488022,eurwig/XC488022.ogg
eurwig,[],"['call', 'female']",66.0207,-17.3637,Mareca penelope,Eurasian Wigeon,Stanislas Wroza,Creative Commons Attribution-NonCommercial-ShareAlike 4.0,5.0,06:00,https://www.xeno-canto.org/488023,eurwig/XC488023.ogg
eurwig,[],"['call', 'female']",66.0207,-17.3637,Mareca penelope,Eurasian Wigeon,Stanislas Wroza,Creative Commons Attribution-NonCommercial-ShareAlike 4.0,4.0,06:00,https://www.xeno-canto.org/488024,eurwig/XC488024.ogg
eurwig,[],"['call', 'female']",66.0207,-17.3637,Mareca penelope,Eurasian Wigeon,Stanislas Wroza,Creative Commons Attribution-NonCommercial-ShareAlike 4.0,5.0,06:00,https://www.xeno-canto.org/488025,eurwig/XC488025.ogg
eurwig,[],['begging call'],65.5704,-17.0291,Mareca penelope,Eurasian Wigeon,Stanislas Wroza,Creative Commons Attribution-NonCommercial-ShareAlike 4.0,4.0,21:00,https://www.xeno-canto.org/488088,eurwig/XC488088.ogg
eurwig,[],['begging call'],65.5704,-17.0291,Mareca penelope,Eurasian Wigeon,Stanislas Wroza,Creative Commons Attribution-NonCommercial-ShareAlike 4.0,4.0,21:00,https://www.xeno-canto.org/488089,eurwig/XC488089.ogg
eurwig,[],['begging call'],65.5704,-17.0291,Mareca penelope,Eurasian Wigeon,Stanislas Wroza,Creative Commons Attribution-NonCommercial-ShareAlike 4.0,4.0,21:00,https://www.xeno-canto.org/488090,eurwig/XC488090.ogg
eurwig,[],"['call', 'female', 'flight call']",65.5704,-17.0291,Mareca penelope,Eurasian Wigeon,Stanislas Wroza,Creative Commons Attribution-NonCommercial-ShareAlike 4.0,4.0,06:00,https://www.xeno-canto.org/488125,eurwig/XC488125.ogg
eurwig,[],"['begging call', 'juvenile']",65.5704,-17.0291,Mareca penelope,Eurasian Wigeon,Stanislas Wroza,Creative Commons Attribution-NonCommercial-ShareAlike 4.0,4.0,06:00,https://www.xeno-canto.org/488126,eurwig/XC488126.ogg
eurwig,[],"['begging call', 'juvenile']",65.5704,-17.0291,Mareca penelope,Eurasian Wigeon,Stanislas Wroza,Creative Commons Attribution-NonCommercial-ShareAlike 4.0,5.0,06:00,https://www.xeno-canto.org/488127,eurwig/XC488127.ogg
eurwig,[],['flight call'],52.0612,5.371,Mareca penelope,Eurasian Wigeon,Aat Schaftenaar,Creative Commons Attribution-NonCommercial-ShareAlike 4.0,2.0,03:30,https://www.xeno-canto.org/496513,eurwig/XC496513.ogg
eurwig,[],['nocturnal flight call'],52.5061,6.2538,Mareca penelope,Eurasian Wigeon,Vincent Martens,Creative Commons Attribution-NonCommercial-ShareAlike 4.0,2.0,20:38,https://www.xeno-canto.org/497865,eurwig/XC497865.ogg
eurwig,[],['nocturnal flight call'],52.5061,6.2538,Mareca penelope,Eurasian Wigeon,Vincent Martens,Creative Commons Attribution-NonCommercial-ShareAlike 4.0,3.0,00:16,https://www.xeno-canto.org/498021,eurwig/XC498021.ogg
eurwig,[],['flight call'],51.9033,4.6913,Mareca penelope,Eurasian Wigeon,Jonathan van Erkel,Creative Commons Attribution-NonCommercial-ShareAlike 4.0,2.0,05:26,https://www.xeno-canto.org/498268,eurwig/XC498268.ogg
eurwig,[],['flight call'],53.9299,-2.9833,Mareca penelope,Eurasian Wigeon,Chris Batty,Creative Commons Attribution-NonCommercial-ShareAlike 4.0,2.5,?,https://www.xeno-canto.org/500995,eurwig/XC500995.ogg
eurwig,[],['flight call'],53.9299,-2.9833,Mareca penelope,Eurasian Wigeon,Chris Batty,Creative Commons Attribution-NonCommercial-ShareAlike 4.0,2.5,01:03,https://www.xeno-canto.org/500996,eurwig/XC500996.ogg
eurwig,[],['flight call'],53.9299,-2.9833,Mareca penelope,Eurasian Wigeon,Chris Batty,Creative Commons Attribution-NonCommercial-ShareAlike 4.0,3.0,23:44,https://www.xeno-canto.org/500997,eurwig/XC500997.ogg
eurwig,[],['flight call'],53.9299,-2.9833,Mareca penelope,Eurasian Wigeon,Chris Batty,Creative Commons Attribution-NonCommercial-ShareAlike 4.0,4.0,01:17,https://www.xeno-canto.org/500998,eurwig/XC500998.ogg
eurwig,[],['flight call'],53.9299,-2.9833,Mareca penelope,Eurasian Wigeon,Chris Batty,Creative Commons Attribution-NonCommercial-ShareAlike 4.0,3.0,01:03,https://www.xeno-canto.org/500999,eurwig/XC500999.ogg
eurwig,[],['flight call'],53.9299,-2.9833,Mareca penelope,Eurasian Wigeon,Chris Batty,Creative Commons Attribution-NonCommercial-ShareAlike 4.0,3.0,19:58,https://www.xeno-canto.org/501000,eurwig/XC501000.ogg
eurwig,[],"['flight call', 'nocturnal flight call']",59.4329,24.9453,Mareca penelope,Eurasian Wigeon,Juha Saari,Creative Commons Attribution-NonCommercial-ShareAlike 4.0,0.0,21:26,https://www.xeno-canto.org/502636,eurwig/XC502636.ogg
eurwig,[],"['call', 'male']",50.1536,18.9993,Mareca penelope,Eurasian Wigeon,Ireneusz Oleksik,Creative Commons Attribution-NonCommercial-ShareAlike 4.0,3.0,17:00,https://www.xeno-canto.org/503158,eurwig/XC503158.ogg
eurwig,[],['nocturnal flight call'],52.5942,6.1046,Mareca penelope,Eurasian Wigeon,jaap oosterhuis,Creative Commons Attribution-NonCommercial-ShareAlike 4.0,0.0,23:30,https://www.xeno-canto.org/505007,eurwig/XC505007.ogg
eurwig,[],['nocturnal flight call'],50.8776,19.7495,Mareca penelope,Eurasian Wigeon,Grzegorz Kaczorowski,Creative Commons Attribution-NonCommercial-ShareAlike 4.0,2.0,16:30,https://www.xeno-canto.org/507342,eurwig/XC507342.ogg
eurwig,[],"['call', 'wing beats']",59.8488,18.0095,Mareca penelope,Eurasian Wigeon,Robert Ekman,Creative Commons Attribution-NonCommercial-ShareAlike 4.0,3.0,15:39,https://www.xeno-canto.org/507473,eurwig/XC507473.ogg
eurwig,[],['call'],59.8488,18.0095,Mareca penelope,Eurasian Wigeon,Robert Ekman,Creative Commons Attribution-NonCommercial-ShareAlike 4.0,3.0,15:37,https://www.xeno-canto.org/507487,eurwig/XC507487.ogg
eurwig,[],['call'],51.4877,0.223,Mareca penelope,Eurasian Wigeon,nick talbot,Creative Commons Attribution-NonCommercial-ShareAlike 4.0,4.0,13:30,https://www.xeno-canto.org/509445,eurwig/XC509445.ogg
eurwig,[],['call'],51.4913,0.2312,Mareca penelope,Eurasian Wigeon,nick talbot,Creative Commons Attribution-NonCommercial-ShareAlike 4.0,4.0,14:00,https://www.xeno-canto.org/509588,eurwig/XC509588.ogg
eurwig,[],['call'],34.7912,135.4983,Mareca penelope,Eurasian Wigeon,Anon Torimi,Creative Commons Attribution-NonCommercial-ShareAlike 4.0,3.5,15:10,https://www.xeno-canto.org/512259,eurwig/XC512259.ogg
eurwig,[],['call'],34.7912,135.4983,Mareca penelope,Eurasian Wigeon,Anon Torimi,Creative Commons Attribution-NonCommercial-ShareAlike 4.0,4.0,15:35,https://www.xeno-canto.org/512261,eurwig/XC512261.ogg
eurwig,['gnwtea'],"['call', 'life stage uncertain', 'sex uncertain']",51.7713,-1.2811,Mareca penelope,Eurasian Wigeon,Michał Jezierski,Creative Commons Attribution-NonCommercial-ShareAlike 4.0,4.5,13:30,https://www.xeno-canto.org/513464,eurwig/XC513464.ogg
eurwig,[],['nocturnal flight call'],52.1418,5.3724,Mareca penelope,Eurasian Wigeon,Frank Pierik,Creative Commons Attribution-NonCommercial-ShareAlike 4.0,3.0,01:11,https://www.xeno-canto.org/515557,eurwig/XC515557.ogg
eurwig,[],"['call', 'male']",34.7078,135.3586,Mareca penelope,Eurasian Wigeon,Anon Torimi,Creative Commons Attribution-NonCommercial-ShareAlike 4.0,3.5,10:35,https://www.xeno-canto.org/518568,eurwig/XC518568.ogg
eurwig,[],"['call', 'male']",34.7078,135.3586,Mareca penelope,Eurasian Wigeon,Anon Torimi,Creative Commons Attribution-NonCommercial-ShareAlike 4.0,3.5,10:35,https://www.xeno-canto.org/518570,eurwig/XC518570.ogg
eurwig,[],['call'],64.1424,-21.9713,Mareca penelope,Eurasian Wigeon,Ireneusz Oleksik,Creative Commons Attribution-NonCommercial-ShareAlike 4.0,3.0,10:15,https://www.xeno-canto.org/521167,eurwig/XC521167.ogg
eurwig,[],"['flight call', 'nocturnal flight call']",54.1818,-0.3203,Mareca penelope,Eurasian Wigeon,Will Scott,Creative Commons Attribution-NonCommercial-ShareAlike 4.0,4.0,03:34,https://www.xeno-canto.org/521233,eurwig/XC521233.ogg
eurwig,[],"['call', 'male']",52.6593,-0.6798,Mareca penelope,Eurasian Wigeon,Andrew Harrop,Creative Commons Attribution-NonCommercial-ShareAlike 4.0,5.0,14:00,https://www.xeno-canto.org/522068,eurwig/XC522068.ogg
eurwig,[],"['female', 'flight call']",52.6593,-0.6798,Mareca penelope,Eurasian Wigeon,Andrew Harrop,Creative Commons Attribution-NonCommercial-ShareAlike 4.0,4.0,14:00,https://www.xeno-canto.org/522069,eurwig/XC522069.ogg
eurwig,[],"['call', 'female']",34.8071,135.7845,Mareca penelope,Eurasian Wigeon,Anon Torimi,Creative Commons Attribution-NonCommercial-ShareAlike 4.0,2.0,10:45,https://www.xeno-canto.org/522141,eurwig/XC522141.ogg
eurwig,[],"['call', 'flight call', 'nocturnal flight call', 'wingbeats']",53.9299,-2.9833,Mareca penelope,Eurasian Wigeon,Chris Batty,Creative Commons Attribution-NonCommercial-ShareAlike 4.0,3.0,17:36,https://www.xeno-canto.org/522533,eurwig/XC522533.ogg
eurwig,[],"['call', 'flight call', 'nocturnal flight call']",53.9299,-2.9833,Mareca penelope,Eurasian Wigeon,Chris Batty,Creative Commons Attribution-NonCommercial-ShareAlike 4.0,3.0,23:57,https://www.xeno-canto.org/522534,eurwig/XC522534.ogg
eurwig,[],"['call', 'flight call', 'nocturnal flight call']",53.9299,-2.9833,Mareca penelope,Eurasian Wigeon,Chris Batty,Creative Commons Attribution-NonCommercial-ShareAlike 4.0,2.5,01:41,https://www.xeno-canto.org/522535,eurwig/XC522535.ogg
eurwig,[],"['call', 'flight call', 'nocturnal flight call']",53.9299,-2.9833,Mareca penelope,Eurasian Wigeon,Chris Batty,Creative Commons Attribution-NonCommercial-ShareAlike 4.0,1.5,22:43,https://www.xeno-canto.org/522536,eurwig/XC522536.ogg
eurwig,[],"['call', 'flight call', 'nocturnal flight call']",53.9299,-2.9833,Mareca penelope,Eurasian Wigeon,Chris Batty,Creative Commons Attribution-NonCommercial-ShareAlike 4.0,2.0,03:23,https://www.xeno-canto.org/522537,eurwig/XC522537.ogg
eurwig,[],"['call', 'flight call', 'nocturnal flight call']",53.9299,-2.9833,Mareca penelope,Eurasian Wigeon,Chris Batty,Creative Commons Attribution-NonCommercial-ShareAlike 4.0,3.0,22:05,https://www.xeno-canto.org/522538,eurwig/XC522538.ogg
eurwig,[],"['adult', 'call']",48.0305,10.8779,Mareca penelope,Eurasian Wigeon,Beatrix Saadi-Varchmin,Creative Commons Attribution-NonCommercial-ShareAlike 4.0,4.5,16:32,https://www.xeno-canto.org/526339,eurwig/XC526339.ogg
eurwig,[],"['call', 'nocturnal flight call']",51.9612,5.8104,Mareca penelope,Eurasian Wigeon,James Lidster,Creative Commons Attribution-NonCommercial-ShareAlike 4.0,3.0,20:50,https://www.xeno-canto.org/528145,eurwig/XC528145.ogg
eurwig,[],['call'],51.9612,5.8104,Mareca penelope,Eurasian Wigeon,James Lidster,Creative Commons Attribution-NonCommercial-ShareAlike 4.0,3.0,19:45,https://www.xeno-canto.org/528314,eurwig/XC528314.ogg
eurwig,[],['call'],51.9612,5.8104,Mareca penelope,Eurasian Wigeon,James Lidster,Creative Commons Attribution-NonCommercial-ShareAlike 4.0,3.0,20:00,https://www.xeno-canto.org/528485,eurwig/XC528485.ogg
eurwig,[],"['call', 'song']",50.2571,1.5748,Mareca penelope,Eurasian Wigeon,Stanislas Wroza,Creative Commons Attribution-NonCommercial-ShareAlike 4.0,5.0,09:00,https://www.xeno-canto.org/535543,eurwig/XC535543.ogg
eurwig,[],['call'],50.3725,1.5697,Mareca penelope,Eurasian Wigeon,Stanislas Wroza,Creative Commons Attribution-NonCommercial-ShareAlike 4.0,5.0,09:00,https://www.xeno-canto.org/535553,eurwig/XC535553.ogg
eurwig,[],"['nocturnal flight call', 'sex uncertain']",53.4697,9.7893,Mareca penelope,Eurasian Wigeon,Lars Burnus,Creative Commons Attribution-NonCommercial-ShareAlike 4.0,2.0,22:00,https://www.xeno-canto.org/535744,eurwig/XC535744.ogg
eurwig,[],"['adult', 'nocturnal flight call', 'sex uncertain']",52.393,20.5365,Mareca penelope,Eurasian Wigeon,Jarek Matusiak,Creative Commons Attribution-NonCommercial-ShareAlike 4.0,5.0,01:00,https://www.xeno-canto.org/536039,eurwig/XC536039.ogg
eurwig,[],"['flight call', 'nocturnal flight call']",51.198,-0.6041,Mareca penelope,Eurasian Wigeon,Ed Stubbs,Creative Commons Attribution-NonCommercial-ShareAlike 4.0,1.0,20:49,https://www.xeno-canto.org/538083,eurwig/XC538083.ogg
eurwig,[],"['flight call', 'nocturnal flight call']",54.1818,-0.3203,Mareca penelope,Eurasian Wigeon,Will Scott,Creative Commons Attribution-NonCommercial-ShareAlike 4.0,2.0,21:13,https://www.xeno-canto.org/538136,eurwig/XC538136.ogg
eurwig,[],"['flight call', 'nocturnal flight call']",51.198,-0.6041,Mareca penelope,Eurasian Wigeon,Ed Stubbs,Creative Commons Attribution-NonCommercial-ShareAlike 4.0,2.0,20:58,https://www.xeno-canto.org/538522,eurwig/XC538522.ogg
eurwig,[],"['call', 'flight call', 'nocturnal flight call']",52.0172,-0.34,Mareca penelope,Eurasian Wigeon,James P,Creative Commons Attribution-NonCommercial-ShareAlike 4.0,5.0,23:12,https://www.xeno-canto.org/538573,eurwig/XC538573.ogg
eurwig,[],"['call', 'flight call', 'life stage uncertain', 'nocturnal flight call', 'sex uncertain']",53.0484,-2.1233,Mareca penelope,Eurasian Wigeon,Andy Lawrence,Creative Commons Attribution-NonCommercial-ShareAlike 4.0,2.0,20:20,https://www.xeno-canto.org/539677,eurwig/XC539677.ogg
eurwig,[],"['nocturnal flight call', 'nocturnal flight call']",43.5352,-1.4475,Mareca penelope,Eurasian Wigeon,Frédéric Cazaban,Creative Commons Attribution-NonCommercial-ShareAlike 4.0,3.0,23:40,https://www.xeno-canto.org/539698,eurwig/XC539698.ogg
eurwig,[],['nocturnal flight call'],52.5983,13.4333,Mareca penelope,Eurasian Wigeon,Christoph,Creative Commons Attribution-NonCommercial-ShareAlike 4.0,4.0,02:00,https://www.xeno-canto.org/539953,eurwig/XC539953.ogg
eurwig,[],['nocturnal flight call'],50.8297,3.2408,Mareca penelope,Eurasian Wigeon,Ignaas Robbe,Creative Commons Attribution-NonCommercial-ShareAlike 4.0,4.0,01:30,https://www.xeno-canto.org/540722,eurwig/XC540722.ogg
eurwig,[],['nocturnal flight call'],51.0411,3.7123,Mareca penelope,Eurasian Wigeon,Koen Lepla,Creative Commons Attribution-NonCommercial-ShareAlike 4.0,1.0,01:00,https://www.xeno-canto.org/541014,eurwig/XC541014.ogg
eurwig,[],['nocturnal flight call'],50.8297,3.2408,Mareca penelope,Eurasian Wigeon,Ignaas Robbe,Creative Commons Attribution-NonCommercial-ShareAlike 4.0,4.0,01:00,https://www.xeno-canto.org/541022,eurwig/XC541022.ogg
eurwig,[],"['life stage uncertain', 'male', 'nocturnal flight call']",51.9036,-8.4871,Mareca penelope,Eurasian Wigeon,Harry Hussey,Creative Commons Attribution-NonCommercial-ShareAlike 4.0,3.0,21:25,https://www.xeno-canto.org/541084,eurwig/XC541084.ogg
eurwig,[],['nocturnal flight call'],53.4697,9.7893,Mareca penelope,Eurasian Wigeon,Lars Burnus,Creative Commons Attribution-NonCommercial-ShareAlike 4.0,3.0,00:24,https://www.xeno-canto.org/541342,eurwig/XC541342.ogg
eurwig,[],"['flight call', 'nocturnal flight call']",51.9839,5.3368,Mareca penelope,Eurasian Wigeon,Peter van Vlaardingen,Creative Commons Attribution-NonCommercial-ShareAlike 4.0,4.0,22:22,https://www.xeno-canto.org/541365,eurwig/XC541365.ogg
eurwig,[],['nocturnal flight call'],47.8207,3.351,Mareca penelope,Eurasian Wigeon,François Bouzendorf,Creative Commons Attribution-NonCommercial-ShareAlike 4.0,4.0,03:03,https://www.xeno-canto.org/542017,eurwig/XC542017.ogg
eurwig,[],['nocturnal flight call'],54.0113,-0.3886,Mareca penelope,Eurasian Wigeon,James Spencer,Creative Commons Attribution-NonCommercial-ShareAlike 4.0,2.0,21:04,https://www.xeno-canto.org/542038,eurwig/XC542038.ogg
eurwig,[],['nocturnal flight call'],58.3749,26.6876,Mareca penelope,Eurasian Wigeon,Uku Paal,Creative Commons Attribution-NonCommercial-ShareAlike 4.0,4.0,23:00,https://www.xeno-canto.org/542299,eurwig/XC542299.ogg
eurwig,[],['nocturnal flight call'],48.0228,0.1995,Mareca penelope,Eurasian Wigeon,Christian Kerihuel,Creative Commons Attribution-NonCommercial-ShareAlike 4.0,2.0,00:30,https://www.xeno-canto.org/542544,eurwig/XC542544.ogg
eurwig,[],"['flight call', 'nocturnal flight call']",54.1818,-0.3203,Mareca penelope,Eurasian Wigeon,Will Scott,Creative Commons Attribution-NonCommercial-ShareAlike 4.0,2.0,03:34,https://www.xeno-canto.org/542733,eurwig/XC542733.ogg
eurwig,[],['nocturnal flight call'],51.3532,-0.1461,Mareca penelope,Eurasian Wigeon,Arjun Dutta,Creative Commons Attribution-NonCommercial-ShareAlike 4.0,2.0,22:00,https://www.xeno-canto.org/542904,eurwig/XC542904.ogg
eurwig,[],['nocturnal flight call'],51.3532,-0.1461,Mareca penelope,Eurasian Wigeon,Arjun Dutta,Creative Commons Attribution-NonCommercial-ShareAlike 4.0,3.0,21:48,https://www.xeno-canto.org/542931,eurwig/XC542931.ogg
eurwig,[],"['flight call', 'male']",59.9674,17.9371,Mareca penelope,Eurasian Wigeon,Robert Ekman,Creative Commons Attribution-NonCommercial-ShareAlike 4.0,2.0,23:30,https://www.xeno-canto.org/542962,eurwig/XC542962.ogg
eurwig,[],"['flight call', 'nocturnal flight call']",51.056,-1.322,Mareca penelope,Eurasian Wigeon,Tom Jordan,Creative Commons Attribution-NonCommercial-ShareAlike 4.0,2.0,19:39,https://www.xeno-canto.org/543220,eurwig/XC543220.ogg
eurwig,[],['nocturnal flight call'],60.2357,25.0058,Mareca penelope,Eurasian Wigeon,Juha Saari,Creative Commons Attribution-NonCommercial-ShareAlike 4.0,4.0,22:21,https://www.xeno-canto.org/543380,eurwig/XC543380.ogg
eurwig,[],['nocturnal flight call'],58.3749,26.6876,Mareca penelope,Eurasian Wigeon,Uku Paal,Creative Commons Attribution-NonCommercial-ShareAlike 4.0,3.0,21:30,https://www.xeno-canto.org/545604,eurwig/XC545604.ogg
eurwig,[],['nocturnal flight call'],51.1724,4.3357,Mareca penelope,Eurasian Wigeon,Joachim Pintens,Creative Commons Attribution-NonCommercial-ShareAlike 4.0,0.0,05:30,https://www.xeno-canto.org/545719,eurwig/XC545719.ogg
eurwig,[],['nocturnal flight call'],60.2357,25.0058,Mareca penelope,Eurasian Wigeon,Juha Saari,Creative Commons Attribution-NonCommercial-ShareAlike 4.0,2.0,21:45,https://www.xeno-canto.org/546271,eurwig/XC546271.ogg
eurwig,"['gnwtea', 'norsho']","['male', 'song']",60.2145,25.0191,Mareca penelope,Eurasian Wigeon,Hannu Varkki,Creative Commons Attribution-NonCommercial-ShareAlike 4.0,3.5,04:30,https://www.xeno-canto.org/546727,eurwig/XC546727.ogg
eurwig,[],['nocturnal flight call'],56.1252,-3.9392,Mareca penelope,Eurasian Wigeon,Jacob Davies,Creative Commons Attribution-NonCommercial-ShareAlike 4.0,2.0,23:14,https://www.xeno-canto.org/547994,eurwig/XC547994.ogg
eurwig,[],"['call', 'male']",52.0101,4.9056,Mareca penelope,Eurasian Wigeon,Albert Noorlander,Creative Commons Attribution-NonCommercial-ShareAlike 4.0,3.0,09:45,https://www.xeno-canto.org/548800,eurwig/XC548800.ogg
eurwig,[],"['nocturnal flight call', 'sex uncertain']",52.687,1.2173,Mareca penelope,Eurasian Wigeon,Nick Edwards,Creative Commons Attribution-NonCommercial-ShareAlike 4.0,4.0,21:30,https://www.xeno-canto.org/553182,eurwig/XC553182.ogg
eurwig,[],"['flight call', 'nocturnal flight call']",51.056,-1.322,Mareca penelope,Eurasian Wigeon,Tom Jordan,Creative Commons Attribution-NonCommercial-ShareAlike 4.0,2.0,19:43,https://www.xeno-canto.org/555295,eurwig/XC555295.ogg
eurwig,[],"['adult', 'call', 'male']",48.573,4.7097,Mareca penelope,Eurasian Wigeon,Guillaume Bigayon,Creative Commons Attribution-NonCommercial-ShareAlike 4.0,4.0,12:00,https://www.xeno-canto.org/555710,eurwig/XC555710.ogg
eurwig,[],"['flight call', 'nocturnal flight call']",51.9839,5.3368,Mareca penelope,Eurasian Wigeon,Peter van Vlaardingen,Creative Commons Attribution-NonCommercial-ShareAlike 4.0,4.0,3:31,https://www.xeno-canto.org/556018,eurwig/XC556018.ogg
eurwig,['mallar3'],"['male', 'song']",60.2146,25.01,Mareca penelope,Eurasian Wigeon,Hannu Varkki,Creative Commons Attribution-NonCommercial-ShareAlike 4.0,4.5,05:00,https://www.xeno-canto.org/564168,eurwig/XC564168.ogg
eurwig,[],['flight call'],65.957,16.2078,Mareca penelope,Eurasian Wigeon,Lars Edenius,Creative Commons Attribution-NonCommercial-ShareAlike 4.0,4.0,20:30,https://www.xeno-canto.org/564383,eurwig/XC564383.ogg
eurwig,[],"['adult', 'nocturnal flight call', 'sex uncertain']",51.8983,-8.4896,Mareca penelope,Eurasian Wigeon,Mr Mark Shorten,Creative Commons Attribution-NonCommercial-ShareAlike 4.0,3.0,02:30,https://www.xeno-canto.org/565341,eurwig/XC565341.ogg
eurwig,[],"['adult', 'male', 'sex uncertain', 'song']",68.8214,16.5571,Mareca penelope,Eurasian Wigeon,Stein Ø. Nilsen,Creative Commons Attribution-NonCommercial-ShareAlike 4.0,4.5,20:30,https://www.xeno-canto.org/587034,eurwig/XC587034.ogg
eurwig,[],"['adult', 'female', 'flight call', 'male']",68.8214,16.5571,Mareca penelope,Eurasian Wigeon,Stein Ø. Nilsen,Creative Commons Attribution-NonCommercial-ShareAlike 4.0,4.5,20:30,https://www.xeno-canto.org/587036,eurwig/XC587036.ogg
eurwig,[],"['call', 'male']",65.1761,18.8739,Mareca penelope,Eurasian Wigeon,Lars Edenius,Creative Commons Attribution-NonCommercial-ShareAlike 4.0,4.0,06:00,https://www.xeno-canto.org/587081,eurwig/XC587081.ogg
eurwig,[],['alarm call'],51.6502,-1.9064,Mareca penelope,Eurasian Wigeon,Craig Brookes,Creative Commons Attribution-NonCommercial-ShareAlike 4.0,3.5,17:30,https://www.xeno-canto.org/587575,eurwig/XC587575.ogg
eurwig,[],['nocturnal flight call'],56.1872,-3.9688,Mareca penelope,Eurasian Wigeon,Fiona Morton,Creative Commons Attribution-NonCommercial-ShareAlike 4.0,5.0,03:22,https://www.xeno-canto.org/588841,eurwig/XC588841.ogg
eurwig,[],['nocturnal flight call'],52.9908,-2.5086,Mareca penelope,Eurasian Wigeon,Phil Stockton,Creative Commons Attribution-NonCommercial-ShareAlike 4.0,2.0,02:42,https://www.xeno-canto.org/589445,eurwig/XC589445.ogg
eurwig,[],"['call', 'flight call', 'nocturnal flight call']",54.2081,-0.2889,Mareca penelope,Eurasian Wigeon,Mark Pearson,Creative Commons Attribution-NonCommercial-ShareAlike 4.0,4.0,23:13,https://www.xeno-canto.org/591791,eurwig/XC591791.ogg
eurwig,['mallar3'],"['life stage uncertain', 'nocturnal flight call', 'sex uncertain']",64.191,21.113,Mareca penelope,Eurasian Wigeon,Alan Dalton,Creative Commons Attribution-NonCommercial-ShareAlike 4.0,3.5,05:30,https://www.xeno-canto.org/591924,eurwig/XC591924.ogg
eurwig,[],"['flight call', 'nocturnal flight call']",51.8346,5.8519,Mareca penelope,Eurasian Wigeon,Martijn Verdoes,Creative Commons Attribution-NonCommercial-ShareAlike 4.0,5.0,02:34,https://www.xeno-canto.org/592543,eurwig/XC592543.ogg
eurwig,[],['call'],51.4758,-9.764,Mareca penelope,Eurasian Wigeon,Mr Mark Shorten,Creative Commons Attribution-NonCommercial-ShareAlike 4.0,4.0,00:00,https://www.xeno-canto.org/593125,eurwig/XC593125.ogg
eurwig,[],"['call', 'flight call', 'nocturnal flight call']",52.0172,-0.34,Mareca penelope,Eurasian Wigeon,James P,Creative Commons Attribution-NonCommercial-ShareAlike 4.0,4.0,21:29,https://www.xeno-canto.org/595161,eurwig/XC595161.ogg
eurwig,[],"['flight call', 'nocturnal flight call']",54.1818,-0.3203,Mareca penelope,Eurasian Wigeon,Will Scott,Creative Commons Attribution-NonCommercial-ShareAlike 4.0,4.0,02:00,https://www.xeno-canto.org/595351,eurwig/XC595351.ogg
eurwig,[],"['call', 'flight call', 'nocturnal flight call']",52.1174,4.4216,Mareca penelope,Eurasian Wigeon,Mark Bos,Creative Commons Attribution-NonCommercial-ShareAlike 4.0,4.0,03:00,https://www.xeno-canto.org/595544,eurwig/XC595544.ogg
eurwig,[],"['female', 'male', 'nocturnal flight call']",47.661,-3.1838,Mareca penelope,Eurasian Wigeon,Philippe J. DUBOIS,Creative Commons Attribution-NonCommercial-ShareAlike 4.0,3.0,00:30,https://www.xeno-canto.org/595641,eurwig/XC595641.ogg
eurwig,[],['uncertain'],50.8024,-1.9836,Mareca penelope,Eurasian Wigeon,Martin Wood,Creative Commons Attribution-NonCommercial-ShareAlike 4.0,4.0,01:30,https://www.xeno-canto.org/595695,eurwig/XC595695.ogg
eurwig,[],"['flight call', 'nocturnal flight call']",51.056,-1.322,Mareca penelope,Eurasian Wigeon,Tom Jordan,Creative Commons Attribution-NonCommercial-ShareAlike 4.0,4.0,20:22,https://www.xeno-canto.org/596363,eurwig/XC596363.ogg
eurwig,[],"['flight call', 'male']",52.9734,0.5641,Mareca penelope,Eurasian Wigeon,Calum Mckellar,Creative Commons Attribution-NonCommercial-ShareAlike 4.0,4.0,13:31,https://www.xeno-canto.org/597268,eurwig/XC597268.ogg
eurwig,[],"['call', 'female', 'male']",58.6201,23.072,Mareca penelope,Eurasian Wigeon,Uku Paal,Creative Commons Attribution-NonCommercial-ShareAlike 4.0,2.5,19:30,https://www.xeno-canto.org/597467,eurwig/XC597467.ogg
eurwig,[],"['adult', 'call', 'sex uncertain']",48.0208,10.8832,Mareca penelope,Eurasian Wigeon,Beatrix Saadi-Varchmin,Creative Commons Attribution-NonCommercial-ShareAlike 4.0,5.0,09:12,https://www.xeno-canto.org/598056,eurwig/XC598056.ogg
eurwig,[],['nocturnal flight call'],51.5762,-2.0962,Mareca penelope,Eurasian Wigeon,Craig Brookes,Creative Commons Attribution-NonCommercial-ShareAlike 4.0,3.0,23:45,https://www.xeno-canto.org/598114,eurwig/XC598114.ogg
eurwig,[],"['nocturnal flight call', 'sex uncertain']",54.0113,-0.3886,Mareca penelope,Eurasian Wigeon,James Spencer,Creative Commons Attribution-NonCommercial-ShareAlike 4.0,4.0,18:24,https://www.xeno-canto.org/598908,eurwig/XC598908.ogg
eurwig,[],"['adult', 'nocturnal flight call', 'sex uncertain']",57.2355,-2.3525,Mareca penelope,Eurasian Wigeon,John Arthur,Creative Commons Attribution-NonCommercial-ShareAlike 4.0,4.0,22:26,https://www.xeno-canto.org/599659,eurwig/XC599659.ogg
eurwig,[],['nocturnal flight call'],48.0228,0.1995,Mareca penelope,Eurasian Wigeon,Christian Kerihuel,Creative Commons Attribution-NonCommercial-ShareAlike 4.0,3.0,23:30,https://www.xeno-canto.org/600397,eurwig/XC600397.ogg
eurwig,[],"['adult', 'nocturnal flight call', 'sex uncertain']",52.0165,-8.5699,Mareca penelope,Eurasian Wigeon,Michael John O Mahony,Creative Commons Attribution-NonCommercial-ShareAlike 4.0,5.0,21:00,https://www.xeno-canto.org/600505,eurwig/XC600505.ogg
eurwig,[],"['flight call', 'nocturnal flight call']",54.1818,-0.3203,Mareca penelope,Eurasian Wigeon,Will Scott,Creative Commons Attribution-NonCommercial-ShareAlike 4.0,4.0,21:00,https://www.xeno-canto.org/600614,eurwig/XC600614.ogg
eurwig,[],['nocturnal flight call'],50.7347,3.2143,Mareca penelope,Eurasian Wigeon,Christophe Gruwier,Creative Commons Attribution-NonCommercial-ShareAlike 4.0,3.0,20:30,https://www.xeno-canto.org/600648,eurwig/XC600648.ogg
eurwig,[],"['flight call', 'nocturnal flight call']",47.8015,-0.2392,Mareca penelope,Eurasian Wigeon,Jean-François DARRAS,Creative Commons Attribution-NonCommercial-ShareAlike 4.0,3.0,01:07,https://www.xeno-canto.org/600700,eurwig/XC600700.ogg
eurwig,[],['nocturnal flight call'],54.0113,-0.3886,Mareca penelope,Eurasian Wigeon,James Spencer,Creative Commons Attribution-NonCommercial-ShareAlike 4.0,3.0,02:11,https://www.xeno-canto.org/600910,eurwig/XC600910.ogg
eurwig,[],['nocturnal flight call'],54.949,-1.48,Mareca penelope,Eurasian Wigeon,Mark Newsome,Creative Commons Attribution-NonCommercial-ShareAlike 4.0,3.0,02:25,https://www.xeno-canto.org/601134,eurwig/XC601134.ogg
eurwig,[],['nocturnal flight call'],55.4107,12.8449,Mareca penelope,Eurasian Wigeon,Johan Lorentzon,Creative Commons Attribution-NonCommercial-ShareAlike 4.0,4.0,01:58,https://www.xeno-canto.org/601153,eurwig/XC601153.ogg
eurwig,[],"['female', 'flight call', 'male', 'nocturnal flight call']",54.1818,-0.3203,Mareca penelope,Eurasian Wigeon,Will Scott,Creative Commons Attribution-NonCommercial-ShareAlike 4.0,3.0,00:23,https://www.xeno-canto.org/601196,eurwig/XC601196.ogg
eurwig,[],"['female', 'flight call', 'male', 'nocturnal flight call']",54.1818,-0.3203,Mareca penelope,Eurasian Wigeon,Will Scott,Creative Commons Attribution-NonCommercial-ShareAlike 4.0,3.0,01:00,https://www.xeno-canto.org/601198,eurwig/XC601198.ogg
eurwig,[],"['life stage uncertain', 'nocturnal flight call', 'sex uncertain']",56.7028,-2.6114,Mareca penelope,Eurasian Wigeon,Simon Busuttil,Creative Commons Attribution-NonCommercial-ShareAlike 4.0,3.0,22:30,https://www.xeno-canto.org/601241,eurwig/XC601241.ogg
eurwig,[],"['life stage uncertain', 'nocturnal flight call', 'sex uncertain']",56.7028,-2.6114,Mareca penelope,Eurasian Wigeon,Simon Busuttil,Creative Commons Attribution-NonCommercial-ShareAlike 4.0,3.0,13:30,https://www.xeno-canto.org/601243,eurwig/XC601243.ogg
eurwig,[],"['life stage uncertain', 'nocturnal flight call', 'sex uncertain', 'wingbeats']",56.7028,-2.6114,Mareca penelope,Eurasian Wigeon,Simon Busuttil,Creative Commons Attribution-NonCommercial-ShareAlike 4.0,3.0,13:30,https://www.xeno-canto.org/601244,eurwig/XC601244.ogg
eurwig,[],"['call', 'flight call', 'nocturnal flight call']",54.1145,-0.1224,Mareca penelope,Eurasian Wigeon,Mark Pearson,Creative Commons Attribution-NonCommercial-ShareAlike 4.0,3.0,23:15,https://www.xeno-canto.org/604596,eurwig/XC604596.ogg
eurwig,[],['call'],23.364,120.176,Mareca penelope,Eurasian Wigeon,Sunny Tseng,Creative Commons Attribution-NonCommercial-ShareAlike 4.0,3.0,11:30,https://www.xeno-canto.org/605096,eurwig/XC605096.ogg
eurwig,[],['call'],23.364,120.176,Mareca penelope,Eurasian Wigeon,Sunny Tseng,Creative Commons Attribution-NonCommercial-ShareAlike 4.0,4.0,11:30,https://www.xeno-canto.org/605097,eurwig/XC605097.ogg
eurwig,[],['call'],23.364,120.176,Mareca penelope,Eurasian Wigeon,Sunny Tseng,Creative Commons Attribution-NonCommercial-ShareAlike 4.0,5.0,11:30,https://www.xeno-canto.org/605098,eurwig/XC605098.ogg
eurwig,[],"['flight call', 'whistles of duck wings in flight']",23.364,120.176,Mareca penelope,Eurasian Wigeon,Sunny Tseng,Creative Commons Attribution-NonCommercial-ShareAlike 4.0,4.0,11:30,https://www.xeno-canto.org/605103,eurwig/XC605103.ogg
eurwig,[],"['call', 'flight call', 'life stage uncertain', 'nocturnal flight call', 'sex uncertain']",53.209,5.8045,Mareca penelope,Eurasian Wigeon,Lisette,Creative Commons Attribution-NonCommercial-ShareAlike 4.0,5.0,3:51,https://www.xeno-canto.org/605780,eurwig/XC605780.ogg
eurwig,[],"['call', 'life stage uncertain', 'male', 'sex uncertain', 'song']",52.9713,0.5412,Mareca penelope,Eurasian Wigeon,Gary Elton,Creative Commons Attribution-NonCommercial-ShareAlike 4.0,5.0,09:00,https://www.xeno-canto.org/606059,eurwig/XC606059.ogg
eurwig,[],['call'],45.1339,18.221,Mareca penelope,Eurasian Wigeon,Domagoj Tomičić,Creative Commons Attribution-NonCommercial-ShareAlike 4.0,5.0,10:00,https://www.xeno-canto.org/609811,eurwig/XC609811.ogg
eurwig,[],['call'],47.2036,18.6116,Mareca penelope,Eurasian Wigeon,Benedek Jandó,Creative Commons Attribution-NonCommercial-ShareAlike 4.0,3.0,09:30,https://www.xeno-canto.org/610266,eurwig/XC610266.ogg
eurwig,[],"['flight call', 'nocturnal flight call']",54.1818,-0.3203,Mareca penelope,Eurasian Wigeon,Will Scott,Creative Commons Attribution-NonCommercial-ShareAlike 4.0,4.0,05:21,https://www.xeno-canto.org/611192,eurwig/XC611192.ogg
eurwig,['norsho'],['call'],42.2248,3.0921,Mareca penelope,Eurasian Wigeon,Sean Ronayne,Creative Commons Attribution-NonCommercial-ShareAlike 4.0,4.5,13:00,https://www.xeno-canto.org/611499,eurwig/XC611499.ogg
eurwig,['gnwtea'],"['adult', 'call', 'female', 'juvenile', 'male']",53.3723,-6.1492,Mareca penelope,Eurasian Wigeon,Alan Dalton,Creative Commons Attribution-NonCommercial-ShareAlike 4.0,4.5,12:30,https://www.xeno-canto.org/611632,eurwig/XC611632.ogg
eurwig,[],"['flight call', 'nocturnal flight call']",54.1818,-0.3203,Mareca penelope,Eurasian Wigeon,Will Scott,Creative Commons Attribution-NonCommercial-ShareAlike 4.0,3.0,21:59,https://www.xeno-canto.org/611880,eurwig/XC611880.ogg
eurwig,[],"['call', 'flight call', 'nocturnal flight call']",54.2081,-0.2889,Mareca penelope,Eurasian Wigeon,Mark Pearson,Creative Commons Attribution-NonCommercial-ShareAlike 4.0,4.0,18:04,https://www.xeno-canto.org/612210,eurwig/XC612210.ogg
eurwig,['skylar'],['call'],36.2944,33.9409,Mareca penelope,Eurasian Wigeon,Cedric Mroczko,Creative Commons Attribution-NonCommercial-ShareAlike 4.0,2.5,15:20,https://www.xeno-canto.org/613328,eurwig/XC613328.ogg
eurwig,"['gadwal', 'mallar3']",['call'],36.2944,33.9409,Mareca penelope,Eurasian Wigeon,Cedric Mroczko,Creative Commons Attribution-NonCommercial-ShareAlike 4.0,2.5,15:30,https://www.xeno-canto.org/613395,eurwig/XC613395.ogg
eurwig,[],"['flight call', 'nocturnal flight call']",54.1818,-0.3203,Mareca penelope,Eurasian Wigeon,Will Scott,Creative Commons Attribution-NonCommercial-ShareAlike 4.0,4.0,19:06,https://www.xeno-canto.org/613690,eurwig/XC613690.ogg
eurwig,['gnwtea'],['call'],48.3421,-4.4003,Mareca penelope,Eurasian Wigeon,Adrien Mauss,Creative Commons Attribution-NonCommercial-ShareAlike 4.0,4.5,03:10,https://www.xeno-canto.org/613742,eurwig/XC613742.ogg
eurwig,[],"['call', 'flight call']",48.3421,-4.4003,Mareca penelope,Eurasian Wigeon,Adrien Mauss,Creative Commons Attribution-NonCommercial-ShareAlike 4.0,5.0,05:36,https://www.xeno-canto.org/613744,eurwig/XC613744.ogg
eurwig,[],['call'],48.3421,-4.4003,Mareca penelope,Eurasian Wigeon,Adrien Mauss,Creative Commons Attribution-NonCommercial-ShareAlike 4.0,4.5,05:34,https://www.xeno-canto.org/613745,eurwig/XC613745.ogg
eurwig,['mallar3'],['call'],48.3515,-4.3512,Mareca penelope,Eurasian Wigeon,Adrien Mauss,Creative Commons Attribution-NonCommercial-ShareAlike 4.0,3.5,07:29,https://www.xeno-canto.org/613845,eurwig/XC613845.ogg
eurwig,[],['nocturnal flight call'],53.5342,8.6032,Mareca penelope,Eurasian Wigeon,Franck Hollander,Creative Commons Attribution-NonCommercial-ShareAlike 4.0,4.0,03:00,https://www.xeno-canto.org/615029,eurwig/XC615029.ogg
eurwig,[],['call'],52.0075,4.8977,Mareca penelope,Eurasian Wigeon,Albert Noorlander,Creative Commons Attribution-NonCommercial-ShareAlike 4.0,5.0,10:00,https://www.xeno-canto.org/615092,eurwig/XC615092.ogg
eurwig,[],"['call', 'female', 'male']",52.0109,4.9199,Mareca penelope,Eurasian Wigeon,Albert Noorlander,Creative Commons Attribution-NonCommercial-ShareAlike 4.0,5.0,10:10,https://www.xeno-canto.org/615223,eurwig/XC615223.ogg
eurwig,[],"['call', 'female']",52.0107,4.92,Mareca penelope,Eurasian Wigeon,Albert Noorlander,Creative Commons Attribution-NonCommercial-ShareAlike 4.0,5.0,10:20,https://www.xeno-canto.org/615242,eurwig/XC615242.ogg
eurwig,[],"['flight call', 'nocturnal flight call']",54.1818,-0.3203,Mareca penelope,Eurasian Wigeon,Will Scott,Creative Commons Attribution-NonCommercial-ShareAlike 4.0,5.0,06:49,https://www.xeno-canto.org/616772,eurwig/XC616772.ogg
eurwig,[],"['flight call', 'nocturnal flight call']",54.1818,-0.3203,Mareca penelope,Eurasian Wigeon,Will Scott,Creative Commons Attribution-NonCommercial-ShareAlike 4.0,4.0,18:35,https://www.xeno-canto.org/616976,eurwig/XC616976.ogg
eurwig,[],"['flight call', 'nocturnal flight call']",54.1818,-0.3203,Mareca penelope,Eurasian Wigeon,Will Scott,Creative Commons Attribution-NonCommercial-ShareAlike 4.0,4.0,19:32,https://www.xeno-canto.org/616977,eurwig/XC616977.ogg
eurwig,[],['nocturnal flight call'],51.7575,-0.4687,Mareca penelope,Eurasian Wigeon,Calum Mckellar,Creative Commons Attribution-NonCommercial-ShareAlike 4.0,4.0,22:30,https://www.xeno-canto.org/617415,eurwig/XC617415.ogg
eurwig,[],"['female', 'flight call', 'male', 'nocturnal flight call']",54.1818,-0.3203,Mareca penelope,Eurasian Wigeon,Will Scott,Creative Commons Attribution-NonCommercial-ShareAlike 4.0,3.0,03:09,https://www.xeno-canto.org/617650,eurwig/XC617650.ogg
eurwig,[],"['flight call', 'nocturnal flight call']",54.1818,-0.3203,Mareca penelope,Eurasian Wigeon,Will Scott,Creative Commons Attribution-NonCommercial-ShareAlike 4.0,4.0,05:44,https://www.xeno-canto.org/618652,eurwig/XC618652.ogg
eurwig,[],"['call', 'male', 'wingflaps']",52.5495,-0.7436,Mareca penelope,Eurasian Wigeon,Andrew Harrop,Creative Commons Attribution-NonCommercial-ShareAlike 4.0,4.0,10:30,https://www.xeno-canto.org/619085,eurwig/XC619085.ogg
eurwig,[],"['flight call', 'nocturnal flight call']",54.1818,-0.3203,Mareca penelope,Eurasian Wigeon,Will Scott,Creative Commons Attribution-NonCommercial-ShareAlike 4.0,5.0,23:44,https://www.xeno-canto.org/619091,eurwig/XC619091.ogg
eurwig,[],['nocturnal flight call'],52.0773,4.7608,Mareca penelope,Eurasian Wigeon,Martin Fousert,Creative Commons Attribution-NonCommercial-ShareAlike 4.0,5.0,5:26,https://www.xeno-canto.org/619588,eurwig/XC619588.ogg
eurwig,[],"['flight call', 'nocturnal flight call']",54.1818,-0.3203,Mareca penelope,Eurasian Wigeon,Will Scott,Creative Commons Attribution-NonCommercial-ShareAlike 4.0,4.0,19:03,https://www.xeno-canto.org/620004,eurwig/XC620004.ogg
eurwig,[],"['flight call', 'nocturnal flight call']",54.1818,-0.3203,Mareca penelope,Eurasian Wigeon,Will Scott,Creative Commons Attribution-NonCommercial-ShareAlike 4.0,4.0,22:00,https://www.xeno-canto.org/620835,eurwig/XC620835.ogg
eurwig,[],"['flight call', 'nocturnal flight call']",54.1818,-0.3203,Mareca penelope,Eurasian Wigeon,Will Scott,Creative Commons Attribution-NonCommercial-ShareAlike 4.0,4.0,05:45,https://www.xeno-canto.org/621020,eurwig/XC621020.ogg
eurwig,[],"['call', 'flight call', 'male']",51.6825,4.3454,Mareca penelope,Eurasian Wigeon,Robbin van Dijk,Creative Commons Attribution-NonCommercial-ShareAlike 4.0,4.0,00:01,https://www.xeno-canto.org/621534,eurwig/XC621534.ogg
eurwig,[],['nocturnal flight call'],51.0445,2.3912,Mareca penelope,Eurasian Wigeon,Julien Piette,Creative Commons Attribution-NonCommercial-ShareAlike 4.0,5.0,21:21,https://www.xeno-canto.org/621759,eurwig/XC621759.ogg
eurwig,[],['nocturnal flight call'],53.6719,-1.7852,Mareca penelope,Eurasian Wigeon,David Tattersley,Creative Commons Attribution-NonCommercial-ShareAlike 4.0,4.0,23:00,https://www.xeno-canto.org/622104,eurwig/XC622104.ogg
eurwig,[],['nocturnal flight call'],50.7556,4.5701,Mareca penelope,Eurasian Wigeon,Frederik Fluyt,Creative Commons Attribution-NonCommercial-ShareAlike 4.0,3.0,01:00,https://www.xeno-canto.org/622772,eurwig/XC622772.ogg
eurwig,[],"['flight call', 'nocturnal flight call']",50.7292,3.3072,Mareca penelope,Eurasian Wigeon,Pierre.F,Creative Commons Attribution-NonCommercial-ShareAlike 4.0,4.0,22:11,https://www.xeno-canto.org/623499,eurwig/XC623499.ogg
eurwig,[],"['call', 'flight call', 'nocturnal flight call']",53.9299,-2.9833,Mareca penelope,Eurasian Wigeon,Chris Batty,Creative Commons Attribution-NonCommercial-ShareAlike 4.0,2.5,02:42,https://www.xeno-canto.org/624091,eurwig/XC624091.ogg
eurwig,[],"['call', 'flight call', 'nocturnal flight call']",53.9299,-2.9833,Mareca penelope,Eurasian Wigeon,Chris Batty,Creative Commons Attribution-NonCommercial-ShareAlike 4.0,3.0,01:16,https://www.xeno-canto.org/624092,eurwig/XC624092.ogg
eurwig,[],"['call', 'flight call', 'nocturnal flight call']",53.9299,-2.9833,Mareca penelope,Eurasian Wigeon,Chris Batty,Creative Commons Attribution-NonCommercial-ShareAlike 4.0,4.0,03:02,https://www.xeno-canto.org/624094,eurwig/XC624094.ogg
eurwig,[],"['call', 'flight call', 'nocturnal flight call']",53.9299,-2.9833,Mareca penelope,Eurasian Wigeon,Chris Batty,Creative Commons Attribution-NonCommercial-ShareAlike 4.0,3.0,02:15,https://www.xeno-canto.org/624095,eurwig/XC624095.ogg
eurwig,[],"['call', 'flight call', 'nocturnal flight call', 'wing beats']",53.9299,-2.9833,Mareca penelope,Eurasian Wigeon,Chris Batty,Creative Commons Attribution-NonCommercial-ShareAlike 4.0,3.5,02:02,https://www.xeno-canto.org/624096,eurwig/XC624096.ogg
eurwig,[],['uncertain'],52.4267,-1.5596,Mareca penelope,Eurasian Wigeon,Andrew Cobley,Creative Commons Attribution-NonCommercial-ShareAlike 4.0,4.0,02:07,https://www.xeno-canto.org/624679,eurwig/XC624679.ogg
eurwig,[],"['call', 'flight call', 'nocturnal flight call']",54.2081,-0.2889,Mareca penelope,Eurasian Wigeon,Mark Pearson,Creative Commons Attribution-NonCommercial-ShareAlike 4.0,5.0,19:05,https://www.xeno-canto.org/625392,eurwig/XC625392.ogg
eurwig,"['cangoo', 'gadwal']",['call'],52.4099,-1.4177,Mareca penelope,Eurasian Wigeon,Nikolay Sariev,Creative Commons Attribution-NonCommercial-ShareAlike 4.0,4.5,18:53,https://www.xeno-canto.org/625501,eurwig/XC625501.ogg
eurwig,[],['song'],49.9181,18.8031,Mareca penelope,Eurasian Wigeon,Marcin Karetta,Creative Commons Attribution-NonCommercial-ShareAlike 4.0,5.0,07:00,https://www.xeno-canto.org/625565,eurwig/XC625565.ogg
eurwig,[],"['flight call', 'nocturnal flight call']",54.1818,-0.3203,Mareca penelope,Eurasian Wigeon,Will Scott,Creative Commons Attribution-NonCommercial-ShareAlike 4.0,4.0,18:50,https://www.xeno-canto.org/625575,eurwig/XC625575.ogg
eurwig,[],"['life stage uncertain', 'sex uncertain']",51.225,-2.978,Mareca penelope,Eurasian Wigeon,Paul Bate,Creative Commons Attribution-NonCommercial-ShareAlike 4.0,3.0,01:30,https://www.xeno-canto.org/625952,eurwig/XC625952.ogg
eurwig,[],"['flight call', 'nocturnal flight call']",54.1818,-0.3203,Mareca penelope,Eurasian Wigeon,Will Scott,Creative Commons Attribution-NonCommercial-ShareAlike 4.0,4.0,01:11,https://www.xeno-canto.org/626881,eurwig/XC626881.ogg
eurwig,[],"['call', 'high calls']",51.8857,-8.9977,Mareca penelope,Eurasian Wigeon,Irish Wildlife Sounds,Creative Commons Attribution-NonCommercial-ShareAlike 4.0,3.0,09:00,https://www.xeno-canto.org/627010,eurwig/XC627010.ogg
eurwig,[],"['life stage uncertain', 'nocturnal flight call', 'sex uncertain']",52.5596,-1.2453,Mareca penelope,Eurasian Wigeon,Dale Green,Creative Commons Attribution-NonCommercial-ShareAlike 4.0,3.0,00:00,https://www.xeno-canto.org/627375,eurwig/XC627375.ogg
eurwig,[],['nocturnal flight call'],51.6077,-0.1944,Mareca penelope,Eurasian Wigeon,Samuel Levy,Creative Commons Attribution-NonCommercial-ShareAlike 4.0,4.0,21:47,https://www.xeno-canto.org/628565,eurwig/XC628565.ogg
eurwig,[],['call'],47.5174,9.6474,Mareca penelope,Eurasian Wigeon,Georg Amann,Creative Commons Attribution-NonCommercial-ShareAlike 4.0,3.0,11:10,https://www.xeno-canto.org/628735,eurwig/XC628735.ogg
eurwig,[],"['call', 'flight call', 'nocturnal flight call']",54.2081,-0.2889,Mareca penelope,Eurasian Wigeon,Mark Pearson,Creative Commons Attribution-NonCommercial-ShareAlike 4.0,4.0,01:35,https://www.xeno-canto.org/629002,eurwig/XC629002.ogg
eurwig,[],['nocturnal flight call'],43.9343,4.8102,Mareca penelope,Eurasian Wigeon,Charlie Bodin,Creative Commons Attribution-NonCommercial-ShareAlike 4.0,3.0,21:00,https://www.xeno-canto.org/629026,eurwig/XC629026.ogg
eurwig,[],"['female', 'male', 'nocturnal flight call']",53.6719,-1.7852,Mareca penelope,Eurasian Wigeon,David Tattersley,Creative Commons Attribution-NonCommercial-ShareAlike 4.0,4.0,20:00,https://www.xeno-canto.org/630053,eurwig/XC630053.ogg
eurwig,[],"['flight call', 'male', 'nocturnal flight call']",50.1191,18.9721,Mareca penelope,Eurasian Wigeon,Ireneusz Oleksik,Creative Commons Attribution-NonCommercial-ShareAlike 4.0,2.0,23:27,https://www.xeno-canto.org/630372,eurwig/XC630372.ogg
eurwig,[],"['life stage uncertain', 'nocturnal flight call', 'sex uncertain']",52.94,-0.588,Mareca penelope,Eurasian Wigeon,Trevor Lee,Creative Commons Attribution-NonCommercial-ShareAlike 4.0,3.0,22:00,https://www.xeno-canto.org/630487,eurwig/XC630487.ogg
eurwig,[],['nocturnal flight call'],54.0113,-0.3886,Mareca penelope,Eurasian Wigeon,James Spencer,Creative Commons Attribution-NonCommercial-ShareAlike 4.0,3.0,19:57,https://www.xeno-canto.org/630535,eurwig/XC630535.ogg
eurwig,[],"['flight call', 'nocturnal flight call']",54.1818,-0.3203,Mareca penelope,Eurasian Wigeon,Will Scott,Creative Commons Attribution-NonCommercial-ShareAlike 4.0,4.0,21:03,https://www.xeno-canto.org/630609,eurwig/XC630609.ogg
eurwig,[],['nocturnal flight call'],52.457,10.1972,Mareca penelope,Eurasian Wigeon,Sven Kransel,Creative Commons Attribution-NonCommercial-ShareAlike 4.0,3.0,03:50,https://www.xeno-canto.org/630642,eurwig/XC630642.ogg
eurwig,[],"['life stage uncertain', 'nocturnal flight call', 'sex uncertain']",52.94,-0.588,Mareca penelope,Eurasian Wigeon,Trevor Lee,Creative Commons Attribution-NonCommercial-ShareAlike 4.0,3.0,03:30,https://www.xeno-canto.org/630778,eurwig/XC630778.ogg
eurwig,[],"['call', 'flight call', 'nocturnal flight call', 'wingbeats']",53.1101,-0.4035,Mareca penelope,Eurasian Wigeon,James P,Creative Commons Attribution-NonCommercial-ShareAlike 4.0,4.0,21:53,https://www.xeno-canto.org/630827,eurwig/XC630827.ogg
eurwig,[],"['female', 'male', 'nocturnal flight call']",53.6719,-1.7852,Mareca penelope,Eurasian Wigeon,David Tattersley,Creative Commons Attribution-NonCommercial-ShareAlike 4.0,5.0,20:26,https://www.xeno-canto.org/630833,eurwig/XC630833.ogg
eurwig,[],['nocturnal flight call'],51.8346,5.8519,Mareca penelope,Eurasian Wigeon,Martijn Verdoes,Creative Commons Attribution-NonCommercial-ShareAlike 4.0,3.0,03:36,https://www.xeno-canto.org/631004,eurwig/XC631004.ogg
eurwig,[],['flight call'],53.2281,-4.1356,Mareca penelope,Eurasian Wigeon,Toby Carter,Creative Commons Attribution-NonCommercial-ShareAlike 4.0,5.0,01:00,https://www.xeno-canto.org/631094,eurwig/XC631094.ogg
eurwig,[],"['call', 'flight call', 'nocturnal flight call']",50.7292,3.3072,Mareca penelope,Eurasian Wigeon,Pierre.F,Creative Commons Attribution-NonCommercial-ShareAlike 4.0,5.0,01:12,https://www.xeno-canto.org/631176,eurwig/XC631176.ogg
eurwig,[],"['nocturnal flight call', 'sex uncertain']",52.9112,-0.982,Mareca penelope,Eurasian Wigeon,Stuart Carlton,Creative Commons Attribution-NonCommercial-ShareAlike 4.0,3.0,01:00,https://www.xeno-canto.org/631213,eurwig/XC631213.ogg
eurwig,[],"['flight call', 'nocturnal flight call']",50.1191,18.9721,Mareca penelope,Eurasian Wigeon,Ireneusz Oleksik,Creative Commons Attribution-NonCommercial-ShareAlike 4.0,2.0,21:33,https://www.xeno-canto.org/631563,eurwig/XC631563.ogg
eurwig,['mallar3'],"['adult', 'call', 'sex uncertain']",51.9434,16.7206,Mareca penelope,Eurasian Wigeon,Grzegorz Lorek,Creative Commons Attribution-NonCommercial-ShareAlike 4.0,3.5,18:40,https://www.xeno-canto.org/631573,eurwig/XC631573.ogg
eurwig,[],['nocturnal flight call'],51.8346,5.8519,Mareca penelope,Eurasian Wigeon,Martijn Verdoes,Creative Commons Attribution-NonCommercial-ShareAlike 4.0,5.0,20:46,https://www.xeno-canto.org/631606,eurwig/XC631606.ogg
eurwig,[],['nocturnal flight call'],51.8346,5.8519,Mareca penelope,Eurasian Wigeon,Martijn Verdoes,Creative Commons Attribution-NonCommercial-ShareAlike 4.0,5.0,21:59,https://www.xeno-canto.org/631625,eurwig/XC631625.ogg
eurwig,[],"['life stage uncertain', 'nocturnal flight call', 'sex uncertain']",52.94,-0.588,Mareca penelope,Eurasian Wigeon,Trevor Lee,Creative Commons Attribution-NonCommercial-ShareAlike 4.0,3.0,21:30,https://www.xeno-canto.org/631655,eurwig/XC631655.ogg
eurwig,[],"['flight call', 'nocturnal flight call']",50.1191,18.9721,Mareca penelope,Eurasian Wigeon,Ireneusz Oleksik,Creative Commons Attribution-NonCommercial-ShareAlike 4.0,2.0,22:28,https://www.xeno-canto.org/631805,eurwig/XC631805.ogg
eurwig,[],"['adult', 'flight call', 'nocturnal flight call', 'sex uncertain']",51.9892,4.4694,Mareca penelope,Eurasian Wigeon,Susanne Kuijpers,Creative Commons Attribution-NonCommercial-ShareAlike 4.0,5.0,23:11,https://www.xeno-canto.org/631868,eurwig/XC631868.ogg
eurwig,[],['nocturnal flight call'],52.3287,21.0961,Mareca penelope,Eurasian Wigeon,Tomasz Wałachowski,Creative Commons Attribution-NonCommercial-ShareAlike 4.0,3.0,04:00,https://www.xeno-canto.org/632153,eurwig/XC632153.ogg
eurwig,[],['nocturnal flight call'],52.1418,5.3724,Mareca penelope,Eurasian Wigeon,Frank Pierik,Creative Commons Attribution-NonCommercial-ShareAlike 4.0,4.0,21:00,https://www.xeno-canto.org/632187,eurwig/XC632187.ogg
eurwig,[],"['adult', 'nocturnal flight call']",52.0629,-1.3398,Mareca penelope,Eurasian Wigeon,Gareth Blockley,Creative Commons Attribution-NonCommercial-ShareAlike 4.0,3.0,03:31,https://www.xeno-canto.org/632464,eurwig/XC632464.ogg
eurwig,[],['nocturnal flight call'],58.6397,16.7958,Mareca penelope,Eurasian Wigeon,Hans Norelius,Creative Commons Attribution-NonCommercial-ShareAlike 4.0,5.0,21:47,https://www.xeno-canto.org/632521,eurwig/XC632521.ogg
eurwig,[],"['adult', 'nocturnal flight call', 'sex uncertain']",52.3878,16.9884,Mareca penelope,Eurasian Wigeon,Sławomir Karpicki-Ignatowski,Creative Commons Attribution-NonCommercial-ShareAlike 4.0,4.0,00:30,https://www.xeno-canto.org/632780,eurwig/XC632780.ogg
eurwig,[],['call'],27.5755,95.3955,Mareca penelope,Eurasian Wigeon,Sandip das,Creative Commons Attribution-NonCommercial-ShareAlike 4.0,5.0,14:30,https://www.xeno-canto.org/632969,eurwig/XC632969.ogg
eurwig,[],"['life stage uncertain', 'nocturnal flight call', 'sex uncertain']",59.3158,18.0588,Mareca penelope,Eurasian Wigeon,Alan Dalton,Creative Commons Attribution-NonCommercial-ShareAlike 4.0,5.0,21:00,https://www.xeno-canto.org/634543,eurwig/XC634543.ogg
eurwig,[],['nocturnal flight call'],50.3039,19.2549,Mareca penelope,Eurasian Wigeon,Wojtek Janecki,Creative Commons Attribution-NonCommercial-ShareAlike 4.0,5.0,02:00,https://www.xeno-canto.org/634610,eurwig/XC634610.ogg
eurwig,[],"['bird in hand', 'life stage uncertain', 'nocturnal flight call', 'sex uncertain']",52.94,-0.588,Mareca penelope,Eurasian Wigeon,Trevor Lee,Creative Commons Attribution-NonCommercial-ShareAlike 4.0,2.0,01:00,https://www.xeno-canto.org/634661,eurwig/XC634661.ogg
eurwig,[],['nocturnal flight call'],52.0548,8.5585,Mareca penelope,Eurasian Wigeon,Simon Brockmeyer,Creative Commons Attribution-NonCommercial-ShareAlike 4.0,4.0,22:25,https://www.xeno-canto.org/636844,eurwig/XC636844.ogg
eurwig,[],['nocturnal flight call'],52.0548,8.5585,Mareca penelope,Eurasian Wigeon,Simon Brockmeyer,Creative Commons Attribution-NonCommercial-ShareAlike 4.0,3.0,01:56,https://www.xeno-canto.org/636845,eurwig/XC636845.ogg
eurwig,[],['nocturnal flight call'],52.0548,8.5585,Mareca penelope,Eurasian Wigeon,Simon Brockmeyer,Creative Commons Attribution-NonCommercial-ShareAlike 4.0,3.0,23:22,https://www.xeno-canto.org/636846,eurwig/XC636846.ogg
eurwig,['skylar'],['flight call'],53.9595,20.3903,Mareca penelope,Eurasian Wigeon,Krzysztof Jankowski,Creative Commons Attribution-NonCommercial-ShareAlike 4.0,3.5,10:00,https://www.xeno-canto.org/637908,eurwig/XC637908.ogg
eurwig,[],['nocturnal flight call'],53.2281,-4.1356,Mareca penelope,Eurasian Wigeon,Toby Carter,Creative Commons Attribution-NonCommercial-ShareAlike 4.0,5.0,23:30,https://www.xeno-canto.org/638641,eurwig/XC638641.ogg
eurwig,[],['nocturnal flight call'],60.2357,25.0058,Mareca penelope,Eurasian Wigeon,Juha Saari,Creative Commons Attribution-NonCommercial-ShareAlike 4.0,5.0,00:37,https://www.xeno-canto.org/638902,eurwig/XC638902.ogg
eurwig,[],['nocturnal flight call'],48.0228,0.1995,Mareca penelope,Eurasian Wigeon,Christian Kerihuel,Creative Commons Attribution-NonCommercial-ShareAlike 4.0,4.0,23:00,https://www.xeno-canto.org/640507,eurwig/XC640507.ogg
eurwig,[],['nocturnal flight call'],52.4154,13.2748,Mareca penelope,Eurasian Wigeon,Wolfram Eberstein,Creative Commons Attribution-NonCommercial-ShareAlike 4.0,4.0,04:00,https://www.xeno-canto.org/641750,eurwig/XC641750.ogg
eurwig,[],['nocturnal flight call'],56.0615,-3.4122,Mareca penelope,Eurasian Wigeon,Graham Sparshott,Creative Commons Attribution-NonCommercial-ShareAlike 4.0,1.5,01:41,https://www.xeno-canto.org/641873,eurwig/XC641873.ogg
eurwig,[],"['male', 'song']",63.4616,19.6267,Mareca penelope,Eurasian Wigeon,Lars Edenius,Creative Commons Attribution-NonCommercial-ShareAlike 4.0,5.0,06:00,https://www.xeno-canto.org/644394,eurwig/XC644394.ogg
eurwig,[],['nocturnal flight call'],53.5342,8.6032,Mareca penelope,Eurasian Wigeon,Franck Hollander,Creative Commons Attribution-NonCommercial-ShareAlike 4.0,3.0,02:30,https://www.xeno-canto.org/645070,eurwig/XC645070.ogg
eurwig,[],"['adult', 'nocturnal flight call']",53.4902,-2.6299,Mareca penelope,Eurasian Wigeon,Robert Thorpe,Creative Commons Attribution-NonCommercial-ShareAlike 4.0,3.0,01:35,https://www.xeno-canto.org/648707,eurwig/XC648707.ogg
eurwig,[],"['life stage uncertain', 'nocturnal flight call', 'sex uncertain']",58.7396,17.8657,Mareca penelope,Eurasian Wigeon,Alan Dalton,Creative Commons Attribution-NonCommercial-ShareAlike 4.0,5.0,23:00,https://www.xeno-canto.org/650269,eurwig/XC650269.ogg
eurwig,[],"['male', 'song']",60.2146,25.0101,Mareca penelope,Eurasian Wigeon,Hannu Varkki,Creative Commons Attribution-NonCommercial-ShareAlike 4.0,4.5,13:30,https://www.xeno-canto.org/664671,eurwig/XC664671.ogg
fragul,[],['call'],51.8026,-103.4838,Leucophaeus pipixcan,Franklin's Gull,Patrick Turgeon,Creative Commons Attribution-NonCommercial-ShareAlike 3.0,4.0,18:05,https://www.xeno-canto.org/138322,fragul/XC138322.ogg
fragul,[],['call'],48.3649,-95.9541,Leucophaeus pipixcan,Franklin's Gull,Paul Marvin,Creative Commons Attribution-NonCommercial-ShareAlike 3.0,3.5,11:39,https://www.xeno-canto.org/163365,fragul/XC163365.ogg
fragul,['wesmea'],['flight call'],47.6688,-111.3328,Leucophaeus pipixcan,Franklin's Gull,Paul Marvin,Creative Commons Attribution-NonCommercial-ShareAlike 3.0,4.5,08:32,https://www.xeno-canto.org/163366,fragul/XC163366.ogg
fragul,[],['calls in flight'],-2.247,-80.941,Leucophaeus pipixcan,Franklin's Gull,John V. Moore,Creative Commons Attribution-NonCommercial-ShareAlike 4.0,5.0,?,https://www.xeno-canto.org/257578,fragul/XC257578.ogg
fragul,['bknsti'],['single call'],-2.247,-80.941,Leucophaeus pipixcan,Franklin's Gull,John V. Moore,Creative Commons Attribution-NonCommercial-ShareAlike 4.0,4.5,?,https://www.xeno-canto.org/257579,fragul/XC257579.ogg
fragul,[],['flight call'],38.4716,-98.6727,Leucophaeus pipixcan,Franklin's Gull,Paul Marvin,Creative Commons Attribution-NonCommercial-ShareAlike 4.0,4.5,14:13,https://www.xeno-canto.org/277916,fragul/XC277916.ogg
fragul,[],['flight call'],48.5982,-102.4547,Leucophaeus pipixcan,Franklin's Gull,Paul Marvin,Creative Commons Attribution-NonCommercial-ShareAlike 4.0,5.0,12:58,https://www.xeno-canto.org/282852,fragul/XC282852.ogg
fragul,[],['call'],48.5982,-102.4547,Leucophaeus pipixcan,Franklin's Gull,Paul Marvin,Creative Commons Attribution-NonCommercial-ShareAlike 4.0,5.0,12:57,https://www.xeno-canto.org/282854,fragul/XC282854.ogg
fragul,[],['flight call'],48.5982,-102.4547,Leucophaeus pipixcan,Franklin's Gull,Paul Marvin,Creative Commons Attribution-NonCommercial-ShareAlike 4.0,3.5,13:03,https://www.xeno-canto.org/282882,fragul/XC282882.ogg
fragul,['cangoo'],['call'],48.5982,-102.4547,Leucophaeus pipixcan,Franklin's Gull,Paul Marvin,Creative Commons Attribution-NonCommercial-ShareAlike 4.0,3.5,13:06,https://www.xeno-canto.org/282884,fragul/XC282884.ogg
fragul,[],['call'],19.462,-98.9683,Leucophaeus pipixcan,Franklin's Gull,Manuel Grosselet,Creative Commons Attribution-NonCommercial-ShareAlike 4.0,4.0,18:00,https://www.xeno-canto.org/311072,fragul/XC311072.ogg
fragul,[],['flight call'],13.7103,-89.0889,Leucophaeus pipixcan,Franklin's Gull,Walter Rivera,Creative Commons Attribution-NonCommercial-ShareAlike 4.0,0.0,09:00,https://www.xeno-canto.org/314325,fragul/XC314325.ogg
fragul,[],['call'],46.9799,7.0318,Leucophaeus pipixcan,Franklin's Gull,Jerome Fischer,Creative Commons Attribution-NonCommercial-ShareAlike 4.0,0.0,20:45,https://www.xeno-canto.org/315303,fragul/XC315303.ogg
fragul,[],['call'],46.9796,7.0314,Leucophaeus pipixcan,Franklin's Gull,Jerome Fischer,Creative Commons Attribution-NonCommercial-ShareAlike 4.0,0.0,20:45,https://www.xeno-canto.org/315304,fragul/XC315304.ogg
fragul,[],['call'],40.4519,-105.0521,Leucophaeus pipixcan,Franklin's Gull,Nick Komar,Creative Commons Attribution-NonCommercial-ShareAlike 4.0,4.0,08:30,https://www.xeno-canto.org/329535,fragul/XC329535.ogg
fragul,[],"['call', 'juvenile']",40.4519,-105.0521,Leucophaeus pipixcan,Franklin's Gull,Nick Komar,Creative Commons Attribution-NonCommercial-ShareAlike 4.0,4.0,08:30,https://www.xeno-canto.org/329536,fragul/XC329536.ogg
fragul,[],['call'],40.4351,-105.0351,Leucophaeus pipixcan,Franklin's Gull,Nick Komar,Creative Commons Attribution-NonCommercial-ShareAlike 4.0,3.0,09:00,https://www.xeno-canto.org/339528,fragul/XC339528.ogg
fragul,[],['call'],48.6617,-112.4239,Leucophaeus pipixcan,Franklin's Gull,Thomas Magarian,Creative Commons Attribution-NonCommercial-ShareAlike 4.0,0.0,14:23,https://www.xeno-canto.org/344584,fragul/XC344584.ogg
fragul,[],['call'],48.6617,-112.4239,Leucophaeus pipixcan,Franklin's Gull,Thomas Magarian,Creative Commons Attribution-NonCommercial-ShareAlike 4.0,0.0,14:08,https://www.xeno-canto.org/344585,fragul/XC344585.ogg
fragul,['ribgul'],['song'],40.5228,-105.1494,Leucophaeus pipixcan,Franklin's Gull,Nick Komar,Creative Commons Attribution-NonCommercial-ShareAlike 4.0,2.5,12:00,https://www.xeno-canto.org/352969,fragul/XC352969.ogg
fragul,[],['call'],-12.474,-76.8018,Leucophaeus pipixcan,Franklin's Gull,Nick Komar,Creative Commons Attribution-NonCommercial-ShareAlike 4.0,3.0,08:30,https://www.xeno-canto.org/352987,fragul/XC352987.ogg
fragul,[],['call'],-12.2245,-76.9891,Leucophaeus pipixcan,Franklin's Gull,Nick Komar,Creative Commons Attribution-NonCommercial-ShareAlike 4.0,2.0,12:00,https://www.xeno-canto.org/352992,fragul/XC352992.ogg
fragul,[],['call'],33.8045,-106.891,Leucophaeus pipixcan,Franklin's Gull,Vicki Dern,Creative Commons Attribution-NonCommercial-ShareAlike 4.0,5.0,16:20,https://www.xeno-canto.org/367270,fragul/XC367270.ogg
fragul,['wesmea'],['flight call'],43.5392,-112.4468,Leucophaeus pipixcan,Franklin's Gull,Jeremy Welch,Creative Commons Attribution-NonCommercial-ShareAlike 4.0,0.0,12:05,https://www.xeno-canto.org/368280,fragul/XC368280.ogg
fragul,[],['call'],40.453,-105.0523,Leucophaeus pipixcan,Franklin's Gull,Nick Komar,Creative Commons Attribution-NonCommercial-ShareAlike 4.0,5.0,19:45,https://www.xeno-canto.org/394866,fragul/XC394866.ogg
fragul,[],['call'],33.1878,-110.4722,Leucophaeus pipixcan,Franklin's Gull,Janine McCabe,Creative Commons Attribution-NonCommercial-ShareAlike 4.0,4.0,10:30,https://www.xeno-canto.org/411280,fragul/XC411280.ogg
fragul,[],['call'],-41.4873,-72.9031,Leucophaeus pipixcan,Franklin's Gull,Dante Buzzetti,Creative Commons Attribution-NonCommercial-ShareAlike 4.0,4.0,20:23,https://www.xeno-canto.org/534299,fragul/XC534299.ogg
fragul,[],['call'],-41.4873,-72.9031,Leucophaeus pipixcan,Franklin's Gull,Dante Buzzetti,Creative Commons Attribution-NonCommercial-ShareAlike 4.0,5.0,20:30,https://www.xeno-canto.org/534300,fragul/XC534300.ogg
fragul,[],['call'],-41.4873,-72.9031,Leucophaeus pipixcan,Franklin's Gull,Dante Buzzetti,Creative Commons Attribution-NonCommercial-ShareAlike 4.0,5.0,20:40,https://www.xeno-canto.org/534303,fragul/XC534303.ogg
fragul,[],"['adult', 'call', 'flight call', 'sex uncertain']",40.1378,-105.1869,Leucophaeus pipixcan,Franklin's Gull,Sue Riffe,Creative Commons Attribution-NonCommercial-ShareAlike 4.0,4.5,8:29,https://www.xeno-canto.org/550584,fragul/XC550584.ogg
fragul,[],"['adult', 'call', 'flight call', 'sex uncertain']",40.1378,-105.1869,Leucophaeus pipixcan,Franklin's Gull,Sue Riffe,Creative Commons Attribution-NonCommercial-ShareAlike 4.0,5.0,9:05,https://www.xeno-canto.org/550585,fragul/XC550585.ogg
fragul,['pibgre'],"['adult', 'call', 'sex uncertain']",41.4591,-112.3019,Leucophaeus pipixcan,Franklin's Gull,Richard E. Webster,Creative Commons Attribution-NonCommercial-ShareAlike 4.0,3.5,05:51,https://www.xeno-canto.org/571014,fragul/XC571014.ogg
gadwal,[],"['call', 'female', 'male', 'song']",52.1005,4.3409,Mareca strepera,Gadwall,Herman van der Meer,Creative Commons Attribution-NonCommercial-ShareAlike 3.0,4.0,09:25,https://www.xeno-canto.org/109629,gadwal/XC109629.ogg
gadwal,[],['call'],26.6804,93.5596,Mareca strepera,Gadwall,Mike Nelson,Creative Commons Attribution-NonCommercial-ShareAlike 3.0,4.0,10:00,https://www.xeno-canto.org/116536,gadwal/XC116536.ogg
gadwal,[],['call'],26.6804,93.5596,Mareca strepera,Gadwall,Mike Nelson,Creative Commons Attribution-NonCommercial-ShareAlike 3.0,3.5,10:00,https://www.xeno-canto.org/116538,gadwal/XC116538.ogg
gadwal,[],['flight call'],51.7822,77.4827,Mareca strepera,Gadwall,Patrick Franke,Creative Commons Attribution-NonCommercial-ShareAlike 3.0,4.5,05:35,https://www.xeno-canto.org/120436,gadwal/XC120436.ogg
gadwal,[],['series of calls'],51.3044,77.984,Mareca strepera,Gadwall,Patrick Franke,Creative Commons Attribution-NonCommercial-ShareAlike 3.0,3.5,06:45,https://www.xeno-canto.org/120444,gadwal/XC120444.ogg
gadwal,[],['flight call'],54.159,9.122,Mareca strepera,Gadwall,Volker Arnold,Creative Commons Attribution-NonCommercial-ShareAlike 3.0,5.0,05:07,https://www.xeno-canto.org/131652,gadwal/XC131652.ogg
gadwal,[],"['call', 'male']",54.155,9.125,Mareca strepera,Gadwall,Volker Arnold,Creative Commons Attribution-NonCommercial-ShareAlike 3.0,4.5,07:08,https://www.xeno-canto.org/131693,gadwal/XC131693.ogg
gadwal,[],"['call', 'female', 'male']",54.159,9.122,Mareca strepera,Gadwall,Volker Arnold,Creative Commons Attribution-NonCommercial-ShareAlike 3.0,4.5,06:09,https://www.xeno-canto.org/131892,gadwal/XC131892.ogg
gadwal,[],"['female', 'flight call']",56.1103,47.5406,Mareca strepera,Gadwall,Albert Lastukhin,Creative Commons Attribution-NonCommercial-ShareAlike 3.0,4.5,09:00,https://www.xeno-canto.org/132960,gadwal/XC132960.ogg
gadwal,[],"['call', 'flight call']",54.2944,9.0715,Mareca strepera,Gadwall,Volker Arnold,Creative Commons Attribution-NonCommercial-ShareAlike 3.0,4.5,06:57,https://www.xeno-canto.org/135261,gadwal/XC135261.ogg
gadwal,[],"['call', 'male']",41.313,-105.5787,Mareca strepera,Gadwall,GABRIEL LEITE,Creative Commons Attribution-NonCommercial-ShareAlike 3.0,3.0,09:00,https://www.xeno-canto.org/139899,gadwal/XC139899.ogg
gadwal,[],['flight call'],48.3649,-95.9541,Mareca strepera,Gadwall,Paul Marvin,Creative Commons Attribution-NonCommercial-ShareAlike 3.0,4.0,09:49,https://www.xeno-canto.org/163367,gadwal/XC163367.ogg
gadwal,[],['call'],32.8814,-116.4632,Mareca strepera,Gadwall,Paul Marvin,Creative Commons Attribution-NonCommercial-ShareAlike 3.0,3.5,10:31,https://www.xeno-canto.org/163368,gadwal/XC163368.ogg
gadwal,[],"['flight call', 'wing noise']",47.6688,-111.3328,Mareca strepera,Gadwall,Paul Marvin,Creative Commons Attribution-NonCommercial-ShareAlike 3.0,4.0,13:11,https://www.xeno-canto.org/163369,gadwal/XC163369.ogg
gadwal,[],['call'],52.6372,13.4587,Mareca strepera,Gadwall,Lars Lachmann,Creative Commons Attribution-NonCommercial-ShareAlike 4.0,3.5,07:51,https://www.xeno-canto.org/180133,gadwal/XC180133.ogg
gadwal,[],"['call', 'male']",50.732,59.6352,Mareca strepera,Gadwall,Albert Lastukhin,Creative Commons Attribution-NonCommercial-ShareAlike 4.0,1.5,06:00,https://www.xeno-canto.org/182282,gadwal/XC182282.ogg
gadwal,[],"['call', 'male']",50.732,59.6352,Mareca strepera,Gadwall,Albert Lastukhin,Creative Commons Attribution-NonCommercial-ShareAlike 4.0,2.0,06:00,https://www.xeno-canto.org/182283,gadwal/XC182283.ogg
gadwal,[],['call'],50.1263,59.0844,Mareca strepera,Gadwall,Albert Lastukhin,Creative Commons Attribution-NonCommercial-ShareAlike 4.0,2.0,20:00,https://www.xeno-canto.org/182414,gadwal/XC182414.ogg
gadwal,[],"['alarm call', 'female', 'flight call']",51.4629,23.246,Mareca strepera,Gadwall,Jarek Matusiak,Creative Commons Attribution-NonCommercial-ShareAlike 4.0,5.0,15:40,https://www.xeno-canto.org/184497,gadwal/XC184497.ogg
gadwal,[],['call'],51.35,23.028,Mareca strepera,Gadwall,Jarek Matusiak,Creative Commons Attribution-NonCommercial-ShareAlike 4.0,5.0,17:00,https://www.xeno-canto.org/195653,gadwal/XC195653.ogg
gadwal,"['eurwig', 'gadwal']","['male', 'song']",54.3568,18.9555,Mareca strepera,Gadwall,Jarek Matusiak,Creative Commons Attribution-NonCommercial-ShareAlike 4.0,4.5,16:00,https://www.xeno-canto.org/198953,gadwal/XC198953.ogg
gadwal,"['eurwig', 'gadwal']",['call'],54.3568,18.9555,Mareca strepera,Gadwall,Jarek Matusiak,Creative Commons Attribution-NonCommercial-ShareAlike 4.0,4.5,16:00,https://www.xeno-canto.org/198954,gadwal/XC198954.ogg
gadwal,['lobdow'],"['call', 'decrescendo', 'female']",35.0307,-120.6205,Mareca strepera,Gadwall,Thomas G. Graves,Creative Commons Attribution-NonCommercial-ShareAlike 4.0,4.5,8:34,https://www.xeno-canto.org/201284,gadwal/XC201284.ogg
gadwal,[],"['call', 'male']",35.0282,135.6803,Mareca strepera,Gadwall,Anon Torimi,Creative Commons Attribution-NonCommercial-ShareAlike 4.0,2.5,10:00,https://www.xeno-canto.org/201978,gadwal/XC201978.ogg
gadwal,[],['call'],35.0286,135.6802,Mareca strepera,Gadwall,Anon Torimi,Creative Commons Attribution-NonCommercial-ShareAlike 4.0,3.5,09:00,https://www.xeno-canto.org/203803,gadwal/XC203803.ogg
gadwal,[],['call'],35.0286,135.6802,Mareca strepera,Gadwall,Anon Torimi,Creative Commons Attribution-NonCommercial-ShareAlike 4.0,2.5,09:00,https://www.xeno-canto.org/203805,gadwal/XC203805.ogg
gadwal,[],"['call', 'male']",35.0286,135.6806,Mareca strepera,Gadwall,Anon Torimi,Creative Commons Attribution-NonCommercial-ShareAlike 4.0,4.0,09:30,https://www.xeno-canto.org/207391,gadwal/XC207391.ogg
gadwal,[],"['call', 'male', 'song']",52.1659,20.8113,Mareca strepera,Gadwall,Jarek Matusiak,Creative Commons Attribution-NonCommercial-ShareAlike 4.0,5.0,14:00,https://www.xeno-canto.org/209951,gadwal/XC209951.ogg
gadwal,[],"['female', 'song']",52.1659,20.8113,Mareca strepera,Gadwall,Jarek Matusiak,Creative Commons Attribution-NonCommercial-ShareAlike 4.0,5.0,15:00,https://www.xeno-canto.org/210379,gadwal/XC210379.ogg
gadwal,[],['call'],35.0287,135.6806,Mareca strepera,Gadwall,Anon Torimi,Creative Commons Attribution-NonCommercial-ShareAlike 4.0,3.0,10:00,https://www.xeno-canto.org/215121,gadwal/XC215121.ogg
gadwal,[],"['call', 'flight call']",43.3484,-1.7943,Mareca strepera,Gadwall,Bernard BOUSQUET,Creative Commons Attribution-NonCommercial-ShareAlike 4.0,4.0,11:00,https://www.xeno-canto.org/234813,gadwal/XC234813.ogg
gadwal,[],['song'],58.3001,13.5334,Mareca strepera,Gadwall,Patrik Åberg,Creative Commons Attribution-NonCommercial-ShareAlike 3.0,5.0,?,https://www.xeno-canto.org/26959,gadwal/XC26959.ogg
gadwal,[],['song'],58.3001,13.5334,Mareca strepera,Gadwall,Patrik Åberg,Creative Commons Attribution-NonCommercial-ShareAlike 3.0,4.0,?,https://www.xeno-canto.org/26960,gadwal/XC26960.ogg
gadwal,"['cangoo', 'wesmea']","['call', 'female', 'male']",48.4183,-107.6657,Mareca strepera,Gadwall,Paul Marvin,Creative Commons Attribution-NonCommercial-ShareAlike 4.0,4.5,06:19,https://www.xeno-canto.org/284781,gadwal/XC284781.ogg
gadwal,['wesmea'],"['female', 'flight call', 'male']",48.4183,-107.6657,Mareca strepera,Gadwall,Paul Marvin,Creative Commons Attribution-NonCommercial-ShareAlike 4.0,3.5,06:22,https://www.xeno-canto.org/284792,gadwal/XC284792.ogg
gadwal,['eurwig'],['flight call'],51.94,5.9038,Mareca strepera,Gadwall,Joost van Bruggen,Creative Commons Attribution-NonCommercial-ShareAlike 4.0,2.5,06:30,https://www.xeno-canto.org/287946,gadwal/XC287946.ogg
gadwal,[],['call'],34.6336,136.55,Mareca strepera,Gadwall,Anon Torimi,Creative Commons Attribution-NonCommercial-ShareAlike 4.0,1.0,12:00,https://www.xeno-canto.org/294370,gadwal/XC294370.ogg
gadwal,[],['call'],35.0307,-120.6205,Mareca strepera,Gadwall,Ross Gallardy,Creative Commons Attribution-NonCommercial-ShareAlike 4.0,3.5,09:30,https://www.xeno-canto.org/297470,gadwal/XC297470.ogg
gadwal,[],"['call', 'male']",44.1556,-100.3498,Mareca strepera,Gadwall,Paul Marvin,Creative Commons Attribution-NonCommercial-ShareAlike 4.0,4.0,07:36,https://www.xeno-canto.org/299272,gadwal/XC299272.ogg
gadwal,[],['call'],52.6667,-0.6667,Mareca strepera,Gadwall,David Darrell-Lambert,Creative Commons Attribution-NonCommercial-ShareAlike 4.0,4.0,10:30,https://www.xeno-canto.org/310766,gadwal/XC310766.ogg
gadwal,[],"['call', 'male']",37.025,-8.0137,Mareca strepera,Gadwall,Jerome Fischer,Creative Commons Attribution-NonCommercial-ShareAlike 4.0,3.5,10:00,https://www.xeno-canto.org/313573,gadwal/XC313573.ogg
gadwal,[],"['alarm call', 'female']",49.9188,-6.2853,Mareca strepera,Gadwall,Ashley Fisher,Creative Commons Attribution-NonCommercial-ShareAlike 4.0,5.0,11:53,https://www.xeno-canto.org/319009,gadwal/XC319009.ogg
gadwal,[],"['call', 'male']",40.6666,-106.3339,Mareca strepera,Gadwall,Nick Komar,Creative Commons Attribution-NonCommercial-ShareAlike 4.0,4.0,16:30,https://www.xeno-canto.org/323409,gadwal/XC323409.ogg
gadwal,[],"['alarm call', 'female']",49.9188,-6.2853,Mareca strepera,Gadwall,Ashley Fisher,Creative Commons Attribution-NonCommercial-ShareAlike 4.0,5.0,19:57,https://www.xeno-canto.org/323618,gadwal/XC323618.ogg
gadwal,[],"['alarm call', 'female']",49.9188,-6.2853,Mareca strepera,Gadwall,Ashley Fisher,Creative Commons Attribution-NonCommercial-ShareAlike 4.0,5.0,19:58,https://www.xeno-canto.org/323621,gadwal/XC323621.ogg
gadwal,[],['male'],39.1396,-3.6988,Mareca strepera,Gadwall,María José Sánchez Alcaraz,Creative Commons Attribution-NonCommercial-ShareAlike 4.0,3.0,10:00,https://www.xeno-canto.org/328189,gadwal/XC328189.ogg
gadwal,['cangoo'],['call'],42.9627,-76.7409,Mareca strepera,Gadwall,Aidan Place,Creative Commons Attribution-NonCommercial-ShareAlike 4.0,2.5,09:00,https://www.xeno-canto.org/336824,gadwal/XC336824.ogg
gadwal,[],['call'],58.7642,23.4461,Mareca strepera,Gadwall,Tero Linjama,Creative Commons Attribution-NonCommercial-ShareAlike 4.0,5.0,07:00,https://www.xeno-canto.org/340591,gadwal/XC340591.ogg
gadwal,[],['flight call'],58.7642,23.4461,Mareca strepera,Gadwall,Tero Linjama,Creative Commons Attribution-NonCommercial-ShareAlike 4.0,4.0,07:00,https://www.xeno-canto.org/340592,gadwal/XC340592.ogg
gadwal,[],"['Burps', 'High Whistle and Quack (female)']",47.9992,-122.1679,Mareca strepera,Gadwall,Bruce Lagerquist,Creative Commons Attribution-NonCommercial-ShareAlike 4.0,3.0,02:00,https://www.xeno-canto.org/356902,gadwal/XC356902.ogg
gadwal,[],['flight call'],46.8988,6.899,Mareca strepera,Gadwall,Jerome Fischer,Creative Commons Attribution-NonCommercial-ShareAlike 4.0,5.0,13:30,https://www.xeno-canto.org/356958,gadwal/XC356958.ogg
gadwal,['snogoo'],['call'],37.1779,-120.6158,Mareca strepera,Gadwall,Thomas G. Graves,Creative Commons Attribution-NonCommercial-ShareAlike 4.0,3.5,16:19,https://www.xeno-canto.org/357526,gadwal/XC357526.ogg
gadwal,[],"['call', 'male', 'song']",52.6372,13.4587,Mareca strepera,Gadwall,Lars Lachmann,Creative Commons Attribution-NonCommercial-ShareAlike 4.0,3.0,8:50,https://www.xeno-canto.org/359036,gadwal/XC359036.ogg
gadwal,[],['song'],52.4126,4.5702,Mareca strepera,Gadwall,brickegickel,Creative Commons Attribution-NonCommercial-ShareAlike 4.0,3.5,08:00,https://www.xeno-canto.org/364458,gadwal/XC364458.ogg
gadwal,[],"['call', 'female', 'male']",52.6058,1.4471,Mareca strepera,Gadwall,GABRIEL LEITE,Creative Commons Attribution-NonCommercial-ShareAlike 4.0,4.0,07:30,https://www.xeno-canto.org/364912,gadwal/XC364912.ogg
gadwal,[],['call'],26.5553,-98.068,Mareca strepera,Gadwall,Dan Lane,Creative Commons Attribution-NonCommercial-ShareAlike 4.0,3.0,15:00,https://www.xeno-canto.org/368412,gadwal/XC368412.ogg
gadwal,[],['call'],26.5553,-98.068,Mareca strepera,Gadwall,Dan Lane,Creative Commons Attribution-NonCommercial-ShareAlike 4.0,2.5,08:00,https://www.xeno-canto.org/368413,gadwal/XC368413.ogg
gadwal,[],['call'],26.5553,-98.068,Mareca strepera,Gadwall,Dan Lane,Creative Commons Attribution-NonCommercial-ShareAlike 4.0,2.5,08:30,https://www.xeno-canto.org/368421,gadwal/XC368421.ogg
gadwal,[],"['call', 'male']",47.6747,-122.2536,Mareca strepera,Gadwall,Bruce Lagerquist,Creative Commons Attribution-NonCommercial-ShareAlike 4.0,4.5,05:00,https://www.xeno-canto.org/369713,gadwal/XC369713.ogg
gadwal,[],"['flight call', 'whistle-calls']",51.94,5.9038,Mareca strepera,Gadwall,Joost van Bruggen,Creative Commons Attribution-NonCommercial-ShareAlike 4.0,4.0,00:16,https://www.xeno-canto.org/385138,gadwal/XC385138.ogg
gadwal,[],['call'],58.0926,15.7728,Mareca strepera,Gadwall,Magnus Wadstein,Creative Commons Attribution-NonCommercial-ShareAlike 4.0,3.5,10:30,https://www.xeno-canto.org/385576,gadwal/XC385576.ogg
gadwal,[],['call'],46.7179,-71.5345,Mareca strepera,Gadwall,Martin St-Michel,Creative Commons Attribution-NonCommercial-ShareAlike 4.0,3.5,07:33,https://www.xeno-canto.org/387764,gadwal/XC387764.ogg
gadwal,[],['flight call'],51.2292,5.255,Mareca strepera,Gadwall,Toon Jansen,Creative Commons Attribution-NonCommercial-ShareAlike 4.0,3.0,02:00,https://www.xeno-canto.org/393837,gadwal/XC393837.ogg
gadwal,[],"['call', 'female']",42.9037,13.9077,Mareca strepera,Gadwall,Dimitri,Creative Commons Attribution-NonCommercial-ShareAlike 4.0,5.0,16:00,https://www.xeno-canto.org/396295,gadwal/XC396295.ogg
gadwal,[],['call'],31.4263,-110.4553,Mareca strepera,Gadwall,Janine McCabe,Creative Commons Attribution-NonCommercial-ShareAlike 4.0,2.0,15:00,https://www.xeno-canto.org/396297,gadwal/XC396297.ogg
gadwal,[],['call'],34.6282,135.0714,Mareca strepera,Gadwall,Anon Torimi,Creative Commons Attribution-NonCommercial-ShareAlike 4.0,3.5,10:00,https://www.xeno-canto.org/406803,gadwal/XC406803.ogg
gadwal,[],['call'],34.6282,135.0714,Mareca strepera,Gadwall,Anon Torimi,Creative Commons Attribution-NonCommercial-ShareAlike 4.0,4.0,09:55,https://www.xeno-canto.org/406804,gadwal/XC406804.ogg
gadwal,[],"['alarm call', 'call', 'female', 'male']",49.2913,1.2387,Mareca strepera,Gadwall,Stanislas Wroza,Creative Commons Attribution-NonCommercial-ShareAlike 4.0,5.0,08:00,https://www.xeno-canto.org/412758,gadwal/XC412758.ogg
gadwal,[],"['alarm call', 'call', 'female', 'male']",49.2913,1.2387,Mareca strepera,Gadwall,Stanislas Wroza,Creative Commons Attribution-NonCommercial-ShareAlike 4.0,5.0,08:00,https://www.xeno-canto.org/412759,gadwal/XC412759.ogg
gadwal,[],"['alarm call', 'call', 'female', 'male']",49.2913,1.2387,Mareca strepera,Gadwall,Stanislas Wroza,Creative Commons Attribution-NonCommercial-ShareAlike 4.0,5.0,08:00,https://www.xeno-canto.org/412760,gadwal/XC412760.ogg
gadwal,[],"['female', 'flight call', 'male']",49.2913,1.2387,Mareca strepera,Gadwall,Stanislas Wroza,Creative Commons Attribution-NonCommercial-ShareAlike 4.0,5.0,08:00,https://www.xeno-canto.org/412761,gadwal/XC412761.ogg
gadwal,[],"['female', 'flight call', 'male']",49.2913,1.2387,Mareca strepera,Gadwall,Stanislas Wroza,Creative Commons Attribution-NonCommercial-ShareAlike 4.0,5.0,08:00,https://www.xeno-canto.org/412762,gadwal/XC412762.ogg
gadwal,[],['call'],52.358,4.8686,Mareca strepera,Gadwall,nick talbot,Creative Commons Attribution-NonCommercial-ShareAlike 4.0,3.0,16:00,https://www.xeno-canto.org/417861,gadwal/XC417861.ogg
gadwal,[],['flight call'],52.0612,5.371,Mareca strepera,Gadwall,Aat Schaftenaar,Creative Commons Attribution-NonCommercial-ShareAlike 4.0,4.0,00:30,https://www.xeno-canto.org/424347,gadwal/XC424347.ogg
gadwal,[],['flight call'],52.0612,5.371,Mareca strepera,Gadwall,Aat Schaftenaar,Creative Commons Attribution-NonCommercial-ShareAlike 4.0,4.0,19:30,https://www.xeno-canto.org/424359,gadwal/XC424359.ogg
gadwal,[],['call'],38.28,-7.4302,Mareca strepera,Gadwall,Paulo Alves,Creative Commons Attribution-NonCommercial-ShareAlike 4.0,2.5,06:00,https://www.xeno-canto.org/433000,gadwal/XC433000.ogg
gadwal,['mallar3'],['call'],37.025,-8.0137,Mareca strepera,Gadwall,Jorge Leitão,Creative Commons Attribution-NonCommercial-ShareAlike 4.0,4.5,12:38,https://www.xeno-canto.org/433161,gadwal/XC433161.ogg
gadwal,[],['call'],53.2574,-1.0704,Mareca strepera,Gadwall,Carlos Abrahams,Creative Commons Attribution-NonCommercial-ShareAlike 4.0,4.0,19:00,https://www.xeno-canto.org/433812,gadwal/XC433812.ogg
gadwal,[],['flight call'],52.0612,5.371,Mareca strepera,Gadwall,Aat Schaftenaar,Creative Commons Attribution-NonCommercial-ShareAlike 4.0,4.0,21:30,https://www.xeno-canto.org/433981,gadwal/XC433981.ogg
gadwal,[],['flight call'],51.94,5.9038,Mareca strepera,Gadwall,Joost van Bruggen,Creative Commons Attribution-ShareAlike 4.0,5.0,01:47,https://www.xeno-canto.org/436359,gadwal/XC436359.ogg
gadwal,[],['call'],51.94,5.9038,Mareca strepera,Gadwall,Joost van Bruggen,Creative Commons Attribution-NonCommercial-ShareAlike 4.0,4.0,05:02,https://www.xeno-canto.org/441670,gadwal/XC441670.ogg
gadwal,[],['call'],51.4765,-0.2355,Mareca strepera,Gadwall,nick talbot,Creative Commons Attribution-NonCommercial-ShareAlike 4.0,4.0,11:15,https://www.xeno-canto.org/441861,gadwal/XC441861.ogg
gadwal,[],"['call', 'female', 'male']",58.4453,14.4484,Mareca strepera,Gadwall,Patrik Åberg,Creative Commons Attribution-NonCommercial-ShareAlike 4.0,5.0,13:04,https://www.xeno-canto.org/448649,gadwal/XC448649.ogg
gadwal,[],"['call', 'female']",58.4453,14.4484,Mareca strepera,Gadwall,Patrik Åberg,Creative Commons Attribution-NonCommercial-ShareAlike 4.0,5.0,13:02,https://www.xeno-canto.org/448650,gadwal/XC448650.ogg
gadwal,[],['flight call'],52.1593,5.3563,Mareca strepera,Gadwall,Johan Jordaans,Creative Commons Attribution-NonCommercial-ShareAlike 4.0,3.0,02:45,https://www.xeno-canto.org/450658,gadwal/XC450658.ogg
gadwal,['eurwig'],"['call', 'male']",52.6975,-0.5962,Mareca strepera,Gadwall,Andrew Harrop,Creative Commons Attribution-NonCommercial-ShareAlike 4.0,3.5,10:45,https://www.xeno-canto.org/452685,gadwal/XC452685.ogg
gadwal,[],['flight call'],26.0737,-98.1442,Mareca strepera,Gadwall,Paul Marvin,Creative Commons Attribution-NonCommercial-ShareAlike 4.0,3.0,07:52,https://www.xeno-canto.org/452705,gadwal/XC452705.ogg
gadwal,[],"['call', 'male']",26.0737,-98.1442,Mareca strepera,Gadwall,Paul Marvin,Creative Commons Attribution-NonCommercial-ShareAlike 4.0,5.0,15:35,https://www.xeno-canto.org/452706,gadwal/XC452706.ogg
gadwal,[],"['call', 'female', 'male']",42.9037,13.9077,Mareca strepera,Gadwall,Dimitri,Creative Commons Attribution-NonCommercial-ShareAlike 4.0,4.0,12:00,https://www.xeno-canto.org/456603,gadwal/XC456603.ogg
gadwal,[],['call'],35.0577,135.7682,Mareca strepera,Gadwall,Anon Torimi,Creative Commons Attribution-NonCommercial-ShareAlike 4.0,3.0,15:30,https://www.xeno-canto.org/463290,gadwal/XC463290.ogg
gadwal,[],['flight call'],52.0612,5.371,Mareca strepera,Gadwall,Aat Schaftenaar,Creative Commons Attribution-NonCommercial-ShareAlike 4.0,2.0,20:00,https://www.xeno-canto.org/464976,gadwal/XC464976.ogg
gadwal,[],"['call', 'male']",69.598,18.823,Mareca strepera,Gadwall,Stein Ø. Nilsen,Creative Commons Attribution-NonCommercial-ShareAlike 4.0,3.5,08:30,https://www.xeno-canto.org/469884,gadwal/XC469884.ogg
gadwal,[],['song'],59.204,18.0402,Mareca strepera,Gadwall,Teet Sirotkin,Creative Commons Attribution-NonCommercial-ShareAlike 4.0,5.0,21:45,https://www.xeno-canto.org/470564,gadwal/XC470564.ogg
gadwal,[],['call'],37.1357,-7.6138,Mareca strepera,Gadwall,Nelson Conceição,Creative Commons Attribution-NonCommercial-ShareAlike 4.0,4.0,12:15,https://www.xeno-canto.org/474375,gadwal/XC474375.ogg
gadwal,[],['call'],37.1357,-7.6138,Mareca strepera,Gadwall,Nelson Conceição,Creative Commons Attribution-NonCommercial-ShareAlike 4.0,4.0,12:16,https://www.xeno-canto.org/474376,gadwal/XC474376.ogg
gadwal,[],['call'],37.1357,-7.6138,Mareca strepera,Gadwall,Nelson Conceição,Creative Commons Attribution-NonCommercial-ShareAlike 4.0,4.0,12:17,https://www.xeno-canto.org/474377,gadwal/XC474377.ogg
gadwal,[],"['call', 'flight call', 'male']",69.598,18.823,Mareca strepera,Gadwall,Stein Ø. Nilsen,Creative Commons Attribution-NonCommercial-ShareAlike 4.0,5.0,18:00,https://www.xeno-canto.org/476092,gadwal/XC476092.ogg
gadwal,[],"['alarm call', 'flight call']",56.7046,46.9121,Mareca strepera,Gadwall,Albert Lastukhin,Creative Commons Attribution-NonCommercial-ShareAlike 4.0,3.0,13:00,https://www.xeno-canto.org/484631,gadwal/XC484631.ogg
gadwal,[],['flight call'],52.1418,5.3724,Mareca strepera,Gadwall,Frank Pierik,Creative Commons Attribution-NonCommercial-ShareAlike 4.0,3.0,22:24,https://www.xeno-canto.org/494842,gadwal/XC494842.ogg
gadwal,[],['flight call'],51.8204,4.6369,Mareca strepera,Gadwall,Jan-Kees Bossenbroek,Creative Commons Attribution-NonCommercial-ShareAlike 4.0,4.0,02:30,https://www.xeno-canto.org/496211,gadwal/XC496211.ogg
gadwal,[],['nocturnal flight call'],52.5061,6.2538,Mareca strepera,Gadwall,Vincent Martens,Creative Commons Attribution-NonCommercial-ShareAlike 4.0,3.0,06:13,https://www.xeno-canto.org/497856,gadwal/XC497856.ogg
gadwal,[],['call'],50.8361,19.7207,Mareca strepera,Gadwall,Grzegorz Kaczorowski,Creative Commons Attribution-NonCommercial-ShareAlike 4.0,3.0,10:00,https://www.xeno-canto.org/506453,gadwal/XC506453.ogg
gadwal,['comwax'],['call'],37.1959,-7.5225,Mareca strepera,Gadwall,Nelson Conceição,Creative Commons Attribution-NonCommercial-ShareAlike 4.0,3.5,17:07,https://www.xeno-canto.org/508332,gadwal/XC508332.ogg
gadwal,[],['call'],37.1959,-7.5225,Mareca strepera,Gadwall,Nelson Conceição,Creative Commons Attribution-NonCommercial-ShareAlike 4.0,4.5,17:09,https://www.xeno-canto.org/508338,gadwal/XC508338.ogg
gadwal,[],"['Quack', 'call', 'male']",40.5874,-74.2621,Mareca strepera,Gadwall,William Whitehead,Creative Commons Attribution-NonCommercial-ShareAlike 4.0,3.5,10:00,https://www.xeno-canto.org/511815,gadwal/XC511815.ogg
gadwal,[],"['adult', 'call', 'courtship call']",47.8901,10.9203,Mareca strepera,Gadwall,Beatrix Saadi-Varchmin,Creative Commons Attribution-NonCommercial-ShareAlike 4.0,3.5,12:49,https://www.xeno-canto.org/519580,gadwal/XC519580.ogg
gadwal,[],['call'],35.956,-87.97,Mareca strepera,Gadwall,Mike Nelson,Creative Commons Attribution-NonCommercial-ShareAlike 3.0,2.5,2:00pm,https://www.xeno-canto.org/52464,gadwal/XC52464.ogg
gadwal,[],['flight call'],54.2056,9.1527,Mareca strepera,Gadwall,W. Agster,Creative Commons Attribution-NonCommercial-ShareAlike 4.0,3.5,21:00,https://www.xeno-canto.org/526312,gadwal/XC526312.ogg
gadwal,[],['nocturnal flight call'],52.0612,5.371,Mareca strepera,Gadwall,Aat Schaftenaar,Creative Commons Attribution-NonCommercial-ShareAlike 4.0,4.0,01:00,https://www.xeno-canto.org/526342,gadwal/XC526342.ogg
gadwal,[],['call'],47.5899,108.3965,Mareca strepera,Gadwall,James Lidster,Creative Commons Attribution-NonCommercial-ShareAlike 4.0,5.0,09:00,https://www.xeno-canto.org/526837,gadwal/XC526837.ogg
gadwal,[],"['call', 'nocturnal flight call']",51.9612,5.8104,Mareca strepera,Gadwall,James Lidster,Creative Commons Attribution-NonCommercial-ShareAlike 4.0,3.0,04:00,https://www.xeno-canto.org/528148,gadwal/XC528148.ogg
gadwal,[],['call'],51.9612,5.8104,Mareca strepera,Gadwall,James Lidster,Creative Commons Attribution-NonCommercial-ShareAlike 4.0,4.0,05:30,https://www.xeno-canto.org/528486,gadwal/XC528486.ogg
gadwal,[],"['call', 'flight call']",51.9612,5.8104,Mareca strepera,Gadwall,James Lidster,Creative Commons Attribution-NonCommercial-ShareAlike 4.0,5.0,03:00,https://www.xeno-canto.org/528649,gadwal/XC528649.ogg
gadwal,[],['call'],45.5734,-122.6114,Mareca strepera,Gadwall,Thomas Magarian,Creative Commons Attribution-NonCommercial-ShareAlike 4.0,3.5,15:31,https://www.xeno-canto.org/531306,gadwal/XC531306.ogg
gadwal,['mallar3'],['call'],45.5734,-122.6114,Mareca strepera,Gadwall,Thomas Magarian,Creative Commons Attribution-NonCommercial-ShareAlike 4.0,4.5,15:15,https://www.xeno-canto.org/531307,gadwal/XC531307.ogg
gadwal,['mallar3'],['call'],45.5734,-122.6114,Mareca strepera,Gadwall,Thomas Magarian,Creative Commons Attribution-NonCommercial-ShareAlike 4.0,4.5,15:16,https://www.xeno-canto.org/531308,gadwal/XC531308.ogg
gadwal,[],['call'],45.5734,-122.6114,Mareca strepera,Gadwall,Thomas Magarian,Creative Commons Attribution-NonCommercial-ShareAlike 4.0,4.5,15:16,https://www.xeno-canto.org/531309,gadwal/XC531309.ogg
gadwal,['ribgul'],"['adult', 'male', 'song']",39.9312,-104.769,Mareca strepera,Gadwall,Sue Riffe,Creative Commons Attribution-NonCommercial-ShareAlike 4.0,3.5,14:15,https://www.xeno-canto.org/532031,gadwal/XC532031.ogg
gadwal,[],['call'],53.7598,-2.7394,Mareca strepera,Gadwall,Chris Batty,Creative Commons Attribution-NonCommercial-ShareAlike 4.0,2.5,20:40,https://www.xeno-canto.org/533879,gadwal/XC533879.ogg
gadwal,[],['nocturnal flight call'],51.0246,3.7531,Mareca strepera,Gadwall,Elie Desmet,Creative Commons Attribution-NonCommercial-ShareAlike 4.0,4.0,03:56,https://www.xeno-canto.org/539308,gadwal/XC539308.ogg
gadwal,[],"['flight call', 'nocturnal flight call']",51.1715,-0.5644,Mareca strepera,Gadwall,Ed Stubbs,Creative Commons Attribution-NonCommercial-ShareAlike 4.0,2.0,01:48,https://www.xeno-canto.org/540704,gadwal/XC540704.ogg
gadwal,[],"['adult', 'female', 'male', 'nocturnal flight call']",54.0113,-0.3886,Mareca strepera,Gadwall,James Spencer,Creative Commons Attribution-NonCommercial-ShareAlike 4.0,2.0,02:49,https://www.xeno-canto.org/544393,gadwal/XC544393.ogg
gadwal,[],['nocturnal flight call'],52.5942,6.1046,Mareca strepera,Gadwall,jaap oosterhuis,Creative Commons Attribution-NonCommercial-ShareAlike 4.0,4.0,04:00,https://www.xeno-canto.org/544427,gadwal/XC544427.ogg
gadwal,[],['nocturnal flight call'],41.2243,1.7254,Mareca strepera,Gadwall,Sergi,Creative Commons Attribution-NonCommercial-ShareAlike 4.0,1.0,23:52,https://www.xeno-canto.org/544809,gadwal/XC544809.ogg
gadwal,[],"['flight call', 'nocturnal flight call']",51.056,-1.322,Mareca strepera,Gadwall,Tom Jordan,Creative Commons Attribution-NonCommercial-ShareAlike 4.0,3.0,23:31,https://www.xeno-canto.org/545169,gadwal/XC545169.ogg
gadwal,[],['flight call'],51.9517,4.9953,Mareca strepera,Gadwall,Albert Noorlander,Creative Commons Attribution-NonCommercial-ShareAlike 4.0,5.0,09:45,https://www.xeno-canto.org/548010,gadwal/XC548010.ogg
gadwal,[],['flight call'],51.9519,4.9986,Mareca strepera,Gadwall,Albert Noorlander,Creative Commons Attribution-NonCommercial-ShareAlike 4.0,5.0,10:10,https://www.xeno-canto.org/548049,gadwal/XC548049.ogg
gadwal,[],"['call', 'flight call', 'nocturnal flight call']",50.6054,2.9128,Mareca strepera,Gadwall,Christophe Legrand,Creative Commons Attribution-NonCommercial-ShareAlike 4.0,4.0,00:40,https://www.xeno-canto.org/550007,gadwal/XC550007.ogg
gadwal,[],"['adult', 'female', 'male', 'nocturnal flight call']",51.0928,4.0077,Mareca strepera,Gadwall,Tom Gheskiere,Creative Commons Attribution-NonCommercial-ShareAlike 4.0,4.0,02:00,https://www.xeno-canto.org/550504,gadwal/XC550504.ogg
gadwal,[],['nocturnal flight call'],37.2365,-7.4336,Mareca strepera,Gadwall,Nelson Conceição,Creative Commons Attribution-NonCommercial-ShareAlike 4.0,3.0,22:10,https://www.xeno-canto.org/551706,gadwal/XC551706.ogg
gadwal,[],"['adult', 'flight call']",51.1404,4.992,Mareca strepera,Gadwall,Niels Van Doninck,Creative Commons Attribution-NonCommercial-ShareAlike 4.0,4.5,10:10,https://www.xeno-canto.org/551736,gadwal/XC551736.ogg
gadwal,[],['call'],50.4677,3.6887,Mareca strepera,Gadwall,Alain Malengreau,Creative Commons Attribution-NonCommercial-ShareAlike 4.0,5.0,16:30,https://www.xeno-canto.org/552042,gadwal/XC552042.ogg
gadwal,[],"['flight call', 'nocturnal flight call']",50.7542,4.5672,Mareca strepera,Gadwall,Frederik Fluyt,Creative Commons Attribution-NonCommercial-ShareAlike 4.0,4.0,05:00,https://www.xeno-canto.org/553491,gadwal/XC553491.ogg
gadwal,[],['call'],37.1357,-7.6138,Mareca strepera,Gadwall,Nelson Conceição,Creative Commons Attribution-NonCommercial-ShareAlike 4.0,4.5,20:12,https://www.xeno-canto.org/554099,gadwal/XC554099.ogg
gadwal,['wiltur'],"['adult', 'call', 'female', 'male', 'song']",51.4273,23.1302,Mareca strepera,Gadwall,Jarek Matusiak,Creative Commons Attribution-NonCommercial-ShareAlike 4.0,4.5,10:30,https://www.xeno-canto.org/554109,gadwal/XC554109.ogg
gadwal,[],"['adult', 'male', 'song']",51.4273,23.1302,Mareca strepera,Gadwall,Jarek Matusiak,Creative Commons Attribution-NonCommercial-ShareAlike 4.0,5.0,10:30,https://www.xeno-canto.org/554110,gadwal/XC554110.ogg
gadwal,[],"['adult', 'flight call', 'male', 'song']",51.4273,23.1302,Mareca strepera,Gadwall,Jarek Matusiak,Creative Commons Attribution-NonCommercial-ShareAlike 4.0,5.0,10:30,https://www.xeno-canto.org/554111,gadwal/XC554111.ogg
gadwal,['wiltur'],"['adult', 'call', 'female', 'flight call', 'male', 'song']",51.4273,23.1302,Mareca strepera,Gadwall,Jarek Matusiak,Creative Commons Attribution-NonCommercial-ShareAlike 4.0,4.5,10:30,https://www.xeno-canto.org/554114,gadwal/XC554114.ogg
gadwal,['wiltur'],"['adult', 'call', 'female', 'flight call', 'male', 'song']",51.4273,23.1302,Mareca strepera,Gadwall,Jarek Matusiak,Creative Commons Attribution-NonCommercial-ShareAlike 4.0,4.5,10:30,https://www.xeno-canto.org/554188,gadwal/XC554188.ogg
gadwal,[],"['call', 'flight call', 'nocturnal flight call']",52.3856,16.8739,Mareca strepera,Gadwall,Paweł Szymański,Creative Commons Attribution-NonCommercial-ShareAlike 4.0,4.0,01:10,https://www.xeno-canto.org/557312,gadwal/XC557312.ogg
gadwal,[],['nocturnal flight call'],51.3532,-0.1461,Mareca strepera,Gadwall,Arjun Dutta,Creative Commons Attribution-NonCommercial-ShareAlike 4.0,4.0,00:44,https://www.xeno-canto.org/558320,gadwal/XC558320.ogg
gadwal,[],"['alarm call', 'call', 'female']",60.1967,25.1769,Mareca strepera,Gadwall,Hannu Varkki,Creative Commons Attribution-NonCommercial-ShareAlike 4.0,4.5,06:30,https://www.xeno-canto.org/559124,gadwal/XC559124.ogg
gadwal,[],"['female', 'flight call']",52.3016,0.2678,Mareca strepera,Gadwall,Simon Gillings,Creative Commons Attribution-NonCommercial-ShareAlike 4.0,4.0,06:55,https://www.xeno-canto.org/561526,gadwal/XC561526.ogg
gadwal,[],"['adult', 'call', 'female', 'male']",35.4836,-120.6384,Mareca strepera,Gadwall,Thomas G. Graves,Creative Commons Attribution-NonCommercial-ShareAlike 4.0,3.0,17:41,https://www.xeno-canto.org/565021,gadwal/XC565021.ogg
gadwal,[],"['adult', 'call', 'female']",40.1756,-115.4798,Mareca strepera,Gadwall,Richard E. Webster,Creative Commons Attribution-NonCommercial-ShareAlike 4.0,5.0,10:04,https://www.xeno-canto.org/565867,gadwal/XC565867.ogg
gadwal,[],"['adult', 'flight call', 'sex uncertain']",41.4591,-112.3019,Mareca strepera,Gadwall,Richard E. Webster,Creative Commons Attribution-NonCommercial-ShareAlike 4.0,3.5,06:16,https://www.xeno-canto.org/565868,gadwal/XC565868.ogg
gadwal,[],['flight call'],38.4893,-6.0756,Mareca strepera,Gadwall,Eduardo Realinho,Creative Commons Attribution-NonCommercial-ShareAlike 4.0,3.0,22:00,https://www.xeno-canto.org/566190,gadwal/XC566190.ogg
gadwal,[],"['adult', 'call', 'male']",52.963,0.6042,Mareca strepera,Gadwall,Gary Elton,Creative Commons Attribution-NonCommercial-ShareAlike 4.0,4.5,18:00,https://www.xeno-canto.org/572156,gadwal/XC572156.ogg
gadwal,[],"['adult', 'song']",56.9192,12.3663,Mareca strepera,Gadwall,Helge Malmgren,Creative Commons Attribution-NonCommercial-ShareAlike 4.0,5.0,22:00,https://www.xeno-canto.org/580494,gadwal/XC580494.ogg
gadwal,[],['nocturnal flight call'],53.5342,8.6032,Mareca strepera,Gadwall,Franck Hollander,Creative Commons Attribution-NonCommercial-ShareAlike 4.0,4.0,03:00,https://www.xeno-canto.org/581242,gadwal/XC581242.ogg
gadwal,[],"['adult', 'call', 'flight call', 'sex uncertain']",51.4989,17.1056,Mareca strepera,Gadwall,Grzegorz Lorek,Creative Commons Attribution-NonCommercial-ShareAlike 4.0,3.0,15:30,https://www.xeno-canto.org/582623,gadwal/XC582623.ogg
gadwal,[],"['call', 'life stage uncertain', 'sex uncertain']",51.5206,17.1095,Mareca strepera,Gadwall,Ireneusz Oleksik,Creative Commons Attribution-NonCommercial-ShareAlike 4.0,2.0,16:00,https://www.xeno-canto.org/582664,gadwal/XC582664.ogg
gadwal,[],['nocturnal flight call'],53.5342,8.6032,Mareca strepera,Gadwall,Franck Hollander,Creative Commons Attribution-NonCommercial-ShareAlike 4.0,4.0,01:30,https://www.xeno-canto.org/582948,gadwal/XC582948.ogg
gadwal,[],"['flight call', 'nocturnal flight call']",50.4631,3.6638,Mareca strepera,Gadwall,Alain Malengreau,Creative Commons Attribution-NonCommercial-ShareAlike 4.0,5.0,02:00,https://www.xeno-canto.org/584640,gadwal/XC584640.ogg
gadwal,[],['nocturnal flight call'],53.5342,8.6032,Mareca strepera,Gadwall,Franck Hollander,Creative Commons Attribution-NonCommercial-ShareAlike 4.0,3.0,22:30,https://www.xeno-canto.org/585667,gadwal/XC585667.ogg
gadwal,[],"['call', 'flight call', 'nocturnal flight call']",54.2081,-0.2889,Mareca strepera,Gadwall,Mark Pearson,Creative Commons Attribution-NonCommercial-ShareAlike 4.0,3.0,23:30,https://www.xeno-canto.org/585908,gadwal/XC585908.ogg
gadwal,[],['nocturnal flight call'],55.4107,12.8449,Mareca strepera,Gadwall,Johan Lorentzon,Creative Commons Attribution-NonCommercial-ShareAlike 4.0,4.0,21:44,https://www.xeno-canto.org/585984,gadwal/XC585984.ogg
gadwal,[],"['life stage uncertain', 'nocturnal flight call', 'sex uncertain']",52.4267,-1.5596,Mareca strepera,Gadwall,Andrew Cobley,Creative Commons Attribution-NonCommercial-ShareAlike 4.0,3.0,22:30,https://www.xeno-canto.org/586272,gadwal/XC586272.ogg
gadwal,[],['nocturnal flight call'],41.9919,1.5099,Mareca strepera,Gadwall,Lluís Brotons,Creative Commons Attribution-NonCommercial-ShareAlike 4.0,3.0,23:30,https://www.xeno-canto.org/587747,gadwal/XC587747.ogg
gadwal,[],['nocturnal flight call'],54.949,-1.48,Mareca strepera,Gadwall,Mark Newsome,Creative Commons Attribution-NonCommercial-ShareAlike 4.0,3.0,19:58,https://www.xeno-canto.org/590004,gadwal/XC590004.ogg
gadwal,[],['nocturnal flight call'],52.0149,5.0378,Mareca strepera,Gadwall,Albert Noorlander,Creative Commons Attribution-NonCommercial-ShareAlike 4.0,4.0,06:30,https://www.xeno-canto.org/590271,gadwal/XC590271.ogg
gadwal,[],['nocturnal flight call'],53.5342,8.6032,Mareca strepera,Gadwall,Franck Hollander,Creative Commons Attribution-NonCommercial-ShareAlike 4.0,3.0,20:30,https://www.xeno-canto.org/591142,gadwal/XC591142.ogg
gadwal,[],['nocturnal flight call'],41.9919,1.5099,Mareca strepera,Gadwall,Lluís Brotons,Creative Commons Attribution-NonCommercial-ShareAlike 4.0,3.0,03:00,https://www.xeno-canto.org/592199,gadwal/XC592199.ogg
gadwal,[],['nocturnal flight call'],51.6825,4.3454,Mareca strepera,Gadwall,Robbin van Dijk,Creative Commons Attribution-NonCommercial-ShareAlike 4.0,5.0,23:04,https://www.xeno-canto.org/593818,gadwal/XC593818.ogg
gadwal,['cangoo'],['call'],52.4099,-1.4177,Mareca strepera,Gadwall,Nikolay Sariev,Creative Commons Attribution-NonCommercial-ShareAlike 4.0,3.5,17:47,https://www.xeno-canto.org/595438,gadwal/XC595438.ogg
gadwal,[],"['life stage uncertain', 'nocturnal flight call', 'sex uncertain']",56.7028,-2.6114,Mareca strepera,Gadwall,Simon Busuttil,Creative Commons Attribution-NonCommercial-ShareAlike 4.0,3.0,03:30,https://www.xeno-canto.org/597173,gadwal/XC597173.ogg
gadwal,[],"['life stage uncertain', 'nocturnal flight call', 'sex uncertain']",56.7028,-2.6114,Mareca strepera,Gadwall,Simon Busuttil,Creative Commons Attribution-NonCommercial-ShareAlike 4.0,3.0,04:00,https://www.xeno-canto.org/597175,gadwal/XC597175.ogg
gadwal,[],"['call', 'life stage uncertain', 'sex uncertain']",51.5073,17.1102,Mareca strepera,Gadwall,Ireneusz Oleksik,Creative Commons Attribution-NonCommercial-ShareAlike 4.0,3.0,09:20,https://www.xeno-canto.org/597816,gadwal/XC597816.ogg
gadwal,[],['nocturnal flight call'],54.0113,-0.3886,Mareca strepera,Gadwall,James Spencer,Creative Commons Attribution-NonCommercial-ShareAlike 4.0,3.0,00:21,https://www.xeno-canto.org/599420,gadwal/XC599420.ogg
gadwal,[],"['adult', 'male', 'sex uncertain']",50.7132,2.9016,Mareca strepera,Gadwall,WINDELS Martin,Creative Commons Attribution-NonCommercial-ShareAlike 4.0,3.0,09:47,https://www.xeno-canto.org/603365,gadwal/XC603365.ogg
gadwal,[],['nocturnal flight call'],53.5342,8.6032,Mareca strepera,Gadwall,Franck Hollander,Creative Commons Attribution-NonCommercial-ShareAlike 4.0,3.0,01:00,https://www.xeno-canto.org/603629,gadwal/XC603629.ogg
gadwal,[],"['adult', 'call', 'male']",43.2668,-118.8435,Mareca strepera,Gadwall,Peter Ward and Ken Hall,Creative Commons Attribution-NonCommercial-ShareAlike 4.0,5.0,09:00,https://www.xeno-canto.org/603724,gadwal/XC603724.ogg
gadwal,[],['nocturnal flight call'],53.5342,8.6032,Mareca strepera,Gadwall,Franck Hollander,Creative Commons Attribution-NonCommercial-ShareAlike 4.0,3.0,01:00,https://www.xeno-canto.org/606487,gadwal/XC606487.ogg
gadwal,[],"['call', 'nocturnal flight call']",48.7538,1.9628,Mareca strepera,Gadwall,Stanislas Wroza,Creative Commons Attribution-NonCommercial-ShareAlike 4.0,3.0,22:00,https://www.xeno-canto.org/608151,gadwal/XC608151.ogg
gadwal,[],"['call', 'nocturnal flight call']",48.7538,1.9628,Mareca strepera,Gadwall,Stanislas Wroza,Creative Commons Attribution-NonCommercial-ShareAlike 4.0,3.0,22:00,https://www.xeno-canto.org/608152,gadwal/XC608152.ogg
gadwal,[],"['call', 'nocturnal flight call']",48.7538,1.9628,Mareca strepera,Gadwall,Stanislas Wroza,Creative Commons Attribution-NonCommercial-ShareAlike 4.0,3.0,22:00,https://www.xeno-canto.org/608154,gadwal/XC608154.ogg
gadwal,[],"['call', 'nocturnal flight call']",48.7538,1.9628,Mareca strepera,Gadwall,Stanislas Wroza,Creative Commons Attribution-NonCommercial-ShareAlike 4.0,3.0,22:00,https://www.xeno-canto.org/608155,gadwal/XC608155.ogg
gadwal,[],"['call', 'nocturnal flight call', 'whistle call']",48.7538,1.9628,Mareca strepera,Gadwall,Stanislas Wroza,Creative Commons Attribution-NonCommercial-ShareAlike 4.0,3.0,22:00,https://www.xeno-canto.org/608157,gadwal/XC608157.ogg
gadwal,[],"['call', 'nocturnal flight call', 'whistle call']",48.7538,1.9628,Mareca strepera,Gadwall,Stanislas Wroza,Creative Commons Attribution-NonCommercial-ShareAlike 4.0,3.0,22:00,https://www.xeno-canto.org/608158,gadwal/XC608158.ogg
gadwal,[],"['call', 'nocturnal flight call', 'whistle call']",48.7538,1.9628,Mareca strepera,Gadwall,Stanislas Wroza,Creative Commons Attribution-NonCommercial-ShareAlike 4.0,3.0,22:00,https://www.xeno-canto.org/608160,gadwal/XC608160.ogg
gadwal,[],"['call', 'nocturnal flight call']",48.7538,1.9628,Mareca strepera,Gadwall,Stanislas Wroza,Creative Commons Attribution-NonCommercial-ShareAlike 4.0,4.0,22:00,https://www.xeno-canto.org/608162,gadwal/XC608162.ogg
gadwal,[],['nocturnal flight call'],53.5342,8.6032,Mareca strepera,Gadwall,Franck Hollander,Creative Commons Attribution-NonCommercial-ShareAlike 4.0,3.0,01:30,https://www.xeno-canto.org/608739,gadwal/XC608739.ogg
gadwal,[],"['adult', 'call', 'male']",47.6792,-122.2477,Mareca strepera,Gadwall,Whitney Neufeld-Kaiser,Creative Commons Attribution-NonCommercial-ShareAlike 4.0,5.0,08:30,https://www.xeno-canto.org/608836,gadwal/XC608836.ogg
gadwal,[],"['call', 'life stage uncertain', 'sex uncertain']",51.4996,17.1059,Mareca strepera,Gadwall,Grzegorz Lorek,Creative Commons Attribution-NonCommercial-ShareAlike 4.0,4.0,16:40,https://www.xeno-canto.org/611885,gadwal/XC611885.ogg
gadwal,[],"['adult', 'call', 'female', 'male']",52.0107,4.9161,Mareca strepera,Gadwall,Albert Noorlander,Creative Commons Attribution-NonCommercial-ShareAlike 4.0,5.0,10:30,https://www.xeno-canto.org/615104,gadwal/XC615104.ogg
gadwal,[],"['adult', 'call', 'female', 'male']",52.0126,4.93,Mareca strepera,Gadwall,Albert Noorlander,Creative Commons Attribution-NonCommercial-ShareAlike 4.0,5.0,08:40,https://www.xeno-canto.org/615261,gadwal/XC615261.ogg
gadwal,[],['flight call'],46.3725,0.8185,Mareca strepera,Gadwall,Stanislas Wroza,Creative Commons Attribution-NonCommercial-ShareAlike 4.0,4.0,09:00,https://www.xeno-canto.org/615987,gadwal/XC615987.ogg
gadwal,[],['flight call'],46.3725,0.8185,Mareca strepera,Gadwall,Stanislas Wroza,Creative Commons Attribution-NonCommercial-ShareAlike 4.0,4.0,09:00,https://www.xeno-canto.org/615989,gadwal/XC615989.ogg
gadwal,[],['flight call'],46.3725,0.8185,Mareca strepera,Gadwall,Stanislas Wroza,Creative Commons Attribution-NonCommercial-ShareAlike 4.0,4.0,09:00,https://www.xeno-canto.org/615991,gadwal/XC615991.ogg
gadwal,[],['flight call'],46.3725,0.8185,Mareca strepera,Gadwall,Stanislas Wroza,Creative Commons Attribution-NonCommercial-ShareAlike 4.0,5.0,09:00,https://www.xeno-canto.org/615993,gadwal/XC615993.ogg
gadwal,[],['call'],52.0103,4.9184,Mareca strepera,Gadwall,Albert Noorlander,Creative Commons Attribution-NonCommercial-ShareAlike 4.0,5.0,09:15,https://www.xeno-canto.org/616814,gadwal/XC616814.ogg
gadwal,[],"['adult', 'call', 'male']",19.2743,-99.0566,Mareca strepera,Gadwall,Isain Contreras Rodríguez,Creative Commons Attribution-NonCommercial-ShareAlike 4.0,4.0,07:00,https://www.xeno-canto.org/617989,gadwal/XC617989.ogg
gadwal,[],['adult'],50.7132,2.9023,Mareca strepera,Gadwall,WINDELS Martin,Creative Commons Attribution-NonCommercial-ShareAlike 4.0,2.0,10:00,https://www.xeno-canto.org/619390,gadwal/XC619390.ogg
gadwal,[],"['call', 'flight call', 'nocturnal flight call']",53.9299,-2.9833,Mareca strepera,Gadwall,Chris Batty,Creative Commons Attribution-NonCommercial-ShareAlike 4.0,3.0,00:12,https://www.xeno-canto.org/621746,gadwal/XC621746.ogg
gadwal,[],"['call', 'female']",32.8814,-116.4632,Mareca strepera,Gadwall,Paul Marvin,Creative Commons Attribution-NonCommercial-ShareAlike 4.0,4.0,12:10,https://www.xeno-canto.org/622760,gadwal/XC622760.ogg
gadwal,[],"['adult', 'call', 'sex uncertain']",31.34,-109.273,Mareca strepera,Gadwall,Richard E. Webster,Creative Commons Attribution-NonCommercial-ShareAlike 4.0,4.0,13:28,https://www.xeno-canto.org/623628,gadwal/XC623628.ogg
gadwal,['amewig'],"['adult', 'call', 'sex uncertain']",31.34,-109.273,Mareca strepera,Gadwall,Richard E. Webster,Creative Commons Attribution-NonCommercial-ShareAlike 4.0,3.5,07:33,https://www.xeno-canto.org/623629,gadwal/XC623629.ogg
gadwal,[],"['call', 'life stage uncertain', 'sex uncertain']",47.6375,21.077,Mareca strepera,Gadwall,András Schmidt,Creative Commons Attribution-NonCommercial-ShareAlike 4.0,2.5,16:26,https://www.xeno-canto.org/625063,gadwal/XC625063.ogg
gadwal,['eurwig'],['call'],52.4099,-1.4177,Mareca strepera,Gadwall,Nikolay Sariev,Creative Commons Attribution-NonCommercial-ShareAlike 4.0,3.5,17:29,https://www.xeno-canto.org/625711,gadwal/XC625711.ogg
gadwal,[],"['call', 'female', 'flight call', 'male', 'nocturnal flight call']",53.1101,-0.4035,Mareca strepera,Gadwall,James P,Creative Commons Attribution-NonCommercial-ShareAlike 4.0,3.0,23:49,https://www.xeno-canto.org/626717,gadwal/XC626717.ogg
gadwal,[],['call'],51.8585,-8.2699,Mareca strepera,Gadwall,Irish Wildlife Sounds,Creative Commons Attribution-NonCommercial-ShareAlike 4.0,2.0,09:00,https://www.xeno-canto.org/626976,gadwal/XC626976.ogg
gadwal,[],['nocturnal flight call'],53.2415,-1.9088,Mareca strepera,Gadwall,Rowan Wakefield,Creative Commons Attribution-NonCommercial-ShareAlike 4.0,3.0,22:25,https://www.xeno-canto.org/627674,gadwal/XC627674.ogg
gadwal,[],"['adult', 'sex uncertain']",34.2794,-119.2933,Mareca strepera,Gadwall,Ron Overholtz,Creative Commons Attribution-NonCommercial-ShareAlike 4.0,3.0,08:30,https://www.xeno-canto.org/627827,gadwal/XC627827.ogg
gadwal,[],['nocturnal flight call'],42.009,2.0278,Mareca strepera,Gadwall,Albert Subirà,Creative Commons Attribution-NonCommercial-ShareAlike 4.0,4.0,00:21,https://www.xeno-canto.org/628237,gadwal/XC628237.ogg
gadwal,[],['flight call'],37.2365,-7.4336,Mareca strepera,Gadwall,Nelson Conceição,Creative Commons Attribution-NonCommercial-ShareAlike 4.0,4.0,06:07,https://www.xeno-canto.org/628399,gadwal/XC628399.ogg
gadwal,[],['flight call'],37.2365,-7.4336,Mareca strepera,Gadwall,Nelson Conceição,Creative Commons Attribution-NonCommercial-ShareAlike 4.0,4.0,06:15,https://www.xeno-canto.org/628401,gadwal/XC628401.ogg
gadwal,[],['nocturnal flight call'],39.918,65.1588,Mareca strepera,Gadwall,Martin Grienenberger,Creative Commons Attribution-NonCommercial-ShareAlike 4.0,2.0,00:05,https://www.xeno-canto.org/629193,gadwal/XC629193.ogg
gadwal,['gnwtea'],['call'],50.7937,4.6408,Mareca strepera,Gadwall,Frederik Fluyt,Creative Commons Attribution-NonCommercial-ShareAlike 4.0,4.5,09:30,https://www.xeno-canto.org/630557,gadwal/XC630557.ogg
gadwal,[],"['life stage uncertain', 'nocturnal flight call', 'sex uncertain']",41.2243,1.7254,Mareca strepera,Gadwall,Sergi,Creative Commons Attribution-NonCommercial-ShareAlike 4.0,4.0,03:16,https://www.xeno-canto.org/631388,gadwal/XC631388.ogg
gadwal,[],"['call', 'flight call', 'sex uncertain']",48.7209,2.1968,Mareca strepera,Gadwall,Cédric JOUVE,Creative Commons Attribution-NonCommercial-ShareAlike 4.0,3.0,07:30,https://www.xeno-canto.org/635503,gadwal/XC635503.ogg
gadwal,[],"['call', 'flight call']",50.6359,3.17,Mareca strepera,Gadwall,Adrien Mauss,Creative Commons Attribution-NonCommercial-ShareAlike 4.0,4.5,06:27,https://www.xeno-canto.org/635703,gadwal/XC635703.ogg
gadwal,[],['call'],50.4876,3.0646,Mareca strepera,Gadwall,Adrien Mauss,Creative Commons Attribution-NonCommercial-ShareAlike 4.0,4.5,20:19,https://www.xeno-canto.org/635747,gadwal/XC635747.ogg
gadwal,[],"['adult', 'male', 'song']",50.6374,3.1693,Mareca strepera,Gadwall,Florian Kubala,Creative Commons Attribution-NonCommercial-ShareAlike 4.0,4.0,12:30,https://www.xeno-canto.org/636067,gadwal/XC636067.ogg
gadwal,[],['nocturnal flight call'],51.8857,-8.9977,Mareca strepera,Gadwall,Irish Wildlife Sounds,Creative Commons Attribution-NonCommercial-ShareAlike 4.0,3.0,3:00,https://www.xeno-canto.org/636101,gadwal/XC636101.ogg
gadwal,[],"['life stage uncertain', 'nocturnal flight call', 'sex uncertain']",41.2243,1.7254,Mareca strepera,Gadwall,Sergi,Creative Commons Attribution-NonCommercial-ShareAlike 4.0,4.0,22:19,https://www.xeno-canto.org/636463,gadwal/XC636463.ogg
gadwal,[],['nocturnal flight call'],43.5352,-1.4475,Mareca strepera,Gadwall,Frédéric Cazaban,Creative Commons Attribution-NonCommercial-ShareAlike 4.0,5.0,21:21,https://www.xeno-canto.org/636567,gadwal/XC636567.ogg
gadwal,[],"['female', 'male', 'nocturnal flight call']",54.2386,-0.4196,Mareca strepera,Gadwall,Dan Lombard,Creative Commons Attribution-NonCommercial-ShareAlike 4.0,3.0,01:30,https://www.xeno-canto.org/636740,gadwal/XC636740.ogg
gadwal,[],['nocturnal flight call'],54.2386,-0.4196,Mareca strepera,Gadwall,Dan Lombard,Creative Commons Attribution-NonCommercial-ShareAlike 4.0,3.0,00:30,https://www.xeno-canto.org/636741,gadwal/XC636741.ogg
gadwal,[],['nocturnal flight call'],51.899,-8.4948,Mareca strepera,Gadwall,Mr Mark Shorten,Creative Commons Attribution-NonCommercial-ShareAlike 4.0,4.0,23:00,https://www.xeno-canto.org/637273,gadwal/XC637273.ogg
gadwal,[],"['call', 'flight call', 'nocturnal flight call']",54.2081,-0.2889,Mareca strepera,Gadwall,Mark Pearson,Creative Commons Attribution-NonCommercial-ShareAlike 4.0,4.0,02:20,https://www.xeno-canto.org/640902,gadwal/XC640902.ogg
gadwal,[],"['adult', 'nocturnal flight call', 'sex uncertain']",52.0638,-0.3155,Mareca strepera,Gadwall,Paul Donald,Creative Commons Attribution-NonCommercial-ShareAlike 4.0,4.0,23:00,https://www.xeno-canto.org/642262,gadwal/XC642262.ogg
gadwal,[],"['call', 'female', 'male']",39.1472,-7.6783,Mareca strepera,Gadwall,Paulo Alves,Creative Commons Attribution-NonCommercial-ShareAlike 4.0,3.5,18:30,https://www.xeno-canto.org/645390,gadwal/XC645390.ogg
gadwal,[],"['call', 'female', 'male']",60.134,25.0301,Mareca strepera,Gadwall,Juha Saari,Creative Commons Attribution-NonCommercial-ShareAlike 4.0,5.0,22:56,https://www.xeno-canto.org/645578,gadwal/XC645578.ogg
gadwal,[],"['adult', 'flight call', 'sex uncertain']",52.4582,9.2811,Mareca strepera,Gadwall,Markus Jacobs,Creative Commons Attribution-NonCommercial-ShareAlike 4.0,5.0,19:23,https://www.xeno-canto.org/645830,gadwal/XC645830.ogg
gadwal,[],"['flight call', 'nocturnal flight call']",43.3448,-1.8045,Mareca strepera,Gadwall,David Santamaría Urbano,Creative Commons Attribution-NonCommercial-ShareAlike 4.0,5.0,23:30,https://www.xeno-canto.org/647106,gadwal/XC647106.ogg
gadwal,[],"['flight call', 'nocturnal flight call']",43.3448,-1.8045,Mareca strepera,Gadwall,David Santamaría Urbano,Creative Commons Attribution-NonCommercial-ShareAlike 4.0,5.0,23:30,https://www.xeno-canto.org/647108,gadwal/XC647108.ogg
gadwal,[],"['Bird making sound while flying over', 'adult', 'song']",52.29,10.224,Mareca strepera,Gadwall,Sven Kransel,Creative Commons Attribution-NonCommercial-ShareAlike 4.0,1.5,06:29,https://www.xeno-canto.org/647898,gadwal/XC647898.ogg
gadwal,[],['flight call'],52.5603,-6.2027,Mareca strepera,Gadwall,Irish Wildlife Sounds,Creative Commons Attribution-NonCommercial-ShareAlike 4.0,5.0,17:00,https://www.xeno-canto.org/648427,gadwal/XC648427.ogg
gadwal,[],['flight call'],52.5603,-6.2027,Mareca strepera,Gadwall,Irish Wildlife Sounds,Creative Commons Attribution-NonCommercial-ShareAlike 4.0,4.0,18:00,https://www.xeno-canto.org/648471,gadwal/XC648471.ogg
gadwal,[],['nocturnal flight call'],50.7542,4.5672,Mareca strepera,Gadwall,Frederik Fluyt,Creative Commons Attribution-NonCommercial-ShareAlike 4.0,4.0,01:00,https://www.xeno-canto.org/651224,gadwal/XC651224.ogg
gadwal,[],['flight call'],58.3247,26.7533,Mareca strepera,Gadwall,Uku Paal,Creative Commons Attribution-NonCommercial-ShareAlike 4.0,3.5,07:00,https://www.xeno-canto.org/651226,gadwal/XC651226.ogg
gadwal,[],['flight call'],58.333,26.8183,Mareca strepera,Gadwall,Uku Paal,Creative Commons Attribution-NonCommercial-ShareAlike 4.0,4.5,07:00,https://www.xeno-canto.org/651261,gadwal/XC651261.ogg
gadwal,[],"['duet', 'female', 'male', 'song']",58.7642,23.4461,Mareca strepera,Gadwall,Uku Paal,Creative Commons Attribution-NonCommercial-ShareAlike 4.0,4.5,10:30,https://www.xeno-canto.org/651264,gadwal/XC651264.ogg
gadwal,[],"['duet', 'female', 'male', 'song']",58.7642,23.4461,Mareca strepera,Gadwall,Uku Paal,Creative Commons Attribution-NonCommercial-ShareAlike 4.0,4.5,10:30,https://www.xeno-canto.org/651266,gadwal/XC651266.ogg
gadwal,[],"['call', 'male']",50.4641,3.6819,Mareca strepera,Gadwall,Bernard Collet,Creative Commons Attribution-NonCommercial-ShareAlike 4.0,4.5,09:57,https://www.xeno-canto.org/651967,gadwal/XC651967.ogg
gadwal,[],"['adult', 'call', 'male']",63.4325,19.6575,Mareca strepera,Gadwall,Lars Edenius,Creative Commons Attribution-NonCommercial-ShareAlike 4.0,4.0,07:00,https://www.xeno-canto.org/657940,gadwal/XC657940.ogg
gadwal,[],['call'],63.4325,19.6575,Mareca strepera,Gadwall,Lars Edenius,Creative Commons Attribution-NonCommercial-ShareAlike 4.0,5.0,09:00,https://www.xeno-canto.org/658098,gadwal/XC658098.ogg
gadwal,[],['flight call'],60.1919,25.1777,Mareca strepera,Gadwall,Hannu Varkki,Creative Commons Attribution-NonCommercial-ShareAlike 4.0,3.5,06:15,https://www.xeno-canto.org/660026,gadwal/XC660026.ogg
gadwal,['cangoo'],"['call', 'male']",60.1919,25.1777,Mareca strepera,Gadwall,Hannu Varkki,Creative Commons Attribution-NonCommercial-ShareAlike 4.0,2.5,06:15,https://www.xeno-canto.org/660027,gadwal/XC660027.ogg
gamqua,['normoc'],['call'],31.5009,-110.8448,Callipepla gambelii,Gambel's Quail,Dan Lane,Creative Commons Attribution-NonCommercial-ShareAlike 3.0,3.5,?,https://www.xeno-canto.org/136141,gamqua/XC136141.ogg
gamqua,[],['flight call'],36.0753,-115.0101,Callipepla gambelii,Gambel's Quail,Paul Driver,Creative Commons Attribution-NonCommercial-ShareAlike 3.0,4.0,07:15,https://www.xeno-canto.org/138146,gamqua/XC138146.ogg
gamqua,[],['call'],36.0753,-115.0101,Callipepla gambelii,Gambel's Quail,Paul Driver,Creative Commons Attribution-NonCommercial-ShareAlike 3.0,4.0,07:15,https://www.xeno-canto.org/138147,gamqua/XC138147.ogg
gamqua,[],['call'],36.0753,-115.0101,Callipepla gambelii,Gambel's Quail,Paul Driver,Creative Commons Attribution-NonCommercial-ShareAlike 3.0,4.0,07:15,https://www.xeno-canto.org/138148,gamqua/XC138148.ogg
gamqua,[],"['male', 'song']",36.1012,-115.0251,Callipepla gambelii,Gambel's Quail,Antonio Silveira,Creative Commons Attribution-NonCommercial-ShareAlike 3.0,4.0,09:30,https://www.xeno-canto.org/144281,gamqua/XC144281.ogg
gamqua,['houfin'],"['call', 'song']",31.9163,-109.1281,Callipepla gambelii,Gambel's Quail,Paul Marvin,Creative Commons Attribution-NonCommercial-ShareAlike 3.0,2.5,15:25,https://www.xeno-canto.org/153496,gamqua/XC153496.ogg
gamqua,[],['call'],31.9163,-109.1281,Callipepla gambelii,Gambel's Quail,Paul Marvin,Creative Commons Attribution-NonCommercial-ShareAlike 3.0,3.5,15:36,https://www.xeno-canto.org/153500,gamqua/XC153500.ogg
gamqua,[],['call'],31.9163,-109.1281,Callipepla gambelii,Gambel's Quail,Paul Marvin,Creative Commons Attribution-NonCommercial-ShareAlike 3.0,5.0,15:40,https://www.xeno-canto.org/153501,gamqua/XC153501.ogg
gamqua,[],"['call', 'song']",32.2493,-111.221,Callipepla gambelii,Gambel's Quail,Paul Marvin,Creative Commons Attribution-NonCommercial-ShareAlike 3.0,4.0,12:23,https://www.xeno-canto.org/153504,gamqua/XC153504.ogg
gamqua,[],['call'],31.954,-112.8,Callipepla gambelii,Gambel's Quail,Paul Marvin,Creative Commons Attribution-NonCommercial-ShareAlike 3.0,3.5,08:14,https://www.xeno-canto.org/153505,gamqua/XC153505.ogg
gamqua,[],['call'],33.839,-106.883,Callipepla gambelii,Gambel's Quail,Paul Marvin,Creative Commons Attribution-NonCommercial-ShareAlike 3.0,4.0,16:00,https://www.xeno-canto.org/153506,gamqua/XC153506.ogg
gamqua,[],['call'],28.8624,-112.0252,Callipepla gambelii,Gambel's Quail,Micah Riegner,Creative Commons Attribution-NonCommercial-ShareAlike 3.0,5.0,17:30,https://www.xeno-canto.org/166608,gamqua/XC166608.ogg
gamqua,[],['call'],34.6208,-112.5566,Callipepla gambelii,Gambel's Quail,Micah Riegner,Creative Commons Attribution-NonCommercial-ShareAlike 3.0,4.0,14:30,https://www.xeno-canto.org/169520,gamqua/XC169520.ogg
gamqua,['normoc'],['alarm call'],33.8098,-113.3465,Callipepla gambelii,Gambel's Quail,Lauren Harter,Creative Commons Attribution-NonCommercial-ShareAlike 3.0,3.5,10:00,https://www.xeno-canto.org/170785,gamqua/XC170785.ogg
gamqua,[],['song'],32.2333,-111.0229,Callipepla gambelii,Gambel's Quail,Eric DeFonso,Creative Commons Attribution-NonCommercial-ShareAlike 4.0,4.0,14:47,https://www.xeno-canto.org/173188,gamqua/XC173188.ogg
gamqua,[],['song'],32.2333,-111.0229,Callipepla gambelii,Gambel's Quail,Eric DeFonso,Creative Commons Attribution-NonCommercial-ShareAlike 4.0,3.5,14:47,https://www.xeno-canto.org/173190,gamqua/XC173190.ogg
gamqua,[],['call'],32.2333,-111.0229,Callipepla gambelii,Gambel's Quail,Eric DeFonso,Creative Commons Attribution-NonCommercial-ShareAlike 4.0,5.0,14:52,https://www.xeno-canto.org/173191,gamqua/XC173191.ogg
gamqua,['houfin'],"['alarm call', 'call']",31.912,-109.1426,Callipepla gambelii,Gambel's Quail,Dan Lane,Creative Commons Attribution-NonCommercial-ShareAlike 4.0,2.5,06:00,https://www.xeno-canto.org/196548,gamqua/XC196548.ogg
gamqua,[],['call'],37.3634,-108.952,Callipepla gambelii,Gambel's Quail,Eric DeFonso,Creative Commons Attribution-NonCommercial-ShareAlike 4.0,3.5,08:20,https://www.xeno-canto.org/205867,gamqua/XC205867.ogg
gamqua,[],"['alarm call', 'call', 'male']",36.7898,-114.1088,Callipepla gambelii,Gambel's Quail,Eric Hough,Creative Commons Attribution-NonCommercial-ShareAlike 4.0,4.5,08:00,https://www.xeno-canto.org/283217,gamqua/XC283217.ogg
gamqua,['houfin'],['call'],34.2599,-114.1567,Callipepla gambelii,Gambel's Quail,Lauren Harter,Creative Commons Attribution-NonCommercial-ShareAlike 4.0,0.0,09:50,https://www.xeno-canto.org/289044,gamqua/XC289044.ogg
gamqua,[],"['alarm call', 'female']",34.1287,-114.3332,Callipepla gambelii,Gambel's Quail,Eric Hough,Creative Commons Attribution-NonCommercial-ShareAlike 4.0,1.0,14:30,https://www.xeno-canto.org/289244,gamqua/XC289244.ogg
gamqua,[],['call'],33.3764,-112.7714,Callipepla gambelii,Gambel's Quail,Ross Gallardy,Creative Commons Attribution-NonCommercial-ShareAlike 4.0,4.0,16:30,https://www.xeno-canto.org/297489,gamqua/XC297489.ogg
gamqua,[],['call'],31.4954,-110.8536,Callipepla gambelii,Gambel's Quail,Ross Gallardy,Creative Commons Attribution-NonCommercial-ShareAlike 4.0,5.0,09:30,https://www.xeno-canto.org/297521,gamqua/XC297521.ogg
gamqua,[],['call'],31.9163,-109.1281,Callipepla gambelii,Gambel's Quail,Paul Marvin,Creative Commons Attribution-NonCommercial-ShareAlike 4.0,5.0,12:37,https://www.xeno-canto.org/316329,gamqua/XC316329.ogg
gamqua,['houfin'],"['call', 'song']",31.9163,-109.1281,Callipepla gambelii,Gambel's Quail,Paul Marvin,Creative Commons Attribution-NonCommercial-ShareAlike 4.0,3.5,12:13,https://www.xeno-canto.org/316996,gamqua/XC316996.ogg
gamqua,[],"['call', 'song']",31.9163,-109.1281,Callipepla gambelii,Gambel's Quail,Paul Marvin,Creative Commons Attribution-NonCommercial-ShareAlike 4.0,4.0,16:03,https://www.xeno-canto.org/316997,gamqua/XC316997.ogg
gamqua,['houfin'],"['call', 'song']",31.9163,-109.1281,Callipepla gambelii,Gambel's Quail,Paul Marvin,Creative Commons Attribution-NonCommercial-ShareAlike 4.0,4.5,13:02,https://www.xeno-canto.org/317036,gamqua/XC317036.ogg
gamqua,[],['song'],31.9044,-109.1576,Callipepla gambelii,Gambel's Quail,Russ Wigh,Creative Commons Attribution-NonCommercial-ShareAlike 4.0,3.5,08:30,https://www.xeno-canto.org/317058,gamqua/XC317058.ogg
gamqua,[],"['male', 'song']",31.9163,-109.1281,Callipepla gambelii,Gambel's Quail,Paul Marvin,Creative Commons Attribution-NonCommercial-ShareAlike 4.0,3.5,13:05,https://www.xeno-canto.org/317298,gamqua/XC317298.ogg
gamqua,[],['call'],31.9163,-109.1281,Callipepla gambelii,Gambel's Quail,Paul Marvin,Creative Commons Attribution-NonCommercial-ShareAlike 4.0,4.0,16:14,https://www.xeno-canto.org/321604,gamqua/XC321604.ogg
gamqua,[],['call'],31.9163,-109.1281,Callipepla gambelii,Gambel's Quail,Paul Marvin,Creative Commons Attribution-NonCommercial-ShareAlike 4.0,4.0,11:39,https://www.xeno-canto.org/321971,gamqua/XC321971.ogg
gamqua,[],['call'],31.9163,-109.1281,Callipepla gambelii,Gambel's Quail,Paul Marvin,Creative Commons Attribution-NonCommercial-ShareAlike 4.0,3.5,11:42,https://www.xeno-canto.org/321975,gamqua/XC321975.ogg
gamqua,[],"['call', 'male']",31.9163,-109.1281,Callipepla gambelii,Gambel's Quail,Paul Marvin,Creative Commons Attribution-NonCommercial-ShareAlike 4.0,3.5,11:52,https://www.xeno-canto.org/321983,gamqua/XC321983.ogg
gamqua,[],['call'],31.9163,-109.1281,Callipepla gambelii,Gambel's Quail,Paul Marvin,Creative Commons Attribution-NonCommercial-ShareAlike 4.0,3.5,15:44,https://www.xeno-canto.org/321987,gamqua/XC321987.ogg
gamqua,[],['advertising call'],31.906,-109.1543,Callipepla gambelii,Gambel's Quail,Richard E. Webster,Creative Commons Attribution-NonCommercial-ShareAlike 4.0,4.5,04:50,https://www.xeno-canto.org/322455,gamqua/XC322455.ogg
gamqua,"['gamqua', 'normoc']",['agitated calls'],31.84,-109.025,Callipepla gambelii,Gambel's Quail,Richard E. Webster,Creative Commons Attribution-NonCommercial-ShareAlike 4.0,4.5,07:09,https://www.xeno-canto.org/322457,gamqua/XC322457.ogg
gamqua,['moudov'],"['call', 'interaction calls', 'song']",31.84,-109.025,Callipepla gambelii,Gambel's Quail,Richard E. Webster,Creative Commons Attribution-NonCommercial-ShareAlike 4.0,3.5,06:43,https://www.xeno-canto.org/322459,gamqua/XC322459.ogg
gamqua,['normoc'],['pair interaction calls'],31.34,-109.273,Callipepla gambelii,Gambel's Quail,Richard E. Webster,Creative Commons Attribution-NonCommercial-ShareAlike 4.0,4.5,07:35,https://www.xeno-canto.org/322460,gamqua/XC322460.ogg
gamqua,['normoc'],"['advertising call', 'call', 'song']",31.34,-109.273,Callipepla gambelii,Gambel's Quail,Richard E. Webster,Creative Commons Attribution-NonCommercial-ShareAlike 4.0,3.5,07:24,https://www.xeno-canto.org/322464,gamqua/XC322464.ogg
gamqua,"['houfin', 'norcar']",['soft calls'],31.906,-109.1543,Callipepla gambelii,Gambel's Quail,Richard E. Webster,Creative Commons Attribution-NonCommercial-ShareAlike 4.0,3.5,07:51,https://www.xeno-canto.org/322465,gamqua/XC322465.ogg
gamqua,['normoc'],"['call', 'song']",32.9694,-115.5552,Callipepla gambelii,Gambel's Quail,Thomas G. Graves,Creative Commons Attribution-NonCommercial-ShareAlike 4.0,3.5,7:40,https://www.xeno-canto.org/357823,gamqua/XC357823.ogg
gamqua,['normoc'],"['call', 'song']",32.9694,-115.5552,Callipepla gambelii,Gambel's Quail,Thomas G. Graves,Creative Commons Attribution-NonCommercial-ShareAlike 4.0,2.5,8:01,https://www.xeno-canto.org/357940,gamqua/XC357940.ogg
gamqua,[],"['call', 'song']",33.177,-115.6156,Callipepla gambelii,Gambel's Quail,Thomas G. Graves,Creative Commons Attribution-NonCommercial-ShareAlike 4.0,2.5,13:44,https://www.xeno-canto.org/357964,gamqua/XC357964.ogg
gamqua,[],['call'],33.1766,-115.6231,Callipepla gambelii,Gambel's Quail,Thomas G. Graves,Creative Commons Attribution-NonCommercial-ShareAlike 4.0,3.5,13:53,https://www.xeno-canto.org/357979,gamqua/XC357979.ogg
gamqua,[],"['call', 'song']",33.1766,-115.6231,Callipepla gambelii,Gambel's Quail,Thomas G. Graves,Creative Commons Attribution-NonCommercial-ShareAlike 4.0,4.0,14:01,https://www.xeno-canto.org/357983,gamqua/XC357983.ogg
gamqua,[],['song'],31.735,-110.0638,Callipepla gambelii,Gambel's Quail,fernando mondaca fernandez,Creative Commons Attribution-NonCommercial-ShareAlike 4.0,3.0,07:00,https://www.xeno-canto.org/384011,gamqua/XC384011.ogg
gamqua,[],['song'],31.9211,-109.128,Callipepla gambelii,Gambel's Quail,Antonio Xeira,Creative Commons Attribution-NonCommercial-ShareAlike 4.0,3.0,10:00,https://www.xeno-canto.org/392967,gamqua/XC392967.ogg
gamqua,[],['call'],31.9211,-109.128,Callipepla gambelii,Gambel's Quail,Antonio Xeira,Creative Commons Attribution-NonCommercial-ShareAlike 4.0,5.0,10:00,https://www.xeno-canto.org/392969,gamqua/XC392969.ogg
gamqua,"['houfin', 'norcar']",['call'],31.5392,-110.7605,Callipepla gambelii,Gambel's Quail,Brian Henderson,Creative Commons Attribution-NonCommercial-ShareAlike 4.0,4.5,15:20,https://www.xeno-canto.org/403279,gamqua/XC403279.ogg
gamqua,[],['call'],31.9211,-109.128,Callipepla gambelii,Gambel's Quail,Thomas Magarian,Creative Commons Attribution-NonCommercial-ShareAlike 4.0,0.0,10:30,https://www.xeno-canto.org/413174,gamqua/XC413174.ogg
gamqua,[],['call'],36.4715,-116.3546,Callipepla gambelii,Gambel's Quail,Bobby Wilcox,Creative Commons Attribution-NonCommercial-ShareAlike 4.0,3.0,05:30,https://www.xeno-canto.org/420460,gamqua/XC420460.ogg
gamqua,[],['call'],33.3607,-111.7343,Callipepla gambelii,Gambel's Quail,Paul Marvin,Creative Commons Attribution-NonCommercial-ShareAlike 4.0,3.5,12:08,https://www.xeno-canto.org/452510,gamqua/XC452510.ogg
gamqua,[],"['call', 'flight call']",36.1012,-115.0251,Callipepla gambelii,Gambel's Quail,Paul Marvin,Creative Commons Attribution-NonCommercial-ShareAlike 4.0,4.0,13:06,https://www.xeno-canto.org/452518,gamqua/XC452518.ogg
gamqua,[],['song'],31.4988,-110.8447,Callipepla gambelii,Gambel's Quail,Paul Marvin,Creative Commons Attribution-NonCommercial-ShareAlike 4.0,4.0,14:02,https://www.xeno-canto.org/456472,gamqua/XC456472.ogg
gamqua,['houspa'],['call'],33.177,-115.6156,Callipepla gambelii,Gambel's Quail,Paul Marvin,Creative Commons Attribution-NonCommercial-ShareAlike 4.0,3.5,08:46,https://www.xeno-canto.org/459349,gamqua/XC459349.ogg
gamqua,[],"['call', 'male']",33.6936,-111.7965,Callipepla gambelii,Gambel's Quail,Barry Edmonston,Creative Commons Attribution-NonCommercial-ShareAlike 4.0,5.0,09:30,https://www.xeno-canto.org/469503,gamqua/XC469503.ogg
gamqua,[],['call'],34.1723,-116.5288,Callipepla gambelii,Gambel's Quail,Rolf A. de By,Creative Commons Attribution-NonCommercial-ShareAlike 4.0,5.0,9:30,https://www.xeno-canto.org/469879,gamqua/XC469879.ogg
gamqua,[],['call'],34.1723,-116.5288,Callipepla gambelii,Gambel's Quail,Rolf A. de By,Creative Commons Attribution-NonCommercial-ShareAlike 4.0,5.0,9:35,https://www.xeno-canto.org/469880,gamqua/XC469880.ogg
gamqua,[],"['male', 'song']",36.7152,-114.7146,Callipepla gambelii,Gambel's Quail,Bobby Wilcox,Creative Commons Attribution-NonCommercial-ShareAlike 4.0,5.0,10:30,https://www.xeno-canto.org/475179,gamqua/XC475179.ogg
gamqua,[],"['male', 'song']",36.7152,-114.7146,Callipepla gambelii,Gambel's Quail,Bobby Wilcox,Creative Commons Attribution-NonCommercial-ShareAlike 4.0,5.0,07:30,https://www.xeno-canto.org/475180,gamqua/XC475180.ogg
gamqua,[],"['alarm call', 'call', 'female', 'male']",36.7152,-114.7146,Callipepla gambelii,Gambel's Quail,Bobby Wilcox,Creative Commons Attribution-NonCommercial-ShareAlike 4.0,5.0,08:30,https://www.xeno-canto.org/475181,gamqua/XC475181.ogg
gamqua,[],"['call', 'female', 'male']",36.4005,-116.3182,Callipepla gambelii,Gambel's Quail,Bobby Wilcox,Creative Commons Attribution-NonCommercial-ShareAlike 4.0,3.0,06:30,https://www.xeno-canto.org/475330,gamqua/XC475330.ogg
gamqua,[],['call'],34.2641,-114.0395,Callipepla gambelii,Gambel's Quail,Eric Hough,Creative Commons Attribution-NonCommercial-ShareAlike 4.0,4.0,15:14,https://www.xeno-canto.org/475877,gamqua/XC475877.ogg
gamqua,[],"['call', 'song']",33.2382,-111.7679,Callipepla gambelii,Gambel's Quail,Phoenix Birder,Creative Commons Attribution-NonCommercial-ShareAlike 4.0,4.0,17:00,https://www.xeno-canto.org/487941,gamqua/XC487941.ogg
gamqua,[],['call'],33.3339,-110.7704,Callipepla gambelii,Gambel's Quail,Phoenix Birder,Creative Commons Attribution-NonCommercial-ShareAlike 4.0,4.0,05:00,https://www.xeno-canto.org/488674,gamqua/XC488674.ogg
gamqua,[],['call'],33.177,-115.6156,Callipepla gambelii,Gambel's Quail,Paul Marvin,Creative Commons Attribution-NonCommercial-ShareAlike 4.0,5.0,08:02,https://www.xeno-canto.org/492607,gamqua/XC492607.ogg
gamqua,[],['call'],33.177,-115.6156,Callipepla gambelii,Gambel's Quail,Paul Marvin,Creative Commons Attribution-NonCommercial-ShareAlike 4.0,4.0,07:57,https://www.xeno-canto.org/492609,gamqua/XC492609.ogg
gamqua,[],"['Wing beats', 'call', 'flight call', 'song']",32.7378,-112.2308,Callipepla gambelii,Gambel's Quail,Phoenix Birder,Creative Commons Attribution-NonCommercial-ShareAlike 4.0,5.0,07:48,https://www.xeno-canto.org/497314,gamqua/XC497314.ogg
gamqua,[],['song'],31.4312,-110.2366,Callipepla gambelii,Gambel's Quail,Jarrod Swackhamer,Creative Commons Attribution-NonCommercial-ShareAlike 4.0,0.0,08:00,https://www.xeno-canto.org/522392,gamqua/XC522392.ogg
gamqua,[],['alarm call'],31.4312,-110.2366,Callipepla gambelii,Gambel's Quail,Jarrod Swackhamer,Creative Commons Attribution-NonCommercial-ShareAlike 4.0,0.0,08:00,https://www.xeno-canto.org/522393,gamqua/XC522393.ogg
gamqua,[],"['male', 'song']",33.6882,-114.5257,Callipepla gambelii,Gambel's Quail,Carlos Gonzalez,Creative Commons Attribution-NonCommercial-ShareAlike 4.0,1.0,09:00,https://www.xeno-canto.org/540318,gamqua/XC540318.ogg
gamqua,[],['song'],33.6753,-114.5352,Callipepla gambelii,Gambel's Quail,Jarrod Swackhamer,Creative Commons Attribution-NonCommercial-ShareAlike 4.0,0.0,07:00,https://www.xeno-canto.org/540563,gamqua/XC540563.ogg
gamqua,[],['song'],36.0753,-115.0101,Callipepla gambelii,Gambel's Quail,Mike Nelson,Creative Commons Attribution-NonCommercial-ShareAlike 3.0,4.0,10:15am,https://www.xeno-canto.org/54720,gamqua/XC54720.ogg
gamqua,['moudov'],['song'],36.0753,-115.0101,Callipepla gambelii,Gambel's Quail,Mike Nelson,Creative Commons Attribution-NonCommercial-ShareAlike 3.0,3.5,10:15am,https://www.xeno-canto.org/54721,gamqua/XC54721.ogg
gamqua,[],"['adult', 'male', 'song']",33.308,-114.6632,Callipepla gambelii,Gambel's Quail,Bobby Wilcox,Creative Commons Attribution-NonCommercial-ShareAlike 4.0,5.0,08:00,https://www.xeno-canto.org/548856,gamqua/XC548856.ogg
gamqua,[],"['adult', 'alarm call', 'male', 'song']",33.308,-114.6632,Callipepla gambelii,Gambel's Quail,Bobby Wilcox,Creative Commons Attribution-NonCommercial-ShareAlike 4.0,5.0,08:00,https://www.xeno-canto.org/548857,gamqua/XC548857.ogg
gamqua,[],"['adult', 'call', 'male', 'song']",33.3779,-114.7037,Callipepla gambelii,Gambel's Quail,Bobby Wilcox,Creative Commons Attribution-NonCommercial-ShareAlike 4.0,4.5,06:00,https://www.xeno-canto.org/555053,gamqua/XC555053.ogg
gamqua,[],"['adult', 'male', 'song']",33.3543,-114.6935,Callipepla gambelii,Gambel's Quail,Bobby Wilcox,Creative Commons Attribution-NonCommercial-ShareAlike 4.0,4.0,06:30,https://www.xeno-canto.org/565518,gamqua/XC565518.ogg
gamqua,[],['call'],31.9044,-109.1576,Callipepla gambelii,Gambel's Quail,Russ Wigh,Creative Commons Attribution-NonCommercial-ShareAlike 4.0,5.0,21:30,https://www.xeno-canto.org/571383,gamqua/XC571383.ogg
gamqua,[],['call'],31.9044,-109.1576,Callipepla gambelii,Gambel's Quail,Russ Wigh,Creative Commons Attribution-NonCommercial-ShareAlike 4.0,5.0,06:30,https://www.xeno-canto.org/571385,gamqua/XC571385.ogg
gamqua,[],"['adult', 'call', 'male']",32.2603,-106.8258,Callipepla gambelii,Gambel's Quail,Sue Riffe,Creative Commons Attribution-NonCommercial-ShareAlike 4.0,4.0,7:32,https://www.xeno-canto.org/577772,gamqua/XC577772.ogg
gamqua,[],"['adult', 'call', 'sex uncertain']",32.3193,-110.8903,Callipepla gambelii,Gambel's Quail,Scott Crabtree,Creative Commons Attribution-NonCommercial-ShareAlike 4.0,4.0,07:00,https://www.xeno-canto.org/589950,gamqua/XC589950.ogg
gamqua,['moudov'],"['adult', 'call', 'male']",32.099,-113.2866,Callipepla gambelii,Gambel's Quail,Richard E. Webster,Creative Commons Attribution-NonCommercial-ShareAlike 4.0,4.5,06:18,https://www.xeno-canto.org/610535,gamqua/XC610535.ogg
gamqua,[],"['adult', 'call', 'male', 'sex uncertain']",31.906,-109.1543,Callipepla gambelii,Gambel's Quail,Richard E. Webster,Creative Commons Attribution-NonCommercial-ShareAlike 4.0,4.5,05:58,https://www.xeno-canto.org/610537,gamqua/XC610537.ogg
gamqua,['norcar'],"['adult', 'call', 'male', 'sex uncertain', 'song']",31.906,-109.1543,Callipepla gambelii,Gambel's Quail,Richard E. Webster,Creative Commons Attribution-NonCommercial-ShareAlike 4.0,3.5,05:04,https://www.xeno-canto.org/610539,gamqua/XC610539.ogg
gamqua,"['moudov', 'wiltur']","['adult', 'call', 'sex uncertain', 'song']",31.906,-109.1543,Callipepla gambelii,Gambel's Quail,Richard E. Webster,Creative Commons Attribution-NonCommercial-ShareAlike 4.0,3.5,19:35,https://www.xeno-canto.org/610542,gamqua/XC610542.ogg
gamqua,[],"['adult', 'call', 'sex uncertain', 'song']",32.084,-109.051,Callipepla gambelii,Gambel's Quail,Richard E. Webster,Creative Commons Attribution-NonCommercial-ShareAlike 4.0,3.5,08:58,https://www.xeno-canto.org/610547,gamqua/XC610547.ogg
gamqua,"['moudov', 'norcar']","['adult', 'male', 'song']",32.3203,-110.8934,Callipepla gambelii,Gambel's Quail,Scott Crabtree,Creative Commons Attribution-NonCommercial-ShareAlike 4.0,3.5,08:45,https://www.xeno-canto.org/630321,gamqua/XC630321.ogg
gamqua,[],"['adult', 'call', 'sex uncertain', 'song']",31.906,-109.1543,Callipepla gambelii,Gambel's Quail,Richard E. Webster,Creative Commons Attribution-NonCommercial-ShareAlike 4.0,4.5,07:36,https://www.xeno-canto.org/636280,gamqua/XC636280.ogg
gamqua,[],"['adult', 'call', 'male', 'sex uncertain', 'song']",31.906,-109.1543,Callipepla gambelii,Gambel's Quail,Richard E. Webster,Creative Commons Attribution-NonCommercial-ShareAlike 4.0,3.5,09:33,https://www.xeno-canto.org/636281,gamqua/XC636281.ogg
gamqua,[],"['adult', 'call', 'male', 'sex uncertain', 'song']",31.84,-109.025,Callipepla gambelii,Gambel's Quail,Richard E. Webster,Creative Commons Attribution-NonCommercial-ShareAlike 4.0,3.5,09:04,https://www.xeno-canto.org/636282,gamqua/XC636282.ogg
gamqua,[],"['adult', 'call', 'life stage uncertain', 'sex uncertain', 'wing sounds as covey flushed']",31.84,-109.025,Callipepla gambelii,Gambel's Quail,Richard E. Webster,Creative Commons Attribution-NonCommercial-ShareAlike 4.0,5.0,07:34,https://www.xeno-canto.org/636283,gamqua/XC636283.ogg
gamqua,[],"['adult', 'call', 'life stage uncertain', 'male', 'sex uncertain', 'song']",31.84,-109.025,Callipepla gambelii,Gambel's Quail,Richard E. Webster,Creative Commons Attribution-NonCommercial-ShareAlike 4.0,3.5,06:55,https://www.xeno-canto.org/636284,gamqua/XC636284.ogg
gamqua,['normoc'],"['adult', 'advertising call', 'male']",31.941,-112.8079,Callipepla gambelii,Gambel's Quail,Richard E. Webster,Creative Commons Attribution-NonCommercial-ShareAlike 4.0,3.5,06:41,https://www.xeno-canto.org/636285,gamqua/XC636285.ogg
gamqua,[],"['adult', 'call', 'interaction calls', 'sex uncertain']",32.099,-113.2866,Callipepla gambelii,Gambel's Quail,Richard E. Webster,Creative Commons Attribution-NonCommercial-ShareAlike 4.0,3.5,08:37,https://www.xeno-canto.org/636286,gamqua/XC636286.ogg
gamqua,"['moudov', 'normoc']","['adult', 'advertising call', 'call', 'male']",32.7901,-108.997,Callipepla gambelii,Gambel's Quail,Richard E. Webster,Creative Commons Attribution-NonCommercial-ShareAlike 4.0,3.5,05:24,https://www.xeno-canto.org/636287,gamqua/XC636287.ogg
gamqua,[],"['adult', 'call', 'life stage uncertain', 'male', 'sex uncertain', 'song']",31.334,-109.084,Callipepla gambelii,Gambel's Quail,Richard E. Webster,Creative Commons Attribution-NonCommercial-ShareAlike 4.0,4.0,06:06,https://www.xeno-canto.org/636288,gamqua/XC636288.ogg
gamqua,[],"['adult', 'conversational calling', 'life stage uncertain', 'sex uncertain']",32.084,-109.051,Callipepla gambelii,Gambel's Quail,Richard E. Webster,Creative Commons Attribution-NonCommercial-ShareAlike 4.0,5.0,07:23,https://www.xeno-canto.org/636289,gamqua/XC636289.ogg
gamqua,"['moudov', 'norcar']","['adult', 'call', 'life stage uncertain', 'male', 'sex uncertain', 'song']",32.5632,-109.7595,Callipepla gambelii,Gambel's Quail,Richard E. Webster,Creative Commons Attribution-NonCommercial-ShareAlike 4.0,3.5,05:39,https://www.xeno-canto.org/636290,gamqua/XC636290.ogg
gamqua,[],"['adult', 'life stage uncertain', 'male', 'sex uncertain', 'song']",32.2679,-109.2027,Callipepla gambelii,Gambel's Quail,Richard E. Webster,Creative Commons Attribution-NonCommercial-ShareAlike 4.0,4.0,10:09,https://www.xeno-canto.org/636295,gamqua/XC636295.ogg
gamqua,"['houfin', 'norcar']","['adult', 'call', 'conversational calling', 'life stage uncertain', 'male', 'sex uncertain', '']",31.591,-109.508,Callipepla gambelii,Gambel's Quail,Richard E. Webster,Creative Commons Attribution-NonCommercial-ShareAlike 4.0,3.5,08:46,https://www.xeno-canto.org/636296,gamqua/XC636296.ogg
gamqua,[],"['adult', 'call', 'life stage uncertain', 'male', 'sex uncertain', 'song']",31.34,-109.273,Callipepla gambelii,Gambel's Quail,Richard E. Webster,Creative Commons Attribution-NonCommercial-ShareAlike 4.0,4.5,05:42,https://www.xeno-canto.org/636297,gamqua/XC636297.ogg
gamqua,[],"['call', 'life stage uncertain', 'sex uncertain']",33.6578,-111.9738,Callipepla gambelii,Gambel's Quail,Keith Corliss,Creative Commons Attribution-NonCommercial-ShareAlike 4.0,4.0,08:00,https://www.xeno-canto.org/661688,gamqua/XC661688.ogg
gamqua,"['moudov', 'rinphe', 'wesmea']","['adult', 'call', 'male']",32.2003,-115.1111,Callipepla gambelii,Gambel's Quail,Richard E. Webster,Creative Commons Attribution-NonCommercial-ShareAlike 4.0,3.5,05:22,https://www.xeno-canto.org/662048,gamqua/XC662048.ogg
gamqua,['moudov'],"['adult', 'call', 'male']",32.2003,-115.1111,Callipepla gambelii,Gambel's Quail,Richard E. Webster,Creative Commons Attribution-NonCommercial-ShareAlike 4.0,3.5,06:36,https://www.xeno-canto.org/662058,gamqua/XC662058.ogg
gamqua,['moudov'],"['adult', 'call', 'male']",32.2003,-115.1111,Callipepla gambelii,Gambel's Quail,Richard E. Webster,Creative Commons Attribution-NonCommercial-ShareAlike 4.0,4.5,05:24,https://www.xeno-canto.org/662059,gamqua/XC662059.ogg
gamqua,['moudov'],"['adult', 'call', 'male']",32.2003,-115.1111,Callipepla gambelii,Gambel's Quail,Richard E. Webster,Creative Commons Attribution-NonCommercial-ShareAlike 4.0,2.5,14:51,https://www.xeno-canto.org/662060,gamqua/XC662060.ogg
glwgul,[],['call'],48.1454,-123.567,Larus glaucescens,Glaucous-winged Gull,Andrew Spencer,Creative Commons Attribution-NonCommercial-ShareAlike 3.0,4.5,10:00,https://www.xeno-canto.org/109750,glwgul/XC109750.ogg
glwgul,[],['call'],48.1409,-123.4413,Larus glaucescens,Glaucous-winged Gull,Andrew Spencer,Creative Commons Attribution-NonCommercial-ShareAlike 3.0,5.0,08:40,https://www.xeno-canto.org/109751,glwgul/XC109751.ogg
glwgul,[],['call'],48.1409,-123.4413,Larus glaucescens,Glaucous-winged Gull,Andrew Spencer,Creative Commons Attribution-NonCommercial-ShareAlike 3.0,5.0,08:40,https://www.xeno-canto.org/109752,glwgul/XC109752.ogg
glwgul,[],['call'],48.1454,-123.567,Larus glaucescens,Glaucous-winged Gull,Andrew Spencer,Creative Commons Attribution-NonCommercial-ShareAlike 3.0,5.0,10:10,https://www.xeno-canto.org/109754,glwgul/XC109754.ogg
glwgul,['glwgul'],"['Copulation call', 'call', 'male']",48.1271,-122.9209,Larus glaucescens,Glaucous-winged Gull,Amanda Sandler,Creative Commons Attribution-NonCommercial-ShareAlike 3.0,3.5,13:11,https://www.xeno-canto.org/131465,glwgul/XC131465.ogg
glwgul,[],['call'],48.459,-123.367,Larus glaucescens,Glaucous-winged Gull,Ian Cruickshank,Creative Commons Attribution-NonCommercial-ShareAlike 3.0,5.0,14:00,https://www.xeno-canto.org/156531,glwgul/XC156531.ogg
glwgul,[],['call'],48.3197,-123.5463,Larus glaucescens,Glaucous-winged Gull,Ian Cruickshank,Creative Commons Attribution-NonCommercial-ShareAlike 3.0,5.0,06:30,https://www.xeno-canto.org/161148,glwgul/XC161148.ogg
glwgul,[],['call'],48.3197,-123.5463,Larus glaucescens,Glaucous-winged Gull,Ian Cruickshank,Creative Commons Attribution-NonCommercial-ShareAlike 3.0,5.0,06:30,https://www.xeno-canto.org/161149,glwgul/XC161149.ogg
glwgul,[],['call'],48.4644,-123.3734,Larus glaucescens,Glaucous-winged Gull,Ian Cruickshank,Creative Commons Attribution-NonCommercial-ShareAlike 3.0,5.0,06:30,https://www.xeno-canto.org/161151,glwgul/XC161151.ogg
glwgul,[],['call'],48.386,-123.5142,Larus glaucescens,Glaucous-winged Gull,Ian Cruickshank,Creative Commons Attribution-NonCommercial-ShareAlike 3.0,5.0,08:30,https://www.xeno-canto.org/161155,glwgul/XC161155.ogg
glwgul,[],['call'],48.4311,-123.3044,Larus glaucescens,Glaucous-winged Gull,Ian Cruickshank,Creative Commons Attribution-NonCommercial-ShareAlike 3.0,5.0,16:00,https://www.xeno-canto.org/161420,glwgul/XC161420.ogg
glwgul,[],['call'],48.4644,-123.3734,Larus glaucescens,Glaucous-winged Gull,Ian Cruickshank,Creative Commons Attribution-NonCommercial-ShareAlike 3.0,5.0,12:00,https://www.xeno-canto.org/161443,glwgul/XC161443.ogg
glwgul,[],"['begging call', 'juvenile']",48.4644,-123.3734,Larus glaucescens,Glaucous-winged Gull,Ian Cruickshank,Creative Commons Attribution-NonCommercial-ShareAlike 3.0,5.0,12:00,https://www.xeno-canto.org/161444,glwgul/XC161444.ogg
glwgul,[],"['begging call', 'juvenile']",48.4122,-123.2992,Larus glaucescens,Glaucous-winged Gull,Ian Cruickshank,Creative Commons Attribution-NonCommercial-ShareAlike 3.0,5.0,13:00,https://www.xeno-canto.org/161889,glwgul/XC161889.ogg
glwgul,[],['call'],32.6185,-117.1029,Larus glaucescens,Glaucous-winged Gull,Paul Marvin,Creative Commons Attribution-NonCommercial-ShareAlike 4.0,3.0,07:05,https://www.xeno-canto.org/362648,glwgul/XC362648.ogg
glwgul,[],['call'],40.5942,-124.2411,Larus glaucescens,Glaucous-winged Gull,Paul Marvin,Creative Commons Attribution-NonCommercial-ShareAlike 4.0,4.0,16:52,https://www.xeno-canto.org/384978,glwgul/XC384978.ogg
glwgul,[],"['begging call', 'call', 'juvenile']",49.2964,-123.1534,Larus glaucescens,Glaucous-winged Gull,Barry Edmonston,Creative Commons Attribution-NonCommercial-ShareAlike 4.0,5.0,08:30,https://www.xeno-canto.org/395998,glwgul/XC395998.ogg
glwgul,[],['call'],48.6611,-123.4114,Larus glaucescens,Glaucous-winged Gull,James Bradley,Creative Commons Attribution-NonCommercial-ShareAlike 4.0,4.0,09:30,https://www.xeno-canto.org/428730,glwgul/XC428730.ogg
glwgul,[],"['alarm call', 'call', 'male']",50.4555,-125.3633,Larus glaucescens,Glaucous-winged Gull,Niels Krabbe,Creative Commons Attribution-NonCommercial-ShareAlike 4.0,5.0,15:00,https://www.xeno-canto.org/433215,glwgul/XC433215.ogg
glwgul,[],['call'],48.4288,-123.394,Larus glaucescens,Glaucous-winged Gull,Niels Krabbe,Creative Commons Attribution-NonCommercial-ShareAlike 4.0,4.0,06:20,https://www.xeno-canto.org/433219,glwgul/XC433219.ogg
glwgul,[],['wing beats'],37.1352,136.7284,Larus glaucescens,Glaucous-winged Gull,Anon Torimi,Creative Commons Attribution-NonCommercial-ShareAlike 4.0,4.0,12:50,https://www.xeno-canto.org/451739,glwgul/XC451739.ogg
glwgul,[],"['call', 'flight call']",47.5306,-122.396,Larus glaucescens,Glaucous-winged Gull,Bruce Lagerquist,Creative Commons Attribution-NonCommercial-ShareAlike 4.0,4.5,08:00,https://www.xeno-canto.org/455178,glwgul/XC455178.ogg
glwgul,[],['call'],50.074,-124.7782,Larus glaucescens,Glaucous-winged Gull,Niels Krabbe,Creative Commons Attribution-NonCommercial-ShareAlike 4.0,4.0,09:30,https://www.xeno-canto.org/494461,glwgul/XC494461.ogg
glwgul,[],"['adult', 'call', 'long calls']",49.2427,-122.9355,Larus glaucescens,Glaucous-winged Gull,Sunny Tseng,Creative Commons Attribution-NonCommercial-ShareAlike 4.0,5.0,09:00,https://www.xeno-canto.org/509709,glwgul/XC509709.ogg
glwgul,[],['call'],49.3032,-123.0044,Larus glaucescens,Glaucous-winged Gull,Sunny Tseng,Creative Commons Attribution-NonCommercial-ShareAlike 4.0,5.0,13:00,https://www.xeno-canto.org/531547,glwgul/XC531547.ogg
glwgul,[],['call'],49.3032,-123.0044,Larus glaucescens,Glaucous-winged Gull,Sunny Tseng,Creative Commons Attribution-NonCommercial-ShareAlike 4.0,5.0,13:00,https://www.xeno-canto.org/531550,glwgul/XC531550.ogg
glwgul,[],"['adult', 'alarm call', 'sex uncertain']",45.5997,-122.6067,Larus glaucescens,Glaucous-winged Gull,Duke Tufty,Creative Commons Attribution-NonCommercial-ShareAlike 4.0,3.0,17:00,https://www.xeno-canto.org/540645,glwgul/XC540645.ogg
glwgul,[],"['call', 'long call']",48.1155,-122.7548,Larus glaucescens,Glaucous-winged Gull,Steve Hampton,Creative Commons Attribution-NonCommercial-ShareAlike 4.0,5.0,07:30,https://www.xeno-canto.org/585514,glwgul/XC585514.ogg
glwgul,[],['call'],48.6478,-122.8765,Larus glaucescens,Glaucous-winged Gull,Peter Ward and Ken Hall,Creative Commons Attribution-NonCommercial-ShareAlike 4.0,5.0,07:30,https://www.xeno-canto.org/612331,glwgul/XC612331.ogg
glwgul,[],['call'],49.2662,-123.1834,Larus glaucescens,Glaucous-winged Gull,Thomas Ryder Payne,Creative Commons Attribution-NonCommercial-ShareAlike 4.0,4.0,14:00,https://www.xeno-canto.org/636577,glwgul/XC636577.ogg
gnwtea,[],"['call', 'song', 'wingbeats']",58.3001,13.5334,Anas crecca,Green-winged Teal,Patrik Åberg,Creative Commons Attribution-NonCommercial-ShareAlike 3.0,4.5,13:57,https://www.xeno-canto.org/110332,gnwtea/XC110332.ogg
gnwtea,[],"['female', 'male', 'song']",52.1406,20.9202,Anas crecca,Green-winged Teal,Jarek Matusiak,Creative Commons Attribution-NonCommercial-ShareAlike 3.0,5.0,15:30,https://www.xeno-canto.org/113457,gnwtea/XC113457.ogg
gnwtea,[],"['alarm call', 'juvenile', 'male']",52.0902,21.12,Anas crecca,Green-winged Teal,Jarek Matusiak,Creative Commons Attribution-NonCommercial-ShareAlike 3.0,4.0,14:00,https://www.xeno-canto.org/113967,gnwtea/XC113967.ogg
gnwtea,[],"['call', 'female', 'male']",39.2518,-75.4527,Anas crecca,Green-winged Teal,Daniel Parker,Creative Commons Attribution-NonCommercial-ShareAlike 3.0,2.0,14:00,https://www.xeno-canto.org/116080,gnwtea/XC116080.ogg
gnwtea,[],"['call', 'male']",54.1352,9.3353,Anas crecca,Green-winged Teal,Volker Arnold,Creative Commons Attribution-NonCommercial-ShareAlike 3.0,4.0,13:23,https://www.xeno-canto.org/124991,gnwtea/XC124991.ogg
gnwtea,[],"['male', 'song']",52.1628,21.0923,Anas crecca,Green-winged Teal,Jarek Matusiak,Creative Commons Attribution-NonCommercial-ShareAlike 3.0,5.0,19:00,https://www.xeno-canto.org/128818,gnwtea/XC128818.ogg
gnwtea,[],['call'],46.3407,6.3687,Anas crecca,Green-winged Teal,Alexandre Renaudier,Creative Commons Attribution-NonCommercial-ShareAlike 3.0,2.0,?,https://www.xeno-canto.org/128954,gnwtea/XC128954.ogg
gnwtea,[],['call'],54.155,9.125,Anas crecca,Green-winged Teal,Volker Arnold,Creative Commons Attribution-NonCommercial-ShareAlike 3.0,3.5,04:10,https://www.xeno-canto.org/131526,gnwtea/XC131526.ogg
gnwtea,[],"['call', 'female', 'male']",54.159,9.122,Anas crecca,Green-winged Teal,Volker Arnold,Creative Commons Attribution-NonCommercial-ShareAlike 3.0,3.5,04:33,https://www.xeno-canto.org/131653,gnwtea/XC131653.ogg
gnwtea,[],"['alarm call', 'female', 'flight call']",56.5311,47.2354,Anas crecca,Green-winged Teal,Albert Lastukhin,Creative Commons Attribution-NonCommercial-ShareAlike 3.0,3.0,16:30,https://www.xeno-canto.org/132039,gnwtea/XC132039.ogg
gnwtea,[],['call'],57.6045,-152.6188,Anas crecca,Green-winged Teal,Andrew Spencer,Creative Commons Attribution-NonCommercial-ShareAlike 3.0,5.0,07:00,https://www.xeno-canto.org/139661,gnwtea/XC139661.ogg
gnwtea,[],"['call', 'male']",41.313,-105.5787,Anas crecca,Green-winged Teal,GABRIEL LEITE,Creative Commons Attribution-NonCommercial-ShareAlike 3.0,3.0,09:00,https://www.xeno-canto.org/139896,gnwtea/XC139896.ogg
gnwtea,[],['call'],43.3874,-0.3335,Anas crecca,Green-winged Teal,Bernard BOUSQUET,Creative Commons Attribution-NonCommercial-ShareAlike 3.0,3.5,18:30,https://www.xeno-canto.org/140459,gnwtea/XC140459.ogg
gnwtea,[],['call'],48.4732,-123.3999,Anas crecca,Green-winged Teal,Ian Cruickshank,Creative Commons Attribution-NonCommercial-ShareAlike 3.0,1.0,18:00,https://www.xeno-canto.org/142831,gnwtea/XC142831.ogg
gnwtea,[],"['call', 'female', 'male']",32.5716,-117.1245,Anas crecca,Green-winged Teal,Paul Marvin,Creative Commons Attribution-NonCommercial-ShareAlike 3.0,5.0,11:30,https://www.xeno-canto.org/143632,gnwtea/XC143632.ogg
gnwtea,[],"['Display calls', 'call', 'female', 'male']",48.5514,2.3725,Anas crecca,Green-winged Teal,julien Rochefort,Creative Commons Attribution-NonCommercial-ShareAlike 3.0,5.0,09:30,https://www.xeno-canto.org/147726,gnwtea/XC147726.ogg
gnwtea,[],['call'],56.7264,-111.3803,Anas crecca,Green-winged Teal,Dugan Maynard,Creative Commons Attribution-NonCommercial-ShareAlike 3.0,3.0,23:00,https://www.xeno-canto.org/152341,gnwtea/XC152341.ogg
gnwtea,[],['call'],58.7098,14.6201,Anas crecca,Green-winged Teal,Patrik Åberg,Creative Commons Attribution-NonCommercial-ShareAlike 3.0,5.0,08:59,https://www.xeno-canto.org/153141,gnwtea/XC153141.ogg
gnwtea,[],['call'],60.8188,11.6889,Anas crecca,Green-winged Teal,Elias A. Ryberg,Creative Commons Attribution-NonCommercial-ShareAlike 3.0,4.5,22:30,https://www.xeno-canto.org/153852,gnwtea/XC153852.ogg
gnwtea,[],['call'],43.578,-0.2969,Anas crecca,Green-winged Teal,Bernard BOUSQUET,Creative Commons Attribution-NonCommercial-ShareAlike 3.0,4.0,11:00,https://www.xeno-canto.org/154468,gnwtea/XC154468.ogg
gnwtea,[],['call'],48.485,-123.362,Anas crecca,Green-winged Teal,Ian Cruickshank,Creative Commons Attribution-NonCommercial-ShareAlike 3.0,0.0,09:30,https://www.xeno-canto.org/161633,gnwtea/XC161633.ogg
gnwtea,['gnwtea'],"['call', 'male']",36.0753,-115.0101,Anas crecca,Green-winged Teal,Paul Driver,Creative Commons Attribution-NonCommercial-ShareAlike 3.0,0.5,07:30,https://www.xeno-canto.org/168807,gnwtea/XC168807.ogg
gnwtea,"['mallar3', 'norsho']",['call'],44.645,-1.0337,Anas crecca,Green-winged Teal,Nicole Bouglouan,Creative Commons Attribution-NonCommercial-ShareAlike 3.0,3.5,10:30,https://www.xeno-canto.org/169591,gnwtea/XC169591.ogg
gnwtea,[],"['call', 'female', 'male']",39.8641,-75.19,Anas crecca,Green-winged Teal,Paul Driver,Creative Commons Attribution-NonCommercial-ShareAlike 4.0,5.0,07:00,https://www.xeno-canto.org/172826,gnwtea/XC172826.ogg
gnwtea,"['bkbplo', 'lobdow']",['call'],28.2267,-80.7645,Anas crecca,Green-winged Teal,Paul Marvin,Creative Commons Attribution-NonCommercial-ShareAlike 4.0,3.5,07:34,https://www.xeno-canto.org/173638,gnwtea/XC173638.ogg
gnwtea,[],['call'],28.2267,-80.7645,Anas crecca,Green-winged Teal,Paul Marvin,Creative Commons Attribution-NonCommercial-ShareAlike 4.0,4.0,07:37,https://www.xeno-canto.org/173639,gnwtea/XC173639.ogg
gnwtea,[],['call'],28.2267,-80.7645,Anas crecca,Green-winged Teal,Paul Marvin,Creative Commons Attribution-NonCommercial-ShareAlike 4.0,4.0,07:43,https://www.xeno-canto.org/173643,gnwtea/XC173643.ogg
gnwtea,[],['call'],28.2267,-80.7645,Anas crecca,Green-winged Teal,Paul Marvin,Creative Commons Attribution-NonCommercial-ShareAlike 4.0,5.0,07:47,https://www.xeno-canto.org/173644,gnwtea/XC173644.ogg
gnwtea,[],['call'],28.2267,-80.7645,Anas crecca,Green-winged Teal,Paul Marvin,Creative Commons Attribution-NonCommercial-ShareAlike 4.0,4.0,08:52,https://www.xeno-canto.org/173646,gnwtea/XC173646.ogg
gnwtea,[],['call'],28.2267,-80.7645,Anas crecca,Green-winged Teal,Paul Marvin,Creative Commons Attribution-NonCommercial-ShareAlike 4.0,3.0,09:18,https://www.xeno-canto.org/173648,gnwtea/XC173648.ogg
gnwtea,[],['flight call'],50.1263,59.0844,Anas crecca,Green-winged Teal,Albert Lastukhin,Creative Commons Attribution-NonCommercial-ShareAlike 4.0,2.5,19:30,https://www.xeno-canto.org/182409,gnwtea/XC182409.ogg
gnwtea,[],"['flight call', 'male']",44.4449,66.2821,Anas crecca,Green-winged Teal,Albert Lastukhin,Creative Commons Attribution-NonCommercial-ShareAlike 4.0,3.0,06:30,https://www.xeno-canto.org/183212,gnwtea/XC183212.ogg
gnwtea,[],"['alarm call', 'female', 'flight call']",56.1056,47.5392,Anas crecca,Green-winged Teal,Albert Lastukhin,Creative Commons Attribution-NonCommercial-ShareAlike 4.0,2.5,09:00,https://www.xeno-canto.org/187090,gnwtea/XC187090.ogg
gnwtea,[],"['alarm call', 'male']",52.2051,19.7828,Anas crecca,Green-winged Teal,Jarek Matusiak,Creative Commons Attribution-NonCommercial-ShareAlike 4.0,5.0,17:00,https://www.xeno-canto.org/190737,gnwtea/XC190737.ogg
gnwtea,[],"['female', 'male', 'song']",52.2051,19.7828,Anas crecca,Green-winged Teal,Jarek Matusiak,Creative Commons Attribution-NonCommercial-ShareAlike 4.0,5.0,17:00,https://www.xeno-canto.org/190740,gnwtea/XC190740.ogg
gnwtea,['norsho'],"['call', 'male']",52.2051,19.7828,Anas crecca,Green-winged Teal,Jarek Matusiak,Creative Commons Attribution-NonCommercial-ShareAlike 4.0,4.5,17:00,https://www.xeno-canto.org/190745,gnwtea/XC190745.ogg
gnwtea,['norsho'],"['call', 'female', 'male', 'song']",52.2051,19.7828,Anas crecca,Green-winged Teal,Jarek Matusiak,Creative Commons Attribution-NonCommercial-ShareAlike 4.0,4.5,17:00,https://www.xeno-canto.org/190750,gnwtea/XC190750.ogg
gnwtea,['norsho'],"['call', 'female', 'song']",52.2051,19.7828,Anas crecca,Green-winged Teal,Jarek Matusiak,Creative Commons Attribution-NonCommercial-ShareAlike 4.0,4.5,17:00,https://www.xeno-canto.org/190751,gnwtea/XC190751.ogg
gnwtea,[],"['call', 'female', 'juvenile']",58.7098,14.6201,Anas crecca,Green-winged Teal,Patrik Åberg,Creative Commons Attribution-NonCommercial-ShareAlike 4.0,5.0,11:48,https://www.xeno-canto.org/197026,gnwtea/XC197026.ogg
gnwtea,[],['flight call'],56.326,47.384,Anas crecca,Green-winged Teal,Albert Lastukhin,Creative Commons Attribution-NonCommercial-ShareAlike 4.0,3.0,08:30,https://www.xeno-canto.org/199476,gnwtea/XC199476.ogg
gnwtea,[],['call'],56.7264,-111.3803,Anas crecca,Green-winged Teal,Luis A Villamil,Creative Commons Attribution-NonCommercial-ShareAlike 4.0,4.0,05:00,https://www.xeno-canto.org/205196,gnwtea/XC205196.ogg
gnwtea,[],['call'],35.0682,135.5662,Anas crecca,Green-winged Teal,Anon Torimi,Creative Commons Attribution-NonCommercial-ShareAlike 4.0,2.5,12:30,https://www.xeno-canto.org/211371,gnwtea/XC211371.ogg
gnwtea,[],['call'],35.0688,135.568,Anas crecca,Green-winged Teal,Anon Torimi,Creative Commons Attribution-NonCommercial-ShareAlike 4.0,3.0,11:00,https://www.xeno-canto.org/211431,gnwtea/XC211431.ogg
gnwtea,[],['call'],40.0439,-105.1856,Anas crecca,Green-winged Teal,Ted Floyd,Creative Commons Attribution-NonCommercial-ShareAlike 4.0,5.0,09:33,https://www.xeno-canto.org/211485,gnwtea/XC211485.ogg
gnwtea,[],['call'],35.3777,136.0372,Anas crecca,Green-winged Teal,Anon Torimi,Creative Commons Attribution-NonCommercial-ShareAlike 4.0,3.0,12:30,https://www.xeno-canto.org/211997,gnwtea/XC211997.ogg
gnwtea,[],['call'],35.4516,136.1944,Anas crecca,Green-winged Teal,Anon Torimi,Creative Commons Attribution-NonCommercial-ShareAlike 4.0,2.5,13:00,https://www.xeno-canto.org/212800,gnwtea/XC212800.ogg
gnwtea,[],['call'],35.4453,136.1898,Anas crecca,Green-winged Teal,Anon Torimi,Creative Commons Attribution-NonCommercial-ShareAlike 4.0,4.0,15:00,https://www.xeno-canto.org/212804,gnwtea/XC212804.ogg
gnwtea,[],['call'],35.0264,135.6884,Anas crecca,Green-winged Teal,Anon Torimi,Creative Commons Attribution-NonCommercial-ShareAlike 4.0,2.5,12:00,https://www.xeno-canto.org/215137,gnwtea/XC215137.ogg
gnwtea,[],['call'],35.4507,136.1967,Anas crecca,Green-winged Teal,Anon Torimi,Creative Commons Attribution-NonCommercial-ShareAlike 4.0,4.0,15:30,https://www.xeno-canto.org/216865,gnwtea/XC216865.ogg
gnwtea,[],['call'],19.2405,-99.4966,Anas crecca,Green-winged Teal,Manuel Grosselet,Creative Commons Attribution-NonCommercial-ShareAlike 4.0,3.0,08:00,https://www.xeno-canto.org/253382,gnwtea/XC253382.ogg
gnwtea,[],['call from the water'],54.8001,10.6667,Anas crecca,Green-winged Teal,Niels Krabbe,Creative Commons Attribution-NonCommercial-ShareAlike 3.0,3.0,xx:xx,https://www.xeno-canto.org/25882,gnwtea/XC25882.ogg
gnwtea,[],"['flight call', 'male']",55.8697,48.0544,Anas crecca,Green-winged Teal,Albert Lastukhin,Creative Commons Attribution-NonCommercial-ShareAlike 4.0,4.0,06:00,https://www.xeno-canto.org/262851,gnwtea/XC262851.ogg
gnwtea,[],['call'],34.0266,-109.4425,Anas crecca,Green-winged Teal,Eric Hough,Creative Commons Attribution-NonCommercial-ShareAlike 4.0,3.5,13:00,https://www.xeno-canto.org/265347,gnwtea/XC265347.ogg
gnwtea,[],"['flight call', 'male']",44.2051,132.4161,Anas crecca,Green-winged Teal,Albert Lastukhin,Creative Commons Attribution-NonCommercial-ShareAlike 4.0,3.0,22:30,https://www.xeno-canto.org/266790,gnwtea/XC266790.ogg
gnwtea,[],"['flight call', 'male']",44.2051,132.4161,Anas crecca,Green-winged Teal,Albert Lastukhin,Creative Commons Attribution-NonCommercial-ShareAlike 4.0,4.0,22:30,https://www.xeno-canto.org/266791,gnwtea/XC266791.ogg
gnwtea,[],"['call', 'male']",42.5275,130.692,Anas crecca,Green-winged Teal,Albert Lastukhin,Creative Commons Attribution-NonCommercial-ShareAlike 4.0,4.0,23:00,https://www.xeno-canto.org/266792,gnwtea/XC266792.ogg
gnwtea,[],"['call', 'male']",42.5275,130.692,Anas crecca,Green-winged Teal,Albert Lastukhin,Creative Commons Attribution-NonCommercial-ShareAlike 4.0,4.0,20:00,https://www.xeno-canto.org/266793,gnwtea/XC266793.ogg
gnwtea,[],"['call', 'male']",42.5275,130.692,Anas crecca,Green-winged Teal,Albert Lastukhin,Creative Commons Attribution-NonCommercial-ShareAlike 4.0,2.5,08:00,https://www.xeno-canto.org/266794,gnwtea/XC266794.ogg
gnwtea,[],['call'],63.9716,-151.603,Anas crecca,Green-winged Teal,Davyd Betchkal,Creative Commons Attribution-NonCommercial-ShareAlike 4.0,3.5,00:57,https://www.xeno-canto.org/269064,gnwtea/XC269064.ogg
gnwtea,[],['call'],57.7056,18.3664,Anas crecca,Green-winged Teal,Mikael Litsgård,Creative Commons Attribution-NonCommercial-ShareAlike 4.0,4.0,06:16,https://www.xeno-canto.org/288762,gnwtea/XC288762.ogg
gnwtea,[],['call'],57.7056,18.3664,Anas crecca,Green-winged Teal,Mikael Litsgård,Creative Commons Attribution-NonCommercial-ShareAlike 4.0,4.0,06:24,https://www.xeno-canto.org/288763,gnwtea/XC288763.ogg
gnwtea,[],['call'],52.235,13.8881,Anas crecca,Green-winged Teal,Sonnenburg,Creative Commons Attribution-NonCommercial-ShareAlike 4.0,4.0,08:45,https://www.xeno-canto.org/288931,gnwtea/XC288931.ogg
gnwtea,[],"['call', 'female']",40.7065,0.8485,Anas crecca,Green-winged Teal,eloisa matheu,Creative Commons Attribution-NonCommercial-ShareAlike 4.0,3.0,13:30,https://www.xeno-canto.org/290217,gnwtea/XC290217.ogg
gnwtea,[],['call'],36.3485,-109.5836,Anas crecca,Green-winged Teal,Eric Hough,Creative Commons Attribution-NonCommercial-ShareAlike 4.0,1.0,09:30,https://www.xeno-canto.org/291149,gnwtea/XC291149.ogg
gnwtea,"['mallar3', 'norpin']",['call'],48.9619,-122.7344,Anas crecca,Green-winged Teal,Bruce Lagerquist,Creative Commons Attribution-NonCommercial-ShareAlike 4.0,4.5,16:00,https://www.xeno-canto.org/293877,gnwtea/XC293877.ogg
gnwtea,[],['call'],32.1055,130.2736,Anas crecca,Green-winged Teal,Ross Gallardy,Creative Commons Attribution-NonCommercial-ShareAlike 4.0,3.0,10:00,https://www.xeno-canto.org/294834,gnwtea/XC294834.ogg
gnwtea,[],['call'],46.1625,8.8575,Anas crecca,Green-winged Teal,Lüthi Thomas,Creative Commons Attribution-NonCommercial-ShareAlike 4.0,4.0,09:59,https://www.xeno-canto.org/297682,gnwtea/XC297682.ogg
gnwtea,[],['call'],56.7264,-111.3803,Anas crecca,Green-winged Teal,Julie,Creative Commons Attribution-NonCommercial-ShareAlike 4.0,3.0,22:30,https://www.xeno-canto.org/299206,gnwtea/XC299206.ogg
gnwtea,[],['call'],52.8214,-119.244,Anas crecca,Green-winged Teal,James Bradley,Creative Commons Attribution-NonCommercial-ShareAlike 4.0,4.0,17:00,https://www.xeno-canto.org/302955,gnwtea/XC302955.ogg
gnwtea,[],"['call', 'female', 'male']",53.1791,4.8634,Anas crecca,Green-winged Teal,Ruud van Beusekom,Creative Commons Attribution-NonCommercial-ShareAlike 4.0,4.0,09:30,https://www.xeno-canto.org/304120,gnwtea/XC304120.ogg
gnwtea,[],"['call', 'female', 'male', 'mating season calls']",47.8537,11.062,Anas crecca,Green-winged Teal,Beatrix Saadi-Varchmin,Creative Commons Attribution-NonCommercial-ShareAlike 4.0,3.5,10:58,https://www.xeno-canto.org/304197,gnwtea/XC304197.ogg
gnwtea,[],"['call', 'female', 'male']",51.4682,4.2811,Anas crecca,Green-winged Teal,Joost van Bruggen,Creative Commons Attribution-NonCommercial-ShareAlike 4.0,4.0,08:59,https://www.xeno-canto.org/304648,gnwtea/XC304648.ogg
gnwtea,[],"['call', 'male']",37.138,9.6883,Anas crecca,Green-winged Teal,Cedric Mroczko,Creative Commons Attribution-NonCommercial-ShareAlike 4.0,2.5,14:40,https://www.xeno-canto.org/307723,gnwtea/XC307723.ogg
gnwtea,['gnwtea'],['flight call'],52.2544,13.9031,Anas crecca,Green-winged Teal,Sonnenburg,Creative Commons Attribution-NonCommercial-ShareAlike 4.0,3.5,05:20,https://www.xeno-canto.org/309109,gnwtea/XC309109.ogg
gnwtea,['arcter'],"['male', 'song']",60.2024,24.8215,Anas crecca,Green-winged Teal,Eetu Paljakka,Creative Commons Attribution-NonCommercial-ShareAlike 4.0,4.5,12:30,https://www.xeno-canto.org/314236,gnwtea/XC314236.ogg
gnwtea,[],['flight call'],58.5394,26.2705,Anas crecca,Green-winged Teal,Uku Paal,Creative Commons Attribution-NonCommercial-ShareAlike 4.0,3.0,21:30,https://www.xeno-canto.org/314282,gnwtea/XC314282.ogg
gnwtea,[],['flight call'],58.2746,-4.0674,Anas crecca,Green-winged Teal,Bernard BOUSQUET,Creative Commons Attribution-NonCommercial-ShareAlike 4.0,4.0,06:30,https://www.xeno-canto.org/320413,gnwtea/XC320413.ogg
gnwtea,[],['call'],51.4633,0.2847,Anas crecca,Green-winged Teal,David Darrell-Lambert,Creative Commons Attribution-NonCommercial-ShareAlike 4.0,4.0,16:30,https://www.xeno-canto.org/323338,gnwtea/XC323338.ogg
gnwtea,[],['call'],43.417,-0.4582,Anas crecca,Green-winged Teal,Bernard BOUSQUET,Creative Commons Attribution-NonCommercial-ShareAlike 4.0,5.0,09:00,https://www.xeno-canto.org/332290,gnwtea/XC332290.ogg
gnwtea,['lobdow'],"['call', 'female']",40.5574,-104.9671,Anas crecca,Green-winged Teal,Nick Komar,Creative Commons Attribution-NonCommercial-ShareAlike 4.0,3.5,13:30,https://www.xeno-canto.org/339635,gnwtea/XC339635.ogg
gnwtea,[],"['male', 'song']",62.3197,25.9833,Anas crecca,Green-winged Teal,Tero Linjama,Creative Commons Attribution-NonCommercial-ShareAlike 4.0,5.0,07:00,https://www.xeno-canto.org/340594,gnwtea/XC340594.ogg
gnwtea,[],"['call', 'female']",61.8795,25.7146,Anas crecca,Green-winged Teal,Tero Linjama,Creative Commons Attribution-NonCommercial-ShareAlike 4.0,5.0,07:00,https://www.xeno-canto.org/340595,gnwtea/XC340595.ogg
gnwtea,['mallar3'],['call'],44.8929,11.1691,Anas crecca,Green-winged Teal,Francesco Sottile,Creative Commons Attribution-NonCommercial-ShareAlike 4.0,3.5,15:28,https://www.xeno-canto.org/345260,gnwtea/XC345260.ogg
gnwtea,[],['call'],52.9685,0.6051,Anas crecca,Green-winged Teal,David Darrell-Lambert,Creative Commons Attribution-NonCommercial-ShareAlike 4.0,5.0,13:30,https://www.xeno-canto.org/347625,gnwtea/XC347625.ogg
gnwtea,[],['call'],32.1824,-110.932,Anas crecca,Green-winged Teal,Janine McCabe,Creative Commons Attribution-NonCommercial-ShareAlike 4.0,4.0,10:00,https://www.xeno-canto.org/351645,gnwtea/XC351645.ogg
gnwtea,[],"['male', 'song']",53.414,-6.1294,Anas crecca,Green-winged Teal,Lars Lachmann,Creative Commons Attribution-NonCommercial-ShareAlike 4.0,2.0,10:00,https://www.xeno-canto.org/352833,gnwtea/XC352833.ogg
gnwtea,[],['call'],46.9291,7.4696,Anas crecca,Green-winged Teal,Jerome Fischer,Creative Commons Attribution-NonCommercial-ShareAlike 4.0,5.0,12:15,https://www.xeno-canto.org/356387,gnwtea/XC356387.ogg
gnwtea,[],['call'],46.9291,7.4696,Anas crecca,Green-winged Teal,Jerome Fischer,Creative Commons Attribution-NonCommercial-ShareAlike 4.0,5.0,12:15,https://www.xeno-canto.org/356388,gnwtea/XC356388.ogg
gnwtea,[],"['Whistle', 'male']",47.9992,-122.1679,Anas crecca,Green-winged Teal,Bruce Lagerquist,Creative Commons Attribution-NonCommercial-ShareAlike 4.0,5.0,02:00,https://www.xeno-canto.org/356905,gnwtea/XC356905.ogg
gnwtea,[],['call'],38.1846,-122.2791,Anas crecca,Green-winged Teal,Jim Holmes,Creative Commons Attribution-NonCommercial-ShareAlike 4.0,4.5,11:00,https://www.xeno-canto.org/357037,gnwtea/XC357037.ogg
gnwtea,[],"['call', 'song']",30.7795,-91.6116,Anas crecca,Green-winged Teal,Dan Lane,Creative Commons Attribution-NonCommercial-ShareAlike 4.0,2.5,10:00,https://www.xeno-canto.org/357088,gnwtea/XC357088.ogg
gnwtea,[],"['alarm call', 'song']",46.4496,17.6587,Anas crecca,Green-winged Teal,Mark Horvath,Creative Commons Attribution-NonCommercial-ShareAlike 4.0,4.0,11:00,https://www.xeno-canto.org/358597,gnwtea/XC358597.ogg
gnwtea,[],['call'],39.799,3.107,Anas crecca,Green-winged Teal,Jerome Fischer,Creative Commons Attribution-NonCommercial-ShareAlike 4.0,5.0,10:00,https://www.xeno-canto.org/359019,gnwtea/XC359019.ogg
gnwtea,[],['call'],39.799,3.107,Anas crecca,Green-winged Teal,Jerome Fischer,Creative Commons Attribution-NonCommercial-ShareAlike 4.0,3.5,17:30,https://www.xeno-canto.org/359151,gnwtea/XC359151.ogg
gnwtea,[],"['flight call', 'nocturnal flightcall']",47.3388,7.8398,Anas crecca,Green-winged Teal,Thomas Lüthi,Creative Commons Attribution-NonCommercial-ShareAlike 4.0,5.0,04:39,https://www.xeno-canto.org/359309,gnwtea/XC359309.ogg
gnwtea,[],['flight call'],54.0932,13.3635,Anas crecca,Green-winged Teal,Marcel Tenhaeff,Creative Commons Attribution-NonCommercial-ShareAlike 4.0,3.0,02:30,https://www.xeno-canto.org/362196,gnwtea/XC362196.ogg
gnwtea,[],['call'],52.2548,13.9028,Anas crecca,Green-winged Teal,Sonnenburg,Creative Commons Attribution-NonCommercial-ShareAlike 4.0,5.0,05:02,https://www.xeno-canto.org/362397,gnwtea/XC362397.ogg
gnwtea,[],"['flight call', 'male']",46.0884,43.3713,Anas crecca,Green-winged Teal,Albert Lastukhin,Creative Commons Attribution-NonCommercial-ShareAlike 4.0,5.0,21:00,https://www.xeno-canto.org/365480,gnwtea/XC365480.ogg
gnwtea,[],"['flight call', 'male']",46.0884,43.3713,Anas crecca,Green-winged Teal,Albert Lastukhin,Creative Commons Attribution-NonCommercial-ShareAlike 4.0,5.0,02:30,https://www.xeno-canto.org/365496,gnwtea/XC365496.ogg
gnwtea,[],"['flight call', 'male']",46.0884,43.3713,Anas crecca,Green-winged Teal,Albert Lastukhin,Creative Commons Attribution-NonCommercial-ShareAlike 4.0,5.0,02:30,https://www.xeno-canto.org/365498,gnwtea/XC365498.ogg
gnwtea,[],"['flight call', 'male']",46.0884,43.3713,Anas crecca,Green-winged Teal,Albert Lastukhin,Creative Commons Attribution-NonCommercial-ShareAlike 4.0,5.0,02:30,https://www.xeno-canto.org/365499,gnwtea/XC365499.ogg
gnwtea,[],"['flight call', 'male']",46.0884,43.3713,Anas crecca,Green-winged Teal,Albert Lastukhin,Creative Commons Attribution-NonCommercial-ShareAlike 4.0,4.5,02:30,https://www.xeno-canto.org/365501,gnwtea/XC365501.ogg
gnwtea,[],"['call', 'flight call']",46.0884,43.3713,Anas crecca,Green-winged Teal,Albert Lastukhin,Creative Commons Attribution-NonCommercial-ShareAlike 4.0,5.0,05:00,https://www.xeno-canto.org/365514,gnwtea/XC365514.ogg
gnwtea,[],"['female', 'flight call', 'male']",46.0884,43.3713,Anas crecca,Green-winged Teal,Albert Lastukhin,Creative Commons Attribution-NonCommercial-ShareAlike 4.0,5.0,05:30,https://www.xeno-canto.org/365527,gnwtea/XC365527.ogg
gnwtea,[],['call'],39.8762,3.0772,Anas crecca,Green-winged Teal,Jerome Fischer,Creative Commons Attribution-NonCommercial-ShareAlike 4.0,5.0,18:30,https://www.xeno-canto.org/365825,gnwtea/XC365825.ogg
gnwtea,['eurwig'],['call'],63.8986,19.8494,Anas crecca,Green-winged Teal,Lars Edenius,Creative Commons Attribution-NonCommercial-ShareAlike 4.0,3.5,21:00,https://www.xeno-canto.org/368111,gnwtea/XC368111.ogg
gnwtea,[],"['begging call', 'flight call']",52.1199,6.7707,Anas crecca,Green-winged Teal,Rolf A. de By,Creative Commons Attribution-NonCommercial-ShareAlike 4.0,3.5,07:50,https://www.xeno-canto.org/374889,gnwtea/XC374889.ogg
gnwtea,[],['song'],52.600337,1.478434,Anas crecca,Green-winged Teal,David Farrow,Creative Commons Attribution-NonCommercial-ShareAlike 3.0,4.0,?:?,https://www.xeno-canto.org/37491,gnwtea/XC37491.ogg
gnwtea,[],"['flight call', 'song']",47.6586,11.1712,Anas crecca,Green-winged Teal,Antonio Xeira,Creative Commons Attribution-NonCommercial-ShareAlike 4.0,4.5,21:30,https://www.xeno-canto.org/375136,gnwtea/XC375136.ogg
gnwtea,[],"['call', 'male']",67.6375,52.9032,Anas crecca,Green-winged Teal,Albert Lastukhin,Creative Commons Attribution-NonCommercial-ShareAlike 4.0,4.0,22:30,https://www.xeno-canto.org/377959,gnwtea/XC377959.ogg
gnwtea,[],"['call', 'female', 'male']",67.6375,52.9032,Anas crecca,Green-winged Teal,Albert Lastukhin,Creative Commons Attribution-NonCommercial-ShareAlike 4.0,4.0,22:30,https://www.xeno-canto.org/377960,gnwtea/XC377960.ogg
gnwtea,[],"['call', 'female']",40.3866,-75.5159,Anas crecca,Green-winged Teal,Brian Henderson,Creative Commons Attribution-NonCommercial-ShareAlike 4.0,3.5,08:25,https://www.xeno-canto.org/392770,gnwtea/XC392770.ogg
gnwtea,[],['call'],69.6945,18.8854,Anas crecca,Green-winged Teal,Stein Ø. Nilsen,Creative Commons Attribution-NonCommercial-ShareAlike 4.0,5.0,08:30,https://www.xeno-canto.org/393106,gnwtea/XC393106.ogg
gnwtea,[],['call'],40.8581,-124.0905,Anas crecca,Green-winged Teal,Paul Marvin,Creative Commons Attribution-NonCommercial-ShareAlike 4.0,4.0,13:18,https://www.xeno-canto.org/395202,gnwtea/XC395202.ogg
gnwtea,[],"['call', 'female', 'male']",69.5497,18.7972,Anas crecca,Green-winged Teal,Stein Ø. Nilsen,Creative Commons Attribution-NonCommercial-ShareAlike 4.0,4.5,07:30,https://www.xeno-canto.org/395840,gnwtea/XC395840.ogg
gnwtea,[],"['call', 'female']",42.9037,13.9077,Anas crecca,Green-winged Teal,Dimitri,Creative Commons Attribution-NonCommercial-ShareAlike 4.0,3.5,16:30,https://www.xeno-canto.org/396539,gnwtea/XC396539.ogg
gnwtea,[],['call'],45.9513,5.027,Anas crecca,Green-winged Teal,Vincent Pourchaire,Creative Commons Attribution-NonCommercial-ShareAlike 4.0,4.0,10:00,https://www.xeno-canto.org/399001,gnwtea/XC399001.ogg
gnwtea,[],['flight call'],71.2973,-156.7737,Anas crecca,Green-winged Teal,Patrik Åberg,Creative Commons Attribution-NonCommercial-ShareAlike 4.0,3.0,03:27,https://www.xeno-canto.org/406367,gnwtea/XC406367.ogg
gnwtea,[],"['call', 'male']",53.5749,14.57,Anas crecca,Green-winged Teal,Marcin Sołowiej,Creative Commons Attribution-NonCommercial-ShareAlike 4.0,5.0,12:00,https://www.xeno-canto.org/407582,gnwtea/XC407582.ogg
gnwtea,[],['call'],52.2545,13.9036,Anas crecca,Green-winged Teal,Sonnenburg,Creative Commons Attribution-NonCommercial-ShareAlike 4.0,5.0,04:59,https://www.xeno-canto.org/409423,gnwtea/XC409423.ogg
gnwtea,[],"['call', 'female', 'male']",37.1499,-6.0405,Anas crecca,Green-winged Teal,José Carlos Sires,Creative Commons Attribution-NonCommercial-ShareAlike 4.0,3.0,?,https://www.xeno-canto.org/412525,gnwtea/XC412525.ogg
gnwtea,[],['flight call'],49.2913,1.2387,Anas crecca,Green-winged Teal,Stanislas Wroza,Creative Commons Attribution-NonCommercial-ShareAlike 4.0,4.0,08:00,https://www.xeno-canto.org/412763,gnwtea/XC412763.ogg
gnwtea,[],['flight call'],52.0612,5.371,Anas crecca,Green-winged Teal,Aat Schaftenaar,Creative Commons Attribution-NonCommercial-ShareAlike 4.0,4.0,00:30,https://www.xeno-canto.org/419151,gnwtea/XC419151.ogg
gnwtea,[],['call'],58.5731,14.2489,Anas crecca,Green-winged Teal,Patrik Åberg,Creative Commons Attribution-NonCommercial-ShareAlike 3.0,5.0,?,https://www.xeno-canto.org/42338,gnwtea/XC42338.ogg
gnwtea,[],['call'],58.3714,14.1395,Anas crecca,Green-winged Teal,Patrik Åberg,Creative Commons Attribution-NonCommercial-ShareAlike 3.0,5.0,?,https://www.xeno-canto.org/42339,gnwtea/XC42339.ogg
gnwtea,[],"['call', 'male']",63.162,75.4156,Anas crecca,Green-winged Teal,Albert Lastukhin,Creative Commons Attribution-NonCommercial-ShareAlike 4.0,4.0,12:30,https://www.xeno-canto.org/430946,gnwtea/XC430946.ogg
gnwtea,[],"['call', 'female', 'flight call', 'male']",63.162,75.4156,Anas crecca,Green-winged Teal,Albert Lastukhin,Creative Commons Attribution-NonCommercial-ShareAlike 4.0,4.0,12:30,https://www.xeno-canto.org/430947,gnwtea/XC430947.ogg
gnwtea,[],"['call', 'male']",63.162,75.4156,Anas crecca,Green-winged Teal,Albert Lastukhin,Creative Commons Attribution-NonCommercial-ShareAlike 4.0,4.0,12:30,https://www.xeno-canto.org/430948,gnwtea/XC430948.ogg
gnwtea,[],"['female', 'flight call', 'male']",63.1838,75.391,Anas crecca,Green-winged Teal,Albert Lastukhin,Creative Commons Attribution-NonCommercial-ShareAlike 4.0,4.0,08:30,https://www.xeno-canto.org/431084,gnwtea/XC431084.ogg
gnwtea,[],['flight call'],52.0612,5.371,Anas crecca,Green-winged Teal,Aat Schaftenaar,Creative Commons Attribution-NonCommercial-ShareAlike 4.0,4.0,00:30,https://www.xeno-canto.org/431462,gnwtea/XC431462.ogg
gnwtea,[],['flight call'],52.0612,5.371,Anas crecca,Green-winged Teal,Aat Schaftenaar,Creative Commons Attribution-NonCommercial-ShareAlike 4.0,5.0,02:00,https://www.xeno-canto.org/431463,gnwtea/XC431463.ogg
gnwtea,[],['flight call'],52.0612,5.371,Anas crecca,Green-winged Teal,Aat Schaftenaar,Creative Commons Attribution-NonCommercial-ShareAlike 4.0,4.0,23:00,https://www.xeno-canto.org/431464,gnwtea/XC431464.ogg
gnwtea,[],['flight call'],52.0612,5.371,Anas crecca,Green-winged Teal,Aat Schaftenaar,Creative Commons Attribution-NonCommercial-ShareAlike 4.0,4.0,21:30,https://www.xeno-canto.org/431465,gnwtea/XC431465.ogg
gnwtea,[],['flight call'],52.0612,5.371,Anas crecca,Green-winged Teal,Aat Schaftenaar,Creative Commons Attribution-NonCommercial-ShareAlike 4.0,4.0,00:30,https://www.xeno-canto.org/431466,gnwtea/XC431466.ogg
gnwtea,[],['flight call'],52.0612,5.371,Anas crecca,Green-winged Teal,Aat Schaftenaar,Creative Commons Attribution-NonCommercial-ShareAlike 4.0,4.0,22:30,https://www.xeno-canto.org/431467,gnwtea/XC431467.ogg
gnwtea,['arcter'],"['flight call', 'male']",63.0467,74.5391,Anas crecca,Green-winged Teal,Albert Lastukhin,Creative Commons Attribution-NonCommercial-ShareAlike 4.0,2.5,19:00,https://www.xeno-canto.org/431523,gnwtea/XC431523.ogg
gnwtea,[],"['female', 'flight call']",63.1635,75.4388,Anas crecca,Green-winged Teal,Albert Lastukhin,Creative Commons Attribution-NonCommercial-ShareAlike 4.0,4.0,08:00,https://www.xeno-canto.org/432029,gnwtea/XC432029.ogg
gnwtea,[],"['call', 'male']",63.1635,75.4388,Anas crecca,Green-winged Teal,Albert Lastukhin,Creative Commons Attribution-NonCommercial-ShareAlike 4.0,4.0,08:00,https://www.xeno-canto.org/432030,gnwtea/XC432030.ogg
gnwtea,[],"['male', 'song']",63.1635,75.4388,Anas crecca,Green-winged Teal,Albert Lastukhin,Creative Commons Attribution-NonCommercial-ShareAlike 4.0,5.0,04:00,https://www.xeno-canto.org/432032,gnwtea/XC432032.ogg
gnwtea,[],"['call', 'male', 'song']",63.1635,75.4388,Anas crecca,Green-winged Teal,Albert Lastukhin,Creative Commons Attribution-NonCommercial-ShareAlike 4.0,5.0,04:00,https://www.xeno-canto.org/432033,gnwtea/XC432033.ogg
gnwtea,[],"['male', 'song']",63.1635,75.4388,Anas crecca,Green-winged Teal,Albert Lastukhin,Creative Commons Attribution-NonCommercial-ShareAlike 4.0,5.0,04:00,https://www.xeno-canto.org/432034,gnwtea/XC432034.ogg
gnwtea,[],"['call', 'flight call', 'male', 'noise of wings']",63.1635,75.4388,Anas crecca,Green-winged Teal,Albert Lastukhin,Creative Commons Attribution-NonCommercial-ShareAlike 4.0,5.0,04:00,https://www.xeno-canto.org/432035,gnwtea/XC432035.ogg
gnwtea,[],['call'],63.7599,20.2763,Anas crecca,Green-winged Teal,Lars Edenius,Creative Commons Attribution-NonCommercial-ShareAlike 4.0,4.5,07:00,https://www.xeno-canto.org/432193,gnwtea/XC432193.ogg
gnwtea,[],"['female', 'flight call']",62.142,73.7097,Anas crecca,Green-winged Teal,Albert Lastukhin,Creative Commons Attribution-NonCommercial-ShareAlike 4.0,4.0,23:30,https://www.xeno-canto.org/432260,gnwtea/XC432260.ogg
gnwtea,[],"['female', 'flight call']",62.142,73.7097,Anas crecca,Green-winged Teal,Albert Lastukhin,Creative Commons Attribution-NonCommercial-ShareAlike 4.0,3.0,23:30,https://www.xeno-canto.org/432261,gnwtea/XC432261.ogg
gnwtea,[],"['female', 'flight call', 'male']",62.142,73.7097,Anas crecca,Green-winged Teal,Albert Lastukhin,Creative Commons Attribution-NonCommercial-ShareAlike 4.0,4.0,23:30,https://www.xeno-canto.org/432279,gnwtea/XC432279.ogg
gnwtea,[],"['female', 'flight call', 'male']",62.142,73.7097,Anas crecca,Green-winged Teal,Albert Lastukhin,Creative Commons Attribution-NonCommercial-ShareAlike 4.0,5.0,23:30,https://www.xeno-canto.org/432280,gnwtea/XC432280.ogg
gnwtea,[],"['female', 'flight call', 'male']",62.142,73.7097,Anas crecca,Green-winged Teal,Albert Lastukhin,Creative Commons Attribution-NonCommercial-ShareAlike 4.0,5.0,23:30,https://www.xeno-canto.org/432281,gnwtea/XC432281.ogg
gnwtea,[],"['call', 'female', 'flight call']",65.446,-22.1853,Anas crecca,Green-winged Teal,Stanislas Wroza,Creative Commons Attribution-NonCommercial-ShareAlike 4.0,5.0,23:30,https://www.xeno-canto.org/432744,gnwtea/XC432744.ogg
gnwtea,[],"['flight call', 'nocturnal flight call']",50.6193,3.1255,Anas crecca,Green-winged Teal,Adrien Mauss,Creative Commons Attribution-NonCommercial-ShareAlike 4.0,3.0,00:56,https://www.xeno-canto.org/432908,gnwtea/XC432908.ogg
gnwtea,['amewig'],['call'],62.4039,-139.7626,Anas crecca,Green-winged Teal,Logan McLeod,Creative Commons Attribution-NonCommercial-ShareAlike 4.0,3.5,01:15,https://www.xeno-canto.org/434003,gnwtea/XC434003.ogg
gnwtea,[],"['call', 'female']",63.6396,19.8961,Anas crecca,Green-winged Teal,Lars Edenius,Creative Commons Attribution-NonCommercial-ShareAlike 4.0,4.0,08:00,https://www.xeno-canto.org/438860,gnwtea/XC438860.ogg
gnwtea,['mallar3'],['call'],58.9769,17.8706,Anas crecca,Green-winged Teal,Ulf Elman,Creative Commons Attribution-NonCommercial-ShareAlike 4.0,3.5,12:00,https://www.xeno-canto.org/439347,gnwtea/XC439347.ogg
gnwtea,[],['call'],45.9507,5.1053,Anas crecca,Green-winged Teal,Vincent Pourchaire,Creative Commons Attribution-NonCommercial-ShareAlike 4.0,5.0,10:00,https://www.xeno-canto.org/447479,gnwtea/XC447479.ogg
gnwtea,[],['call'],45.9504,5.0294,Anas crecca,Green-winged Teal,Vincent Pourchaire,Creative Commons Attribution-NonCommercial-ShareAlike 4.0,4.0,08:00,https://www.xeno-canto.org/447824,gnwtea/XC447824.ogg
gnwtea,[],['call'],51.5123,0.0022,Anas crecca,Green-winged Teal,David Darrell-Lambert,Creative Commons Attribution-NonCommercial-ShareAlike 4.0,4.0,11:30,https://www.xeno-canto.org/448708,gnwtea/XC448708.ogg
gnwtea,[],['call'],51.8605,-8.1752,Anas crecca,Green-winged Teal,Sean Ronayne,Creative Commons Attribution-NonCommercial-ShareAlike 4.0,4.0,12:00,https://www.xeno-canto.org/448813,gnwtea/XC448813.ogg
gnwtea,[],"['call', 'female']",34.6038,-112.4335,Anas crecca,Green-winged Teal,Paul Marvin,Creative Commons Attribution-NonCommercial-ShareAlike 4.0,4.0,10:14,https://www.xeno-canto.org/452502,gnwtea/XC452502.ogg
gnwtea,[],"['call', 'male']",36.0753,-115.0101,Anas crecca,Green-winged Teal,Paul Marvin,Creative Commons Attribution-NonCommercial-ShareAlike 4.0,3.5,11:19,https://www.xeno-canto.org/452541,gnwtea/XC452541.ogg
gnwtea,['eurwig'],['call'],52.5495,-0.7436,Anas crecca,Green-winged Teal,Andrew Harrop,Creative Commons Attribution-NonCommercial-ShareAlike 4.0,3.5,13:03,https://www.xeno-canto.org/454579,gnwtea/XC454579.ogg
gnwtea,[],['flight call'],41.681,0.9549,Anas crecca,Green-winged Teal,Jordi Calvet,Creative Commons Attribution-NonCommercial-ShareAlike 4.0,0.0,13:00,https://www.xeno-canto.org/454599,gnwtea/XC454599.ogg
gnwtea,[],['call'],41.5201,-8.7828,Anas crecca,Green-winged Teal,Jorge Leitão,Creative Commons Attribution-NonCommercial-ShareAlike 4.0,2.5,18:50,https://www.xeno-canto.org/455398,gnwtea/XC455398.ogg
gnwtea,[],['call'],51.6424,105.5332,Anas crecca,Green-winged Teal,Louis A. Hansen,Creative Commons Attribution-NonCommercial-ShareAlike 3.0,2.0,16:08,https://www.xeno-canto.org/457612,gnwtea/XC457612.ogg
gnwtea,[],['call'],51.6424,105.5332,Anas crecca,Green-winged Teal,Louis A. Hansen,Creative Commons Attribution-NonCommercial-ShareAlike 3.0,3.0,21:55,https://www.xeno-canto.org/458098,gnwtea/XC458098.ogg
gnwtea,[],"['call', 'male']",47.5263,6.7003,Anas crecca,Green-winged Teal,Manuelle François,Creative Commons Attribution-NonCommercial-ShareAlike 4.0,0.0,16:44,https://www.xeno-canto.org/458466,gnwtea/XC458466.ogg
gnwtea,"['buwtea', 'hoomer']","['call', 'song']",39.3148,-105.3673,Anas crecca,Green-winged Teal,Ves,Creative Commons Attribution-NonCommercial-ShareAlike 4.0,3.5,16:45,https://www.xeno-canto.org/459927,gnwtea/XC459927.ogg
gnwtea,[],['call'],41.681,0.9549,Anas crecca,Green-winged Teal,Jordi Calvet,Creative Commons Attribution-NonCommercial-ShareAlike 4.0,0.0,09:00,https://www.xeno-canto.org/461203,gnwtea/XC461203.ogg
gnwtea,[],"['call', 'female', 'male']",59.9242,-1.2907,Anas crecca,Green-winged Teal,Andrew Harrop,Creative Commons Attribution-NonCommercial-ShareAlike 4.0,3.5,09:38,https://www.xeno-canto.org/461587,gnwtea/XC461587.ogg
gnwtea,['gadwal'],"['call', 'male']",53.5906,14.556,Anas crecca,Green-winged Teal,Marcin Sołowiej,Creative Commons Attribution-NonCommercial-ShareAlike 4.0,4.5,11:30,https://www.xeno-canto.org/461611,gnwtea/XC461611.ogg
gnwtea,[],"['female', 'male']",53.5911,14.5579,Anas crecca,Green-winged Teal,Marcin Sołowiej,Creative Commons Attribution-NonCommercial-ShareAlike 4.0,4.5,10:00,https://www.xeno-canto.org/461884,gnwtea/XC461884.ogg
gnwtea,['gadwal'],['male'],53.5911,14.5579,Anas crecca,Green-winged Teal,Marcin Sołowiej,Creative Commons Attribution-NonCommercial-ShareAlike 4.0,4.5,10:00,https://www.xeno-canto.org/461887,gnwtea/XC461887.ogg
gnwtea,[],"['Nocturnal Flight Call', 'flight call']",45.7954,8.6933,Anas crecca,Green-winged Teal,Luca Giussani,Creative Commons Attribution-NonCommercial-ShareAlike 4.0,0.0,03:15,https://www.xeno-canto.org/461906,gnwtea/XC461906.ogg
gnwtea,[],"['flight call', 'nocturnal flightcall']",47.3388,7.8398,Anas crecca,Green-winged Teal,Thomas Lüthi,Creative Commons Attribution-NonCommercial-ShareAlike 4.0,4.0,03:35,https://www.xeno-canto.org/462735,gnwtea/XC462735.ogg
gnwtea,[],"['flight call', 'nocturnal flightcall']",47.3388,7.8398,Anas crecca,Green-winged Teal,Thomas Lüthi,Creative Commons Attribution-NonCommercial-ShareAlike 4.0,3.0,03:14,https://www.xeno-canto.org/462900,gnwtea/XC462900.ogg
gnwtea,[],['flight call'],52.1468,5.3788,Anas crecca,Green-winged Teal,Gerda van Deelen,Creative Commons Attribution-NonCommercial-ShareAlike 4.0,2.0,04:10,https://www.xeno-canto.org/463739,gnwtea/XC463739.ogg
gnwtea,[],"['alarm call', 'call', 'female', 'flight call', 'male']",48.7181,1.8306,Anas crecca,Green-winged Teal,Stanislas Wroza,Creative Commons Attribution-NonCommercial-ShareAlike 4.0,5.0,07:00,https://www.xeno-canto.org/464120,gnwtea/XC464120.ogg
gnwtea,[],"['alarm call', 'call', 'female', 'flight call']",48.7181,1.8306,Anas crecca,Green-winged Teal,Stanislas Wroza,Creative Commons Attribution-NonCommercial-ShareAlike 4.0,5.0,07:00,https://www.xeno-canto.org/464122,gnwtea/XC464122.ogg
gnwtea,[],"['call', 'female', 'flight call', 'male']",48.7181,1.8306,Anas crecca,Green-winged Teal,Stanislas Wroza,Creative Commons Attribution-NonCommercial-ShareAlike 4.0,5.0,07:00,https://www.xeno-canto.org/464123,gnwtea/XC464123.ogg
gnwtea,['eurwig'],['flight call'],52.0612,5.371,Anas crecca,Green-winged Teal,Aat Schaftenaar,Creative Commons Attribution-NonCommercial-ShareAlike 4.0,3.5,22:00,https://www.xeno-canto.org/465870,gnwtea/XC465870.ogg
gnwtea,[],['flight call'],52.1468,5.3788,Anas crecca,Green-winged Teal,Gerda van Deelen,Creative Commons Attribution-NonCommercial-ShareAlike 4.0,2.0,22:43,https://www.xeno-canto.org/467293,gnwtea/XC467293.ogg
gnwtea,[],"['flight call', 'nocturnal flight call']",60.2357,25.0058,Anas crecca,Green-winged Teal,Juha Saari,Creative Commons Attribution-NonCommercial-ShareAlike 4.0,0.0,02:07,https://www.xeno-canto.org/467413,gnwtea/XC467413.ogg
gnwtea,[],"['call', 'unknown']",60.1904,24.6951,Anas crecca,Green-winged Teal,Mikko Heikkinen,Creative Commons Attribution-ShareAlike 4.0,4.5,22:00,https://www.xeno-canto.org/467849,gnwtea/XC467849.ogg
gnwtea,[],"['flight call', 'nocturnal flight call']",43.5352,-1.4475,Anas crecca,Green-winged Teal,Frédéric Cazaban,Creative Commons Attribution-NonCommercial-ShareAlike 4.0,4.0,23:15,https://www.xeno-canto.org/468922,gnwtea/XC468922.ogg
gnwtea,[],"['flight call', 'nocturnal flight call']",58.3749,26.6876,Anas crecca,Green-winged Teal,Uku Paal,Creative Commons Attribution-NonCommercial-ShareAlike 4.0,3.0,23:30,https://www.xeno-canto.org/469985,gnwtea/XC469985.ogg
gnwtea,[],['call'],63.8344,20.1259,Anas crecca,Green-winged Teal,Lars Edenius,Creative Commons Attribution-NonCommercial-ShareAlike 4.0,3.5,09:00,https://www.xeno-canto.org/470972,gnwtea/XC470972.ogg
gnwtea,[],['flight call'],52.1468,5.3788,Anas crecca,Green-winged Teal,Gerda van Deelen,Creative Commons Attribution-NonCommercial-ShareAlike 4.0,2.0,22:34,https://www.xeno-canto.org/471996,gnwtea/XC471996.ogg
gnwtea,[],['flight call'],52.1468,5.3788,Anas crecca,Green-winged Teal,Gerda van Deelen,Creative Commons Attribution-NonCommercial-ShareAlike 4.0,2.0,23:35,https://www.xeno-canto.org/472065,gnwtea/XC472065.ogg
gnwtea,[],['call'],63.5988,20.7618,Anas crecca,Green-winged Teal,Lars Edenius,Creative Commons Attribution-NonCommercial-ShareAlike 4.0,5.0,21:30,https://www.xeno-canto.org/475538,gnwtea/XC475538.ogg
gnwtea,[],"['female', 'flight call']",65.1878,19.6687,Anas crecca,Green-winged Teal,Lars Edenius,Creative Commons Attribution-NonCommercial-ShareAlike 4.0,4.5,23:30,https://www.xeno-canto.org/476066,gnwtea/XC476066.ogg
gnwtea,[],"['female', 'flight call', 'male', 'nocturnal flight call']",57.7393,10.6212,Anas crecca,Green-winged Teal,Simon Gillings,Creative Commons Attribution-NonCommercial-ShareAlike 4.0,5.0,22:04,https://www.xeno-canto.org/478798,gnwtea/XC478798.ogg
gnwtea,[],"['call', 'grunt call']",63.8448,-21.057,Anas crecca,Green-winged Teal,Stanislas Wroza,Creative Commons Attribution-NonCommercial-ShareAlike 4.0,5.0,20:00,https://www.xeno-canto.org/478886,gnwtea/XC478886.ogg
gnwtea,['mallar3'],"['call', 'flight call']",51.775,16.5854,Anas crecca,Green-winged Teal,Grzegorz Lorek,Creative Commons Attribution-NonCommercial-ShareAlike 4.0,0.0,06:00,https://www.xeno-canto.org/483733,gnwtea/XC483733.ogg
gnwtea,[],"['female', 'flight call']",65.446,-22.1853,Anas crecca,Green-winged Teal,Stanislas Wroza,Creative Commons Attribution-NonCommercial-ShareAlike 4.0,0.0,23:00,https://www.xeno-canto.org/487739,gnwtea/XC487739.ogg
gnwtea,[],"['""zuit"" call', 'call']",65.569,-17.0288,Anas crecca,Green-winged Teal,Stanislas Wroza,Creative Commons Attribution-NonCommercial-ShareAlike 4.0,0.0,06:00,https://www.xeno-canto.org/488216,gnwtea/XC488216.ogg
gnwtea,[],"['call', 'female']",53.567,-1.8697,Anas crecca,Green-winged Teal,David Pennington,Creative Commons Attribution-NonCommercial-ShareAlike 4.0,5.0,08:00,https://www.xeno-canto.org/490345,gnwtea/XC490345.ogg
gnwtea,[],['call'],59.3794,24.2407,Anas crecca,Green-winged Teal,Kaarel Võhandu,Creative Commons Attribution-NonCommercial-ShareAlike 4.0,0.0,22:06,https://www.xeno-canto.org/495781,gnwtea/XC495781.ogg
gnwtea,[],"['call', 'flight call']",48.8299,9.1514,Anas crecca,Green-winged Teal,Christoph Himmel,Creative Commons Attribution-NonCommercial-ShareAlike 4.0,0.0,21:00,https://www.xeno-canto.org/497688,gnwtea/XC497688.ogg
gnwtea,[],['nocturnal flight call'],52.5061,6.2538,Anas crecca,Green-winged Teal,Vincent Martens,Creative Commons Attribution-NonCommercial-ShareAlike 4.0,3.0,21:49,https://www.xeno-canto.org/498501,gnwtea/XC498501.ogg
gnwtea,[],['call'],63.7599,20.2763,Anas crecca,Green-winged Teal,Lars Edenius,Creative Commons Attribution-NonCommercial-ShareAlike 4.0,4.0,08:00,https://www.xeno-canto.org/499623,gnwtea/XC499623.ogg
gnwtea,[],"['female', 'flight call', 'nocturnal flight call', 'wingbeats']",53.9299,-2.9833,Anas crecca,Green-winged Teal,Chris Batty,Creative Commons Attribution-NonCommercial-ShareAlike 4.0,3.0,00:04,https://www.xeno-canto.org/501149,gnwtea/XC501149.ogg
gnwtea,[],['call'],48.4984,8.2387,Anas crecca,Green-winged Teal,Marc Förschler,Creative Commons Attribution-NonCommercial-ShareAlike 4.0,4.0,00:00,https://www.xeno-canto.org/501961,gnwtea/XC501961.ogg
gnwtea,[],"['call', 'female']",24.5428,54.439,Anas crecca,Green-winged Teal,Oscar Campbell,Creative Commons Attribution-NonCommercial-ShareAlike 4.0,4.0,17:30,https://www.xeno-canto.org/505895,gnwtea/XC505895.ogg
gnwtea,[],"['call', 'male']",51.4765,-0.2355,Anas crecca,Green-winged Teal,nick talbot,Creative Commons Attribution-NonCommercial-ShareAlike 4.0,4.0,11:00,https://www.xeno-canto.org/506998,gnwtea/XC506998.ogg
gnwtea,[],"['call', 'flight call', 'male', 'nocturnal flight call']",53.9299,-2.9833,Anas crecca,Green-winged Teal,Chris Batty,Creative Commons Attribution-NonCommercial-ShareAlike 4.0,2.5,19:47,https://www.xeno-canto.org/508381,gnwtea/XC508381.ogg
gnwtea,[],"['call', 'flight call', 'male', 'nocturnal flight call', 'wingbeats']",53.9299,-2.9833,Anas crecca,Green-winged Teal,Chris Batty,Creative Commons Attribution-NonCommercial-ShareAlike 4.0,3.0,01:00,https://www.xeno-canto.org/508382,gnwtea/XC508382.ogg
gnwtea,[],"['call', 'flight call', 'male', 'nocturnal flight call']",53.9299,-2.9833,Anas crecca,Green-winged Teal,Chris Batty,Creative Commons Attribution-NonCommercial-ShareAlike 4.0,3.0,21:18,https://www.xeno-canto.org/508383,gnwtea/XC508383.ogg
gnwtea,[],"['call', 'flight call', 'male', 'nocturnal flight call', 'wingbeats']",53.9299,-2.9833,Anas crecca,Green-winged Teal,Chris Batty,Creative Commons Attribution-NonCommercial-ShareAlike 4.0,3.0,01:16,https://www.xeno-canto.org/508384,gnwtea/XC508384.ogg
gnwtea,[],"['call', 'flight call', 'male', 'nocturnal flight call']",53.9299,-2.9833,Anas crecca,Green-winged Teal,Chris Batty,Creative Commons Attribution-NonCommercial-ShareAlike 4.0,3.0,22:53,https://www.xeno-canto.org/508385,gnwtea/XC508385.ogg
gnwtea,[],"['call', 'flight call', 'male', 'nocturnal flight call']",53.9299,-2.9833,Anas crecca,Green-winged Teal,Chris Batty,Creative Commons Attribution-NonCommercial-ShareAlike 4.0,2.5,21:40,https://www.xeno-canto.org/508386,gnwtea/XC508386.ogg
gnwtea,[],"['call', 'flight call', 'male', 'nocturnal flight call']",53.9299,-2.9833,Anas crecca,Green-winged Teal,Chris Batty,Creative Commons Attribution-NonCommercial-ShareAlike 4.0,2.5,23:02,https://www.xeno-canto.org/508387,gnwtea/XC508387.ogg
gnwtea,[],"['call', 'flight call', 'male', 'nocturnal flight call', 'wingbeats']",53.9299,-2.9833,Anas crecca,Green-winged Teal,Chris Batty,Creative Commons Attribution-NonCommercial-ShareAlike 4.0,2.5,02:45,https://www.xeno-canto.org/508388,gnwtea/XC508388.ogg
gnwtea,[],"['call', 'flight call', 'male', 'nocturnal flight call']",53.9299,-2.9833,Anas crecca,Green-winged Teal,Chris Batty,Creative Commons Attribution-NonCommercial-ShareAlike 4.0,3.0,20:48,https://www.xeno-canto.org/508389,gnwtea/XC508389.ogg
gnwtea,[],"['call', 'female']",59.9233,-1.29,Anas crecca,Green-winged Teal,Andrew Harrop,Creative Commons Attribution-NonCommercial-ShareAlike 4.0,4.0,10:30,https://www.xeno-canto.org/513332,gnwtea/XC513332.ogg
gnwtea,['mallar3'],['call'],43.2768,0.4218,Anas crecca,Green-winged Teal,Olivier SWIFT,Creative Commons Attribution-NonCommercial-ShareAlike 4.0,3.5,10:21,https://www.xeno-canto.org/516301,gnwtea/XC516301.ogg
gnwtea,[],['call'],41.681,0.9549,Anas crecca,Green-winged Teal,Sean Ronayne,Creative Commons Attribution-NonCommercial-ShareAlike 4.0,5.0,10:30,https://www.xeno-canto.org/517836,gnwtea/XC517836.ogg
gnwtea,[],"['male', 'song']",52.344,20.926,Anas crecca,Green-winged Teal,Jarek Matusiak,Creative Commons Attribution-NonCommercial-ShareAlike 4.0,5.0,14:00,https://www.xeno-canto.org/520583,gnwtea/XC520583.ogg
gnwtea,[],"['adult', 'call', 'sex uncertain']",51.8191,0.8534,Anas crecca,Green-winged Teal,David Bissett,Creative Commons Attribution-NonCommercial-ShareAlike 4.0,3.5,10:00,https://www.xeno-canto.org/520657,gnwtea/XC520657.ogg
gnwtea,[],"['call', 'flight call', 'male']",52.643,-0.6701,Anas crecca,Green-winged Teal,Andrew Harrop,Creative Commons Attribution-NonCommercial-ShareAlike 4.0,4.5,09:00,https://www.xeno-canto.org/521435,gnwtea/XC521435.ogg
gnwtea,[],['call'],41.6862,0.945,Anas crecca,Green-winged Teal,Sean Ronayne,Creative Commons Attribution-NonCommercial-ShareAlike 4.0,5.0,8:29,https://www.xeno-canto.org/521612,gnwtea/XC521612.ogg
gnwtea,[],"['call', 'female', 'male']",34.6968,135.7991,Anas crecca,Green-winged Teal,Anon Torimi,Creative Commons Attribution-NonCommercial-ShareAlike 4.0,4.0,09:20,https://www.xeno-canto.org/521772,gnwtea/XC521772.ogg
gnwtea,[],"['adult', 'call', 'male']",51.8763,-8.4715,Anas crecca,Green-winged Teal,Harry Hussey,Creative Commons Attribution-NonCommercial-ShareAlike 4.0,3.5,15:31,https://www.xeno-canto.org/521984,gnwtea/XC521984.ogg
gnwtea,[],"['flight call', 'nocturnal flight call']",54.1818,-0.3203,Anas crecca,Green-winged Teal,Will Scott,Creative Commons Attribution-NonCommercial-ShareAlike 4.0,3.0,03:31,https://www.xeno-canto.org/522699,gnwtea/XC522699.ogg
gnwtea,[],"['call', 'female']",34.6964,135.7991,Anas crecca,Green-winged Teal,Anon Torimi,Creative Commons Attribution-NonCommercial-ShareAlike 4.0,5.0,14:50,https://www.xeno-canto.org/522770,gnwtea/XC522770.ogg
gnwtea,[],"['call', 'female', 'male']",34.6964,135.7991,Anas crecca,Green-winged Teal,Anon Torimi,Creative Commons Attribution-NonCommercial-ShareAlike 4.0,5.0,14:55,https://www.xeno-canto.org/522772,gnwtea/XC522772.ogg
gnwtea,['warwhe1'],"['call', 'female', 'male']",34.6965,135.7991,Anas crecca,Green-winged Teal,Anon Torimi,Creative Commons Attribution-NonCommercial-ShareAlike 4.0,4.5,14:40,https://www.xeno-canto.org/522916,gnwtea/XC522916.ogg
gnwtea,[],"['call', 'female', 'male']",34.6965,135.7991,Anas crecca,Green-winged Teal,Anon Torimi,Creative Commons Attribution-NonCommercial-ShareAlike 4.0,4.5,14:40,https://www.xeno-canto.org/522917,gnwtea/XC522917.ogg
gnwtea,[],"['call', 'flight call', 'male', 'nocturnal flight call', 'wingbeats']",53.9299,-2.9833,Anas crecca,Green-winged Teal,Chris Batty,Creative Commons Attribution-NonCommercial-ShareAlike 4.0,3.0,06:45,https://www.xeno-canto.org/525912,gnwtea/XC525912.ogg
gnwtea,[],"['call', 'flight call', 'male', 'nocturnal flight call']",53.9299,-2.9833,Anas crecca,Green-winged Teal,Chris Batty,Creative Commons Attribution-NonCommercial-ShareAlike 4.0,2.5,06:17,https://www.xeno-canto.org/525913,gnwtea/XC525913.ogg
gnwtea,[],"['call', 'flight call', 'male', 'nocturnal flight call', 'wingbeats']",53.9299,-2.9833,Anas crecca,Green-winged Teal,Chris Batty,Creative Commons Attribution-NonCommercial-ShareAlike 4.0,2.5,18:27,https://www.xeno-canto.org/525914,gnwtea/XC525914.ogg
gnwtea,[],"['call', 'flight call', 'male', 'nocturnal flight call', 'wingbeats']",53.9299,-2.9833,Anas crecca,Green-winged Teal,Chris Batty,Creative Commons Attribution-NonCommercial-ShareAlike 4.0,2.5,23:14,https://www.xeno-canto.org/525915,gnwtea/XC525915.ogg
gnwtea,[],"['adult', 'call']",64.4868,13.3294,Anas crecca,Green-winged Teal,Niels Van Doninck,Creative Commons Attribution-NonCommercial-ShareAlike 4.0,5.0,13:00,https://www.xeno-canto.org/528093,gnwtea/XC528093.ogg
gnwtea,[],"['call', 'nocturnal flight call']",51.9612,5.8104,Anas crecca,Green-winged Teal,James Lidster,Creative Commons Attribution-NonCommercial-ShareAlike 4.0,3.0,02:05,https://www.xeno-canto.org/528144,gnwtea/XC528144.ogg
gnwtea,[],['call'],51.9612,5.8104,Anas crecca,Green-winged Teal,James Lidster,Creative Commons Attribution-NonCommercial-ShareAlike 4.0,3.0,19:40,https://www.xeno-canto.org/528299,gnwtea/XC528299.ogg
gnwtea,[],['call'],51.9612,5.8104,Anas crecca,Green-winged Teal,James Lidster,Creative Commons Attribution-NonCommercial-ShareAlike 4.0,4.0,05:10,https://www.xeno-canto.org/528484,gnwtea/XC528484.ogg
gnwtea,[],['call'],49.6054,8.2203,Anas crecca,Green-winged Teal,brickegickel,Creative Commons Attribution-NonCommercial-ShareAlike 4.0,4.0,10:30,https://www.xeno-canto.org/533234,gnwtea/XC533234.ogg
gnwtea,[],['call'],49.6054,8.2203,Anas crecca,Green-winged Teal,brickegickel,Creative Commons Attribution-NonCommercial-ShareAlike 4.0,4.0,10:30,https://www.xeno-canto.org/533235,gnwtea/XC533235.ogg
gnwtea,[],['call'],49.6054,8.2203,Anas crecca,Green-winged Teal,brickegickel,Creative Commons Attribution-NonCommercial-ShareAlike 4.0,4.0,10:30,https://www.xeno-canto.org/533236,gnwtea/XC533236.ogg
gnwtea,[],['call'],49.6054,8.2203,Anas crecca,Green-winged Teal,brickegickel,Creative Commons Attribution-NonCommercial-ShareAlike 4.0,4.0,10:30,https://www.xeno-canto.org/533237,gnwtea/XC533237.ogg
gnwtea,[],['call'],49.6054,8.2203,Anas crecca,Green-winged Teal,brickegickel,Creative Commons Attribution-NonCommercial-ShareAlike 4.0,4.0,10:30,https://www.xeno-canto.org/533239,gnwtea/XC533239.ogg
gnwtea,[],['call'],49.6054,8.2203,Anas crecca,Green-winged Teal,brickegickel,Creative Commons Attribution-NonCommercial-ShareAlike 4.0,4.0,10:30,https://www.xeno-canto.org/533240,gnwtea/XC533240.ogg
gnwtea,[],['call'],49.6054,8.2203,Anas crecca,Green-winged Teal,brickegickel,Creative Commons Attribution-NonCommercial-ShareAlike 4.0,4.0,10:30,https://www.xeno-canto.org/533241,gnwtea/XC533241.ogg
gnwtea,[],['nocturnal flight call'],44.0635,1.9515,Anas crecca,Green-winged Teal,Cedric Mroczko,Creative Commons Attribution-NonCommercial-ShareAlike 4.0,2.5,06:00,https://www.xeno-canto.org/533941,gnwtea/XC533941.ogg
gnwtea,[],"['adult', 'male', 'song']",43.4161,4.6875,Anas crecca,Green-winged Teal,Charlie Bodin,Creative Commons Attribution-NonCommercial-ShareAlike 4.0,4.0,14:30,https://www.xeno-canto.org/537239,gnwtea/XC537239.ogg
gnwtea,"['houspa', 'mallar3']","['call', 'female', 'male']",37.0735,-6.3784,Anas crecca,Green-winged Teal,José Carlos Sires,Creative Commons Attribution-NonCommercial-ShareAlike 4.0,2.5,?,https://www.xeno-canto.org/537666,gnwtea/XC537666.ogg
gnwtea,[],"['call', 'female', 'male', 'nocturnal flight call', 'wingbeats']",52.3857,-1.7909,Anas crecca,Green-winged Teal,John Sirrett,Creative Commons Attribution-NonCommercial-ShareAlike 4.0,4.0,23:30,https://www.xeno-canto.org/537709,gnwtea/XC537709.ogg
gnwtea,[],"['call', 'flight call', 'nocturnal flight call']",52.0172,-0.34,Anas crecca,Green-winged Teal,James P,Creative Commons Attribution-NonCommercial-ShareAlike 4.0,3.0,20:19,https://www.xeno-canto.org/538072,gnwtea/XC538072.ogg
gnwtea,[],"['flight call', 'nocturnal flight call']",54.1818,-0.3203,Anas crecca,Green-winged Teal,Will Scott,Creative Commons Attribution-NonCommercial-ShareAlike 4.0,1.0,23:22,https://www.xeno-canto.org/538140,gnwtea/XC538140.ogg
gnwtea,[],"['flight call', 'nocturnal flight call']",54.1818,-0.3203,Anas crecca,Green-winged Teal,Will Scott,Creative Commons Attribution-NonCommercial-ShareAlike 4.0,2.0,20:26,https://www.xeno-canto.org/538447,gnwtea/XC538447.ogg
gnwtea,[],"['nocturnal flight call', 'nocturnal flight call']",43.5352,-1.4475,Anas crecca,Green-winged Teal,Frédéric Cazaban,Creative Commons Attribution-NonCommercial-ShareAlike 4.0,5.0,04:30,https://www.xeno-canto.org/538582,gnwtea/XC538582.ogg
gnwtea,[],['nocturnal flight call'],52.6997,-0.3383,Anas crecca,Green-winged Teal,Josh Jones,Creative Commons Attribution-NonCommercial-ShareAlike 4.0,3.0,22:35,https://www.xeno-canto.org/540110,gnwtea/XC540110.ogg
gnwtea,[],"['nocturnal flight call', 'sex uncertain']",53.4697,9.7893,Anas crecca,Green-winged Teal,Lars Burnus,Creative Commons Attribution-NonCommercial-ShareAlike 4.0,3.0,22:08,https://www.xeno-canto.org/540364,gnwtea/XC540364.ogg
gnwtea,[],"['flight call', 'nocturnal flight call']",54.1818,-0.3203,Anas crecca,Green-winged Teal,Will Scott,Creative Commons Attribution-NonCommercial-ShareAlike 4.0,2.0,20:40,https://www.xeno-canto.org/540738,gnwtea/XC540738.ogg
gnwtea,[],['nocturnal flight call'],52.3287,21.0961,Anas crecca,Green-winged Teal,Tomasz Wałachowski,Creative Commons Attribution-NonCommercial-ShareAlike 4.0,3.0,01:00,https://www.xeno-canto.org/540837,gnwtea/XC540837.ogg
gnwtea,[],"['flight call', 'nocturnal flight call']",54.1818,-0.3203,Anas crecca,Green-winged Teal,Will Scott,Creative Commons Attribution-NonCommercial-ShareAlike 4.0,3.0,02:25,https://www.xeno-canto.org/540998,gnwtea/XC540998.ogg
gnwtea,[],['nocturnal flight call'],51.0411,3.7123,Anas crecca,Green-winged Teal,Koen Lepla,Creative Commons Attribution-NonCommercial-ShareAlike 4.0,1.0,01:00,https://www.xeno-canto.org/541015,gnwtea/XC541015.ogg
gnwtea,[],['nocturnal flight call'],47.9189,-2.2797,Anas crecca,Green-winged Teal,Gaëtan Mineau,Creative Commons Attribution-NonCommercial-ShareAlike 4.0,3.0,23:30,https://www.xeno-canto.org/541330,gnwtea/XC541330.ogg
gnwtea,[],['nocturnal flight call'],47.8207,3.351,Anas crecca,Green-winged Teal,François Bouzendorf,Creative Commons Attribution-NonCommercial-ShareAlike 4.0,5.0,23:12,https://www.xeno-canto.org/541438,gnwtea/XC541438.ogg
gnwtea,[],['flight call'],43.6108,3.8767,Anas crecca,Green-winged Teal,Pierrick Devoucoux,Creative Commons Attribution-NonCommercial-ShareAlike 4.0,3.0,20:49,https://www.xeno-canto.org/542098,gnwtea/XC542098.ogg
gnwtea,[],['nocturnal flight call'],51.0246,3.7531,Anas crecca,Green-winged Teal,Elie Desmet,Creative Commons Attribution-NonCommercial-ShareAlike 4.0,3.0,23:12,https://www.xeno-canto.org/542138,gnwtea/XC542138.ogg
gnwtea,[],['nocturnal flight call'],58.3749,26.6876,Anas crecca,Green-winged Teal,Uku Paal,Creative Commons Attribution-NonCommercial-ShareAlike 4.0,3.0,22:30,https://www.xeno-canto.org/542298,gnwtea/XC542298.ogg
gnwtea,[],"['female', 'flight call', 'male', 'nocturnal flight call']",51.056,-1.322,Anas crecca,Green-winged Teal,Tom Jordan,Creative Commons Attribution-NonCommercial-ShareAlike 4.0,2.0,19:19,https://www.xeno-canto.org/542386,gnwtea/XC542386.ogg
gnwtea,[],['nocturnal flight call'],50.7193,3.2228,Anas crecca,Green-winged Teal,Nicolas Selosse,Creative Commons Attribution-NonCommercial-ShareAlike 4.0,2.5,02:42,https://www.xeno-canto.org/542474,gnwtea/XC542474.ogg
gnwtea,[],"['flight call', 'male', 'nocturnal flight call']",50.1191,18.9721,Anas crecca,Green-winged Teal,Ireneusz Oleksik,Creative Commons Attribution-NonCommercial-ShareAlike 4.0,2.0,01:41,https://www.xeno-canto.org/542661,gnwtea/XC542661.ogg
gnwtea,[],['nocturnal flight call'],60.2357,25.0058,Anas crecca,Green-winged Teal,Juha Saari,Creative Commons Attribution-NonCommercial-ShareAlike 4.0,2.0,22:50,https://www.xeno-canto.org/542680,gnwtea/XC542680.ogg
gnwtea,[],"['flight call', 'nocturnal flight call']",54.1818,-0.3203,Anas crecca,Green-winged Teal,Will Scott,Creative Commons Attribution-NonCommercial-ShareAlike 4.0,1.0,04:03,https://www.xeno-canto.org/542734,gnwtea/XC542734.ogg
gnwtea,[],['nocturnal flight call'],58.3749,26.6876,Anas crecca,Green-winged Teal,Uku Paal,Creative Commons Attribution-NonCommercial-ShareAlike 4.0,2.0,23:30,https://www.xeno-canto.org/543431,gnwtea/XC543431.ogg
gnwtea,[],"['call', 'nocturnal flight call']",51.6825,4.3454,Anas crecca,Green-winged Teal,Robbin van Dijk,Creative Commons Attribution-NonCommercial-ShareAlike 4.0,2.0,23:33,https://www.xeno-canto.org/544632,gnwtea/XC544632.ogg
gnwtea,[],['nocturnal flight call'],43.9348,4.8056,Anas crecca,Green-winged Teal,Charlie BODIN,Creative Commons Attribution-NonCommercial-ShareAlike 4.0,2.0,21:00,https://www.xeno-canto.org/544767,gnwtea/XC544767.ogg
gnwtea,[],['nocturnal flight call'],43.9348,4.8056,Anas crecca,Green-winged Teal,Charlie BODIN,Creative Commons Attribution-NonCommercial-ShareAlike 4.0,1.0,21:00,https://www.xeno-canto.org/544781,gnwtea/XC544781.ogg
gnwtea,[],['nocturnal flight call'],43.9348,4.8056,Anas crecca,Green-winged Teal,Charlie BODIN,Creative Commons Attribution-NonCommercial-ShareAlike 4.0,2.0,21:00,https://www.xeno-canto.org/544782,gnwtea/XC544782.ogg
gnwtea,[],['nocturnal flight call'],43.9348,4.8056,Anas crecca,Green-winged Teal,Charlie BODIN,Creative Commons Attribution-NonCommercial-ShareAlike 4.0,2.0,21:00,https://www.xeno-canto.org/544783,gnwtea/XC544783.ogg
gnwtea,[],['nocturnal flight call'],43.9348,4.8056,Anas crecca,Green-winged Teal,Charlie BODIN,Creative Commons Attribution-NonCommercial-ShareAlike 4.0,2.0,21:00,https://www.xeno-canto.org/544784,gnwtea/XC544784.ogg
gnwtea,[],['nocturnal flight call'],52.0918,5.7704,Anas crecca,Green-winged Teal,Frank Pierik,Creative Commons Attribution-NonCommercial-ShareAlike 4.0,4.0,03:09,https://www.xeno-canto.org/544999,gnwtea/XC544999.ogg
gnwtea,[],['nocturnal flight call'],45.3103,1.639,Anas crecca,Green-winged Teal,Julien Barataud,Creative Commons Attribution-NonCommercial-ShareAlike 4.0,3.0,03:19,https://www.xeno-canto.org/545461,gnwtea/XC545461.ogg
gnwtea,[],"['call', 'female']",60.2136,25.1593,Anas crecca,Green-winged Teal,Hannu Varkki,Creative Commons Attribution-NonCommercial-ShareAlike 4.0,4.5,05:30,https://www.xeno-canto.org/546087,gnwtea/XC546087.ogg
gnwtea,['norsho'],"['call', 'female', 'male', 'song']",60.2145,25.0191,Anas crecca,Green-winged Teal,Hannu Varkki,Creative Commons Attribution-NonCommercial-ShareAlike 4.0,3.5,04:30,https://www.xeno-canto.org/546743,gnwtea/XC546743.ogg
gnwtea,[],['nocturnal flight call'],49.6276,0.6812,Anas crecca,Green-winged Teal,Delpit,Creative Commons Attribution-NonCommercial-ShareAlike 4.0,2.0,00:30,https://www.xeno-canto.org/547005,gnwtea/XC547005.ogg
gnwtea,[],"['adult', 'call']",52.9846,18.0263,Anas crecca,Green-winged Teal,Karol Kustusch,Creative Commons Attribution-NonCommercial-ShareAlike 4.0,5.0,15:30,https://www.xeno-canto.org/547249,gnwtea/XC547249.ogg
gnwtea,[],"['flight call', 'nocturnal flight call']",51.056,-1.322,Anas crecca,Green-winged Teal,Tom Jordan,Creative Commons Attribution-NonCommercial-ShareAlike 4.0,2.0,20:54,https://www.xeno-canto.org/548282,gnwtea/XC548282.ogg
gnwtea,[],['nocturnal flight call'],60.2357,25.0058,Anas crecca,Green-winged Teal,Juha Saari,Creative Commons Attribution-NonCommercial-ShareAlike 4.0,4.0,01:11,https://www.xeno-canto.org/549103,gnwtea/XC549103.ogg
gnwtea,[],['nocturnal flight call'],52.3878,16.9884,Anas crecca,Green-winged Teal,Sławomir Karpicki-Ignatowski,Creative Commons Attribution-NonCommercial-ShareAlike 4.0,2.0,02:30,https://www.xeno-canto.org/551435,gnwtea/XC551435.ogg
gnwtea,[],['call'],64.3966,21.0201,Anas crecca,Green-winged Teal,Lars Edenius,Creative Commons Attribution-NonCommercial-ShareAlike 4.0,4.0,20:00,https://www.xeno-canto.org/551685,gnwtea/XC551685.ogg
gnwtea,[],['nocturnal flight call'],60.2357,25.0058,Anas crecca,Green-winged Teal,Juha Saari,Creative Commons Attribution-NonCommercial-ShareAlike 4.0,3.0,01:18,https://www.xeno-canto.org/551746,gnwtea/XC551746.ogg
gnwtea,[],"['male', 'nocturnal flight call']",55.5042,9.7364,Anas crecca,Green-winged Teal,Michael Brunhøj Hansen,Creative Commons Attribution-NonCommercial-ShareAlike 4.0,2.5,01:55,https://www.xeno-canto.org/552779,gnwtea/XC552779.ogg
gnwtea,[],['nocturnal flight call'],60.2357,25.0058,Anas crecca,Green-winged Teal,Juha Saari,Creative Commons Attribution-NonCommercial-ShareAlike 4.0,3.0,01:58,https://www.xeno-canto.org/552831,gnwtea/XC552831.ogg
gnwtea,[],"['adult', 'alarm call', 'call', 'sex uncertain']",57.246,-3.6981,Anas crecca,Green-winged Teal,Peter Stronach,Creative Commons Attribution-NonCommercial-ShareAlike 4.0,5.0,21:16,https://www.xeno-canto.org/552972,gnwtea/XC552972.ogg
gnwtea,[],"['call', 'male']",52.123,6.7699,Anas crecca,Green-winged Teal,Rolf A. de By,Creative Commons Attribution-NonCommercial-ShareAlike 4.0,4.5,20:20,https://www.xeno-canto.org/554855,gnwtea/XC554855.ogg
gnwtea,[],['flight call'],63.501,19.4221,Anas crecca,Green-winged Teal,Lars Edenius,Creative Commons Attribution-NonCommercial-ShareAlike 4.0,5.0,04:00,https://www.xeno-canto.org/558181,gnwtea/XC558181.ogg
gnwtea,[],"['female', 'male', 'nocturnal flight call']",60.6991,27.0954,Anas crecca,Green-winged Teal,Eetu Paljakka,Creative Commons Attribution-NonCommercial-ShareAlike 4.0,3.5,23:15,https://www.xeno-canto.org/558766,gnwtea/XC558766.ogg
gnwtea,[],"['adult', 'male', 'song']",59.2639,17.6819,Anas crecca,Green-winged Teal,Hans Norelius,Creative Commons Attribution-NonCommercial-ShareAlike 4.0,4.0,00:30,https://www.xeno-canto.org/563267,gnwtea/XC563267.ogg
gnwtea,[],['nocturnal flight call'],59.1248,18.3501,Anas crecca,Green-winged Teal,Alan Dalton,Creative Commons Attribution-NonCommercial-ShareAlike 4.0,2.5,01:30,https://www.xeno-canto.org/565908,gnwtea/XC565908.ogg
gnwtea,[],"['flight call', 'male', 'nocturnal flight call']",50.1191,18.9721,Anas crecca,Green-winged Teal,Ireneusz Oleksik,Creative Commons Attribution-NonCommercial-ShareAlike 4.0,1.5,03:36,https://www.xeno-canto.org/570722,gnwtea/XC570722.ogg
gnwtea,[],"['call', 'female']",60.5145,27.2754,Anas crecca,Green-winged Teal,Eetu Paljakka,Creative Commons Attribution-NonCommercial-ShareAlike 4.0,3.5,01:50,https://www.xeno-canto.org/573934,gnwtea/XC573934.ogg
gnwtea,[],"['alarm call', 'call', 'flight call']",64.482,13.3188,Anas crecca,Green-winged Teal,Niels Van Doninck,Creative Commons Attribution-NonCommercial-ShareAlike 4.0,4.5,23:10,https://www.xeno-canto.org/582017,gnwtea/XC582017.ogg
gnwtea,[],"['alarm call', 'call']",64.482,13.3188,Anas crecca,Green-winged Teal,Niels Van Doninck,Creative Commons Attribution-NonCommercial-ShareAlike 4.0,4.5,23:15,https://www.xeno-canto.org/582019,gnwtea/XC582019.ogg
gnwtea,[],"['alarm call', 'call']",64.482,13.3188,Anas crecca,Green-winged Teal,Niels Van Doninck,Creative Commons Attribution-NonCommercial-ShareAlike 4.0,4.5,23:20,https://www.xeno-canto.org/582020,gnwtea/XC582020.ogg
gnwtea,[],['call'],51.3911,4.4136,Anas crecca,Green-winged Teal,Bram Vogels,Creative Commons Attribution-NonCommercial-ShareAlike 4.0,4.0,00:00,https://www.xeno-canto.org/583701,gnwtea/XC583701.ogg
gnwtea,[],['nocturnal flight call'],55.4107,12.8449,Anas crecca,Green-winged Teal,Johan Lorentzon,Creative Commons Attribution-NonCommercial-ShareAlike 4.0,4.0,22:15,https://www.xeno-canto.org/585982,gnwtea/XC585982.ogg
gnwtea,[],"['call', 'life stage uncertain', 'sex uncertain']",64.191,21.113,Anas crecca,Green-winged Teal,Alan Dalton,Creative Commons Attribution-NonCommercial-ShareAlike 4.0,4.0,06:00,https://www.xeno-canto.org/591881,gnwtea/XC591881.ogg
gnwtea,[],"['adult', 'flight call', 'male', 'song']",52.2671,20.4603,Anas crecca,Green-winged Teal,Jarek Matusiak,Creative Commons Attribution-NonCommercial-ShareAlike 4.0,5.0,06:00,https://www.xeno-canto.org/593816,gnwtea/XC593816.ogg
gnwtea,[],"['adult', 'female', 'flight call', 'male', 'song']",52.2671,20.4603,Anas crecca,Green-winged Teal,Jarek Matusiak,Creative Commons Attribution-NonCommercial-ShareAlike 4.0,5.0,06:00,https://www.xeno-canto.org/593821,gnwtea/XC593821.ogg
gnwtea,[],"['adult', 'call', 'female']",51.2896,19.3477,Anas crecca,Green-winged Teal,Jarek Matusiak,Creative Commons Attribution-NonCommercial-ShareAlike 4.0,5.0,06:00,https://www.xeno-canto.org/594011,gnwtea/XC594011.ogg
gnwtea,[],"['Possibly hybrid', 'aberrant', 'call']",50.9865,1.9695,Anas crecca,Green-winged Teal,Stanislas Wroza,Creative Commons Attribution-NonCommercial-ShareAlike 4.0,5.0,14:00,https://www.xeno-canto.org/594238,gnwtea/XC594238.ogg
gnwtea,[],"['alarm call', 'call', 'female']",58.6201,23.072,Anas crecca,Green-winged Teal,Uku Paal,Creative Commons Attribution-NonCommercial-ShareAlike 4.0,3.5,19:00,https://www.xeno-canto.org/595839,gnwtea/XC595839.ogg
gnwtea,[],['nocturnal flight call'],48.675,2.3501,Anas crecca,Green-winged Teal,julien Rochefort,Creative Commons Attribution-NonCommercial-ShareAlike 4.0,4.0,00:48,https://www.xeno-canto.org/596588,gnwtea/XC596588.ogg
gnwtea,['eurwig'],"['call', 'female']",58.6201,23.072,Anas crecca,Green-winged Teal,Uku Paal,Creative Commons Attribution-NonCommercial-ShareAlike 4.0,2.5,19:30,https://www.xeno-canto.org/597469,gnwtea/XC597469.ogg
gnwtea,[],"['call', 'flight call']",51.382,-0.1523,Anas crecca,Green-winged Teal,Arjun Dutta,Creative Commons Attribution-NonCommercial-ShareAlike 4.0,4.0,10:35,https://www.xeno-canto.org/598187,gnwtea/XC598187.ogg
gnwtea,[],['call'],51.7332,-0.2692,Anas crecca,Green-winged Teal,Calum Mckellar,Creative Commons Attribution-NonCommercial-ShareAlike 4.0,3.0,11:30,https://www.xeno-canto.org/602172,gnwtea/XC602172.ogg
gnwtea,[],"['call', 'female']",41.6862,0.945,Anas crecca,Green-winged Teal,Sean Ronayne,Creative Commons Attribution-NonCommercial-ShareAlike 4.0,5.0,10:00,https://www.xeno-canto.org/603666,gnwtea/XC603666.ogg
gnwtea,[],['call'],41.6862,0.945,Anas crecca,Green-winged Teal,Sean Ronayne,Creative Commons Attribution-NonCommercial-ShareAlike 4.0,5.0,11:00,https://www.xeno-canto.org/603667,gnwtea/XC603667.ogg
gnwtea,[],['call'],51.8106,-0.6936,Anas crecca,Green-winged Teal,Calum Mckellar,Creative Commons Attribution-NonCommercial-ShareAlike 4.0,5.0,08:34,https://www.xeno-canto.org/604186,gnwtea/XC604186.ogg
gnwtea,[],['call'],51.8106,-0.6936,Anas crecca,Green-winged Teal,Calum Mckellar,Creative Commons Attribution-NonCommercial-ShareAlike 4.0,5.0,08:38,https://www.xeno-canto.org/604188,gnwtea/XC604188.ogg
gnwtea,[],['call'],51.382,-0.1523,Anas crecca,Green-winged Teal,Arjun Dutta,Creative Commons Attribution-NonCommercial-ShareAlike 4.0,3.0,11:33,https://www.xeno-canto.org/604848,gnwtea/XC604848.ogg
gnwtea,[],"['call', 'female', 'male']",59.874,-1.2773,Anas crecca,Green-winged Teal,Andrew Harrop,Creative Commons Attribution-NonCommercial-ShareAlike 4.0,5.0,09:00,https://www.xeno-canto.org/604939,gnwtea/XC604939.ogg
gnwtea,[],"['call', 'female', 'male']",59.874,-1.2773,Anas crecca,Green-winged Teal,Andrew Harrop,Creative Commons Attribution-NonCommercial-ShareAlike 4.0,5.0,08:00,https://www.xeno-canto.org/605173,gnwtea/XC605173.ogg
gnwtea,[],['nocturnal flight call'],54.949,-1.48,Anas crecca,Green-winged Teal,Mark Newsome,Creative Commons Attribution-NonCommercial-ShareAlike 4.0,4.0,05:13,https://www.xeno-canto.org/607185,gnwtea/XC607185.ogg
gnwtea,[],['uncertain'],46.0143,-0.994,Anas crecca,Green-winged Teal,Jean Christophe Pratt ,Creative Commons Attribution-NonCommercial-ShareAlike 4.0,2.0,10:00,https://www.xeno-canto.org/607943,gnwtea/XC607943.ogg
gnwtea,[],"['Sneezing', 'call', 'whistle']",48.7538,1.9628,Anas crecca,Green-winged Teal,Stanislas Wroza,Creative Commons Attribution-NonCommercial-ShareAlike 4.0,3.0,22:00,https://www.xeno-canto.org/608189,gnwtea/XC608189.ogg
gnwtea,[],"['adult', 'call', 'sex uncertain']",56.7388,-2.5776,Anas crecca,Green-winged Teal,Simon Busuttil,Creative Commons Attribution-NonCommercial-ShareAlike 4.0,3.0,01:00,https://www.xeno-canto.org/608721,gnwtea/XC608721.ogg
gnwtea,[],['flight call'],63.501,19.4221,Anas crecca,Green-winged Teal,Lars Edenius,Creative Commons Attribution-NonCommercial-ShareAlike 4.0,4.5,04:00,https://www.xeno-canto.org/609132,gnwtea/XC609132.ogg
gnwtea,[],['call'],65.1761,18.8739,Anas crecca,Green-winged Teal,Lars Edenius,Creative Commons Attribution-NonCommercial-ShareAlike 4.0,5.0,07:00,https://www.xeno-canto.org/610926,gnwtea/XC610926.ogg
gnwtea,[],"['call', 'female', 'male']",52.5495,-0.7436,Anas crecca,Green-winged Teal,Andrew Harrop,Creative Commons Attribution-NonCommercial-ShareAlike 4.0,5.0,10:30,https://www.xeno-canto.org/611628,gnwtea/XC611628.ogg
gnwtea,['norpin'],"['adult', 'call', 'female', 'male']",53.3723,-6.1492,Anas crecca,Green-winged Teal,Alan Dalton,Creative Commons Attribution-NonCommercial-ShareAlike 4.0,4.5,10:00,https://www.xeno-canto.org/611633,gnwtea/XC611633.ogg
gnwtea,[],['nocturnal flight call'],54.949,-1.48,Anas crecca,Green-winged Teal,Mark Newsome,Creative Commons Attribution-NonCommercial-ShareAlike 4.0,4.0,22:58,https://www.xeno-canto.org/613512,gnwtea/XC613512.ogg
gnwtea,[],['call'],48.3421,-4.4003,Anas crecca,Green-winged Teal,Adrien Mauss,Creative Commons Attribution-NonCommercial-ShareAlike 4.0,3.5,03:05,https://www.xeno-canto.org/613830,gnwtea/XC613830.ogg
gnwtea,[],['call'],48.3421,-4.4003,Anas crecca,Green-winged Teal,Adrien Mauss,Creative Commons Attribution-NonCommercial-ShareAlike 4.0,4.5,04:28,https://www.xeno-canto.org/613833,gnwtea/XC613833.ogg
gnwtea,[],['call'],51.8605,-8.1752,Anas crecca,Green-winged Teal,Irish Wildlife Sounds,Creative Commons Attribution-NonCommercial-ShareAlike 4.0,4.0,12:00,https://www.xeno-canto.org/614134,gnwtea/XC614134.ogg
gnwtea,[],"['adult', 'call', 'sex uncertain']",48.6366,-4.2945,Anas crecca,Green-winged Teal,Tristan Guillebot de Nerville,Creative Commons Attribution-NonCommercial-ShareAlike 4.0,3.5,12:26,https://www.xeno-canto.org/614421,gnwtea/XC614421.ogg
gnwtea,[],"['adult', 'call', 'sex uncertain']",48.6366,-4.2945,Anas crecca,Green-winged Teal,Tristan Guillebot de Nerville,Creative Commons Attribution-NonCommercial-ShareAlike 4.0,4.5,12:26,https://www.xeno-canto.org/614423,gnwtea/XC614423.ogg
gnwtea,[],['call'],52.011,4.9144,Anas crecca,Green-winged Teal,Albert Noorlander,Creative Commons Attribution-NonCommercial-ShareAlike 4.0,5.0,10:00,https://www.xeno-canto.org/615103,gnwtea/XC615103.ogg
gnwtea,['norpin'],['call'],46.7567,1.1693,Anas crecca,Green-winged Teal,Stanislas Wroza,Creative Commons Attribution-NonCommercial-ShareAlike 4.0,3.5,10:00,https://www.xeno-canto.org/615275,gnwtea/XC615275.ogg
gnwtea,['norpin'],['call'],46.7567,1.1693,Anas crecca,Green-winged Teal,Stanislas Wroza,Creative Commons Attribution-NonCommercial-ShareAlike 4.0,3.5,10:00,https://www.xeno-canto.org/615276,gnwtea/XC615276.ogg
gnwtea,[],['call'],46.3725,0.8185,Anas crecca,Green-winged Teal,Stanislas Wroza,Creative Commons Attribution-NonCommercial-ShareAlike 4.0,4.0,09:00,https://www.xeno-canto.org/616000,gnwtea/XC616000.ogg
gnwtea,[],['call'],46.3725,0.8185,Anas crecca,Green-winged Teal,Stanislas Wroza,Creative Commons Attribution-NonCommercial-ShareAlike 4.0,4.0,09:00,https://www.xeno-canto.org/616006,gnwtea/XC616006.ogg
gnwtea,[],['call'],46.3725,0.8185,Anas crecca,Green-winged Teal,Stanislas Wroza,Creative Commons Attribution-NonCommercial-ShareAlike 4.0,5.0,09:00,https://www.xeno-canto.org/616007,gnwtea/XC616007.ogg
gnwtea,[],['flight call'],46.3725,0.8185,Anas crecca,Green-winged Teal,Stanislas Wroza,Creative Commons Attribution-NonCommercial-ShareAlike 4.0,4.0,09:00,https://www.xeno-canto.org/616009,gnwtea/XC616009.ogg
gnwtea,[],['flight call'],46.3725,0.8185,Anas crecca,Green-winged Teal,Stanislas Wroza,Creative Commons Attribution-NonCommercial-ShareAlike 4.0,4.0,09:00,https://www.xeno-canto.org/616011,gnwtea/XC616011.ogg
gnwtea,[],['flight call'],46.3725,0.8185,Anas crecca,Green-winged Teal,Stanislas Wroza,Creative Commons Attribution-NonCommercial-ShareAlike 4.0,4.0,09:00,https://www.xeno-canto.org/616012,gnwtea/XC616012.ogg
gnwtea,[],['flight call'],46.3725,0.8185,Anas crecca,Green-winged Teal,Stanislas Wroza,Creative Commons Attribution-NonCommercial-ShareAlike 4.0,4.0,09:00,https://www.xeno-canto.org/616013,gnwtea/XC616013.ogg
gnwtea,[],['call'],51.8605,-8.1752,Anas crecca,Green-winged Teal,Irish Wildlife Sounds,Creative Commons Attribution-NonCommercial-ShareAlike 4.0,1.0,12:00,https://www.xeno-canto.org/616509,gnwtea/XC616509.ogg
gnwtea,[],"['flight call', 'nocturnal flight call']",54.1818,-0.3203,Anas crecca,Green-winged Teal,Will Scott,Creative Commons Attribution-NonCommercial-ShareAlike 4.0,4.0,02:35,https://www.xeno-canto.org/616771,gnwtea/XC616771.ogg
gnwtea,[],"['call', 'flight call', 'nocturnal flight call']",53.1101,-0.4035,Anas crecca,Green-winged Teal,James P,Creative Commons Attribution-NonCommercial-ShareAlike 4.0,3.0,18:37,https://www.xeno-canto.org/617502,gnwtea/XC617502.ogg
gnwtea,[],['nocturnal flight call'],39.3544,-0.3164,Anas crecca,Green-winged Teal,BirdingAlbufera,Creative Commons Attribution-NonCommercial-ShareAlike 4.0,2.0,06:30,https://www.xeno-canto.org/617799,gnwtea/XC617799.ogg
gnwtea,[],"['flight call', 'nocturnal flight call']",54.1818,-0.3203,Anas crecca,Green-winged Teal,Will Scott,Creative Commons Attribution-NonCommercial-ShareAlike 4.0,4.0,23:00,https://www.xeno-canto.org/617833,gnwtea/XC617833.ogg
gnwtea,[],"['adult', 'nocturnal flight call', 'sex uncertain']",52.0165,-8.5699,Anas crecca,Green-winged Teal,Michael John O Mahony,Creative Commons Attribution-NonCommercial-ShareAlike 4.0,4.0,19:00,https://www.xeno-canto.org/619206,gnwtea/XC619206.ogg
gnwtea,[],"['flight call', 'long-distance call', 'nocturnal flight call', 'wing beats']",59.8488,18.0095,Anas crecca,Green-winged Teal,Robert Ekman,Creative Commons Attribution-NonCommercial-ShareAlike 4.0,2.0,23:35,https://www.xeno-canto.org/620120,gnwtea/XC620120.ogg
gnwtea,[],['nocturnal flight call'],52.0773,4.7608,Anas crecca,Green-winged Teal,Martin Fousert,Creative Commons Attribution-NonCommercial-ShareAlike 4.0,4.0,20:22,https://www.xeno-canto.org/620484,gnwtea/XC620484.ogg
gnwtea,[],"['call', 'flight call', 'nocturnal flight call']",53.9299,-2.9833,Anas crecca,Green-winged Teal,Chris Batty,Creative Commons Attribution-NonCommercial-ShareAlike 4.0,3.0,00:07,https://www.xeno-canto.org/621755,gnwtea/XC621755.ogg
gnwtea,[],"['call', 'flight call', 'nocturnal flight call']",53.9299,-2.9833,Anas crecca,Green-winged Teal,Chris Batty,Creative Commons Attribution-NonCommercial-ShareAlike 4.0,2.5,06:29,https://www.xeno-canto.org/621756,gnwtea/XC621756.ogg
gnwtea,[],"['call', 'flight call', 'nocturnal flight call']",54.2081,-0.2889,Anas crecca,Green-winged Teal,Mark Pearson,Creative Commons Attribution-NonCommercial-ShareAlike 4.0,3.0,05:15,https://www.xeno-canto.org/622102,gnwtea/XC622102.ogg
gnwtea,[],"['flight call', 'nocturnal flight call']",54.1818,-0.3203,Anas crecca,Green-winged Teal,Will Scott,Creative Commons Attribution-NonCommercial-ShareAlike 4.0,4.0,23:18,https://www.xeno-canto.org/622596,gnwtea/XC622596.ogg
gnwtea,[],"['adult', 'call', 'sex uncertain']",39.2427,16.5115,Anas crecca,Green-winged Teal,Gianluca Congi,Creative Commons Attribution-NonCommercial-ShareAlike 4.0,1.0,09:00,https://www.xeno-canto.org/622877,gnwtea/XC622877.ogg
gnwtea,[],"['call', 'flight call', 'nocturnal flight call']",54.1145,-0.1224,Anas crecca,Green-winged Teal,Mark Pearson,Creative Commons Attribution-NonCommercial-ShareAlike 4.0,4.0,23:20,https://www.xeno-canto.org/622994,gnwtea/XC622994.ogg
gnwtea,[],"['flight call', 'nocturnal flight call']",54.1818,-0.3203,Anas crecca,Green-winged Teal,Will Scott,Creative Commons Attribution-NonCommercial-ShareAlike 4.0,4.0,01:02,https://www.xeno-canto.org/623357,gnwtea/XC623357.ogg
gnwtea,[],['nocturnal flight call'],51.8346,5.8519,Anas crecca,Green-winged Teal,Martijn Verdoes,Creative Commons Attribution-NonCommercial-ShareAlike 4.0,4.0,22:50,https://www.xeno-canto.org/623521,gnwtea/XC623521.ogg
gnwtea,[],['flight call'],48.1113,0.2126,Anas crecca,Green-winged Teal,Christian Kerihuel,Creative Commons Attribution-NonCommercial-ShareAlike 4.0,3.0,01:00,https://www.xeno-canto.org/624227,gnwtea/XC624227.ogg
gnwtea,[],"['flight call', 'nocturnal flight call']",54.1818,-0.3203,Anas crecca,Green-winged Teal,Will Scott,Creative Commons Attribution-NonCommercial-ShareAlike 4.0,2.0,18:39,https://www.xeno-canto.org/624620,gnwtea/XC624620.ogg
gnwtea,[],"['flight call', 'male', 'nocturnal flight call']",51.6825,4.3454,Anas crecca,Green-winged Teal,Robbin van Dijk,Creative Commons Attribution-NonCommercial-ShareAlike 4.0,2.0,03:22,https://www.xeno-canto.org/625137,gnwtea/XC625137.ogg
gnwtea,[],['nocturnal flight call'],53.6719,-1.7852,Anas crecca,Green-winged Teal,David Tattersley,Creative Commons Attribution-NonCommercial-ShareAlike 4.0,4.0,01:30,https://www.xeno-canto.org/625391,gnwtea/XC625391.ogg
gnwtea,[],['nocturnal flight call'],50.7542,4.5672,Anas crecca,Green-winged Teal,Frederik Fluyt,Creative Commons Attribution-NonCommercial-ShareAlike 4.0,4.0,01:30,https://www.xeno-canto.org/625405,gnwtea/XC625405.ogg
gnwtea,[],['call'],52.3316,-0.864,Anas crecca,Green-winged Teal,Jacob Spinks,Creative Commons Attribution-NonCommercial-ShareAlike 4.0,3.0,13:10,https://www.xeno-canto.org/625723,gnwtea/XC625723.ogg
gnwtea,[],['nocturnal flight call'],47.3896,4.3069,Anas crecca,Green-winged Teal,Kévin Giraudin,Creative Commons Attribution-NonCommercial-ShareAlike 4.0,4.0,02:15,https://www.xeno-canto.org/625907,gnwtea/XC625907.ogg
gnwtea,[],['nocturnal flight call'],54.0113,-0.3886,Anas crecca,Green-winged Teal,James Spencer,Creative Commons Attribution-NonCommercial-ShareAlike 4.0,2.0,18:21,https://www.xeno-canto.org/625961,gnwtea/XC625961.ogg
gnwtea,[],"['call', 'female', 'male']",51.8585,-8.2699,Anas crecca,Green-winged Teal,Irish Wildlife Sounds,Creative Commons Attribution-NonCommercial-ShareAlike 4.0,4.0,08:00,https://www.xeno-canto.org/627088,gnwtea/XC627088.ogg
gnwtea,[],['nocturnal flight call'],51.7575,-0.4687,Anas crecca,Green-winged Teal,Calum Mckellar,Creative Commons Attribution-NonCommercial-ShareAlike 4.0,4.0,20:12,https://www.xeno-canto.org/627444,gnwtea/XC627444.ogg
gnwtea,[],"['flight call', 'nocturnal flight call']",54.1818,-0.3203,Anas crecca,Green-winged Teal,Will Scott,Creative Commons Attribution-NonCommercial-ShareAlike 4.0,4.0,19:05,https://www.xeno-canto.org/627480,gnwtea/XC627480.ogg
gnwtea,[],['nocturnal flight call'],45.1565,1.8163,Anas crecca,Green-winged Teal,Testaert Dominique,Creative Commons Attribution-NonCommercial-ShareAlike 4.0,4.0,20:30,https://www.xeno-canto.org/627757,gnwtea/XC627757.ogg
gnwtea,[],['nocturnal flight call'],51.6077,-0.1944,Anas crecca,Green-winged Teal,Samuel Levy,Creative Commons Attribution-NonCommercial-ShareAlike 4.0,3.0,20:45,https://www.xeno-canto.org/628504,gnwtea/XC628504.ogg
gnwtea,[],['nocturnal flight call'],51.6077,-0.1944,Anas crecca,Green-winged Teal,Samuel Levy,Creative Commons Attribution-NonCommercial-ShareAlike 4.0,3.0,01:14,https://www.xeno-canto.org/628538,gnwtea/XC628538.ogg
gnwtea,[],['nocturnal flight call'],51.6077,-0.1944,Anas crecca,Green-winged Teal,Samuel Levy,Creative Commons Attribution-NonCommercial-ShareAlike 4.0,3.0,18:40,https://www.xeno-canto.org/628558,gnwtea/XC628558.ogg
gnwtea,[],['nocturnal flight call'],52.5596,-1.2453,Anas crecca,Green-winged Teal,Dale Green,Creative Commons Attribution-NonCommercial-ShareAlike 4.0,3.0,22:04,https://www.xeno-canto.org/628568,gnwtea/XC628568.ogg
gnwtea,[],['nocturnal flight call'],39.4555,-8.071,Anas crecca,Green-winged Teal,Paulo Alves,Creative Commons Attribution-NonCommercial-ShareAlike 4.0,2.5,20:30,https://www.xeno-canto.org/628773,gnwtea/XC628773.ogg
gnwtea,[],"['flight call', 'nocturnal flight call']",54.1818,-0.3203,Anas crecca,Green-winged Teal,Will Scott,Creative Commons Attribution-NonCommercial-ShareAlike 4.0,4.0,22:32,https://www.xeno-canto.org/628933,gnwtea/XC628933.ogg
gnwtea,[],['call'],52.1781,4.8275,Anas crecca,Green-winged Teal,Albert Noorlander,Creative Commons Attribution-NonCommercial-ShareAlike 4.0,5.0,07:45,https://www.xeno-canto.org/629190,gnwtea/XC629190.ogg
gnwtea,[],['call'],52.1781,4.8275,Anas crecca,Green-winged Teal,Albert Noorlander,Creative Commons Attribution-NonCommercial-ShareAlike 4.0,5.0,07:45,https://www.xeno-canto.org/629203,gnwtea/XC629203.ogg
gnwtea,[],['nocturnal flight call'],48.0228,0.1995,Anas crecca,Green-winged Teal,Christian Kerihuel,Creative Commons Attribution-NonCommercial-ShareAlike 4.0,3.0,02:30,https://www.xeno-canto.org/629784,gnwtea/XC629784.ogg
gnwtea,[],['call'],41.0992,1.1604,Anas crecca,Green-winged Teal,Sidney M,Creative Commons Attribution-NonCommercial-ShareAlike 4.0,4.0,10:30,https://www.xeno-canto.org/629934,gnwtea/XC629934.ogg
gnwtea,[],['nocturnal flight call'],53.6719,-1.7852,Anas crecca,Green-winged Teal,David Tattersley,Creative Commons Attribution-NonCommercial-ShareAlike 4.0,2.0,20:30,https://www.xeno-canto.org/630050,gnwtea/XC630050.ogg
gnwtea,[],['nocturnal flight call'],53.6719,-1.7852,Anas crecca,Green-winged Teal,David Tattersley,Creative Commons Attribution-NonCommercial-ShareAlike 4.0,2.0,02:30,https://www.xeno-canto.org/630051,gnwtea/XC630051.ogg
gnwtea,[],"['female', 'nocturnal flight call']",39.918,65.1588,Anas crecca,Green-winged Teal,Martin Grienenberger,Creative Commons Attribution-NonCommercial-ShareAlike 4.0,3.0,19:53,https://www.xeno-canto.org/630216,gnwtea/XC630216.ogg
gnwtea,[],['nocturnal flight call'],51.0445,2.3912,Anas crecca,Green-winged Teal,Julien Piette,Creative Commons Attribution-NonCommercial-ShareAlike 4.0,2.0,21:32,https://www.xeno-canto.org/630590,gnwtea/XC630590.ogg
gnwtea,[],"['flight call', 'nocturnal flight call']",54.1818,-0.3203,Anas crecca,Green-winged Teal,Will Scott,Creative Commons Attribution-NonCommercial-ShareAlike 4.0,2.0,19:10,https://www.xeno-canto.org/630605,gnwtea/XC630605.ogg
gnwtea,[],"['flight call', 'nocturnal flight call']",54.1818,-0.3203,Anas crecca,Green-winged Teal,Will Scott,Creative Commons Attribution-NonCommercial-ShareAlike 4.0,4.0,20:00,https://www.xeno-canto.org/630606,gnwtea/XC630606.ogg
gnwtea,[],"['life stage uncertain', 'nocturnal flight call', 'sex uncertain']",52.94,-0.588,Anas crecca,Green-winged Teal,Trevor Lee,Creative Commons Attribution-NonCommercial-ShareAlike 4.0,2.0,01:00,https://www.xeno-canto.org/630779,gnwtea/XC630779.ogg
gnwtea,[],['nocturnal flight call'],51.0602,13.7714,Anas crecca,Green-winged Teal,Jens Loose,Creative Commons Attribution-ShareAlike 4.0,4.0,03:28,https://www.xeno-canto.org/630780,gnwtea/XC630780.ogg
gnwtea,[],"['flight call', 'nocturnal flight call']",54.1818,-0.3203,Anas crecca,Green-winged Teal,Will Scott,Creative Commons Attribution-NonCommercial-ShareAlike 4.0,4.0,21:33,https://www.xeno-canto.org/630845,gnwtea/XC630845.ogg
gnwtea,[],['nocturnal flight call'],50.7542,4.5672,Anas crecca,Green-winged Teal,Frederik Fluyt,Creative Commons Attribution-NonCommercial-ShareAlike 4.0,4.0,02:00,https://www.xeno-canto.org/631461,gnwtea/XC631461.ogg
gnwtea,[],"['call', 'nocturnal flight call']",52.457,10.1972,Anas crecca,Green-winged Teal,Sven Kransel,Creative Commons Attribution-NonCommercial-ShareAlike 4.0,4.0,03:00,https://www.xeno-canto.org/631484,gnwtea/XC631484.ogg
gnwtea,[],"['alarm call', 'flight call']",44.6457,-1.0307,Anas crecca,Green-winged Teal,Bernard BOUSQUET,Creative Commons Attribution-NonCommercial-ShareAlike 3.0,4.0,11:00,https://www.xeno-canto.org/631674,gnwtea/XC631674.ogg
gnwtea,[],"['male', 'nocturnal flight call']",52.1551,-7.3835,Anas crecca,Green-winged Teal,Daniel Weldon,Creative Commons Attribution-NonCommercial-ShareAlike 4.0,4.0,23:30,https://www.xeno-canto.org/631722,gnwtea/XC631722.ogg
gnwtea,[],"['flight call', 'nocturnal flight call']",50.1191,18.9721,Anas crecca,Green-winged Teal,Ireneusz Oleksik,Creative Commons Attribution-NonCommercial-ShareAlike 4.0,2.0,20:24,https://www.xeno-canto.org/631794,gnwtea/XC631794.ogg
gnwtea,['norpin'],['nocturnal flight call'],50.7542,4.5672,Anas crecca,Green-winged Teal,Frederik Fluyt,Creative Commons Attribution-NonCommercial-ShareAlike 4.0,2.5,03:30,https://www.xeno-canto.org/631858,gnwtea/XC631858.ogg
gnwtea,[],"['adult', 'nocturnal flight call', 'sex uncertain']",52.0165,-8.5699,Anas crecca,Green-winged Teal,Michael John O Mahony,Creative Commons Attribution-NonCommercial-ShareAlike 4.0,4.0,21:00,https://www.xeno-canto.org/631945,gnwtea/XC631945.ogg
gnwtea,[],"['call', 'flight call', 'nocturnal flight call']",54.1145,-0.1224,Anas crecca,Green-winged Teal,Mark Pearson,Creative Commons Attribution-NonCommercial-ShareAlike 4.0,3.0,20:18,https://www.xeno-canto.org/632056,gnwtea/XC632056.ogg
gnwtea,[],"['adult', 'nocturnal flight call']",52.0629,-1.3398,Anas crecca,Green-winged Teal,Gareth Blockley,Creative Commons Attribution-NonCommercial-ShareAlike 4.0,3.0,22:10,https://www.xeno-canto.org/632374,gnwtea/XC632374.ogg
gnwtea,[],['nocturnal flight call'],43.5352,-1.4475,Anas crecca,Green-winged Teal,Frédéric Cazaban,Creative Commons Attribution-NonCommercial-ShareAlike 4.0,4.0,01:18,https://www.xeno-canto.org/632587,gnwtea/XC632587.ogg
gnwtea,[],['call'],52.1418,5.3724,Anas crecca,Green-winged Teal,Frank Pierik,Creative Commons Attribution-NonCommercial-ShareAlike 4.0,4.0,04:15,https://www.xeno-canto.org/632824,gnwtea/XC632824.ogg
gnwtea,[],"['life stage uncertain', 'sex uncertain']",47.3892,2.3576,Anas crecca,Green-winged Teal,Hervé,Creative Commons Attribution-NonCommercial-ShareAlike 4.0,4.0,00:30,https://www.xeno-canto.org/633018,gnwtea/XC633018.ogg
gnwtea,[],['nocturnal flight call'],60.2357,25.0058,Anas crecca,Green-winged Teal,Juha Saari,Creative Commons Attribution-NonCommercial-ShareAlike 4.0,4.0,21:19,https://www.xeno-canto.org/633146,gnwtea/XC633146.ogg
gnwtea,[],['uncertain'],47.4314,-0.5948,Anas crecca,Green-winged Teal,Siméon Béasse,Creative Commons Attribution-NonCommercial-ShareAlike 4.0,5.0,03:00,https://www.xeno-canto.org/634256,gnwtea/XC634256.ogg
gnwtea,[],['nocturnal flight call'],43.5352,-1.4475,Anas crecca,Green-winged Teal,Frédéric Cazaban,Creative Commons Attribution-NonCommercial-ShareAlike 4.0,3.5,03:16,https://www.xeno-canto.org/635336,gnwtea/XC635336.ogg
gnwtea,[],['nocturnal flight call'],60.2357,25.0058,Anas crecca,Green-winged Teal,Juha Saari,Creative Commons Attribution-NonCommercial-ShareAlike 4.0,4.0,21:25,https://www.xeno-canto.org/635636,gnwtea/XC635636.ogg
gnwtea,[],['nocturnal flight call'],52.2688,-7.1063,Anas crecca,Green-winged Teal,Mícheál Cowming,Creative Commons Attribution-NonCommercial-ShareAlike 4.0,2.0,22:40,https://www.xeno-canto.org/635658,gnwtea/XC635658.ogg
gnwtea,[],"['call', 'flight call', 'nocturnal flight call']",54.2081,-0.2889,Anas crecca,Green-winged Teal,Mark Pearson,Creative Commons Attribution-NonCommercial-ShareAlike 4.0,3.0,03:25,https://www.xeno-canto.org/635721,gnwtea/XC635721.ogg
gnwtea,[],"['flight call', 'nocturnal flight call']",54.1818,-0.3203,Anas crecca,Green-winged Teal,Will Scott,Creative Commons Attribution-NonCommercial-ShareAlike 4.0,4.0,23:16,https://www.xeno-canto.org/635752,gnwtea/XC635752.ogg
gnwtea,[],['nocturnal flight call'],53.5833,-1.766,Anas crecca,Green-winged Teal,David Pennington,Creative Commons Attribution-NonCommercial-ShareAlike 4.0,4.0,00:03,https://www.xeno-canto.org/635997,gnwtea/XC635997.ogg
gnwtea,[],['nocturnal flight call'],52.1418,5.3724,Anas crecca,Green-winged Teal,Frank Pierik,Creative Commons Attribution-NonCommercial-ShareAlike 4.0,2.0,02:05,https://www.xeno-canto.org/636033,gnwtea/XC636033.ogg
gnwtea,[],"['call', 'female', 'male']",51.8503,-8.2943,Anas crecca,Green-winged Teal,Irish Wildlife Sounds,Creative Commons Attribution-NonCommercial-ShareAlike 4.0,5.0,9:00,https://www.xeno-canto.org/636125,gnwtea/XC636125.ogg
gnwtea,[],"['call', 'female', 'male']",51.8503,-8.2943,Anas crecca,Green-winged Teal,Irish Wildlife Sounds,Creative Commons Attribution-NonCommercial-ShareAlike 4.0,5.0,9:00,https://www.xeno-canto.org/636127,gnwtea/XC636127.ogg
gnwtea,[],"['call', 'male']",51.8503,-8.2943,Anas crecca,Green-winged Teal,Irish Wildlife Sounds,Creative Commons Attribution-NonCommercial-ShareAlike 4.0,5.0,9:00,https://www.xeno-canto.org/636128,gnwtea/XC636128.ogg
gnwtea,[],"['flight call', 'nocturnal flight call']",54.1818,-0.3203,Anas crecca,Green-winged Teal,Will Scott,Creative Commons Attribution-NonCommercial-ShareAlike 4.0,4.0,21:18,https://www.xeno-canto.org/636654,gnwtea/XC636654.ogg
gnwtea,[],['nocturnal flight call'],54.2386,-0.4196,Anas crecca,Green-winged Teal,Dan Lombard,Creative Commons Attribution-NonCommercial-ShareAlike 4.0,3.0,23:30,https://www.xeno-canto.org/636802,gnwtea/XC636802.ogg
gnwtea,[],"['flight call', 'nocturnal flight call']",54.1818,-0.3203,Anas crecca,Green-winged Teal,Will Scott,Creative Commons Attribution-NonCommercial-ShareAlike 4.0,2.0,02:28,https://www.xeno-canto.org/637005,gnwtea/XC637005.ogg
gnwtea,[],['nocturnal flight call'],52.1418,5.3724,Anas crecca,Green-winged Teal,Frank Pierik,Creative Commons Attribution-NonCommercial-ShareAlike 4.0,4.0,21:56,https://www.xeno-canto.org/637315,gnwtea/XC637315.ogg
gnwtea,[],['nocturnal flight call'],60.2357,25.0058,Anas crecca,Green-winged Teal,Juha Saari,Creative Commons Attribution-NonCommercial-ShareAlike 4.0,4.0,01:35,https://www.xeno-canto.org/637350,gnwtea/XC637350.ogg
gnwtea,[],['nocturnal flight call'],52.2321,-8.6701,Anas crecca,Green-winged Teal,Irish Wildlife Sounds,Creative Commons Attribution-NonCommercial-ShareAlike 4.0,4.0,1:00,https://www.xeno-canto.org/637603,gnwtea/XC637603.ogg
gnwtea,[],['nocturnal flight call'],52.2321,-8.6701,Anas crecca,Green-winged Teal,Irish Wildlife Sounds,Creative Commons Attribution-NonCommercial-ShareAlike 4.0,3.0,3:00,https://www.xeno-canto.org/637626,gnwtea/XC637626.ogg
gnwtea,[],"['flight call', 'nocturnal flight call']",53.5919,-1.6509,Anas crecca,Green-winged Teal,Kristian Whittaker,Creative Commons Attribution-NonCommercial-ShareAlike 4.0,4.0,21:47,https://www.xeno-canto.org/637690,gnwtea/XC637690.ogg
gnwtea,['mallar3'],"['call', 'female', 'male', 'song']",60.2183,25.1208,Anas crecca,Green-winged Teal,Hannu Varkki,Creative Commons Attribution-NonCommercial-ShareAlike 4.0,3.5,08:30,https://www.xeno-canto.org/637764,gnwtea/XC637764.ogg
gnwtea,['skylar'],['flight call'],53.959,20.3916,Anas crecca,Green-winged Teal,Krzysztof Jankowski,Creative Commons Attribution-NonCommercial-ShareAlike 4.0,3.5,10:00,https://www.xeno-canto.org/637909,gnwtea/XC637909.ogg
gnwtea,[],['nocturnal flight call'],53.2281,-4.1356,Anas crecca,Green-winged Teal,Toby Carter,Creative Commons Attribution-NonCommercial-ShareAlike 4.0,1.0,23:00,https://www.xeno-canto.org/638639,gnwtea/XC638639.ogg
gnwtea,[],"['call', 'flight call', 'nocturnal flight call']",45.9458,1.353,Anas crecca,Green-winged Teal,Maxence Fouillade,Creative Commons Attribution-NonCommercial-ShareAlike 4.0,4.0,22:30,https://www.xeno-canto.org/638698,gnwtea/XC638698.ogg
gnwtea,[],"['call', 'flight call']",45.9458,1.353,Anas crecca,Green-winged Teal,Maxence Fouillade,Creative Commons Attribution-NonCommercial-ShareAlike 4.0,4.0,19:30,https://www.xeno-canto.org/638699,gnwtea/XC638699.ogg
gnwtea,[],['uncertain'],53.2281,-4.1356,Anas crecca,Green-winged Teal,Toby Carter,Creative Commons Attribution-NonCommercial-ShareAlike 4.0,4.0,23:30,https://www.xeno-canto.org/638879,gnwtea/XC638879.ogg
gnwtea,[],['nocturnal flight call'],42.009,2.0278,Anas crecca,Green-winged Teal,Albert Subirà,Creative Commons Attribution-NonCommercial-ShareAlike 4.0,4.0,23:55,https://www.xeno-canto.org/639201,gnwtea/XC639201.ogg
gnwtea,[],"['flight call', 'nocturnal flight call']",54.1818,-0.3203,Anas crecca,Green-winged Teal,Will Scott,Creative Commons Attribution-NonCommercial-ShareAlike 4.0,4.0,23:26,https://www.xeno-canto.org/639497,gnwtea/XC639497.ogg
gnwtea,[],['nocturnal flight call'],59.4019,13.5396,Anas crecca,Green-winged Teal,Jesper Lindegren,Creative Commons Attribution-NonCommercial-ShareAlike 4.0,3.0,01:00,https://www.xeno-canto.org/640498,gnwtea/XC640498.ogg
gnwtea,[],['nocturnal flight call'],48.0228,0.1995,Anas crecca,Green-winged Teal,Christian Kerihuel,Creative Commons Attribution-NonCommercial-ShareAlike 4.0,4.0,01:00,https://www.xeno-canto.org/640508,gnwtea/XC640508.ogg
gnwtea,[],"['flight call', 'nocturnal flight call']",54.1818,-0.3203,Anas crecca,Green-winged Teal,Will Scott,Creative Commons Attribution-NonCommercial-ShareAlike 4.0,3.0,02:31,https://www.xeno-canto.org/640804,gnwtea/XC640804.ogg
gnwtea,[],"['call', 'flight call', 'nocturnal flight call']",59.859,17.646,Anas crecca,Green-winged Teal,August Thomasson,Creative Commons Attribution-NonCommercial-ShareAlike 4.0,3.0,01:00,https://www.xeno-canto.org/641098,gnwtea/XC641098.ogg
gnwtea,[],['nocturnal flight call'],59.2826,18.0106,Anas crecca,Green-winged Teal,Teet Sirotkin,Creative Commons Attribution-NonCommercial-ShareAlike 4.0,3.0,23:13,https://www.xeno-canto.org/641155,gnwtea/XC641155.ogg
gnwtea,[],"['call', 'flight call', 'wingbeats']",60.2357,25.0058,Anas crecca,Green-winged Teal,Juha Saari,Creative Commons Attribution-NonCommercial-ShareAlike 4.0,2.0,01:25,https://www.xeno-canto.org/641279,gnwtea/XC641279.ogg
gnwtea,[],"['adult', 'nocturnal flight call', 'sex uncertain']",52.4154,13.2748,Anas crecca,Green-winged Teal,Wolfram Eberstein,Creative Commons Attribution-NonCommercial-ShareAlike 4.0,4.0,23:00,https://www.xeno-canto.org/641355,gnwtea/XC641355.ogg
gnwtea,[],"['display', 'female', 'male']",60.2183,25.1208,Anas crecca,Green-winged Teal,Hannu Varkki,Creative Commons Attribution-NonCommercial-ShareAlike 4.0,4.5,07:50,https://www.xeno-canto.org/641809,gnwtea/XC641809.ogg
gnwtea,[],['nocturnal flight call'],44.0635,1.9515,Anas crecca,Green-winged Teal,Cedric Mroczko,Creative Commons Attribution-NonCommercial-ShareAlike 4.0,3.0,02:05,https://www.xeno-canto.org/641945,gnwtea/XC641945.ogg
gnwtea,[],['nocturnal flight call'],44.0635,1.9515,Anas crecca,Green-winged Teal,Cedric Mroczko,Creative Commons Attribution-NonCommercial-ShareAlike 4.0,1.0,02:05,https://www.xeno-canto.org/642176,gnwtea/XC642176.ogg
gnwtea,['mallar3'],"['call', 'female', 'male', 'song']",60.7467,27.1329,Anas crecca,Green-winged Teal,Eetu Paljakka,Creative Commons Attribution-NonCommercial-ShareAlike 4.0,4.5,07:30,https://www.xeno-canto.org/642465,gnwtea/XC642465.ogg
gnwtea,[],"['call', 'flight call']",63.4616,19.6267,Anas crecca,Green-winged Teal,Lars Edenius,Creative Commons Attribution-NonCommercial-ShareAlike 4.0,4.0,18:00,https://www.xeno-canto.org/642856,gnwtea/XC642856.ogg
gnwtea,[],"['female', 'flight call']",58.3247,26.7533,Anas crecca,Green-winged Teal,Uku Paal,Creative Commons Attribution-NonCommercial-ShareAlike 4.0,2.0,06:30,https://www.xeno-canto.org/643084,gnwtea/XC643084.ogg
gnwtea,[],['nocturnal flight call'],46.604,5.966,Anas crecca,Green-winged Teal,Stanislas Wroza,Creative Commons Attribution-NonCommercial-ShareAlike 4.0,4.0,01:00,https://www.xeno-canto.org/643421,gnwtea/XC643421.ogg
gnwtea,[],"['female', 'nocturnal flight call']",46.604,5.966,Anas crecca,Green-winged Teal,Stanislas Wroza,Creative Commons Attribution-NonCommercial-ShareAlike 4.0,4.0,01:00,https://www.xeno-canto.org/643425,gnwtea/XC643425.ogg
gnwtea,[],"['female', 'nocturnal flight call']",46.604,5.966,Anas crecca,Green-winged Teal,Stanislas Wroza,Creative Commons Attribution-NonCommercial-ShareAlike 4.0,4.0,01:00,https://www.xeno-canto.org/643426,gnwtea/XC643426.ogg
gnwtea,[],['flight call'],53.2509,5.598,Anas crecca,Green-winged Teal,Gosse Hoekstra,Creative Commons Attribution-NonCommercial-ShareAlike 4.0,3.0,22:00,https://www.xeno-canto.org/643607,gnwtea/XC643607.ogg
gnwtea,[],['flight call'],63.501,19.4221,Anas crecca,Green-winged Teal,Lars Edenius,Creative Commons Attribution-NonCommercial-ShareAlike 4.0,5.0,22:00,https://www.xeno-canto.org/644235,gnwtea/XC644235.ogg
gnwtea,[],['call'],63.501,19.4221,Anas crecca,Green-winged Teal,Lars Edenius,Creative Commons Attribution-NonCommercial-ShareAlike 4.0,4.0,07:00,https://www.xeno-canto.org/644236,gnwtea/XC644236.ogg
gnwtea,[],"['call', 'female', 'male']",63.4616,19.6267,Anas crecca,Green-winged Teal,Lars Edenius,Creative Commons Attribution-NonCommercial-ShareAlike 4.0,5.0,06:00,https://www.xeno-canto.org/644305,gnwtea/XC644305.ogg
gnwtea,[],"['call', 'female', 'male']",63.4616,19.6267,Anas crecca,Green-winged Teal,Lars Edenius,Creative Commons Attribution-NonCommercial-ShareAlike 4.0,5.0,22:00,https://www.xeno-canto.org/644306,gnwtea/XC644306.ogg
gnwtea,[],"['call', 'male', 'nocturnal flight call']",58.6397,16.7958,Anas crecca,Green-winged Teal,Hans Norelius,Creative Commons Attribution-NonCommercial-ShareAlike 4.0,4.0,00:42,https://www.xeno-canto.org/644435,gnwtea/XC644435.ogg
gnwtea,[],"['adult', 'call', 'female', 'flight call']",52.1418,5.3724,Anas crecca,Green-winged Teal,Frank Pierik,Creative Commons Attribution-NonCommercial-ShareAlike 4.0,2.0,22:30,https://www.xeno-canto.org/644703,gnwtea/XC644703.ogg
gnwtea,[],['nocturnal flight call'],60.3601,5.3642,Anas crecca,Green-winged Teal,Oddvar Heggøy,Creative Commons Attribution-NonCommercial-ShareAlike 4.0,2.0,02:42,https://www.xeno-canto.org/645121,gnwtea/XC645121.ogg
gnwtea,[],['uncertain'],52.2,5.8409,Anas crecca,Green-winged Teal,Ad Hilders,Creative Commons Attribution-NonCommercial-ShareAlike 4.0,3.0,23:41,https://www.xeno-canto.org/646045,gnwtea/XC646045.ogg
gnwtea,"['mallar3', 'norsho']",['Song'],58.5731,14.2489,Anas crecca,Green-winged Teal,Patrik Åberg,Creative Commons Attribution-NonCommercial-ShareAlike 3.0,4.5,21:32,https://www.xeno-canto.org/64736,gnwtea/XC64736.ogg
gnwtea,[],"['call', 'female', 'male']",63.8313,20.2607,Anas crecca,Green-winged Teal,Lars Edenius,Creative Commons Attribution-NonCommercial-ShareAlike 4.0,5.0,20:00,https://www.xeno-canto.org/647844,gnwtea/XC647844.ogg
gnwtea,[],['flight call'],63.4616,19.6267,Anas crecca,Green-winged Teal,Lars Edenius,Creative Commons Attribution-NonCommercial-ShareAlike 4.0,4.5,06:00,https://www.xeno-canto.org/648668,gnwtea/XC648668.ogg
gnwtea,[],"['call', 'female', 'male']",63.4616,19.6267,Anas crecca,Green-winged Teal,Lars Edenius,Creative Commons Attribution-NonCommercial-ShareAlike 4.0,5.0,04:00,https://www.xeno-canto.org/649312,gnwtea/XC649312.ogg
gnwtea,[],"['male', 'nocturnal flight call']",58.7396,17.8657,Anas crecca,Green-winged Teal,Alan Dalton,Creative Commons Attribution-NonCommercial-ShareAlike 4.0,5.0,00:00,https://www.xeno-canto.org/650263,gnwtea/XC650263.ogg
gnwtea,[],['nocturnal flight call'],57.9186,22.0597,Anas crecca,Green-winged Teal,timo nuoranen,Creative Commons Attribution-NonCommercial-ShareAlike 4.0,4.0,21:30,https://www.xeno-canto.org/651965,gnwtea/XC651965.ogg
gnwtea,[],"['female', 'life stage uncertain', 'male', 'nocturnal flight call']",58.7396,17.8657,Anas crecca,Green-winged Teal,Alan Dalton,Creative Commons Attribution-NonCommercial-ShareAlike 4.0,5.0,00:30,https://www.xeno-canto.org/653711,gnwtea/XC653711.ogg
gnwtea,[],['nocturnal flight call'],41.4875,2.3653,Anas crecca,Green-winged Teal,Feliu López i Gelats,Creative Commons Attribution-NonCommercial-ShareAlike 4.0,4.0,21:00,https://www.xeno-canto.org/654040,gnwtea/XC654040.ogg
gnwtea,[],"['female', 'male', 'nocturnal flight call']",58.7396,17.8657,Anas crecca,Green-winged Teal,Alan Dalton,Creative Commons Attribution-NonCommercial-ShareAlike 4.0,5.0,00:00,https://www.xeno-canto.org/658200,gnwtea/XC658200.ogg
gnwtea,[],"['male', 'nocturnal flight call']",58.7396,17.8657,Anas crecca,Green-winged Teal,Alan Dalton,Creative Commons Attribution-NonCommercial-ShareAlike 4.0,5.0,21:30,https://www.xeno-canto.org/658454,gnwtea/XC658454.ogg
gnwtea,[],"['adult', 'call', 'male']",50.1764,8.6559,Anas crecca,Green-winged Teal,W. Agster,Creative Commons Attribution-NonCommercial-ShareAlike 4.0,4.0,13:30,https://www.xeno-canto.org/662117,gnwtea/XC662117.ogg
gnwtea,[],['nocturnal flight call'],52.1593,5.3563,Anas crecca,Green-winged Teal,Johan Jordaans,Creative Commons Attribution-NonCommercial-ShareAlike 4.0,3.0,02:40,https://www.xeno-canto.org/662125,gnwtea/XC662125.ogg
golphe,[],['call'],31.0337,103.1792,Chrysolophus pictus,Golden Pheasant,Nick Athanas,Creative Commons Attribution-NonCommercial-ShareAlike 3.0,4.0,15:30,https://www.xeno-canto.org/18638,golphe/XC18638.ogg
golphe,[],['song'],53.7439,-2.9738,Chrysolophus pictus,Golden Pheasant,Chris Batty,Creative Commons Attribution-NonCommercial-ShareAlike 4.0,3.0,11:00,https://www.xeno-canto.org/240238,golphe/XC240238.ogg
golphe,[],['call'],33.6451,107.8034,Chrysolophus pictus,Golden Pheasant,Mike Nelson,Creative Commons Attribution-NonCommercial-ShareAlike 4.0,4.0,08:30,https://www.xeno-canto.org/265845,golphe/XC265845.ogg
golphe,[],['call'],33.6451,107.8034,Chrysolophus pictus,Golden Pheasant,Mike Nelson,Creative Commons Attribution-NonCommercial-ShareAlike 4.0,4.0,09:00,https://www.xeno-canto.org/265846,golphe/XC265846.ogg
golphe,[],['call'],33.6451,107.8034,Chrysolophus pictus,Golden Pheasant,Mike Nelson,Creative Commons Attribution-NonCommercial-ShareAlike 4.0,4.0,09:00,https://www.xeno-canto.org/265847,golphe/XC265847.ogg
golphe,[],['call'],30.9108,102.8947,Chrysolophus pictus,Golden Pheasant,Mike Nelson,Creative Commons Attribution-NonCommercial-ShareAlike 4.0,4.0,11:00,https://www.xeno-canto.org/266728,golphe/XC266728.ogg
golphe,[],"['male', 'song']",53.7439,-2.9738,Chrysolophus pictus,Golden Pheasant,Chris Batty,Creative Commons Attribution-NonCommercial-ShareAlike 4.0,1.5,07:00,https://www.xeno-canto.org/294547,golphe/XC294547.ogg
golphe,[],['song'],31.0334,103.1834,Chrysolophus pictus,Golden Pheasant,David Farrow,Creative Commons Attribution-NonCommercial-ShareAlike 3.0,5.0,?:?,https://www.xeno-canto.org/37540,golphe/XC37540.ogg
golphe,[],['song'],30.8967,102.982,Chrysolophus pictus,Golden Pheasant,Zeidler Roland,Creative Commons Attribution-NonCommercial-ShareAlike 4.0,4.5,07:30,https://www.xeno-canto.org/399516,golphe/XC399516.ogg
golphe,[],"['male', 'song']",55.7628,37.5762,Chrysolophus pictus,Golden Pheasant,Albert Lastukhin,Creative Commons Attribution-NonCommercial-ShareAlike 4.0,5.0,12:00,https://www.xeno-canto.org/473875,golphe/XC473875.ogg
golphe,[],['song'],53.9419,-2.9263,Chrysolophus pictus,Golden Pheasant,Chris Batty,Creative Commons Attribution-NonCommercial-ShareAlike 4.0,0.5,10:00,https://www.xeno-canto.org/533373,golphe/XC533373.ogg
grbher3,[],['call'],14.7399,-91.1951,Ardea herodias,Great Blue Heron,Mike Nelson,Creative Commons Attribution-NonCommercial-ShareAlike 3.0,4.0,08:30,https://www.xeno-canto.org/125836,grbher3/XC125836.ogg
grbher3,[],['call'],28.1918,-82.7214,Ardea herodias,Great Blue Heron,Mike Nelson,Creative Commons Attribution-NonCommercial-ShareAlike 3.0,5.0,11:30,https://www.xeno-canto.org/130681,grbher3/XC130681.ogg
grbher3,[],['begging call'],26.479,-80.143,Ardea herodias,Great Blue Heron,Mike Nelson,Creative Commons Attribution-NonCommercial-ShareAlike 3.0,5.0,11:30,https://www.xeno-canto.org/130682,grbher3/XC130682.ogg
grbher3,[],['begging call'],26.479,-80.143,Ardea herodias,Great Blue Heron,Mike Nelson,Creative Commons Attribution-NonCommercial-ShareAlike 3.0,5.0,11:30,https://www.xeno-canto.org/130683,grbher3/XC130683.ogg
grbher3,[],['call'],26.3928,-97.3251,Ardea herodias,Great Blue Heron,Andrew Spencer,Creative Commons Attribution-NonCommercial-ShareAlike 3.0,5.0,10:10,https://www.xeno-canto.org/130846,grbher3/XC130846.ogg
grbher3,[],"['alarm call', 'flight call']",41.1867,-73.8767,Ardea herodias,Great Blue Heron,Daniel Parker,Creative Commons Attribution-NonCommercial-ShareAlike 3.0,4.0,13:45,https://www.xeno-canto.org/134970,grbher3/XC134970.ogg
grbher3,[],['call'],28.5785,-80.9961,Ardea herodias,Great Blue Heron,Paul Marvin,Creative Commons Attribution-NonCommercial-ShareAlike 3.0,4.0,06:55,https://www.xeno-canto.org/143574,grbher3/XC143574.ogg
grbher3,[],['flight call'],28.5785,-80.9961,Ardea herodias,Great Blue Heron,Paul Marvin,Creative Commons Attribution-NonCommercial-ShareAlike 3.0,5.0,08:51,https://www.xeno-canto.org/143575,grbher3/XC143575.ogg
grbher3,[],['flight call'],28.2267,-80.7645,Ardea herodias,Great Blue Heron,Paul Marvin,Creative Commons Attribution-NonCommercial-ShareAlike 3.0,5.0,08:37,https://www.xeno-canto.org/143576,grbher3/XC143576.ogg
grbher3,[],"['call', 'flight call']",28.6812,-80.6943,Ardea herodias,Great Blue Heron,Paul Marvin,Creative Commons Attribution-NonCommercial-ShareAlike 3.0,5.0,11:00,https://www.xeno-canto.org/147334,grbher3/XC147334.ogg
grbher3,[],['call'],28.6812,-80.6943,Ardea herodias,Great Blue Heron,Paul Marvin,Creative Commons Attribution-NonCommercial-ShareAlike 3.0,5.0,11:04,https://www.xeno-canto.org/147336,grbher3/XC147336.ogg
grbher3,[],['flight call'],28.5785,-80.9961,Ardea herodias,Great Blue Heron,Paul Marvin,Creative Commons Attribution-NonCommercial-ShareAlike 3.0,5.0,08:35,https://www.xeno-canto.org/153519,grbher3/XC153519.ogg
grbher3,[],['call'],26.1385,-97.1768,Ardea herodias,Great Blue Heron,Dan Lane,Creative Commons Attribution-NonCommercial-ShareAlike 3.0,3.5,17:30,https://www.xeno-canto.org/155021,grbher3/XC155021.ogg
grbher3,[],['flight call'],28.2267,-80.7645,Ardea herodias,Great Blue Heron,Paul Marvin,Creative Commons Attribution-NonCommercial-ShareAlike 3.0,5.0,07:57,https://www.xeno-canto.org/162099,grbher3/XC162099.ogg
grbher3,[],"['bill snaps', 'breeding call (I presume)']",28.2267,-80.7645,Ardea herodias,Great Blue Heron,Paul Marvin,Creative Commons Attribution-NonCommercial-ShareAlike 3.0,4.0,08:23,https://www.xeno-canto.org/162103,grbher3/XC162103.ogg
grbher3,[],"['begging call', 'call', 'juvenile']",28.2267,-80.7645,Ardea herodias,Great Blue Heron,Paul Marvin,Creative Commons Attribution-NonCommercial-ShareAlike 3.0,4.0,08:19,https://www.xeno-canto.org/167839,grbher3/XC167839.ogg
grbher3,[],"['begging call', 'call', 'juvenile']",28.2267,-80.7645,Ardea herodias,Great Blue Heron,Paul Marvin,Creative Commons Attribution-NonCommercial-ShareAlike 3.0,4.0,08:23,https://www.xeno-canto.org/167841,grbher3/XC167841.ogg
grbher3,[],['Call'],42.0226,-83.2048,Ardea herodias,Great Blue Heron,Allen T. Chartier,Creative Commons Attribution-NonCommercial-ShareAlike 3.0,2.5,?,https://www.xeno-canto.org/16894,grbher3/XC16894.ogg
grbher3,[],['call'],28.2267,-80.7645,Ardea herodias,Great Blue Heron,Paul Marvin,Creative Commons Attribution-NonCommercial-ShareAlike 4.0,3.5,12:21,https://www.xeno-canto.org/173601,grbher3/XC173601.ogg
grbher3,[],['call'],45.2765,-73.956,Ardea herodias,Great Blue Heron,Patrick Turgeon,Creative Commons Attribution-NonCommercial-ShareAlike 4.0,1.0,16:44,https://www.xeno-canto.org/176156,grbher3/XC176156.ogg
grbher3,[],['call'],33.3896,-112.2599,Ardea herodias,Great Blue Heron,Phoenix Birder,Creative Commons Attribution-NonCommercial-ShareAlike 4.0,4.0,08:19,https://www.xeno-canto.org/187999,grbher3/XC187999.ogg
grbher3,"['bknsti', 'leasan']",['call'],33.5258,-112.2822,Ardea herodias,Great Blue Heron,Phoenix Birder,Creative Commons Attribution-NonCommercial-ShareAlike 4.0,1.5,11:09,https://www.xeno-canto.org/190802,grbher3/XC190802.ogg
grbher3,[],"['call', 'juvenile']",28.2267,-80.7645,Ardea herodias,Great Blue Heron,Paul Marvin,Creative Commons Attribution-NonCommercial-ShareAlike 4.0,4.0,08:02,https://www.xeno-canto.org/192287,grbher3/XC192287.ogg
grbher3,[],"['call', 'juvenile']",28.2267,-80.7645,Ardea herodias,Great Blue Heron,Paul Marvin,Creative Commons Attribution-NonCommercial-ShareAlike 4.0,5.0,07:58,https://www.xeno-canto.org/192288,grbher3/XC192288.ogg
grbher3,[],"['call', 'flight call']",28.2267,-80.7645,Ardea herodias,Great Blue Heron,Paul Marvin,Creative Commons Attribution-NonCommercial-ShareAlike 4.0,4.0,07:59,https://www.xeno-canto.org/192289,grbher3/XC192289.ogg
grbher3,[],['flight call'],25.138,-80.938,Ardea herodias,Great Blue Heron,Paul Marvin,Creative Commons Attribution-NonCommercial-ShareAlike 4.0,5.0,07:02,https://www.xeno-canto.org/196154,grbher3/XC196154.ogg
grbher3,[],['call'],48.3197,-123.5463,Ardea herodias,Great Blue Heron,Ian Cruickshank,Creative Commons Attribution-NonCommercial-ShareAlike 4.0,5.0,09:00,https://www.xeno-canto.org/210126,grbher3/XC210126.ogg
grbher3,[],['call'],48.3197,-123.5463,Ardea herodias,Great Blue Heron,Ian Cruickshank,Creative Commons Attribution-NonCommercial-ShareAlike 4.0,4.0,05:50,https://www.xeno-canto.org/210695,grbher3/XC210695.ogg
grbher3,[],"['call', 'flight call']",40.389,-105.0835,Ardea herodias,Great Blue Heron,Nick Komar,Creative Commons Attribution-NonCommercial-ShareAlike 4.0,4.0,14:20,https://www.xeno-canto.org/296468,grbher3/XC296468.ogg
grbher3,['comgal1'],['display call'],28.2267,-80.7645,Ardea herodias,Great Blue Heron,Paul Marvin,Creative Commons Attribution-NonCommercial-ShareAlike 4.0,3.5,08:01,https://www.xeno-canto.org/296586,grbher3/XC296586.ogg
grbher3,['comgal1'],['breeding calls'],28.2267,-80.7645,Ardea herodias,Great Blue Heron,Paul Marvin,Creative Commons Attribution-NonCommercial-ShareAlike 4.0,3.5,08:07,https://www.xeno-canto.org/297794,grbher3/XC297794.ogg
grbher3,[],"['alarm call', 'flight call']",14.7927,-88.0149,Ardea herodias,Great Blue Heron,Alfonso Auerbach,Creative Commons Attribution-NonCommercial-ShareAlike 4.0,2.5,07:30,https://www.xeno-canto.org/302382,grbher3/XC302382.ogg
grbher3,['cangoo'],['call'],42.3816,-71.3498,Ardea herodias,Great Blue Heron,Norman Levey,Creative Commons Attribution-NonCommercial-ShareAlike 4.0,3.5,08:30,https://www.xeno-canto.org/312084,grbher3/XC312084.ogg
grbher3,[],['flight call'],28.6781,-80.7717,Ardea herodias,Great Blue Heron,Paul Marvin,Creative Commons Attribution-NonCommercial-ShareAlike 4.0,4.0,12:23,https://www.xeno-canto.org/326520,grbher3/XC326520.ogg
grbher3,[],['alarm call'],28.957,-113.5524,Ardea herodias,Great Blue Heron,Manuel Grosselet,Creative Commons Attribution-NonCommercial-ShareAlike 4.0,4.0,08:00,https://www.xeno-canto.org/339883,grbher3/XC339883.ogg
grbher3,['comgal1'],"['call', 'female']",28.2267,-80.7645,Ardea herodias,Great Blue Heron,Paul Marvin,Creative Commons Attribution-NonCommercial-ShareAlike 4.0,3.5,08:44,https://www.xeno-canto.org/346074,grbher3/XC346074.ogg
grbher3,[],"['bill snaps', 'call']",32.6185,-117.1029,Ardea herodias,Great Blue Heron,Paul Marvin,Creative Commons Attribution-NonCommercial-ShareAlike 4.0,4.0,07:29,https://www.xeno-canto.org/349159,grbher3/XC349159.ogg
grbher3,[],['call'],41.8605,-88.1756,Ardea herodias,Great Blue Heron,Matt Wistrand,Creative Commons Attribution-NonCommercial-ShareAlike 4.0,4.0,08:14,https://www.xeno-canto.org/357735,grbher3/XC357735.ogg
grbher3,[],['call'],49.273,-123.253,Ardea herodias,Great Blue Heron,Bob Planqué,Creative Commons Attribution-NonCommercial-ShareAlike 3.0,4.0,5:30,https://www.xeno-canto.org/37259,grbher3/XC37259.ogg
grbher3,[],['alarm call'],42.0363,-79.4262,Ardea herodias,Great Blue Heron,Jim Berry,Creative Commons Attribution-NonCommercial-ShareAlike 4.0,5.0,08:30,https://www.xeno-canto.org/377075,grbher3/XC377075.ogg
grbher3,[],['call'],46.4373,-123.9678,Ardea herodias,Great Blue Heron,Bruce Lagerquist,Creative Commons Attribution-NonCommercial-ShareAlike 4.0,5.0,10:30,https://www.xeno-canto.org/383027,grbher3/XC383027.ogg
grbher3,[],"['call', 'flight call']",32.8633,-114.4629,Ardea herodias,Great Blue Heron,Lauren Harter,Creative Commons Attribution-NonCommercial-ShareAlike 4.0,0.0,07:25,https://www.xeno-canto.org/393469,grbher3/XC393469.ogg
grbher3,[],['flight call'],28.6236,-80.9028,Ardea herodias,Great Blue Heron,Paul Marvin,Creative Commons Attribution-NonCommercial-ShareAlike 4.0,5.0,07:13,https://www.xeno-canto.org/395485,grbher3/XC395485.ogg
grbher3,[],['alarm call'],33.1878,-110.4722,Ardea herodias,Great Blue Heron,Janine McCabe,Creative Commons Attribution-NonCommercial-ShareAlike 4.0,4.0,12:30,https://www.xeno-canto.org/396298,grbher3/XC396298.ogg
grbher3,[],['call'],27.7834,-109.8984,Ardea herodias,Great Blue Heron,Richard E. Webster,Creative Commons Attribution-NonCommercial-ShareAlike 4.0,2.5,07:10,https://www.xeno-canto.org/400785,grbher3/XC400785.ogg
grbher3,"['comgal1', 'lesyel']",['flight call'],28.229,-80.813,Ardea herodias,Great Blue Heron,Paul Marvin,Creative Commons Attribution-NonCommercial-ShareAlike 4.0,4.5,08:23,https://www.xeno-canto.org/408111,grbher3/XC408111.ogg
grbher3,[],['flight call'],28.229,-80.813,Ardea herodias,Great Blue Heron,Paul Marvin,Creative Commons Attribution-NonCommercial-ShareAlike 4.0,5.0,11:24,https://www.xeno-canto.org/413181,grbher3/XC413181.ogg
grbher3,[],['flight song'],40.3343,-104.6397,Ardea herodias,Great Blue Heron,Sue Riffe,Creative Commons Attribution-NonCommercial-ShareAlike 4.0,5.0,20:45,https://www.xeno-canto.org/419194,grbher3/XC419194.ogg
grbher3,[],['flight call'],42.967,-76.7407,Ardea herodias,Great Blue Heron,GABRIEL LEITE,Creative Commons Attribution-NonCommercial-ShareAlike 4.0,3.0,08:00,https://www.xeno-canto.org/420814,grbher3/XC420814.ogg
grbher3,[],['flight call'],48.9041,-118.1409,Ardea herodias,Great Blue Heron,Bruce Lagerquist,Creative Commons Attribution-NonCommercial-ShareAlike 4.0,2.0,020:30,https://www.xeno-canto.org/436846,grbher3/XC436846.ogg
grbher3,[],"['Heron rookery', 'begging call', 'juvenile']",42.7789,-71.6324,Ardea herodias,Great Blue Heron,Christopher McPherson,Creative Commons Attribution-NonCommercial-ShareAlike 4.0,5.0,11:30,https://www.xeno-canto.org/445084,grbher3/XC445084.ogg
grbher3,[],['flight call'],27.7834,-109.8984,Ardea herodias,Great Blue Heron,Richard E. Webster,Creative Commons Attribution-NonCommercial-ShareAlike 4.0,4.5,07:29,https://www.xeno-canto.org/445854,grbher3/XC445854.ogg
grbher3,[],['call'],27.7834,-109.8984,Ardea herodias,Great Blue Heron,Richard E. Webster,Creative Commons Attribution-NonCommercial-ShareAlike 4.0,2.5,10:06,https://www.xeno-canto.org/445855,grbher3/XC445855.ogg
grbher3,['lobdow'],['call'],28.229,-80.813,Ardea herodias,Great Blue Heron,Paul Marvin,Creative Commons Attribution-NonCommercial-ShareAlike 4.0,3.5,09:41,https://www.xeno-canto.org/451728,grbher3/XC451728.ogg
grbher3,[],['flight call'],33.2016,-115.597,Ardea herodias,Great Blue Heron,Paul Marvin,Creative Commons Attribution-NonCommercial-ShareAlike 4.0,4.0,13:05,https://www.xeno-canto.org/452100,grbher3/XC452100.ogg
grbher3,[],['flight call'],33.2016,-115.597,Ardea herodias,Great Blue Heron,Paul Marvin,Creative Commons Attribution-NonCommercial-ShareAlike 4.0,4.0,09:36,https://www.xeno-canto.org/452106,grbher3/XC452106.ogg
grbher3,[],['flight call'],33.2016,-115.597,Ardea herodias,Great Blue Heron,Paul Marvin,Creative Commons Attribution-NonCommercial-ShareAlike 4.0,3.5,10:00,https://www.xeno-canto.org/452107,grbher3/XC452107.ogg
grbher3,[],['flight call'],31.4,-111.088,Ardea herodias,Great Blue Heron,Paul Marvin,Creative Commons Attribution-NonCommercial-ShareAlike 4.0,4.0,17:15,https://www.xeno-canto.org/452182,grbher3/XC452182.ogg
grbher3,[],['flight call'],26.1253,-97.9532,Ardea herodias,Great Blue Heron,Paul Marvin,Creative Commons Attribution-NonCommercial-ShareAlike 4.0,3.5,10:12,https://www.xeno-canto.org/452787,grbher3/XC452787.ogg
grbher3,[],['flight call'],26.1375,-97.1743,Ardea herodias,Great Blue Heron,Paul Marvin,Creative Commons Attribution-NonCommercial-ShareAlike 4.0,4.0,14:25,https://www.xeno-canto.org/452964,grbher3/XC452964.ogg
grbher3,[],['call'],28.2267,-80.7645,Ardea herodias,Great Blue Heron,Paul Marvin,Creative Commons Attribution-NonCommercial-ShareAlike 4.0,3.5,08:01,https://www.xeno-canto.org/460750,grbher3/XC460750.ogg
grbher3,[],['call'],23.0477,-109.697,Ardea herodias,Great Blue Heron,Richard E. Webster,Creative Commons Attribution-NonCommercial-ShareAlike 4.0,3.5,09:52,https://www.xeno-canto.org/465627,grbher3/XC465627.ogg
grbher3,[],['call'],23.0477,-109.697,Ardea herodias,Great Blue Heron,Richard E. Webster,Creative Commons Attribution-NonCommercial-ShareAlike 4.0,4.0,09:45,https://www.xeno-canto.org/465628,grbher3/XC465628.ogg
grbher3,[],['call'],42.0379,-82.5012,Ardea herodias,Great Blue Heron,David Darrell-Lambert,Creative Commons Attribution-NonCommercial-ShareAlike 4.0,5.0,21:00,https://www.xeno-canto.org/476570,grbher3/XC476570.ogg
grbher3,[],"['begging call', 'juvenile']",40.4236,-75.5201,Ardea herodias,Great Blue Heron,Paul Driver,Creative Commons Attribution-NonCommercial-ShareAlike 4.0,0.0,12:30,https://www.xeno-canto.org/478243,grbher3/XC478243.ogg
grbher3,[],"['call', 'flight call']",39.7425,-119.3242,Ardea herodias,Great Blue Heron,Bobby Wilcox,Creative Commons Attribution-NonCommercial-ShareAlike 4.0,4.0,09:00,https://www.xeno-canto.org/481012,grbher3/XC481012.ogg
grbher3,[],['call'],31.9237,-81.0559,Ardea herodias,Great Blue Heron,Russ Wigh,Creative Commons Attribution-NonCommercial-ShareAlike 4.0,5.0,14:30,https://www.xeno-canto.org/486224,grbher3/XC486224.ogg
grbher3,[],['flight call'],43.3273,-70.5555,Ardea herodias,Great Blue Heron,Will Sweet,Creative Commons Attribution-NonCommercial-ShareAlike 4.0,4.0,20:30,https://www.xeno-canto.org/494408,grbher3/XC494408.ogg
grbher3,[],['flight call'],42.1104,-71.1785,Ardea herodias,Great Blue Heron,Will Sweet,Creative Commons Attribution-NonCommercial-ShareAlike 4.0,5.0,20:00,https://www.xeno-canto.org/501691,grbher3/XC501691.ogg
grbher3,['snogoo'],['call'],49.2165,-123.2056,Ardea herodias,Great Blue Heron,Sunny,Creative Commons Attribution-NonCommercial-ShareAlike 4.0,3.5,10:30,https://www.xeno-canto.org/503107,grbher3/XC503107.ogg
grbher3,"['moudov', 'normoc']","['alarm call', 'call']",35.849,-84.151,Ardea herodias,Great Blue Heron,Mike Nelson,Creative Commons Attribution-NonCommercial-ShareAlike 3.0,3.5,8:45am,https://www.xeno-canto.org/52470,grbher3/XC52470.ogg
grbher3,['calqua'],"['adult', 'call']",35.329,-120.4782,Ardea herodias,Great Blue Heron,Thomas G. Graves,Creative Commons Attribution-NonCommercial-ShareAlike 4.0,3.5,09:00,https://www.xeno-canto.org/527694,grbher3/XC527694.ogg
grbher3,[],"['adult', 'call']",35.329,-120.4782,Ardea herodias,Great Blue Heron,Thomas G. Graves,Creative Commons Attribution-NonCommercial-ShareAlike 4.0,4.0,09:36,https://www.xeno-canto.org/527696,grbher3/XC527696.ogg
grbher3,['houfin'],"['adult', 'alarm call', 'call', 'sex uncertain']",33.6595,-117.845,Ardea herodias,Great Blue Heron,Kat Avila,Creative Commons Attribution-NonCommercial-ShareAlike 4.0,4.5,08:46,https://www.xeno-canto.org/527929,grbher3/XC527929.ogg
grbher3,[],"['adult', 'alarm call', 'sex uncertain']",25.6013,-108.9834,Ardea herodias,Great Blue Heron,Manuel Grosselet,Creative Commons Attribution-NonCommercial-ShareAlike 4.0,4.5,08:30,https://www.xeno-canto.org/534359,grbher3/XC534359.ogg
grbher3,[],"['alarm call', 'hatchling or nestling', 'sex uncertain']",25.6013,-108.9834,Ardea herodias,Great Blue Heron,Manuel Grosselet,Creative Commons Attribution-NonCommercial-ShareAlike 4.0,5.0,08:30,https://www.xeno-canto.org/534360,grbher3/XC534360.ogg
grbher3,[],"['adult', 'call', 'flight call']",25.6189,-109.0131,Ardea herodias,Great Blue Heron,Isain Contreras Rodríguez,Creative Commons Attribution-NonCommercial-ShareAlike 4.0,4.5,07:30,https://www.xeno-canto.org/534875,grbher3/XC534875.ogg
grbher3,[],"['call', 'flight call']",25.6189,-109.0131,Ardea herodias,Great Blue Heron,Isain Contreras Rodríguez,Creative Commons Attribution-NonCommercial-ShareAlike 4.0,4.5,08:00,https://www.xeno-canto.org/535324,grbher3/XC535324.ogg
grbher3,['laugul'],"['adult', 'alarm call', 'call']",25.6036,-109.0521,Ardea herodias,Great Blue Heron,Isain Contreras Rodríguez,Creative Commons Attribution-NonCommercial-ShareAlike 4.0,4.5,08:00,https://www.xeno-canto.org/540654,grbher3/XC540654.ogg
grbher3,[],"['adult', 'call', 'sex uncertain']",35.3506,-120.8435,Ardea herodias,Great Blue Heron,Thomas G. Graves,Creative Commons Attribution-NonCommercial-ShareAlike 4.0,5.0,17:50,https://www.xeno-canto.org/550627,grbher3/XC550627.ogg
grbher3,[],['flight call'],32.6185,-117.1029,Ardea herodias,Great Blue Heron,Paul Marvin,Creative Commons Attribution-NonCommercial-ShareAlike 4.0,5.0,06:56,https://www.xeno-canto.org/558334,grbher3/XC558334.ogg
grbher3,[],['call'],42.0334,-83.0412,Ardea herodias,Great Blue Heron,Mark Nenadov,Creative Commons Attribution-NonCommercial-ShareAlike 4.0,0.0,05:21,https://www.xeno-canto.org/560546,grbher3/XC560546.ogg
grbher3,[],"['adult', 'call', 'flight call', 'sex uncertain']",31.9643,-81.0152,Ardea herodias,Great Blue Heron,Russ Wigh,Creative Commons Attribution-NonCommercial-ShareAlike 4.0,5.0,07:30,https://www.xeno-canto.org/565135,grbher3/XC565135.ogg
grbher3,[],"['adult', 'alarm call', 'call']",25.6189,-109.0131,Ardea herodias,Great Blue Heron,Isain Contreras Rodríguez,Creative Commons Attribution-NonCommercial-ShareAlike 4.0,5.0,07:00,https://www.xeno-canto.org/565566,grbher3/XC565566.ogg
grbher3,[],"['adult', 'flight call', 'sex uncertain']",41.4591,-112.3019,Ardea herodias,Great Blue Heron,Richard E. Webster,Creative Commons Attribution-NonCommercial-ShareAlike 4.0,4.0,05:32,https://www.xeno-canto.org/571015,grbher3/XC571015.ogg
grbher3,['fragul'],"['adult', 'flight call', 'sex uncertain']",41.4591,-112.3019,Ardea herodias,Great Blue Heron,Richard E. Webster,Creative Commons Attribution-NonCommercial-ShareAlike 4.0,3.5,06:22,https://www.xeno-canto.org/571016,grbher3/XC571016.ogg
grbher3,[],"['adult', 'alarm call', 'sex uncertain']",25.603,-109.0584,Ardea herodias,Great Blue Heron,Manuel Grosselet,Creative Commons Attribution-NonCommercial-ShareAlike 4.0,4.0,08:00,https://www.xeno-canto.org/572424,grbher3/XC572424.ogg
grbher3,[],"['adult', 'flight call', 'sex uncertain']",25.6602,-109.0033,Ardea herodias,Great Blue Heron,Manuel Grosselet,Creative Commons Attribution-NonCommercial-ShareAlike 4.0,4.0,09:00,https://www.xeno-canto.org/572823,grbher3/XC572823.ogg
grbher3,[],"['adult', 'alarm call', 'flight call', 'sex uncertain']",25.5781,-109.1144,Ardea herodias,Great Blue Heron,Manuel Grosselet,Creative Commons Attribution-NonCommercial-ShareAlike 4.0,5.0,08:30,https://www.xeno-canto.org/573252,grbher3/XC573252.ogg
grbher3,[],['call'],39.0678,-122.4101,Ardea herodias,Great Blue Heron,Ed Pandolfino,Creative Commons Attribution-NonCommercial-ShareAlike 4.0,5.0,11:07,https://www.xeno-canto.org/578132,grbher3/XC578132.ogg
grbher3,[],"['Squawk', 'call', 'juvenile', 'sex uncertain']",40.5874,-74.2621,Ardea herodias,Great Blue Heron,William Whitehead,Creative Commons Attribution-NonCommercial-ShareAlike 4.0,3.0,08:00,https://www.xeno-canto.org/580292,grbher3/XC580292.ogg
grbher3,['belkin1'],"['adult', 'call', 'male']",47.8589,-122.8115,Ardea herodias,Great Blue Heron,James Link,Creative Commons Attribution-NonCommercial-ShareAlike 4.0,4.5,20:12,https://www.xeno-canto.org/582377,grbher3/XC582377.ogg
grbher3,[],['flight call'],36.067,-83.231,Ardea herodias,Great Blue Heron,Mike Nelson,Creative Commons Attribution-NonCommercial-ShareAlike 3.0,5.0,12:00pm,https://www.xeno-canto.org/58482,grbher3/XC58482.ogg
grbher3,[],"['begging call', 'hatchling or nestling', 'sex uncertain']",40.1875,-105.1787,Ardea herodias,Great Blue Heron,Sue Riffe,Creative Commons Attribution-NonCommercial-ShareAlike 4.0,2.5,9:13,https://www.xeno-canto.org/611815,grbher3/XC611815.ogg
grbher3,[],"['adult', 'call']",32.6751,-117.1689,Ardea herodias,Great Blue Heron,Paul Marvin,Creative Commons Attribution-NonCommercial-ShareAlike 4.0,3.5,06:12,https://www.xeno-canto.org/620777,grbher3/XC620777.ogg
grbher3,[],['flight call'],16.4294,-94.8793,Ardea herodias,Great Blue Heron,Manuel Grosselet,Creative Commons Attribution-NonCommercial-ShareAlike 4.0,4.5,08:00,https://www.xeno-canto.org/623949,grbher3/XC623949.ogg
grbher3,[],"['adult', 'flight call', 'sex uncertain']",43.9746,-70.8901,Ardea herodias,Great Blue Heron,Sue Riffe,Creative Commons Attribution-NonCommercial-ShareAlike 4.0,5.0,6:00,https://www.xeno-canto.org/629115,grbher3/XC629115.ogg
grbher3,[],"['adult', 'call', 'sex uncertain']",48.0998,-119.7115,Ardea herodias,Great Blue Heron,Bruce Lagerquist,Creative Commons Attribution-NonCommercial-ShareAlike 4.0,4.5,16:45,https://www.xeno-canto.org/638606,grbher3/XC638606.ogg
grbher3,['mallar3'],['call'],45.6123,-122.7352,Ardea herodias,Great Blue Heron,Thomas Magarian,Creative Commons Attribution-NonCommercial-ShareAlike 4.0,3.5,10:01,https://www.xeno-canto.org/657211,grbher3/XC657211.ogg
grbher3,[],"['adult', 'call', 'sex uncertain']",32.2003,-115.1111,Ardea herodias,Great Blue Heron,Richard E. Webster,Creative Commons Attribution-NonCommercial-ShareAlike 4.0,4.0,17:52,https://www.xeno-canto.org/661871,grbher3/XC661871.ogg
grbher3,[],"['adult', 'call', 'sex uncertain']",31.7729,-114.582,Ardea herodias,Great Blue Heron,Richard E. Webster,Creative Commons Attribution-NonCommercial-ShareAlike 4.0,4.0,16:49,https://www.xeno-canto.org/661872,grbher3/XC661872.ogg
grefri,[],['song'],0.3155,-89.9449,Fregata minor,Great Frigatebird,Eric DeFonso,Creative Commons Attribution-NonCommercial-ShareAlike 3.0,4.5,16:51,https://www.xeno-canto.org/114014,grefri/XC114014.ogg
grefri,['refboo'],['song'],0.3155,-89.9449,Fregata minor,Great Frigatebird,Eric DeFonso,Creative Commons Attribution-NonCommercial-ShareAlike 3.0,4.5,16:53,https://www.xeno-canto.org/114150,grefri/XC114150.ogg
grefri,[],"['call', 'juvenile']",0.3155,-89.9449,Fregata minor,Great Frigatebird,Oscar Campbell,Creative Commons Attribution-NonCommercial-ShareAlike 4.0,4.5,16:00,https://www.xeno-canto.org/332851,grefri/XC332851.ogg
grefri,[],['song'],-17.8474,-143.0691,Fregata minor,Great Frigatebird,AUDEVARD Aurélien,Creative Commons Attribution-NonCommercial-ShareAlike 4.0,5.0,09:30,https://www.xeno-canto.org/619619,grefri/XC619619.ogg
grefri,[],"['call', 'juvenile']",-17.4529,-143.4711,Fregata minor,Great Frigatebird,AUDEVARD Aurélien,Creative Commons Attribution-NonCommercial-ShareAlike 4.0,5.0,09:30,https://www.xeno-canto.org/619634,grefri/XC619634.ogg
grefri,[],"['call', 'juvenile']",-17.4529,-143.4711,Fregata minor,Great Frigatebird,AUDEVARD Aurélien,Creative Commons Attribution-NonCommercial-ShareAlike 4.0,4.0,09:30,https://www.xeno-canto.org/619638,grefri/XC619638.ogg
grefri,[],"['adult', 'call', 'juvenile', 'song']",-17.4529,-143.4711,Fregata minor,Great Frigatebird,AUDEVARD Aurélien,Creative Commons Attribution-NonCommercial-ShareAlike 4.0,4.5,09:30,https://www.xeno-canto.org/619639,grefri/XC619639.ogg
grefri,[],"['adult', 'begging call', 'call', 'juvenile', 'song']",-17.4529,-143.4711,Fregata minor,Great Frigatebird,AUDEVARD Aurélien,Creative Commons Attribution-NonCommercial-ShareAlike 4.0,5.0,09:30,https://www.xeno-canto.org/619640,grefri/XC619640.ogg
grefri,[],"['adult', 'begging call', 'call', 'juvenile', 'song']",-17.4529,-143.4711,Fregata minor,Great Frigatebird,AUDEVARD Aurélien,Creative Commons Attribution-NonCommercial-ShareAlike 4.0,4.5,09:30,https://www.xeno-canto.org/619641,grefri/XC619641.ogg
grefri,[],"['adult', 'begging call', 'call', 'juvenile', 'song']",-17.4529,-143.4711,Fregata minor,Great Frigatebird,AUDEVARD Aurélien,Creative Commons Attribution-NonCommercial-ShareAlike 4.0,5.0,09:30,https://www.xeno-canto.org/619646,grefri/XC619646.ogg
grefri,[],"['begging call', 'flight call']",-17.4529,-143.4711,Fregata minor,Great Frigatebird,AUDEVARD Aurélien,Creative Commons Attribution-NonCommercial-ShareAlike 4.0,5.0,09:30,https://www.xeno-canto.org/619649,grefri/XC619649.ogg
grefri,[],"['begging call', 'juvenile']",-17.4529,-143.4711,Fregata minor,Great Frigatebird,AUDEVARD Aurélien,Creative Commons Attribution-NonCommercial-ShareAlike 4.0,5.0,09:30,https://www.xeno-canto.org/619650,grefri/XC619650.ogg
grefri,[],"['flight call', 'male']",-17.4529,-143.4711,Fregata minor,Great Frigatebird,AUDEVARD Aurélien,Creative Commons Attribution-NonCommercial-ShareAlike 4.0,5.0,09:30,https://www.xeno-canto.org/619651,grefri/XC619651.ogg
grefri,[],['male'],-17.4529,-143.4711,Fregata minor,Great Frigatebird,AUDEVARD Aurélien,Creative Commons Attribution-NonCommercial-ShareAlike 4.0,5.0,09:30,https://www.xeno-canto.org/619652,grefri/XC619652.ogg
grefri,[],"['adult', 'begging call', 'call', 'female', 'juvenile', 'male']",-17.4529,-143.4711,Fregata minor,Great Frigatebird,AUDEVARD Aurélien,Creative Commons Attribution-NonCommercial-ShareAlike 4.0,5.0,09:30,https://www.xeno-canto.org/619654,grefri/XC619654.ogg
grefri,[],"['begging call', 'call', 'juvenile']",-17.4529,-143.4711,Fregata minor,Great Frigatebird,AUDEVARD Aurélien,Creative Commons Attribution-NonCommercial-ShareAlike 4.0,5.0,09:30,https://www.xeno-canto.org/619655,grefri/XC619655.ogg
grefri,[],['call'],1.966,-157.333,Fregata minor,Great Frigatebird,Todd Mark,Creative Commons Attribution-NonCommercial-ShareAlike 3.0,3.0,?,https://www.xeno-canto.org/75449,grefri/XC75449.ogg
gresca,[],['call'],65.2167,-164.8287,Aythya marila,Greater Scaup,Andrew Spencer,Creative Commons Attribution-NonCommercial-ShareAlike 3.0,5.0,11:40,https://www.xeno-canto.org/142583,gresca/XC142583.ogg
gresca,[],['call'],56.7264,-111.3803,Aythya marila,Greater Scaup,Dugan Maynard,Creative Commons Attribution-NonCommercial-ShareAlike 3.0,1.0,05:00,https://www.xeno-canto.org/152598,gresca/XC152598.ogg
gresca,[],['call'],56.7264,-111.3803,Aythya marila,Greater Scaup,Dugan Maynard,Creative Commons Attribution-NonCommercial-ShareAlike 3.0,2.0,05:00,https://www.xeno-canto.org/152599,gresca/XC152599.ogg
gresca,[],['call'],56.7264,-111.3803,Aythya marila,Greater Scaup,Dugan Maynard,Creative Commons Attribution-NonCommercial-ShareAlike 3.0,1.0,05:00,https://www.xeno-canto.org/152600,gresca/XC152600.ogg
gresca,[],['call'],56.7264,-111.3803,Aythya marila,Greater Scaup,Dugan Maynard,Creative Commons Attribution-NonCommercial-ShareAlike 3.0,1.0,22:00,https://www.xeno-canto.org/152716,gresca/XC152716.ogg
gresca,[],['call'],69.3773,18.7261,Aythya marila,Greater Scaup,Stein Ø. Nilsen,Creative Commons Attribution-NonCommercial-ShareAlike 4.0,4.0,16:30,https://www.xeno-canto.org/210266,gresca/XC210266.ogg
gresca,[],['call'],62.8406,12.767,Aythya marila,Greater Scaup,Mikael Litsgård,Creative Commons Attribution-NonCommercial-ShareAlike 4.0,4.0,07:06,https://www.xeno-canto.org/294939,gresca/XC294939.ogg
gresca,[],"['alarm call', 'call', 'female']",65.5963,-17.0918,Aythya marila,Greater Scaup,Stanislas Wroza,Creative Commons Attribution-NonCommercial-ShareAlike 4.0,0.0,22:00,https://www.xeno-canto.org/432771,gresca/XC432771.ogg
gresca,[],"['alarm call', 'begging call', 'female', 'female calling youngs', 'juvenile']",64.1442,-21.9425,Aythya marila,Greater Scaup,Stanislas Wroza,Creative Commons Attribution-NonCommercial-ShareAlike 4.0,0.0,16:00,https://www.xeno-canto.org/487286,gresca/XC487286.ogg
gresca,[],"['alarm call', 'begging call', 'female', 'female calling youngs', 'juvenile']",64.1442,-21.9425,Aythya marila,Greater Scaup,Stanislas Wroza,Creative Commons Attribution-NonCommercial-ShareAlike 4.0,0.0,16:00,https://www.xeno-canto.org/487287,gresca/XC487287.ogg
gresca,[],"['alarm call', 'begging call', 'female', 'female calling youngs', 'juvenile']",64.1442,-21.9425,Aythya marila,Greater Scaup,Stanislas Wroza,Creative Commons Attribution-NonCommercial-ShareAlike 4.0,0.0,16:00,https://www.xeno-canto.org/487288,gresca/XC487288.ogg
gresca,[],"['alarm call', 'begging call', 'female', 'female calling youngs', 'juvenile']",64.1442,-21.9425,Aythya marila,Greater Scaup,Stanislas Wroza,Creative Commons Attribution-NonCommercial-ShareAlike 4.0,0.0,16:00,https://www.xeno-canto.org/487289,gresca/XC487289.ogg
gresca,[],['call'],65.5893,-17.0476,Aythya marila,Greater Scaup,Stanislas Wroza,Creative Commons Attribution-NonCommercial-ShareAlike 4.0,0.0,12:00,https://www.xeno-canto.org/488135,gresca/XC488135.ogg
gresca,[],['call'],65.569,-17.0288,Aythya marila,Greater Scaup,Stanislas Wroza,Creative Commons Attribution-NonCommercial-ShareAlike 4.0,0.0,06:00,https://www.xeno-canto.org/488189,gresca/XC488189.ogg
gresca,[],"['female', 'flight call', 'male', 'wing beats']",65.1761,18.8739,Aythya marila,Greater Scaup,Lars Edenius,Creative Commons Attribution-NonCommercial-ShareAlike 4.0,3.5,11:00,https://www.xeno-canto.org/562290,gresca/XC562290.ogg
gresca,[],['flight call'],68.284,14.513,Aythya marila,Greater Scaup,Stein Ø. Nilsen,Creative Commons Attribution-NonCommercial-ShareAlike 4.0,5.0,18:00,https://www.xeno-canto.org/576900,gresca/XC576900.ogg
gryfra,[],"['call', 'song']",26.4823,72.9973,Ortygornis pondicerianus,Gray Francolin,Sudipto Roy,Creative Commons Attribution-ShareAlike 3.0,4.0,09:30,https://www.xeno-canto.org/129278,gryfra/XC129278.ogg
gryfra,[],"['call', 'juvenile']",30.2951,69.8901,Ortygornis pondicerianus,Gray Francolin,Shahid,Creative Commons Attribution-NonCommercial-ShareAlike 3.0,5.0,14:05,https://www.xeno-canto.org/144762,gryfra/XC144762.ogg
gryfra,[],"['call', 'male']",27.8056,74.4305,Ortygornis pondicerianus,Gray Francolin,Rajgopal Patil,Creative Commons Attribution-NonCommercial-ShareAlike 3.0,5.0,13:12,https://www.xeno-canto.org/167566,gryfra/XC167566.ogg
gryfra,[],['song'],28.496,77.1823,Ortygornis pondicerianus,Gray Francolin,Rory Nefdt,Creative Commons Attribution-NonCommercial-ShareAlike 4.0,3.0,12:30,https://www.xeno-canto.org/197827,gryfra/XC197827.ogg
gryfra,[],['call'],21.5748,-158.2797,Ortygornis pondicerianus,Gray Francolin,Ross Gallardy,Creative Commons Attribution-NonCommercial-ShareAlike 4.0,5.0,09:00,https://www.xeno-canto.org/209510,gryfra/XC209510.ogg
gryfra,[],['call'],21.5748,-158.2797,Ortygornis pondicerianus,Gray Francolin,Ross Gallardy,Creative Commons Attribution-NonCommercial-ShareAlike 4.0,4.0,09:00,https://www.xeno-canto.org/209511,gryfra/XC209511.ogg
gryfra,[],['call'],27.8056,74.4305,Ortygornis pondicerianus,Gray Francolin,Mike Nelson,Creative Commons Attribution-NonCommercial-ShareAlike 4.0,4.0,09:30,https://www.xeno-canto.org/308183,gryfra/XC308183.ogg
gryfra,[],"['call', 'song']",27.2575,70.892,Ortygornis pondicerianus,Gray Francolin,Mike Nelson,Creative Commons Attribution-NonCommercial-ShareAlike 4.0,4.0,07:00,https://www.xeno-canto.org/308191,gryfra/XC308191.ogg
gryfra,[],"['call', 'song']",12.8007,80.2477,Ortygornis pondicerianus,Gray Francolin,emganin,Creative Commons Attribution-NonCommercial-ShareAlike 4.0,1.5,07:30,https://www.xeno-canto.org/308571,gryfra/XC308571.ogg
gryfra,[],['call'],18.3474,74.3677,Ortygornis pondicerianus,Gray Francolin,Abhijeet Avate,Creative Commons Attribution-NonCommercial-ShareAlike 4.0,4.0,12:00,https://www.xeno-canto.org/332453,gryfra/XC332453.ogg
gryfra,[],"['call', 'song']",21.0413,75.8529,Ortygornis pondicerianus,Gray Francolin,Lakshmikant Rajaram Neve,Creative Commons Attribution-NonCommercial-ShareAlike 4.0,4.0,07:18:57,https://www.xeno-canto.org/334051,gryfra/XC334051.ogg
gryfra,[],['call'],27.1453,77.547,Ortygornis pondicerianus,Gray Francolin,Craig Robertson,Creative Commons Attribution-NonCommercial-ShareAlike 4.0,5.0,08:00,https://www.xeno-canto.org/337047,gryfra/XC337047.ogg
gryfra,[],['call'],24.6227,73.6597,Ortygornis pondicerianus,Gray Francolin,Oscar Campbell,Creative Commons Attribution-NonCommercial-ShareAlike 4.0,5.0,08:30,https://www.xeno-canto.org/351857,gryfra/XC351857.ogg
gryfra,[],['call'],23.5498,58.3425,Ortygornis pondicerianus,Gray Francolin,Matthias Feuersenger,Creative Commons Attribution-NonCommercial-ShareAlike 4.0,4.0,16:00,https://www.xeno-canto.org/371175,gryfra/XC371175.ogg
gryfra,[],['call'],23.5498,58.3425,Ortygornis pondicerianus,Gray Francolin,Matthias Feuersenger,Creative Commons Attribution-NonCommercial-ShareAlike 4.0,4.0,16:04,https://www.xeno-canto.org/371176,gryfra/XC371176.ogg
gryfra,[],['song'],27.1501,77.5001,Ortygornis pondicerianus,Gray Francolin,David Farrow,Creative Commons Attribution-NonCommercial-ShareAlike 3.0,4.0,?:?,https://www.xeno-canto.org/37512,gryfra/XC37512.ogg
gryfra,[],"['call', 'female', 'male']",33.4744,72.2364,Ortygornis pondicerianus,Gray Francolin,Afzaal,Creative Commons Attribution-NonCommercial-ShareAlike 4.0,4.0,09:00,https://www.xeno-canto.org/375728,gryfra/XC375728.ogg
gryfra,[],['call'],24.499,54.3446,Ortygornis pondicerianus,Gray Francolin,Oscar Campbell,Creative Commons Attribution-NonCommercial-ShareAlike 4.0,4.5,09:00,https://www.xeno-canto.org/395091,gryfra/XC395091.ogg
gryfra,[],['song'],23.4894,69.2526,Ortygornis pondicerianus,Gray Francolin,Meena Haribal,Creative Commons Attribution-NonCommercial-ShareAlike 4.0,2.0,09:30,https://www.xeno-canto.org/404357,gryfra/XC404357.ogg
gryfra,[],['song'],27.1372,57.0675,Ortygornis pondicerianus,Gray Francolin,Patrik Åberg,Creative Commons Attribution-NonCommercial-ShareAlike 4.0,4.0,16:30,https://www.xeno-canto.org/405322,gryfra/XC405322.ogg
gryfra,[],['song'],27.1372,57.0675,Ortygornis pondicerianus,Gray Francolin,Patrik Åberg,Creative Commons Attribution-NonCommercial-ShareAlike 4.0,5.0,18:20,https://www.xeno-canto.org/405324,gryfra/XC405324.ogg
gryfra,[],['call'],11.0477,76.8642,Ortygornis pondicerianus,Gray Francolin,Dilip KG,Creative Commons Attribution-NonCommercial-ShareAlike 4.0,4.0,17:00,https://www.xeno-canto.org/406118,gryfra/XC406118.ogg
gryfra,[],['call'],28.3967,79.4319,Ortygornis pondicerianus,Gray Francolin,Sreekumar Chirukandoth,Creative Commons Attribution-NonCommercial-ShareAlike 4.0,4.5,08:00,https://www.xeno-canto.org/441379,gryfra/XC441379.ogg
gryfra,[],['call'],13.8264,79.95,Ortygornis pondicerianus,Gray Francolin,Vivek Puliyeri,Creative Commons Attribution-NonCommercial-ShareAlike 4.0,3.0,11:34,https://www.xeno-canto.org/442342,gryfra/XC442342.ogg
gryfra,[],['Wing flaps'],24.09,55.7093,Ortygornis pondicerianus,Gray Francolin,Aladdin,Creative Commons Attribution-NonCommercial-ShareAlike 4.0,4.0,15:00,https://www.xeno-canto.org/444759,gryfra/XC444759.ogg
gryfra,['houspa'],"['male', 'song']",23.248,58.9191,Ortygornis pondicerianus,Gray Francolin,AUDEVARD Aurélien,Creative Commons Attribution-NonCommercial-ShareAlike 4.0,4.5,06:44,https://www.xeno-canto.org/447189,gryfra/XC447189.ogg
gryfra,[],['call'],22.3052,70.7329,Ortygornis pondicerianus,Gray Francolin,Hemanya Radadia,Creative Commons Attribution-NonCommercial-ShareAlike 4.0,4.0,18:30,https://www.xeno-canto.org/451799,gryfra/XC451799.ogg
gryfra,[],['call'],12.9912,80.2363,Ortygornis pondicerianus,Gray Francolin,Vivek Puliyeri,Creative Commons Attribution-NonCommercial-ShareAlike 4.0,5.0,07:00,https://www.xeno-canto.org/459199,gryfra/XC459199.ogg
gryfra,[],['call'],12.9912,80.2363,Ortygornis pondicerianus,Gray Francolin,Vivek Puliyeri,Creative Commons Attribution-NonCommercial-ShareAlike 4.0,4.0,06:17,https://www.xeno-canto.org/459287,gryfra/XC459287.ogg
gryfra,[],['call'],12.9912,80.2363,Ortygornis pondicerianus,Gray Francolin,Vivek Puliyeri,Creative Commons Attribution-NonCommercial-ShareAlike 4.0,4.0,06:18,https://www.xeno-canto.org/459288,gryfra/XC459288.ogg
gryfra,[],['call'],12.9912,80.2363,Ortygornis pondicerianus,Gray Francolin,Vivek Puliyeri,Creative Commons Attribution-NonCommercial-ShareAlike 4.0,4.0,06:57,https://www.xeno-canto.org/469359,gryfra/XC469359.ogg
gryfra,[],"['call', 'song']",11.0395,76.8674,Ortygornis pondicerianus,Gray Francolin,Nantha N,Creative Commons Attribution-NonCommercial-ShareAlike 4.0,4.0,07:30,https://www.xeno-canto.org/474849,gryfra/XC474849.ogg
gryfra,[],['song'],27.1196,57.0451,Ortygornis pondicerianus,Gray Francolin,Cedric Mroczko,Creative Commons Attribution-NonCommercial-ShareAlike 4.0,4.0,09:30,https://www.xeno-canto.org/514845,gryfra/XC514845.ogg
gryfra,[],['call'],26.2176,50.5904,Ortygornis pondicerianus,Gray Francolin,Gregory Askew,Creative Commons Attribution-NonCommercial-ShareAlike 4.0,4.0,13:00,https://www.xeno-canto.org/523562,gryfra/XC523562.ogg
gryfra,[],"['adult', 'call', 'sex uncertain']",23.598,87.2214,Ortygornis pondicerianus,Gray Francolin,Sagar Adhurya,Creative Commons Attribution-NonCommercial-ShareAlike 4.0,4.0,09:53,https://www.xeno-canto.org/575657,gryfra/XC575657.ogg
gryfra,['houspa'],['song'],23.3777,69.2658,Ortygornis pondicerianus,Gray Francolin,Jelle Scharringa,Creative Commons Attribution-NonCommercial-ShareAlike 4.0,4.5,14:30,https://www.xeno-canto.org/611581,gryfra/XC611581.ogg
gryfra,[],['song'],23.5979,69.2405,Ortygornis pondicerianus,Gray Francolin,Jelle Scharringa,Creative Commons Attribution-NonCommercial-ShareAlike 4.0,4.5,08:00,https://www.xeno-canto.org/611583,gryfra/XC611583.ogg
gryfra,[],"['call', 'life stage uncertain', 'sex uncertain', 'song']",27.1751,78.0421,Ortygornis pondicerianus,Gray Francolin,Larry Joseph,Creative Commons Attribution-NonCommercial-ShareAlike 4.0,3.0,16:41,https://www.xeno-canto.org/619357,gryfra/XC619357.ogg
gryfra,['houspa'],"['adult', 'sex uncertain', 'song']",26.2279,50.4733,Ortygornis pondicerianus,Gray Francolin,David Darrell-Lambert,Creative Commons Attribution-NonCommercial-ShareAlike 4.0,3.5,09:00,https://www.xeno-canto.org/635699,gryfra/XC635699.ogg
gryfra,[],"['male', 'song']",24.6567,50.8491,Ortygornis pondicerianus,Gray Francolin,Gregory Askew,Creative Commons Attribution-NonCommercial-ShareAlike 4.0,5.0,07:30,https://www.xeno-canto.org/637788,gryfra/XC637788.ogg
gryfra,[],['call'],24.6567,50.8491,Ortygornis pondicerianus,Gray Francolin,Gregory Askew,Creative Commons Attribution-NonCommercial-ShareAlike 4.0,4.0,07:30,https://www.xeno-canto.org/639517,gryfra/XC639517.ogg
gryfra,[],['call'],24.6567,50.8491,Ortygornis pondicerianus,Gray Francolin,Gregory Askew,Creative Commons Attribution-NonCommercial-ShareAlike 4.0,3.0,07:30,https://www.xeno-canto.org/639518,gryfra/XC639518.ogg
gryfra,['houspa'],['call'],24.6567,50.8491,Ortygornis pondicerianus,Gray Francolin,Gregory Askew,Creative Commons Attribution-NonCommercial-ShareAlike 4.0,3.5,09:00,https://www.xeno-canto.org/644009,gryfra/XC644009.ogg
gryfra,['houspa'],['call'],24.6567,50.8491,Ortygornis pondicerianus,Gray Francolin,Gregory Askew,Creative Commons Attribution-NonCommercial-ShareAlike 4.0,3.5,09:00,https://www.xeno-canto.org/644011,gryfra/XC644011.ogg
gryfra,['rorpar'],['song'],27.1536,77.5465,Ortygornis pondicerianus,Gray Francolin,Jelle Scharringa,Creative Commons Attribution-NonCommercial-ShareAlike 4.0,4.5,11:30,https://www.xeno-canto.org/667223,gryfra/XC667223.ogg
gryfra,[],['song'],27.1536,77.5465,Ortygornis pondicerianus,Gray Francolin,Jelle Scharringa,Creative Commons Attribution-NonCommercial-ShareAlike 4.0,4.5,18:00,https://www.xeno-canto.org/667224,gryfra/XC667224.ogg
gryfra,[],['song'],26.928,75.793,Ortygornis pondicerianus,Gray Francolin,Mike Nelson,Creative Commons Attribution-NonCommercial-ShareAlike 3.0,3.0,7:00am,https://www.xeno-canto.org/73267,gryfra/XC73267.ogg
gryfra,['rorpar'],['song'],26.928,75.793,Ortygornis pondicerianus,Gray Francolin,Mike Nelson,Creative Commons Attribution-NonCommercial-ShareAlike 3.0,2.5,7:00am,https://www.xeno-canto.org/73268,gryfra/XC73268.ogg
gwfgoo,[],"['alarm call', 'call']",54.1838,7.8831,Anser albifrons,Greater White-fronted Goose,Matthias Feuersenger,Creative Commons Attribution-NonCommercial-ShareAlike 3.0,3.5,11:39,https://www.xeno-canto.org/112342,gwfgoo/XC112342.ogg
gwfgoo,[],['flight call'],46.9459,-124.1499,Anser albifrons,Greater White-fronted Goose,Tayler Brooks,Creative Commons Attribution-NonCommercial-ShareAlike 3.0,4.0,13:00,https://www.xeno-canto.org/113143,gwfgoo/XC113143.ogg
gwfgoo,['glwgul'],['call'],48.32,-123.546,Anser albifrons,Greater White-fronted Goose,Ian Cruickshank,Creative Commons Attribution-NonCommercial-ShareAlike 3.0,3.5,07:30,https://www.xeno-canto.org/114347,gwfgoo/XC114347.ogg
gwfgoo,[],"['call', 'wing noise']",54.1729,9.1175,Anser albifrons,Greater White-fronted Goose,Volker Arnold,Creative Commons Attribution-NonCommercial-ShareAlike 3.0,4.0,16:12,https://www.xeno-canto.org/118263,gwfgoo/XC118263.ogg
gwfgoo,['mallar3'],['call'],49.9178,-6.2872,Anser albifrons,Greater White-fronted Goose,Ashley Fisher,Creative Commons Attribution-NonCommercial-ShareAlike 3.0,3.5,13:43,https://www.xeno-canto.org/118578,gwfgoo/XC118578.ogg
gwfgoo,[],['call'],49.9183,-6.285,Anser albifrons,Greater White-fronted Goose,Ashley Fisher,Creative Commons Attribution-NonCommercial-ShareAlike 3.0,4.5,17:04,https://www.xeno-canto.org/123890,gwfgoo/XC123890.ogg
gwfgoo,[],['call'],49.9183,-6.285,Anser albifrons,Greater White-fronted Goose,Ashley Fisher,Creative Commons Attribution-NonCommercial-ShareAlike 3.0,5.0,17:12,https://www.xeno-canto.org/123891,gwfgoo/XC123891.ogg
gwfgoo,[],['call'],49.9183,-6.285,Anser albifrons,Greater White-fronted Goose,Ashley Fisher,Creative Commons Attribution-NonCommercial-ShareAlike 3.0,5.0,17:13,https://www.xeno-canto.org/123892,gwfgoo/XC123892.ogg
gwfgoo,[],['call'],49.9183,-6.285,Anser albifrons,Greater White-fronted Goose,Ashley Fisher,Creative Commons Attribution-NonCommercial-ShareAlike 3.0,4.5,17:14,https://www.xeno-canto.org/124009,gwfgoo/XC124009.ogg
gwfgoo,[],"['call', 'flight call']",54.5631,11.9642,Anser albifrons,Greater White-fronted Goose,Louis A. Hansen,Creative Commons Attribution-NonCommercial-ShareAlike 3.0,4.0,10:42,https://www.xeno-canto.org/124787,gwfgoo/XC124787.ogg
gwfgoo,['mallar3'],['call'],49.9182,-6.2872,Anser albifrons,Greater White-fronted Goose,Ashley Fisher,Creative Commons Attribution-NonCommercial-ShareAlike 3.0,1.5,12:33,https://www.xeno-canto.org/125993,gwfgoo/XC125993.ogg
gwfgoo,[],['call'],49.9182,-6.2872,Anser albifrons,Greater White-fronted Goose,Ashley Fisher,Creative Commons Attribution-NonCommercial-ShareAlike 3.0,4.5,12:37,https://www.xeno-canto.org/126020,gwfgoo/XC126020.ogg
gwfgoo,[],['call'],49.9182,-6.2871,Anser albifrons,Greater White-fronted Goose,Ashley Fisher,Creative Commons Attribution-NonCommercial-ShareAlike 3.0,4.5,12:16,https://www.xeno-canto.org/126034,gwfgoo/XC126034.ogg
gwfgoo,"['mallar3', 'norpin']",['call'],49.9181,-6.2872,Anser albifrons,Greater White-fronted Goose,Ashley Fisher,Creative Commons Attribution-NonCommercial-ShareAlike 3.0,4.5,12:20,https://www.xeno-canto.org/126046,gwfgoo/XC126046.ogg
gwfgoo,['mallar3'],['call'],49.9182,-6.2873,Anser albifrons,Greater White-fronted Goose,Ashley Fisher,Creative Commons Attribution-NonCommercial-ShareAlike 3.0,4.5,12:27,https://www.xeno-canto.org/126054,gwfgoo/XC126054.ogg
gwfgoo,[],['call'],54.174,9.131,Anser albifrons,Greater White-fronted Goose,Volker Arnold,Creative Commons Attribution-NonCommercial-ShareAlike 3.0,4.5,11:04,https://www.xeno-canto.org/128219,gwfgoo/XC128219.ogg
gwfgoo,[],['call'],49.9183,-6.2876,Anser albifrons,Greater White-fronted Goose,Ashley Fisher,Creative Commons Attribution-NonCommercial-ShareAlike 3.0,5.0,13:41,https://www.xeno-canto.org/128867,gwfgoo/XC128867.ogg
gwfgoo,[],['call'],49.9182,-6.2874,Anser albifrons,Greater White-fronted Goose,Ashley Fisher,Creative Commons Attribution-NonCommercial-ShareAlike 3.0,5.0,13:58,https://www.xeno-canto.org/128870,gwfgoo/XC128870.ogg
gwfgoo,[],['flight call'],54.1498,9.2206,Anser albifrons,Greater White-fronted Goose,Volker Arnold,Creative Commons Attribution-NonCommercial-ShareAlike 3.0,5.0,15:21,https://www.xeno-canto.org/129373,gwfgoo/XC129373.ogg
gwfgoo,[],['call'],49.9182,-6.2877,Anser albifrons,Greater White-fronted Goose,Ashley Fisher,Creative Commons Attribution-NonCommercial-ShareAlike 3.0,5.0,15:57,https://www.xeno-canto.org/131313,gwfgoo/XC131313.ogg
gwfgoo,[],['flight call'],56.5549,47.1801,Anser albifrons,Greater White-fronted Goose,Albert Lastukhin,Creative Commons Attribution-NonCommercial-ShareAlike 3.0,2.0,07:00,https://www.xeno-canto.org/132155,gwfgoo/XC132155.ogg
gwfgoo,[],['call'],71.251,-156.7719,Anser albifrons,Greater White-fronted Goose,Andrew Spencer,Creative Commons Attribution-NonCommercial-ShareAlike 3.0,5.0,23:00,https://www.xeno-canto.org/149379,gwfgoo/XC149379.ogg
gwfgoo,[],['call'],71.251,-156.7719,Anser albifrons,Greater White-fronted Goose,Andrew Spencer,Creative Commons Attribution-NonCommercial-ShareAlike 3.0,5.0,23:00,https://www.xeno-canto.org/149380,gwfgoo/XC149380.ogg
gwfgoo,[],['call'],71.251,-156.7719,Anser albifrons,Greater White-fronted Goose,Andrew Spencer,Creative Commons Attribution-NonCommercial-ShareAlike 3.0,5.0,23:00,https://www.xeno-canto.org/149381,gwfgoo/XC149381.ogg
gwfgoo,[],['call'],71.2973,-156.7737,Anser albifrons,Greater White-fronted Goose,Andrew Spencer,Creative Commons Attribution-NonCommercial-ShareAlike 3.0,5.0,02:00,https://www.xeno-canto.org/149382,gwfgoo/XC149382.ogg
gwfgoo,[],['flight call'],38.2657,-121.4393,Anser albifrons,Greater White-fronted Goose,Paul Marvin,Creative Commons Attribution-NonCommercial-ShareAlike 3.0,3.5,14:33,https://www.xeno-canto.org/150244,gwfgoo/XC150244.ogg
gwfgoo,[],['flight call'],38.2657,-121.4393,Anser albifrons,Greater White-fronted Goose,Paul Marvin,Creative Commons Attribution-NonCommercial-ShareAlike 3.0,4.0,14:33,https://www.xeno-canto.org/150245,gwfgoo/XC150245.ogg
gwfgoo,[],['flight call'],38.2657,-121.4393,Anser albifrons,Greater White-fronted Goose,Paul Marvin,Creative Commons Attribution-NonCommercial-ShareAlike 3.0,4.0,14:48,https://www.xeno-canto.org/150246,gwfgoo/XC150246.ogg
gwfgoo,[],['call'],34.9478,-85.0346,Anser albifrons,Greater White-fronted Goose,David Hollie,Creative Commons Attribution-NonCommercial-ShareAlike 3.0,0.5,08:30,https://www.xeno-canto.org/153074,gwfgoo/XC153074.ogg
gwfgoo,[],['flight call'],54.0346,8.9658,Anser albifrons,Greater White-fronted Goose,Volker Arnold,Creative Commons Attribution-NonCommercial-ShareAlike 3.0,5.0,14:17,https://www.xeno-canto.org/155023,gwfgoo/XC155023.ogg
gwfgoo,[],['flight call'],43.4326,-0.4619,Anser albifrons,Greater White-fronted Goose,Bernard BOUSQUET,Creative Commons Attribution-NonCommercial-ShareAlike 3.0,4.0,18:00,https://www.xeno-canto.org/158283,gwfgoo/XC158283.ogg
gwfgoo,[],['call'],48.5706,-123.4307,Anser albifrons,Greater White-fronted Goose,Ian Cruickshank,Creative Commons Attribution-NonCommercial-ShareAlike 3.0,3.0,14:00,https://www.xeno-canto.org/161429,gwfgoo/XC161429.ogg
gwfgoo,[],['flight call'],58.7337,23.694,Anser albifrons,Greater White-fronted Goose,Tero Linjama,Creative Commons Attribution-NonCommercial-ShareAlike 3.0,5.0,06:00,https://www.xeno-canto.org/164601,gwfgoo/XC164601.ogg
gwfgoo,[],['flight call'],58.7337,23.694,Anser albifrons,Greater White-fronted Goose,Tero Linjama,Creative Commons Attribution-NonCommercial-ShareAlike 3.0,4.5,06:00,https://www.xeno-canto.org/164602,gwfgoo/XC164602.ogg
gwfgoo,[],['call'],54.174,9.131,Anser albifrons,Greater White-fronted Goose,Volker Arnold,Creative Commons Attribution-NonCommercial-ShareAlike 3.0,4.5,09:00,https://www.xeno-canto.org/169484,gwfgoo/XC169484.ogg
gwfgoo,[],['flight call'],56.1063,47.5616,Anser albifrons,Greater White-fronted Goose,Albert Lastukhin,Creative Commons Attribution-NonCommercial-ShareAlike 4.0,2.5,12:30,https://www.xeno-canto.org/175674,gwfgoo/XC175674.ogg
gwfgoo,[],['flight call'],52.4615,12.5057,Anser albifrons,Greater White-fronted Goose,Joe Klaiber,Creative Commons Attribution-NonCommercial-ShareAlike 4.0,3.0,09:00,https://www.xeno-canto.org/197592,gwfgoo/XC197592.ogg
gwfgoo,[],['call'],36.6057,126.4805,Anser albifrons,Greater White-fronted Goose,Ross Gallardy,Creative Commons Attribution-NonCommercial-ShareAlike 4.0,3.0,13:30,https://www.xeno-canto.org/202769,gwfgoo/XC202769.ogg
gwfgoo,[],['call'],36.6057,126.4805,Anser albifrons,Greater White-fronted Goose,Ross Gallardy,Creative Commons Attribution-NonCommercial-ShareAlike 4.0,5.0,13:30,https://www.xeno-canto.org/202770,gwfgoo/XC202770.ogg
gwfgoo,[],['call'],36.6057,126.4805,Anser albifrons,Greater White-fronted Goose,Ross Gallardy,Creative Commons Attribution-NonCommercial-ShareAlike 4.0,4.5,13:30,https://www.xeno-canto.org/202771,gwfgoo/XC202771.ogg
gwfgoo,[],['call'],36.6057,126.4805,Anser albifrons,Greater White-fronted Goose,Ross Gallardy,Creative Commons Attribution-NonCommercial-ShareAlike 4.0,2.5,13:30,https://www.xeno-canto.org/202772,gwfgoo/XC202772.ogg
gwfgoo,[],['call'],48.3197,-123.5463,Anser albifrons,Greater White-fronted Goose,Ian Cruickshank,Creative Commons Attribution-NonCommercial-ShareAlike 4.0,4.0,09:00,https://www.xeno-canto.org/210100,gwfgoo/XC210100.ogg
gwfgoo,[],"['alarm call', 'call', 'female', 'juvenile', 'male']",51.2108,17.2496,Anser albifrons,Greater White-fronted Goose,Antoni Knychała,Creative Commons Attribution-NonCommercial-ShareAlike 4.0,5.0,03:00,https://www.xeno-canto.org/236311,gwfgoo/XC236311.ogg
gwfgoo,[],['call'],55.5834,13.6834,Anser albifrons,Greater White-fronted Goose,Niels Krabbe,Creative Commons Attribution-NonCommercial-ShareAlike 3.0,3.0,xx:xx,https://www.xeno-canto.org/25712,gwfgoo/XC25712.ogg
gwfgoo,[],['call'],55.6531,13.5751,Anser albifrons,Greater White-fronted Goose,Patrik Åberg,Creative Commons Attribution-NonCommercial-ShareAlike 3.0,4.0,?,https://www.xeno-canto.org/27168,gwfgoo/XC27168.ogg
gwfgoo,[],['call'],29.9589,-92.6373,Anser albifrons,Greater White-fronted Goose,Daniel Lane,Creative Commons Attribution-NonCommercial-ShareAlike 3.0,5.0,17:21,https://www.xeno-canto.org/28264,gwfgoo/XC28264.ogg
gwfgoo,[],['flight call'],50.4327,8.8976,Anser albifrons,Greater White-fronted Goose,brickegickel,Creative Commons Attribution-NonCommercial-ShareAlike 4.0,2.0,10:00,https://www.xeno-canto.org/284621,gwfgoo/XC284621.ogg
gwfgoo,[],['flight call'],51.94,5.9038,Anser albifrons,Greater White-fronted Goose,Joost van Bruggen,Creative Commons Attribution-NonCommercial-ShareAlike 4.0,4.0,02:00,https://www.xeno-canto.org/287944,gwfgoo/XC287944.ogg
gwfgoo,[],['flight call'],51.94,5.9038,Anser albifrons,Greater White-fronted Goose,Joost van Bruggen,Creative Commons Attribution-NonCommercial-ShareAlike 4.0,4.0,04:10,https://www.xeno-canto.org/287945,gwfgoo/XC287945.ogg
gwfgoo,['mallar3'],['call'],51.94,5.9038,Anser albifrons,Greater White-fronted Goose,Joost van Bruggen,Creative Commons Attribution-NonCommercial-ShareAlike 4.0,3.5,22:13,https://www.xeno-canto.org/289485,gwfgoo/XC289485.ogg
gwfgoo,['cangoo'],['call'],41.3792,-71.5851,Anser albifrons,Greater White-fronted Goose,Dylan Pedro,Creative Commons Attribution-NonCommercial-ShareAlike 4.0,2.5,08:30,https://www.xeno-canto.org/294804,gwfgoo/XC294804.ogg
gwfgoo,[],['call'],42.5063,24.3431,Anser albifrons,Greater White-fronted Goose,Nikolay Sariev,Creative Commons Attribution-NonCommercial-ShareAlike 4.0,3.0,15:19,https://www.xeno-canto.org/299174,gwfgoo/XC299174.ogg
gwfgoo,[],['call'],51.3728,0.9347,Anser albifrons,Greater White-fronted Goose,David Darrell-Lambert,Creative Commons Attribution-NonCommercial-ShareAlike 4.0,3.5,08:30,https://www.xeno-canto.org/299492,gwfgoo/XC299492.ogg
gwfgoo,[],['flight call'],49.634,26.2213,Anser albifrons,Greater White-fronted Goose,Ruslan Mazuryk,Creative Commons Attribution-NonCommercial-ShareAlike 4.0,3.0,?,https://www.xeno-canto.org/306094,gwfgoo/XC306094.ogg
gwfgoo,[],['call'],51.94,5.9038,Anser albifrons,Greater White-fronted Goose,Joost van Bruggen,Creative Commons Attribution-NonCommercial-ShareAlike 4.0,4.0,23:30,https://www.xeno-canto.org/306614,gwfgoo/XC306614.ogg
gwfgoo,[],['call'],58.7843,23.6655,Anser albifrons,Greater White-fronted Goose,Eetu Paljakka,Creative Commons Attribution-NonCommercial-ShareAlike 4.0,4.5,19:23,https://www.xeno-canto.org/312472,gwfgoo/XC312472.ogg
gwfgoo,[],['flight call'],60.6918,27.0647,Anser albifrons,Greater White-fronted Goose,Eetu Paljakka,Creative Commons Attribution-NonCommercial-ShareAlike 4.0,4.5,12:49,https://www.xeno-canto.org/315166,gwfgoo/XC315166.ogg
gwfgoo,[],['flight call'],60.581,27.2041,Anser albifrons,Greater White-fronted Goose,Eetu Paljakka,Creative Commons Attribution-NonCommercial-ShareAlike 4.0,4.5,10:45,https://www.xeno-canto.org/315327,gwfgoo/XC315327.ogg
gwfgoo,[],['flight call'],64.8028,-23.0806,Anser albifrons,Greater White-fronted Goose,Nick Komar,Creative Commons Attribution-NonCommercial-ShareAlike 4.0,4.5,09:30,https://www.xeno-canto.org/335690,gwfgoo/XC335690.ogg
gwfgoo,[],['call'],58.4278,14.2273,Anser albifrons,Greater White-fronted Goose,Patrik Åberg,Creative Commons Attribution-NonCommercial-ShareAlike 4.0,5.0,16:13,https://www.xeno-canto.org/343164,gwfgoo/XC343164.ogg
gwfgoo,[],['call'],35.4354,132.8761,Anser albifrons,Greater White-fronted Goose,Anon Torimi,Creative Commons Attribution-NonCommercial-ShareAlike 4.0,5.0,12:00,https://www.xeno-canto.org/345143,gwfgoo/XC345143.ogg
gwfgoo,[],['call'],35.4354,132.8761,Anser albifrons,Greater White-fronted Goose,Anon Torimi,Creative Commons Attribution-NonCommercial-ShareAlike 4.0,3.5,12:30,https://www.xeno-canto.org/346260,gwfgoo/XC346260.ogg
gwfgoo,[],['call'],51.9612,5.8104,Anser albifrons,Greater White-fronted Goose,James Lidster,Creative Commons Attribution-NonCommercial-ShareAlike 4.0,3.0,20:15,https://www.xeno-canto.org/347442,gwfgoo/XC347442.ogg
gwfgoo,[],['flight call'],51.9612,5.8104,Anser albifrons,Greater White-fronted Goose,James Lidster,Creative Commons Attribution-NonCommercial-ShareAlike 4.0,4.0,00:15,https://www.xeno-canto.org/347454,gwfgoo/XC347454.ogg
gwfgoo,[],['flight call'],51.9612,5.8104,Anser albifrons,Greater White-fronted Goose,James Lidster,Creative Commons Attribution-NonCommercial-ShareAlike 4.0,3.0,23:00,https://www.xeno-canto.org/347455,gwfgoo/XC347455.ogg
gwfgoo,[],['flight call'],51.9612,5.8104,Anser albifrons,Greater White-fronted Goose,James Lidster,Creative Commons Attribution-NonCommercial-ShareAlike 4.0,3.0,23:00,https://www.xeno-canto.org/347456,gwfgoo/XC347456.ogg
gwfgoo,[],['flight call'],48.8016,6.7448,Anser albifrons,Greater White-fronted Goose,Stanislas Wroza,Creative Commons Attribution-NonCommercial-ShareAlike 4.0,5.0,12:00,https://www.xeno-canto.org/349446,gwfgoo/XC349446.ogg
gwfgoo,[],['call'],44.6433,12.1042,Anser albifrons,Greater White-fronted Goose,Andrea Simoncini,Creative Commons Attribution-NonCommercial-ShareAlike 4.0,4.0,17:30,https://www.xeno-canto.org/349705,gwfgoo/XC349705.ogg
gwfgoo,[],['call'],44.7968,12.0548,Anser albifrons,Greater White-fronted Goose,Andrea Simoncini,Creative Commons Attribution-NonCommercial-ShareAlike 4.0,2.0,15:30,https://www.xeno-canto.org/349707,gwfgoo/XC349707.ogg
gwfgoo,['warwhe1'],['call'],22.4896,114.0347,Anser albifrons,Greater White-fronted Goose,John Allcock,Creative Commons Attribution-NonCommercial-ShareAlike 4.0,3.5,14:00,https://www.xeno-canto.org/356670,gwfgoo/XC356670.ogg
gwfgoo,[],['flight call'],44.9045,11.1831,Anser albifrons,Greater White-fronted Goose,Francesco Sottile,Creative Commons Attribution-NonCommercial-ShareAlike 4.0,3.5,10:00,https://www.xeno-canto.org/357628,gwfgoo/XC357628.ogg
gwfgoo,[],['flight call'],37.1779,-120.6158,Anser albifrons,Greater White-fronted Goose,Thomas G. Graves,Creative Commons Attribution-NonCommercial-ShareAlike 4.0,3.5,9:59,https://www.xeno-canto.org/357669,gwfgoo/XC357669.ogg
gwfgoo,[],['call'],51.9612,5.8104,Anser albifrons,Greater White-fronted Goose,James Lidster,Creative Commons Attribution-NonCommercial-ShareAlike 4.0,4.0,03:00,https://www.xeno-canto.org/358943,gwfgoo/XC358943.ogg
gwfgoo,[],['call'],51.9612,5.8104,Anser albifrons,Greater White-fronted Goose,James Lidster,Creative Commons Attribution-NonCommercial-ShareAlike 4.0,4.0,22:30,https://www.xeno-canto.org/358946,gwfgoo/XC358946.ogg
gwfgoo,[],['flight call'],58.7948,22.7752,Anser albifrons,Greater White-fronted Goose,Eetu Paljakka,Creative Commons Attribution-NonCommercial-ShareAlike 4.0,3.5,12:24,https://www.xeno-canto.org/366277,gwfgoo/XC366277.ogg
gwfgoo,['skylar'],"['call', 'flight call']",58.7843,23.6655,Anser albifrons,Greater White-fronted Goose,Eetu Paljakka,Creative Commons Attribution-NonCommercial-ShareAlike 4.0,4.5,16:47,https://www.xeno-canto.org/366289,gwfgoo/XC366289.ogg
gwfgoo,[],['flight call'],52.1659,5.1245,Anser albifrons,Greater White-fronted Goose,Frank A. Roos,Creative Commons Attribution-NonCommercial-ShareAlike 4.0,5.0,12:00,https://www.xeno-canto.org/376971,gwfgoo/XC376971.ogg
gwfgoo,[],['flight call'],52.1659,5.1245,Anser albifrons,Greater White-fronted Goose,Frank A. Roos,Creative Commons Attribution-NonCommercial-ShareAlike 4.0,4.0,14:28,https://www.xeno-canto.org/376973,gwfgoo/XC376973.ogg
gwfgoo,[],['flight call'],51.94,5.9038,Anser albifrons,Greater White-fronted Goose,Joost van Bruggen,Creative Commons Attribution-NonCommercial-ShareAlike 4.0,5.0,02:24,https://www.xeno-canto.org/377213,gwfgoo/XC377213.ogg
gwfgoo,[],"['call', 'female', 'male']",64.6601,178.8664,Anser albifrons,Greater White-fronted Goose,Jens Kirkeby,Creative Commons Attribution-NonCommercial-ShareAlike 4.0,5.0,06:30,https://www.xeno-canto.org/382142,gwfgoo/XC382142.ogg
gwfgoo,[],"['call', 'flight call']",54.577,11.9226,Anser albifrons,Greater White-fronted Goose,Louis A. Hansen,Creative Commons Attribution-NonCommercial-ShareAlike 4.0,2.0,10:06,https://www.xeno-canto.org/393159,gwfgoo/XC393159.ogg
gwfgoo,['mallar3'],['call'],36.3216,136.2905,Anser albifrons,Greater White-fronted Goose,Anon Torimi,Creative Commons Attribution-NonCommercial-ShareAlike 4.0,3.5,12:10,https://www.xeno-canto.org/395189,gwfgoo/XC395189.ogg
gwfgoo,[],['flight call'],51.2588,3.5334,Anser albifrons,Greater White-fronted Goose,David Darrell-Lambert,Creative Commons Attribution-NonCommercial-ShareAlike 4.0,5.0,17:00,https://www.xeno-canto.org/401615,gwfgoo/XC401615.ogg
gwfgoo,[],['flight call'],51.2588,3.5334,Anser albifrons,Greater White-fronted Goose,David Darrell-Lambert,Creative Commons Attribution-NonCommercial-ShareAlike 4.0,5.0,17:00,https://www.xeno-canto.org/401616,gwfgoo/XC401616.ogg
gwfgoo,[],"['call', 'flight call']",52.6897,12.2491,Anser albifrons,Greater White-fronted Goose,Annette Hamann,Creative Commons Attribution-NonCommercial-ShareAlike 4.0,0.0,13:00,https://www.xeno-canto.org/405449,gwfgoo/XC405449.ogg
gwfgoo,[],"['alarm call', 'flight call']",52.6897,12.2491,Anser albifrons,Greater White-fronted Goose,Annette Hamann,Creative Commons Attribution-NonCommercial-ShareAlike 4.0,4.5,13:00,https://www.xeno-canto.org/405451,gwfgoo/XC405451.ogg
gwfgoo,[],['call'],65.2108,-164.827,Anser albifrons,Greater White-fronted Goose,Patrik Åberg,Creative Commons Attribution-NonCommercial-ShareAlike 4.0,5.0,04:32,https://www.xeno-canto.org/406247,gwfgoo/XC406247.ogg
gwfgoo,[],['call'],65.2108,-164.827,Anser albifrons,Greater White-fronted Goose,Patrik Åberg,Creative Commons Attribution-NonCommercial-ShareAlike 4.0,5.0,04:32,https://www.xeno-canto.org/406248,gwfgoo/XC406248.ogg
gwfgoo,[],['flight call'],71.2973,-156.7737,Anser albifrons,Greater White-fronted Goose,Patrik Åberg,Creative Commons Attribution-NonCommercial-ShareAlike 4.0,5.0,03:45,https://www.xeno-canto.org/406370,gwfgoo/XC406370.ogg
gwfgoo,[],['flight call'],71.2973,-156.7737,Anser albifrons,Greater White-fronted Goose,Patrik Åberg,Creative Commons Attribution-NonCommercial-ShareAlike 4.0,5.0,08:25,https://www.xeno-canto.org/406371,gwfgoo/XC406371.ogg
gwfgoo,[],['flight call'],52.0612,5.371,Anser albifrons,Greater White-fronted Goose,Aat Schaftenaar,Creative Commons Attribution-NonCommercial-ShareAlike 4.0,4.0,02:00,https://www.xeno-canto.org/424443,gwfgoo/XC424443.ogg
gwfgoo,[],['flight call'],52.0612,5.371,Anser albifrons,Greater White-fronted Goose,Aat Schaftenaar,Creative Commons Attribution-NonCommercial-ShareAlike 4.0,5.0,19:30,https://www.xeno-canto.org/424444,gwfgoo/XC424444.ogg
gwfgoo,[],['flight call'],52.0612,5.371,Anser albifrons,Greater White-fronted Goose,Aat Schaftenaar,Creative Commons Attribution-NonCommercial-ShareAlike 4.0,5.0,22:00,https://www.xeno-canto.org/424445,gwfgoo/XC424445.ogg
gwfgoo,[],['flight call'],52.0612,5.371,Anser albifrons,Greater White-fronted Goose,Aat Schaftenaar,Creative Commons Attribution-NonCommercial-ShareAlike 4.0,5.0,20:00,https://www.xeno-canto.org/424446,gwfgoo/XC424446.ogg
gwfgoo,[],['flight call'],62.1732,73.7412,Anser albifrons,Greater White-fronted Goose,Albert Lastukhin,Creative Commons Attribution-NonCommercial-ShareAlike 4.0,3.0,15:00,https://www.xeno-canto.org/432001,gwfgoo/XC432001.ogg
gwfgoo,[],['flight call'],63.1838,75.391,Anser albifrons,Greater White-fronted Goose,Albert Lastukhin,Creative Commons Attribution-NonCommercial-ShareAlike 4.0,3.0,07:30,https://www.xeno-canto.org/432455,gwfgoo/XC432455.ogg
gwfgoo,[],"['flight call', 'nocturnal flight call']",51.94,5.9038,Anser albifrons,Greater White-fronted Goose,Joost van Bruggen,Creative Commons Attribution-ShareAlike 4.0,5.0,00:47,https://www.xeno-canto.org/432936,gwfgoo/XC432936.ogg
gwfgoo,[],"['flight call', 'nocturnal flight call']",52.4504,5.5613,Anser albifrons,Greater White-fronted Goose,G Berger,Creative Commons Attribution-NonCommercial-ShareAlike 4.0,5.0,02:00,https://www.xeno-canto.org/439217,gwfgoo/XC439217.ogg
gwfgoo,[],['flight call'],52.0612,5.371,Anser albifrons,Greater White-fronted Goose,Aat Schaftenaar,Creative Commons Attribution-NonCommercial-ShareAlike 4.0,2.0,01:00,https://www.xeno-canto.org/440657,gwfgoo/XC440657.ogg
gwfgoo,[],['flight call'],52.0612,5.371,Anser albifrons,Greater White-fronted Goose,Aat Schaftenaar,Creative Commons Attribution-NonCommercial-ShareAlike 4.0,3.0,02:00,https://www.xeno-canto.org/440661,gwfgoo/XC440661.ogg
gwfgoo,[],['flight call'],52.1468,5.3788,Anser albifrons,Greater White-fronted Goose,Gerda van Deelen,Creative Commons Attribution-NonCommercial-ShareAlike 4.0,3.5,22:00,https://www.xeno-canto.org/440741,gwfgoo/XC440741.ogg
gwfgoo,[],['flight call'],52.1468,5.3788,Anser albifrons,Greater White-fronted Goose,Gerda van Deelen,Creative Commons Attribution-NonCommercial-ShareAlike 4.0,4.0,22:00,https://www.xeno-canto.org/440747,gwfgoo/XC440747.ogg
gwfgoo,[],['flight call'],52.0612,5.371,Anser albifrons,Greater White-fronted Goose,Aat Schaftenaar,Creative Commons Attribution-NonCommercial-ShareAlike 4.0,5.0,04:00,https://www.xeno-canto.org/442628,gwfgoo/XC442628.ogg
gwfgoo,[],"['call', 'flight call']",51.94,5.9038,Anser albifrons,Greater White-fronted Goose,Joost van Bruggen,Creative Commons Attribution-NonCommercial-ShareAlike 4.0,5.0,02:12,https://www.xeno-canto.org/443248,gwfgoo/XC443248.ogg
gwfgoo,[],['flight call'],39.1753,-122.0482,Anser albifrons,Greater White-fronted Goose,Ed Pandolfino,Creative Commons Attribution-NonCommercial-ShareAlike 4.0,4.0,12:02,https://www.xeno-canto.org/445706,gwfgoo/XC445706.ogg
gwfgoo,[],['flight call'],39.1753,-122.0482,Anser albifrons,Greater White-fronted Goose,Ed Pandolfino,Creative Commons Attribution-NonCommercial-ShareAlike 4.0,5.0,12:07,https://www.xeno-canto.org/445707,gwfgoo/XC445707.ogg
gwfgoo,[],['flight call'],39.1753,-122.0482,Anser albifrons,Greater White-fronted Goose,Ed Pandolfino,Creative Commons Attribution-NonCommercial-ShareAlike 4.0,4.0,09:23,https://www.xeno-canto.org/445708,gwfgoo/XC445708.ogg
gwfgoo,[],['flight call'],52.1468,5.3788,Anser albifrons,Greater White-fronted Goose,Gerda van Deelen,Creative Commons Attribution-NonCommercial-ShareAlike 4.0,2.0,02:00,https://www.xeno-canto.org/445767,gwfgoo/XC445767.ogg
gwfgoo,[],['flight call'],52.1468,5.3788,Anser albifrons,Greater White-fronted Goose,Gerda van Deelen,Creative Commons Attribution-NonCommercial-ShareAlike 4.0,2.0,23:30,https://www.xeno-canto.org/445830,gwfgoo/XC445830.ogg
gwfgoo,[],['flight call'],39.3212,-121.8164,Anser albifrons,Greater White-fronted Goose,Ed Pandolfino,Creative Commons Attribution-NonCommercial-ShareAlike 4.0,4.5,07:16,https://www.xeno-canto.org/450844,gwfgoo/XC450844.ogg
gwfgoo,[],['call'],32.233,-109.8269,Anser albifrons,Greater White-fronted Goose,Paul Marvin,Creative Commons Attribution-NonCommercial-ShareAlike 4.0,4.0,14:15,https://www.xeno-canto.org/453885,gwfgoo/XC453885.ogg
gwfgoo,[],['call'],32.233,-109.8269,Anser albifrons,Greater White-fronted Goose,Paul Marvin,Creative Commons Attribution-NonCommercial-ShareAlike 4.0,3.0,14:15,https://www.xeno-canto.org/453886,gwfgoo/XC453886.ogg
gwfgoo,[],['call'],32.233,-109.8269,Anser albifrons,Greater White-fronted Goose,Paul Marvin,Creative Commons Attribution-NonCommercial-ShareAlike 4.0,4.0,15:04,https://www.xeno-canto.org/453887,gwfgoo/XC453887.ogg
gwfgoo,[],['call'],32.233,-109.8269,Anser albifrons,Greater White-fronted Goose,Paul Marvin,Creative Commons Attribution-NonCommercial-ShareAlike 4.0,3.0,16:30,https://www.xeno-canto.org/453888,gwfgoo/XC453888.ogg
gwfgoo,['mallar3'],['flight call'],29.9659,-92.8777,Anser albifrons,Greater White-fronted Goose,Paul Marvin,Creative Commons Attribution-NonCommercial-ShareAlike 4.0,3.5,06:36,https://www.xeno-canto.org/454671,gwfgoo/XC454671.ogg
gwfgoo,[],['flight call'],52.1468,5.3788,Anser albifrons,Greater White-fronted Goose,Gerda van Deelen,Creative Commons Attribution-NonCommercial-ShareAlike 4.0,2.0,23:30,https://www.xeno-canto.org/459761,gwfgoo/XC459761.ogg
gwfgoo,[],['flight call'],52.1468,5.3788,Anser albifrons,Greater White-fronted Goose,Gerda van Deelen,Creative Commons Attribution-NonCommercial-ShareAlike 4.0,3.5,02:00,https://www.xeno-canto.org/459963,gwfgoo/XC459963.ogg
gwfgoo,[],['flight call'],52.1468,5.3788,Anser albifrons,Greater White-fronted Goose,Gerda van Deelen,Creative Commons Attribution-NonCommercial-ShareAlike 4.0,3.0,23:00,https://www.xeno-canto.org/460010,gwfgoo/XC460010.ogg
gwfgoo,[],['flight call'],52.1468,5.3788,Anser albifrons,Greater White-fronted Goose,Gerda van Deelen,Creative Commons Attribution-NonCommercial-ShareAlike 4.0,2.0,00:30,https://www.xeno-canto.org/462114,gwfgoo/XC462114.ogg
gwfgoo,[],['flight call'],50.1191,18.9721,Anser albifrons,Greater White-fronted Goose,Ireneusz Oleksik,Creative Commons Attribution-NonCommercial-ShareAlike 4.0,4.0,00:00,https://www.xeno-canto.org/462716,gwfgoo/XC462716.ogg
gwfgoo,[],['flight call'],50.1191,18.9721,Anser albifrons,Greater White-fronted Goose,Ireneusz Oleksik,Creative Commons Attribution-NonCommercial-ShareAlike 4.0,5.0,00:00,https://www.xeno-canto.org/462717,gwfgoo/XC462717.ogg
gwfgoo,[],['flight call'],59.1105,25.5804,Anser albifrons,Greater White-fronted Goose,Uku Paal,Creative Commons Attribution-NonCommercial-ShareAlike 4.0,2.5,07:30,https://www.xeno-canto.org/464290,gwfgoo/XC464290.ogg
gwfgoo,[],['flight call'],59.218,18.0733,Anser albifrons,Greater White-fronted Goose,Teet Sirotkin,Creative Commons Attribution-NonCommercial-ShareAlike 4.0,5.0,08:00,https://www.xeno-canto.org/465326,gwfgoo/XC465326.ogg
gwfgoo,[],"['flight call', 'nocturnal flight call']",51.9839,5.3368,Anser albifrons,Greater White-fronted Goose,Peter van Vlaardingen,Creative Commons Attribution-NonCommercial-ShareAlike 4.0,3.0,19:32,https://www.xeno-canto.org/465574,gwfgoo/XC465574.ogg
gwfgoo,[],"['flight call', 'nocturnal flight call']",51.9839,5.3368,Anser albifrons,Greater White-fronted Goose,Peter van Vlaardingen,Creative Commons Attribution-NonCommercial-ShareAlike 4.0,3.0,23:45,https://www.xeno-canto.org/465612,gwfgoo/XC465612.ogg
gwfgoo,[],"['flight call', 'nocturnal flight call']",51.9839,5.3368,Anser albifrons,Greater White-fronted Goose,Peter van Vlaardingen,Creative Commons Attribution-NonCommercial-ShareAlike 4.0,5.0,00:41,https://www.xeno-canto.org/468912,gwfgoo/XC468912.ogg
gwfgoo,[],['flight call'],58.2555,25.9552,Anser albifrons,Greater White-fronted Goose,Uku Paal,Creative Commons Attribution-NonCommercial-ShareAlike 4.0,3.0,06:30,https://www.xeno-canto.org/469986,gwfgoo/XC469986.ogg
gwfgoo,[],['flight call'],51.9033,4.6913,Anser albifrons,Greater White-fronted Goose,Jonathan van Erkel,Creative Commons Attribution-NonCommercial-ShareAlike 4.0,3.0,23:55,https://www.xeno-canto.org/498275,gwfgoo/XC498275.ogg
gwfgoo,[],['call'],51.5577,15.7739,Anser albifrons,Greater White-fronted Goose,Michał Jezierski,Creative Commons Attribution-NonCommercial-ShareAlike 4.0,5.0,18:00,https://www.xeno-canto.org/498606,gwfgoo/XC498606.ogg
gwfgoo,[],['flight call'],34.6163,-120.1036,Anser albifrons,Greater White-fronted Goose,Wim van Dam,Creative Commons Attribution-NonCommercial-ShareAlike 4.0,4.0,01:00,https://www.xeno-canto.org/500506,gwfgoo/XC500506.ogg
gwfgoo,[],['nocturnal flight call'],58.3749,26.6876,Anser albifrons,Greater White-fronted Goose,Uku Paal,Creative Commons Attribution-NonCommercial-ShareAlike 4.0,3.0,01:30,https://www.xeno-canto.org/501044,gwfgoo/XC501044.ogg
gwfgoo,[],"['call', 'flight call']",59.9674,17.9371,Anser albifrons,Greater White-fronted Goose,Robert Ekman,Creative Commons Attribution-NonCommercial-ShareAlike 4.0,2.0,13:30,https://www.xeno-canto.org/502767,gwfgoo/XC502767.ogg
gwfgoo,[],"['flight call', 'nocturnal flight call']",60.2357,25.0058,Anser albifrons,Greater White-fronted Goose,Juha Saari,Creative Commons Attribution-NonCommercial-ShareAlike 4.0,0.0,02:32,https://www.xeno-canto.org/502772,gwfgoo/XC502772.ogg
gwfgoo,[],['nocturnal flight call'],60.2357,25.0058,Anser albifrons,Greater White-fronted Goose,Juha Saari,Creative Commons Attribution-NonCommercial-ShareAlike 4.0,0.0,05:03,https://www.xeno-canto.org/504024,gwfgoo/XC504024.ogg
gwfgoo,[],['nocturnal flight call'],60.2357,25.0058,Anser albifrons,Greater White-fronted Goose,Juha Saari,Creative Commons Attribution-NonCommercial-ShareAlike 4.0,0.0,21:30,https://www.xeno-canto.org/504088,gwfgoo/XC504088.ogg
gwfgoo,[],['call'],38.7296,141.1128,Anser albifrons,Greater White-fronted Goose,Anon Torimi,Creative Commons Attribution-NonCommercial-ShareAlike 4.0,3.5,12:40,https://www.xeno-canto.org/506644,gwfgoo/XC506644.ogg
gwfgoo,[],"['call', 'flight call']",38.7296,141.1128,Anser albifrons,Greater White-fronted Goose,Anon Torimi,Creative Commons Attribution-NonCommercial-ShareAlike 4.0,4.0,12:50,https://www.xeno-canto.org/506645,gwfgoo/XC506645.ogg
gwfgoo,[],['call'],38.7119,141.0941,Anser albifrons,Greater White-fronted Goose,Anon Torimi,Creative Commons Attribution-NonCommercial-ShareAlike 4.0,4.0,13:30,https://www.xeno-canto.org/506646,gwfgoo/XC506646.ogg
gwfgoo,[],['call'],38.7119,141.0941,Anser albifrons,Greater White-fronted Goose,Anon Torimi,Creative Commons Attribution-NonCommercial-ShareAlike 4.0,2.5,14:20,https://www.xeno-canto.org/506799,gwfgoo/XC506799.ogg
gwfgoo,[],['call'],38.7119,141.0941,Anser albifrons,Greater White-fronted Goose,Anon Torimi,Creative Commons Attribution-NonCommercial-ShareAlike 4.0,3.0,14:25,https://www.xeno-canto.org/506800,gwfgoo/XC506800.ogg
gwfgoo,[],['call'],38.7119,141.0941,Anser albifrons,Greater White-fronted Goose,Anon Torimi,Creative Commons Attribution-NonCommercial-ShareAlike 4.0,3.5,15:00,https://www.xeno-canto.org/506801,gwfgoo/XC506801.ogg
gwfgoo,[],['flight call'],45.2365,27.2837,Anser albifrons,Greater White-fronted Goose,Yoann Blanchon,Creative Commons Attribution-NonCommercial-ShareAlike 4.0,4.0,15:30,https://www.xeno-canto.org/509494,gwfgoo/XC509494.ogg
gwfgoo,[],['flight call'],45.2365,27.2837,Anser albifrons,Greater White-fronted Goose,Yoann Blanchon,Creative Commons Attribution-NonCommercial-ShareAlike 4.0,4.0,15:30,https://www.xeno-canto.org/509496,gwfgoo/XC509496.ogg
gwfgoo,[],['flight call'],45.2365,27.2837,Anser albifrons,Greater White-fronted Goose,Yoann Blanchon,Creative Commons Attribution-NonCommercial-ShareAlike 4.0,4.0,15:30,https://www.xeno-canto.org/509497,gwfgoo/XC509497.ogg
gwfgoo,[],['flight call'],45.0068,28.8792,Anser albifrons,Greater White-fronted Goose,Yoann Blanchon,Creative Commons Attribution-NonCommercial-ShareAlike 4.0,5.0,16:00,https://www.xeno-canto.org/509519,gwfgoo/XC509519.ogg
gwfgoo,[],['nocturnal flight call'],51.0445,2.3912,Anser albifrons,Greater White-fronted Goose,Julien Piette,Creative Commons Attribution-NonCommercial-ShareAlike 4.0,0.0,19:00,https://www.xeno-canto.org/509520,gwfgoo/XC509520.ogg
gwfgoo,[],['flight call'],44.1625,27.3175,Anser albifrons,Greater White-fronted Goose,Yoann Blanchon,Creative Commons Attribution-NonCommercial-ShareAlike 4.0,5.0,09:30,https://www.xeno-canto.org/509597,gwfgoo/XC509597.ogg
gwfgoo,[],['nocturnal flight call'],52.1418,5.3724,Anser albifrons,Greater White-fronted Goose,Frank Pierik,Creative Commons Attribution-NonCommercial-ShareAlike 4.0,3.0,01:17,https://www.xeno-canto.org/512595,gwfgoo/XC512595.ogg
gwfgoo,[],"['adult', 'flight call']",50.9517,16.5998,Anser albifrons,Greater White-fronted Goose,Marcin Sołowiej,Creative Commons Attribution-NonCommercial-ShareAlike 4.0,3.5,14:00,https://www.xeno-canto.org/519005,gwfgoo/XC519005.ogg
gwfgoo,[],['flight call'],52.6593,-0.6798,Anser albifrons,Greater White-fronted Goose,Andrew Harrop,Creative Commons Attribution-NonCommercial-ShareAlike 4.0,4.0,14:00,https://www.xeno-canto.org/522066,gwfgoo/XC522066.ogg
gwfgoo,[],['flight call'],51.5577,15.7739,Anser albifrons,Greater White-fronted Goose,Romuald Mikusek,Creative Commons Attribution-NonCommercial-ShareAlike 4.0,4.5,16:40,https://www.xeno-canto.org/524221,gwfgoo/XC524221.ogg
gwfgoo,[],['flight call'],50.4501,17.1167,Anser albifrons,Greater White-fronted Goose,Romuald Mikusek,Creative Commons Attribution-NonCommercial-ShareAlike 4.0,4.5,17:10,https://www.xeno-canto.org/524293,gwfgoo/XC524293.ogg
gwfgoo,[],['call'],51.9612,5.8104,Anser albifrons,Greater White-fronted Goose,James Lidster,Creative Commons Attribution-NonCommercial-ShareAlike 4.0,0.0,23:15,https://www.xeno-canto.org/528311,gwfgoo/XC528311.ogg
gwfgoo,[],['call'],51.9612,5.8104,Anser albifrons,Greater White-fronted Goose,James Lidster,Creative Commons Attribution-NonCommercial-ShareAlike 4.0,0.0,23:00,https://www.xeno-canto.org/528312,gwfgoo/XC528312.ogg
gwfgoo,[],['call'],51.9612,5.8104,Anser albifrons,Greater White-fronted Goose,James Lidster,Creative Commons Attribution-NonCommercial-ShareAlike 4.0,0.0,22:30,https://www.xeno-canto.org/528313,gwfgoo/XC528313.ogg
gwfgoo,[],['nocturnal flight call'],51.0601,13.7714,Anser albifrons,Greater White-fronted Goose,Jens Loose,Creative Commons Attribution-ShareAlike 4.0,4.0,01:50,https://www.xeno-canto.org/528351,gwfgoo/XC528351.ogg
gwfgoo,[],"['call', 'flight call']",51.9612,5.8104,Anser albifrons,Greater White-fronted Goose,James Lidster,Creative Commons Attribution-NonCommercial-ShareAlike 4.0,0.0,23:00,https://www.xeno-canto.org/528560,gwfgoo/XC528560.ogg
gwfgoo,[],"['call', 'flight call']",51.9612,5.8104,Anser albifrons,Greater White-fronted Goose,James Lidster,Creative Commons Attribution-NonCommercial-ShareAlike 4.0,0.0,19:30,https://www.xeno-canto.org/528561,gwfgoo/XC528561.ogg
gwfgoo,[],"['call', 'flight call']",51.9612,5.8104,Anser albifrons,Greater White-fronted Goose,James Lidster,Creative Commons Attribution-NonCommercial-ShareAlike 4.0,0.0,22:40,https://www.xeno-canto.org/528585,gwfgoo/XC528585.ogg
gwfgoo,[],['nocturnal flight call'],50.1191,18.9721,Anser albifrons,Greater White-fronted Goose,Ireneusz Oleksik,Creative Commons Attribution-NonCommercial-ShareAlike 4.0,2.0,03:11,https://www.xeno-canto.org/531861,gwfgoo/XC531861.ogg
gwfgoo,[],['nocturnal flight call'],50.1191,18.9721,Anser albifrons,Greater White-fronted Goose,Ireneusz Oleksik,Creative Commons Attribution-NonCommercial-ShareAlike 4.0,3.0,03:45,https://www.xeno-canto.org/533744,gwfgoo/XC533744.ogg
gwfgoo,[],"['adult', 'nocturnal flight call', 'sex uncertain']",52.393,20.5365,Anser albifrons,Greater White-fronted Goose,Jarek Matusiak,Creative Commons Attribution-NonCommercial-ShareAlike 4.0,4.5,01:00,https://www.xeno-canto.org/536036,gwfgoo/XC536036.ogg
gwfgoo,[],['nocturnal flight call'],60.2357,25.0058,Anser albifrons,Greater White-fronted Goose,Juha Saari,Creative Commons Attribution-NonCommercial-ShareAlike 4.0,3.0,20:25,https://www.xeno-canto.org/537465,gwfgoo/XC537465.ogg
gwfgoo,[],['nocturnal flight call'],58.3749,26.6876,Anser albifrons,Greater White-fronted Goose,Uku Paal,Creative Commons Attribution-NonCommercial-ShareAlike 4.0,4.0,21:00,https://www.xeno-canto.org/538830,gwfgoo/XC538830.ogg
gwfgoo,[],['flight call'],60.2289,25.1499,Anser albifrons,Greater White-fronted Goose,Hannu Varkki,Creative Commons Attribution-NonCommercial-ShareAlike 4.0,2.5,10:30,https://www.xeno-canto.org/539576,gwfgoo/XC539576.ogg
gwfgoo,[],['nocturnal flight call'],53.4697,9.7893,Anser albifrons,Greater White-fronted Goose,Lars Burnus,Creative Commons Attribution-NonCommercial-ShareAlike 4.0,0.0,23:12,https://www.xeno-canto.org/540365,gwfgoo/XC540365.ogg
gwfgoo,[],['nocturnal flight call'],51.5121,4.4359,Anser albifrons,Greater White-fronted Goose,Ad Hilders,Creative Commons Attribution-NonCommercial-ShareAlike 4.0,3.0,00:48,https://www.xeno-canto.org/541042,gwfgoo/XC541042.ogg
gwfgoo,[],['flight call'],63.7755,20.0713,Anser albifrons,Greater White-fronted Goose,Lars Edenius,Creative Commons Attribution-NonCommercial-ShareAlike 4.0,3.0,18:00,https://www.xeno-canto.org/544606,gwfgoo/XC544606.ogg
gwfgoo,[],['flight call'],52.0099,4.9064,Anser albifrons,Greater White-fronted Goose,Albert Noorlander,Creative Commons Attribution-NonCommercial-ShareAlike 4.0,5.0,10:30,https://www.xeno-canto.org/548426,gwfgoo/XC548426.ogg
gwfgoo,['mallar3'],['flight call'],59.0366,23.566,Anser albifrons,Greater White-fronted Goose,Uku Paal,Creative Commons Attribution-NonCommercial-ShareAlike 4.0,4.5,20:30,https://www.xeno-canto.org/550204,gwfgoo/XC550204.ogg
gwfgoo,[],['flight call'],59.8962,17.8583,Anser albifrons,Greater White-fronted Goose,Baltasar Pinheiro,Creative Commons Attribution-NonCommercial-ShareAlike 4.0,5.0,21:40,https://www.xeno-canto.org/550980,gwfgoo/XC550980.ogg
gwfgoo,[],['call'],59.1746,15.3843,Anser albifrons,Greater White-fronted Goose,Mikael Litsgård,Creative Commons Attribution-NonCommercial-ShareAlike 4.0,3.5,05:56,https://www.xeno-canto.org/552925,gwfgoo/XC552925.ogg
gwfgoo,[],['flight call'],48.573,4.7097,Anser albifrons,Greater White-fronted Goose,Guillaume Bigayon,Creative Commons Attribution-NonCommercial-ShareAlike 4.0,2.0,13:30,https://www.xeno-canto.org/555744,gwfgoo/XC555744.ogg
gwfgoo,[],"['adult', 'call']",52.0095,4.9042,Anser albifrons,Greater White-fronted Goose,Albert Noorlander,Creative Commons Attribution-NonCommercial-ShareAlike 4.0,5.0,10:00,https://www.xeno-canto.org/562524,gwfgoo/XC562524.ogg
gwfgoo,[],['flight call'],52.0087,4.9024,Anser albifrons,Greater White-fronted Goose,Albert Noorlander,Creative Commons Attribution-NonCommercial-ShareAlike 4.0,5.0,09:30,https://www.xeno-canto.org/562530,gwfgoo/XC562530.ogg
gwfgoo,[],['flight call'],52.0116,4.9268,Anser albifrons,Greater White-fronted Goose,Albert Noorlander,Creative Commons Attribution-NonCommercial-ShareAlike 4.0,5.0,10:30,https://www.xeno-canto.org/562549,gwfgoo/XC562549.ogg
gwfgoo,[],['call'],52.0118,4.925,Anser albifrons,Greater White-fronted Goose,Albert Noorlander,Creative Commons Attribution-NonCommercial-ShareAlike 4.0,5.0,9:40,https://www.xeno-canto.org/562570,gwfgoo/XC562570.ogg
gwfgoo,[],['flight call'],52.0115,4.9185,Anser albifrons,Greater White-fronted Goose,Albert Noorlander,Creative Commons Attribution-NonCommercial-ShareAlike 4.0,5.0,10:00,https://www.xeno-canto.org/562575,gwfgoo/XC562575.ogg
gwfgoo,[],"['call', 'nocturnal flight call']",50.6193,3.1255,Anser albifrons,Greater White-fronted Goose,Adrien Mauss,Creative Commons Attribution-NonCommercial-ShareAlike 4.0,4.0,01:44,https://www.xeno-canto.org/579979,gwfgoo/XC579979.ogg
gwfgoo,[],"['adult', 'call', 'sex uncertain']",68.6315,-149.5862,Anser albifrons,Greater White-fronted Goose,"Seth Beaudreault, Toolik Field Station",Creative Commons Attribution-NonCommercial-ShareAlike 4.0,3.0,08:30,https://www.xeno-canto.org/591696,gwfgoo/XC591696.ogg
gwfgoo,[],"['life stage uncertain', 'nocturnal flight call', 'sex uncertain']",52.2688,-7.1063,Anser albifrons,Greater White-fronted Goose,Mícheál Cowming,Creative Commons Attribution-NonCommercial-ShareAlike 4.0,4.0,01:08,https://www.xeno-canto.org/592546,gwfgoo/XC592546.ogg
gwfgoo,[],"['life stage uncertain', 'nocturnal flight call', 'sex uncertain']",52.2688,-7.1063,Anser albifrons,Greater White-fronted Goose,Mícheál Cowming,Creative Commons Attribution-NonCommercial-ShareAlike 4.0,4.0,01:08,https://www.xeno-canto.org/592548,gwfgoo/XC592548.ogg
gwfgoo,[],['nocturnal flight call'],60.2357,25.0058,Anser albifrons,Greater White-fronted Goose,Juha Saari,Creative Commons Attribution-NonCommercial-ShareAlike 4.0,5.0,21:05,https://www.xeno-canto.org/592979,gwfgoo/XC592979.ogg
gwfgoo,[],['nocturnal flight call'],55.4107,12.8449,Anser albifrons,Greater White-fronted Goose,Johan Lorentzon,Creative Commons Attribution-NonCommercial-ShareAlike 4.0,4.5,20:16,https://www.xeno-canto.org/593132,gwfgoo/XC593132.ogg
gwfgoo,['skylar'],['nocturnal flight call'],55.4107,12.8449,Anser albifrons,Greater White-fronted Goose,Johan Lorentzon,Creative Commons Attribution-NonCommercial-ShareAlike 4.0,4.5,23:15,https://www.xeno-canto.org/593134,gwfgoo/XC593134.ogg
gwfgoo,[],['nocturnal flight call'],59.2826,18.0106,Anser albifrons,Greater White-fronted Goose,Teet Sirotkin,Creative Commons Attribution-NonCommercial-ShareAlike 4.0,4.0,23:27,https://www.xeno-canto.org/593171,gwfgoo/XC593171.ogg
gwfgoo,[],['nocturnal flight call'],54.949,-1.48,Anser albifrons,Greater White-fronted Goose,Mark Newsome,Creative Commons Attribution-NonCommercial-ShareAlike 4.0,3.0,21:46,https://www.xeno-canto.org/593193,gwfgoo/XC593193.ogg
gwfgoo,[],"['flight call', 'life stage uncertain', 'nocturnal flight call', 'sex uncertain']",50.1191,18.9721,Anser albifrons,Greater White-fronted Goose,Ireneusz Oleksik,Creative Commons Attribution-NonCommercial-ShareAlike 4.0,2.0,20:38,https://www.xeno-canto.org/593426,gwfgoo/XC593426.ogg
gwfgoo,[],['nocturnal flight call'],51.8346,5.8519,Anser albifrons,Greater White-fronted Goose,Martijn Verdoes,Creative Commons Attribution-NonCommercial-ShareAlike 4.0,4.0,01:03,https://www.xeno-canto.org/594504,gwfgoo/XC594504.ogg
gwfgoo,[],['flight call'],56.6865,16.7386,Anser albifrons,Greater White-fronted Goose,Teet Sirotkin,Creative Commons Attribution-NonCommercial-ShareAlike 4.0,4.0,11:01,https://www.xeno-canto.org/594767,gwfgoo/XC594767.ogg
gwfgoo,[],['nocturnal flight call'],56.0148,-3.3962,Anser albifrons,Greater White-fronted Goose,Graham Sparshott,Creative Commons Attribution-NonCommercial-ShareAlike 4.0,2.0,23:01,https://www.xeno-canto.org/595096,gwfgoo/XC595096.ogg
gwfgoo,[],['nocturnal flight call'],53.5342,8.6032,Anser albifrons,Greater White-fronted Goose,Franck Hollander,Creative Commons Attribution-NonCommercial-ShareAlike 4.0,3.0,20:30,https://www.xeno-canto.org/595480,gwfgoo/XC595480.ogg
gwfgoo,[],"['flight call', 'nocturnal flight call']",51.6825,4.3454,Anser albifrons,Greater White-fronted Goose,Robbin van Dijk,Creative Commons Attribution-NonCommercial-ShareAlike 4.0,4.0,21:08,https://www.xeno-canto.org/595691,gwfgoo/XC595691.ogg
gwfgoo,[],"['flight call', 'nocturnal flight call']",50.7542,4.5672,Anser albifrons,Greater White-fronted Goose,Frederik Fluyt,Creative Commons Attribution-NonCommercial-ShareAlike 4.0,3.0,23:30,https://www.xeno-canto.org/595771,gwfgoo/XC595771.ogg
gwfgoo,[],['flight call'],50.7542,4.5672,Anser albifrons,Greater White-fronted Goose,Frederik Fluyt,Creative Commons Attribution-NonCommercial-ShareAlike 4.0,4.0,23:30,https://www.xeno-canto.org/595851,gwfgoo/XC595851.ogg
gwfgoo,[],"['adult', 'juvenile', 'sex uncertain']",48.8826,9.0248,Anser albifrons,Greater White-fronted Goose,Jochen Völlm,Creative Commons Attribution-NonCommercial-ShareAlike 4.0,2.5,09:15,https://www.xeno-canto.org/595870,gwfgoo/XC595870.ogg
gwfgoo,[],['call'],50.3725,1.5697,Anser albifrons,Greater White-fronted Goose,Stanislas Wroza,Creative Commons Attribution-NonCommercial-ShareAlike 4.0,5.0,07:30,https://www.xeno-canto.org/597006,gwfgoo/XC597006.ogg
gwfgoo,[],['call'],60.2095,25.1088,Anser albifrons,Greater White-fronted Goose,Hannu Varkki,Creative Commons Attribution-NonCommercial-ShareAlike 4.0,2.5,08:30,https://www.xeno-canto.org/597212,gwfgoo/XC597212.ogg
gwfgoo,[],['call'],60.2421,25.2078,Anser albifrons,Greater White-fronted Goose,Hannu Varkki,Creative Commons Attribution-NonCommercial-ShareAlike 4.0,4.5,08:00,https://www.xeno-canto.org/597219,gwfgoo/XC597219.ogg
gwfgoo,[],"['flight call', 'nocturnal flight call']",54.1818,-0.3203,Anser albifrons,Greater White-fronted Goose,Will Scott,Creative Commons Attribution-NonCommercial-ShareAlike 4.0,4.0,19:00,https://www.xeno-canto.org/600613,gwfgoo/XC600613.ogg
gwfgoo,[],"['call', 'flight call', 'nocturnal flight call']",54.1145,-0.1224,Anser albifrons,Greater White-fronted Goose,Mark Pearson,Creative Commons Attribution-NonCommercial-ShareAlike 4.0,4.0,06:30,https://www.xeno-canto.org/600725,gwfgoo/XC600725.ogg
gwfgoo,[],['nocturnal flight call'],53.5342,8.6032,Anser albifrons,Greater White-fronted Goose,Franck Hollander,Creative Commons Attribution-NonCommercial-ShareAlike 4.0,4.0,03:30,https://www.xeno-canto.org/600966,gwfgoo/XC600966.ogg
gwfgoo,[],"['call', 'flight call', 'nocturnal flight call']",52.1174,4.4216,Anser albifrons,Greater White-fronted Goose,Mark Bos,Creative Commons Attribution-NonCommercial-ShareAlike 4.0,5.0,00:30,https://www.xeno-canto.org/601778,gwfgoo/XC601778.ogg
gwfgoo,[],['flight call'],52.0147,5.0378,Anser albifrons,Greater White-fronted Goose,Albert Noorlander,Creative Commons Attribution-NonCommercial-ShareAlike 4.0,5.0,08:08,https://www.xeno-canto.org/602626,gwfgoo/XC602626.ogg
gwfgoo,[],"['call', 'flight call', 'nocturnal flight call']",54.2081,-0.2889,Anser albifrons,Greater White-fronted Goose,Mark Pearson,Creative Commons Attribution-NonCommercial-ShareAlike 4.0,5.0,18:32,https://www.xeno-canto.org/602729,gwfgoo/XC602729.ogg
gwfgoo,[],['flight call'],51.4023,4.4307,Anser albifrons,Greater White-fronted Goose,Bram Vogels,Creative Commons Attribution-NonCommercial-ShareAlike 4.0,5.0,08:00,https://www.xeno-canto.org/603013,gwfgoo/XC603013.ogg
gwfgoo,[],"['flight call', 'life stage uncertain', 'sex uncertain']",54.101,13.3918,Anser albifrons,Greater White-fronted Goose,Micha Luhn,Creative Commons Attribution-NonCommercial-ShareAlike 4.0,5.0,09:30,https://www.xeno-canto.org/603673,gwfgoo/XC603673.ogg
gwfgoo,[],"['flight call', 'life stage uncertain', 'sex uncertain']",54.101,13.3918,Anser albifrons,Greater White-fronted Goose,Micha Luhn,Creative Commons Attribution-NonCommercial-ShareAlike 4.0,5.0,09:30,https://www.xeno-canto.org/603677,gwfgoo/XC603677.ogg
gwfgoo,[],['flight call'],51.3921,3.483,Anser albifrons,Greater White-fronted Goose,Ad Hilders,Creative Commons Attribution-NonCommercial-ShareAlike 4.0,3.0,21:00,https://www.xeno-canto.org/604222,gwfgoo/XC604222.ogg
gwfgoo,[],['flight call'],51.3921,3.483,Anser albifrons,Greater White-fronted Goose,Ad Hilders,Creative Commons Attribution-NonCommercial-ShareAlike 4.0,3.0,00:32,https://www.xeno-canto.org/604228,gwfgoo/XC604228.ogg
gwfgoo,[],['flight call'],51.3921,3.483,Anser albifrons,Greater White-fronted Goose,Ad Hilders,Creative Commons Attribution-NonCommercial-ShareAlike 4.0,3.0,01:51,https://www.xeno-canto.org/604229,gwfgoo/XC604229.ogg
gwfgoo,[],"['call', 'flight call', 'nocturnal flight call']",54.1145,-0.1224,Anser albifrons,Greater White-fronted Goose,Mark Pearson,Creative Commons Attribution-NonCommercial-ShareAlike 4.0,5.0,20:21,https://www.xeno-canto.org/604290,gwfgoo/XC604290.ogg
gwfgoo,[],['nocturnal flight call'],51.0445,2.3912,Anser albifrons,Greater White-fronted Goose,Julien Piette,Creative Commons Attribution-NonCommercial-ShareAlike 4.0,5.0,01:33,https://www.xeno-canto.org/606014,gwfgoo/XC606014.ogg
gwfgoo,[],['nocturnal flight call'],54.949,-1.48,Anser albifrons,Greater White-fronted Goose,Mark Newsome,Creative Commons Attribution-NonCommercial-ShareAlike 4.0,3.0,02:16,https://www.xeno-canto.org/606259,gwfgoo/XC606259.ogg
gwfgoo,[],"['call', 'flight call', 'nocturnal flight call']",54.1145,-0.1224,Anser albifrons,Greater White-fronted Goose,Mark Pearson,Creative Commons Attribution-NonCommercial-ShareAlike 4.0,4.0,19:52,https://www.xeno-canto.org/606583,gwfgoo/XC606583.ogg
gwfgoo,[],"['call', 'flight call', 'nocturnal flight call']",54.2081,-0.2889,Anser albifrons,Greater White-fronted Goose,Mark Pearson,Creative Commons Attribution-NonCommercial-ShareAlike 4.0,5.0,01:39,https://www.xeno-canto.org/606962,gwfgoo/XC606962.ogg
gwfgoo,[],['nocturnal flight call'],53.5342,8.6032,Anser albifrons,Greater White-fronted Goose,Franck Hollander,Creative Commons Attribution-NonCommercial-ShareAlike 4.0,4.0,23:00,https://www.xeno-canto.org/607633,gwfgoo/XC607633.ogg
gwfgoo,[],['nocturnal flight call'],52.457,10.1972,Anser albifrons,Greater White-fronted Goose,Sven Kransel,Creative Commons Attribution-NonCommercial-ShareAlike 4.0,4.0,03:00,https://www.xeno-canto.org/608621,gwfgoo/XC608621.ogg
gwfgoo,[],"['flight call', 'wingbeats']",52.5495,-0.7436,Anser albifrons,Greater White-fronted Goose,Andrew Harrop,Creative Commons Attribution-NonCommercial-ShareAlike 4.0,3.5,14:30,https://www.xeno-canto.org/608945,gwfgoo/XC608945.ogg
gwfgoo,[],['nocturnal flight call'],54.949,-1.48,Anser albifrons,Greater White-fronted Goose,Mark Newsome,Creative Commons Attribution-NonCommercial-ShareAlike 4.0,3.0,20:13,https://www.xeno-canto.org/609359,gwfgoo/XC609359.ogg
gwfgoo,[],['flight call'],49.3907,-1.1681,Anser albifrons,Greater White-fronted Goose,Sébastien Provost - Birding Mont-Saint-Michel,Creative Commons Attribution-NonCommercial-ShareAlike 4.0,4.0,16:30,https://www.xeno-canto.org/610039,gwfgoo/XC610039.ogg
gwfgoo,[],"['adult', 'call', 'flight call', 'life stage uncertain', 'nocturnal flight call', 'sex uncer']",51.7489,5.8896,Anser albifrons,Greater White-fronted Goose,J. Veeken,Creative Commons Attribution-NonCommercial-ShareAlike 4.0,5.0,01:29,https://www.xeno-canto.org/610194,gwfgoo/XC610194.ogg
gwfgoo,[],['nocturnal flight call'],51.0445,2.3912,Anser albifrons,Greater White-fronted Goose,Julien Piette,Creative Commons Attribution-NonCommercial-ShareAlike 4.0,5.0,03:19,https://www.xeno-canto.org/611930,gwfgoo/XC611930.ogg
gwfgoo,[],['nocturnal flight call'],51.0445,2.3912,Anser albifrons,Greater White-fronted Goose,Julien Piette,Creative Commons Attribution-NonCommercial-ShareAlike 4.0,5.0,02:21,https://www.xeno-canto.org/611931,gwfgoo/XC611931.ogg
gwfgoo,[],['nocturnal flight call'],52.5236,10.1035,Anser albifrons,Greater White-fronted Goose,Sven Kransel,Creative Commons Attribution-NonCommercial-ShareAlike 4.0,5.0,22:59,https://www.xeno-canto.org/614662,gwfgoo/XC614662.ogg
gwfgoo,[],"['call', 'flight call']",51.4073,4.4437,Anser albifrons,Greater White-fronted Goose,Bram Vogels,Creative Commons Attribution-NonCommercial-ShareAlike 4.0,5.0,09:00,https://www.xeno-canto.org/615234,gwfgoo/XC615234.ogg
gwfgoo,[],['flight call'],51.291,3.1261,Anser albifrons,Greater White-fronted Goose,Alain Malengreau,Creative Commons Attribution-NonCommercial-ShareAlike 4.0,5.0,10:00,https://www.xeno-canto.org/616870,gwfgoo/XC616870.ogg
gwfgoo,[],"['flight call', 'life stage uncertain', 'nocturnal flight call', 'sex uncertain']",51.9839,5.3368,Anser albifrons,Greater White-fronted Goose,Peter van Vlaardingen,Creative Commons Attribution-NonCommercial-ShareAlike 4.0,3.5,21:47,https://www.xeno-canto.org/617703,gwfgoo/XC617703.ogg
gwfgoo,[],"['adult', 'flight call']",51.9529,4.9933,Anser albifrons,Greater White-fronted Goose,Albert Noorlander,Creative Commons Attribution-NonCommercial-ShareAlike 4.0,5.0,09:45,https://www.xeno-canto.org/618684,gwfgoo/XC618684.ogg
gwfgoo,[],"['call', 'flight call', 'life stage uncertain', 'nocturnal flight call', 'sex uncertain']",51.9839,5.3368,Anser albifrons,Greater White-fronted Goose,Peter van Vlaardingen,Creative Commons Attribution-NonCommercial-ShareAlike 4.0,3.5,01:06,https://www.xeno-canto.org/618690,gwfgoo/XC618690.ogg
gwfgoo,['cacgoo1'],['call'],40.5719,-105.0269,Anser albifrons,Greater White-fronted Goose,Nick Komar,Creative Commons Attribution-NonCommercial-ShareAlike 4.0,4.5,17:15,https://www.xeno-canto.org/621432,gwfgoo/XC621432.ogg
gwfgoo,[],"['nocturnal flight call', 'sex uncertain']",52.5563,4.6585,Anser albifrons,Greater White-fronted Goose,Guido O. Keijl,Creative Commons Attribution-NonCommercial-ShareAlike 4.0,4.0,22:16,https://www.xeno-canto.org/621826,gwfgoo/XC621826.ogg
gwfgoo,[],['flight call'],51.295,3.115,Anser albifrons,Greater White-fronted Goose,Alain Malengreau,Creative Commons Attribution-NonCommercial-ShareAlike 4.0,5.0,10:00,https://www.xeno-canto.org/622888,gwfgoo/XC622888.ogg
gwfgoo,['eurwig'],['flight call'],51.291,3.1261,Anser albifrons,Greater White-fronted Goose,Alain Malengreau,Creative Commons Attribution-NonCommercial-ShareAlike 4.0,4.5,10:00,https://www.xeno-canto.org/622897,gwfgoo/XC622897.ogg
gwfgoo,[],"['call', 'flight call', 'nocturnal flight call']",51.6825,4.3454,Anser albifrons,Greater White-fronted Goose,Robbin van Dijk,Creative Commons Attribution-NonCommercial-ShareAlike 4.0,5.0,20:38,https://www.xeno-canto.org/625120,gwfgoo/XC625120.ogg
gwfgoo,['cangoo'],['call'],51.9794,4.4177,Anser albifrons,Greater White-fronted Goose,Susanne Kuijpers,Creative Commons Attribution-NonCommercial-ShareAlike 4.0,3.5,08:03,https://www.xeno-canto.org/625132,gwfgoo/XC625132.ogg
gwfgoo,[],"['call', 'flight call']",53.9299,-2.9833,Anser albifrons,Greater White-fronted Goose,Chris Batty,Creative Commons Attribution-NonCommercial-ShareAlike 4.0,2.5,08:01,https://www.xeno-canto.org/625805,gwfgoo/XC625805.ogg
gwfgoo,[],"['life stage uncertain', 'nocturnal flight call', 'sex uncertain']",51.2328,-0.3354,Anser albifrons,Greater White-fronted Goose,Sophie Dorman,Creative Commons Attribution-NonCommercial-ShareAlike 4.0,4.0,00:00,https://www.xeno-canto.org/625958,gwfgoo/XC625958.ogg
gwfgoo,[],['nocturnal flight call'],51.6077,-0.1944,Anser albifrons,Greater White-fronted Goose,Samuel Levy,Creative Commons Attribution-NonCommercial-ShareAlike 4.0,3.0,20:15,https://www.xeno-canto.org/626355,gwfgoo/XC626355.ogg
gwfgoo,[],"['call', 'flight call', 'sex uncertain']",51.9421,16.7155,Anser albifrons,Greater White-fronted Goose,Grzegorz Lorek,Creative Commons Attribution-NonCommercial-ShareAlike 4.0,3.0,18:06,https://www.xeno-canto.org/629046,gwfgoo/XC629046.ogg
gwfgoo,[],"['adult', 'flight call', 'nocturnal flight call', 'sex uncertain']",51.9892,4.4694,Anser albifrons,Greater White-fronted Goose,Susanne Kuijpers,Creative Commons Attribution-NonCommercial-ShareAlike 4.0,4.0,01:53,https://www.xeno-canto.org/631218,gwfgoo/XC631218.ogg
gwfgoo,[],['nocturnal flight call'],60.2357,25.0058,Anser albifrons,Greater White-fronted Goose,Juha Saari,Creative Commons Attribution-NonCommercial-ShareAlike 4.0,4.0,23:01,https://www.xeno-canto.org/631411,gwfgoo/XC631411.ogg
gwfgoo,[],"['adult', 'flight call', 'nocturnal flight call', 'sex uncertain']",51.9892,4.4694,Anser albifrons,Greater White-fronted Goose,Susanne Kuijpers,Creative Commons Attribution-NonCommercial-ShareAlike 4.0,5.0,22:42,https://www.xeno-canto.org/631890,gwfgoo/XC631890.ogg
gwfgoo,['skylar'],"['call', 'flight call', 'life stage uncertain', 'sex uncertain']",59.658,17.393,Anser albifrons,Greater White-fronted Goose,Alan Dalton,Creative Commons Attribution-NonCommercial-ShareAlike 4.0,4.5,10:30,https://www.xeno-canto.org/632779,gwfgoo/XC632779.ogg
gwfgoo,['skylar'],"['call', 'flight call', 'life stage uncertain', 'sex uncertain']",59.658,17.393,Anser albifrons,Greater White-fronted Goose,Alan Dalton,Creative Commons Attribution-NonCommercial-ShareAlike 4.0,4.5,10:30,https://www.xeno-canto.org/632781,gwfgoo/XC632781.ogg
gwfgoo,['skylar'],"['call', 'flight call', 'life stage uncertain', 'sex uncertain']",59.658,17.393,Anser albifrons,Greater White-fronted Goose,Alan Dalton,Creative Commons Attribution-NonCommercial-ShareAlike 4.0,4.5,11:00,https://www.xeno-canto.org/632785,gwfgoo/XC632785.ogg
gwfgoo,['skylar'],"['call', 'flight call', 'life stage uncertain', 'sex uncertain']",59.658,17.393,Anser albifrons,Greater White-fronted Goose,Alan Dalton,Creative Commons Attribution-NonCommercial-ShareAlike 4.0,4.5,11:00,https://www.xeno-canto.org/632788,gwfgoo/XC632788.ogg
gwfgoo,[],"['adult', 'call', 'flight call', 'sex uncertain']",59.658,17.393,Anser albifrons,Greater White-fronted Goose,Alan Dalton,Creative Commons Attribution-NonCommercial-ShareAlike 4.0,5.0,10:30,https://www.xeno-canto.org/632790,gwfgoo/XC632790.ogg
gwfgoo,[],['flight call'],59.3732,25.7135,Anser albifrons,Greater White-fronted Goose,Uku Paal,Creative Commons Attribution-NonCommercial-ShareAlike 4.0,5.0,19:30,https://www.xeno-canto.org/635569,gwfgoo/XC635569.ogg
gwfgoo,['skylar'],"['call', 'flight call']",58.3107,26.7737,Anser albifrons,Greater White-fronted Goose,Uku Paal,Creative Commons Attribution-NonCommercial-ShareAlike 4.0,3.5,07:30,https://www.xeno-canto.org/635791,gwfgoo/XC635791.ogg
gwfgoo,[],['flight call'],58.3015,26.7376,Anser albifrons,Greater White-fronted Goose,Uku Paal,Creative Commons Attribution-NonCommercial-ShareAlike 4.0,3.5,08:00,https://www.xeno-canto.org/635799,gwfgoo/XC635799.ogg
gwfgoo,[],['nocturnal flight call'],52.0548,8.5585,Anser albifrons,Greater White-fronted Goose,Simon Brockmeyer,Creative Commons Attribution-NonCommercial-ShareAlike 4.0,4.0,00:43,https://www.xeno-canto.org/636841,gwfgoo/XC636841.ogg
gwfgoo,[],['call'],58.8131,16.7372,Anser albifrons,Greater White-fronted Goose,Hans Norelius,Creative Commons Attribution-NonCommercial-ShareAlike 4.0,5.0,11:00,https://www.xeno-canto.org/637156,gwfgoo/XC637156.ogg
gwfgoo,['gnwtea'],"['adult', 'flight call', 'sex uncertain']",69.598,18.823,Anser albifrons,Greater White-fronted Goose,Stein Ø. Nilsen,Creative Commons Attribution-NonCommercial-ShareAlike 4.0,4.5,21:30,https://www.xeno-canto.org/641765,gwfgoo/XC641765.ogg
gwfgoo,[],['flight call'],59.2055,25.7212,Anser albifrons,Greater White-fronted Goose,Uku Paal,Creative Commons Attribution-NonCommercial-ShareAlike 4.0,4.0,17:00,https://www.xeno-canto.org/641866,gwfgoo/XC641866.ogg
gwfgoo,[],['flight call'],59.2055,25.7212,Anser albifrons,Greater White-fronted Goose,Uku Paal,Creative Commons Attribution-NonCommercial-ShareAlike 4.0,4.0,17:00,https://www.xeno-canto.org/641867,gwfgoo/XC641867.ogg
gwfgoo,[],['call'],59.2055,25.7212,Anser albifrons,Greater White-fronted Goose,Uku Paal,Creative Commons Attribution-NonCommercial-ShareAlike 4.0,4.0,17:00,https://www.xeno-canto.org/641868,gwfgoo/XC641868.ogg
gwfgoo,[],['flight call'],59.2055,25.7212,Anser albifrons,Greater White-fronted Goose,Uku Paal,Creative Commons Attribution-NonCommercial-ShareAlike 4.0,4.0,17:00,https://www.xeno-canto.org/641869,gwfgoo/XC641869.ogg
gwfgoo,[],['flight call'],59.2055,25.7212,Anser albifrons,Greater White-fronted Goose,Uku Paal,Creative Commons Attribution-NonCommercial-ShareAlike 4.0,4.0,17:00,https://www.xeno-canto.org/641870,gwfgoo/XC641870.ogg
gwfgoo,[],['wingbeats'],59.2055,25.7212,Anser albifrons,Greater White-fronted Goose,Uku Paal,Creative Commons Attribution-NonCommercial-ShareAlike 4.0,2.0,17:00,https://www.xeno-canto.org/641872,gwfgoo/XC641872.ogg
gwfgoo,[],['flight call'],58.3247,26.7533,Anser albifrons,Greater White-fronted Goose,Uku Paal,Creative Commons Attribution-NonCommercial-ShareAlike 4.0,3.5,07:00,https://www.xeno-canto.org/645265,gwfgoo/XC645265.ogg
gwfgoo,[],['flight call'],58.3015,26.7376,Anser albifrons,Greater White-fronted Goose,Uku Paal,Creative Commons Attribution-NonCommercial-ShareAlike 4.0,3.5,08:00,https://www.xeno-canto.org/645268,gwfgoo/XC645268.ogg
gwfgoo,[],['flight call'],58.3015,26.7376,Anser albifrons,Greater White-fronted Goose,Uku Paal,Creative Commons Attribution-NonCommercial-ShareAlike 4.0,4.0,08:00,https://www.xeno-canto.org/645270,gwfgoo/XC645270.ogg
gwfgoo,[],['flight call'],59.3606,25.7578,Anser albifrons,Greater White-fronted Goose,Uku Paal,Creative Commons Attribution-NonCommercial-ShareAlike 4.0,4.5,05:30,https://www.xeno-canto.org/645587,gwfgoo/XC645587.ogg
gwfgoo,[],['flight call'],58.3247,26.7533,Anser albifrons,Greater White-fronted Goose,Uku Paal,Creative Commons Attribution-NonCommercial-ShareAlike 4.0,3.5,08:30,https://www.xeno-canto.org/646024,gwfgoo/XC646024.ogg
gwfgoo,[],"['life stage uncertain', 'nocturnal flight call', 'sex uncertain']",58.7396,17.8657,Anser albifrons,Greater White-fronted Goose,Alan Dalton,Creative Commons Attribution-NonCommercial-ShareAlike 4.0,5.0,21:30,https://www.xeno-canto.org/650273,gwfgoo/XC650273.ogg
gwfgoo,[],"['call', 'flight call']",51.4251,4.558,Anser albifrons,Greater White-fronted Goose,Bram Vogels,Creative Commons Attribution-NonCommercial-ShareAlike 4.0,5.0,00:00,https://www.xeno-canto.org/650579,gwfgoo/XC650579.ogg
gwfgoo,[],['call'],44.5212,-123.346,Anser albifrons,Greater White-fronted Goose,Thomas Magarian,Creative Commons Attribution-NonCommercial-ShareAlike 4.0,4.0,15:30,https://www.xeno-canto.org/658896,gwfgoo/XC658896.ogg
gwfgoo,[],['call'],44.5212,-123.346,Anser albifrons,Greater White-fronted Goose,Thomas Magarian,Creative Commons Attribution-NonCommercial-ShareAlike 4.0,3.0,15:32,https://www.xeno-canto.org/658897,gwfgoo/XC658897.ogg
gwfgoo,[],['call'],44.5212,-123.346,Anser albifrons,Greater White-fronted Goose,Thomas Magarian,Creative Commons Attribution-NonCommercial-ShareAlike 4.0,2.5,15:31,https://www.xeno-canto.org/658898,gwfgoo/XC658898.ogg
gwfgoo,[],['flight call'],60.2409,25.21,Anser albifrons,Greater White-fronted Goose,Hannu Varkki,Creative Commons Attribution-NonCommercial-ShareAlike 4.0,3.5,08:05,https://www.xeno-canto.org/665152,gwfgoo/XC665152.ogg
gwfgoo,[],['Call'],56.2237,16.4231,Anser albifrons,Greater White-fronted Goose,Patrik Åberg,Creative Commons Attribution-NonCommercial-ShareAlike 3.0,5.0,10:02,https://www.xeno-canto.org/67214,gwfgoo/XC67214.ogg
gwfgoo,[],['flight call'],44.8298,-93.2462,Anser albifrons,Greater White-fronted Goose,Jonathon Jongsma,Creative Commons Attribution-ShareAlike 4.0,3.5,08:33,https://www.xeno-canto.org/96532,gwfgoo/XC96532.ogg
hawama,['skylar'],"['call', 'song']",19.8239,-155.6089,Chlorodrepanis virens,Hawaii Amakihi,Dan Lane,Creative Commons Attribution-NonCommercial-ShareAlike 4.0,3.5,13:30,https://www.xeno-canto.org/175238,hawama/XC175238.ogg
hawama,[],['call'],19.8239,-155.6089,Chlorodrepanis virens,Hawaii Amakihi,Dan Lane,Creative Commons Attribution-NonCommercial-ShareAlike 4.0,5.0,13:30,https://www.xeno-canto.org/175242,hawama/XC175242.ogg
hawama,"['apapan', 'iiwi']",['call'],19.7901,-155.3273,Chlorodrepanis virens,Hawaii Amakihi,Dan Lane,Creative Commons Attribution-NonCommercial-ShareAlike 4.0,4.5,14:00,https://www.xeno-canto.org/175515,hawama/XC175515.ogg
hawama,[],['call'],19.8239,-155.6089,Chlorodrepanis virens,Hawaii Amakihi,Daniel Lane,Creative Commons Attribution-NonCommercial-ShareAlike 3.0,4.0,09:45,https://www.xeno-canto.org/27322,hawama/XC27322.ogg
hawama,['houfin'],['song'],19.8239,-155.6089,Chlorodrepanis virens,Hawaii Amakihi,Daniel Lane,Creative Commons Attribution-NonCommercial-ShareAlike 3.0,4.5,10:00,https://www.xeno-canto.org/27323,hawama/XC27323.ogg
hawama,[],['song'],19.1098,-155.8253,Chlorodrepanis virens,Hawaii Amakihi,Daniel Lane,Creative Commons Attribution-NonCommercial-ShareAlike 3.0,4.0,16:15,https://www.xeno-canto.org/27345,hawama/XC27345.ogg
hawama,[],['call'],19.7901,-155.3273,Chlorodrepanis virens,Hawaii Amakihi,Daniel Lane,Creative Commons Attribution-NonCommercial-ShareAlike 3.0,5.0,14:15,https://www.xeno-canto.org/27350,hawama/XC27350.ogg
hawama,"['apapan', 'iiwi']",['song'],19.7901,-155.3273,Chlorodrepanis virens,Hawaii Amakihi,Daniel Lane,Creative Commons Attribution-NonCommercial-ShareAlike 3.0,3.5,15:30,https://www.xeno-canto.org/27371,hawama/XC27371.ogg
hawama,['omao'],"['call', 'song']",19.6759,-155.3845,Chlorodrepanis virens,Hawaii Amakihi,Dan Lane,Creative Commons Attribution-NonCommercial-ShareAlike 4.0,2.5,11:30,https://www.xeno-canto.org/317147,hawama/XC317147.ogg
hawama,"['apapan', 'iiwi']","['call', 'song']",20.769,-156.237,Chlorodrepanis virens,Hawaii Amakihi,Thomas G. Graves,Creative Commons Attribution-NonCommercial-ShareAlike 4.0,2.5,07:42,https://www.xeno-canto.org/326578,hawama/XC326578.ogg
hawama,['apapan'],['call'],20.769,-156.237,Chlorodrepanis virens,Hawaii Amakihi,Thomas G. Graves,Creative Commons Attribution-NonCommercial-ShareAlike 4.0,3.5,07:51,https://www.xeno-canto.org/326898,hawama/XC326898.ogg
hawama,[],['call'],20.769,-156.237,Chlorodrepanis virens,Hawaii Amakihi,Thomas G. Graves,Creative Commons Attribution-NonCommercial-ShareAlike 4.0,4.0,08:13,https://www.xeno-canto.org/327342,hawama/XC327342.ogg
hawama,[],['call'],20.769,-156.237,Chlorodrepanis virens,Hawaii Amakihi,Thomas G. Graves,Creative Commons Attribution-NonCommercial-ShareAlike 4.0,4.0,09:57,https://www.xeno-canto.org/327346,hawama/XC327346.ogg
hawama,[],['subsong'],19.672,-155.367,Chlorodrepanis virens,Hawaii Amakihi,Ulf Elman,Creative Commons Attribution-NonCommercial-ShareAlike 4.0,3.0,11:20,https://www.xeno-canto.org/384969,hawama/XC384969.ogg
hawama,[],['subsong'],19.6725,-155.3876,Chlorodrepanis virens,Hawaii Amakihi,Ulf Elman,Creative Commons Attribution-NonCommercial-ShareAlike 4.0,4.0,11:05,https://www.xeno-canto.org/384971,hawama/XC384971.ogg
hawama,['iiwi'],['song'],20.7229,-156.3071,Chlorodrepanis virens,Hawaii Amakihi,Ulf Elman,Creative Commons Attribution-NonCommercial-ShareAlike 4.0,2.5,15:04,https://www.xeno-canto.org/385036,hawama/XC385036.ogg
hawama,"['apapan', 'omao']",['subsong'],19.6759,-155.3845,Chlorodrepanis virens,Hawaii Amakihi,Ulf Elman,Creative Commons Attribution-NonCommercial-ShareAlike 4.0,3.5,11:05,https://www.xeno-canto.org/385389,hawama/XC385389.ogg
hawama,[],['call'],19.4726,-155.3579,Chlorodrepanis virens,Hawaii Amakihi,Ulf Elman,Creative Commons Attribution-NonCommercial-ShareAlike 4.0,3.0,11:31,https://www.xeno-canto.org/385475,hawama/XC385475.ogg
hawama,[],['call'],20.7123,-156.3029,Chlorodrepanis virens,Hawaii Amakihi,Ulf Elman,Creative Commons Attribution-NonCommercial-ShareAlike 4.0,3.0,14:57,https://www.xeno-canto.org/385478,hawama/XC385478.ogg
hawama,[],['call'],20.7123,-156.3029,Chlorodrepanis virens,Hawaii Amakihi,Ulf Elman,Creative Commons Attribution-NonCommercial-ShareAlike 4.0,3.0,14:57,https://www.xeno-canto.org/385479,hawama/XC385479.ogg
hawama,['apapan'],"['adult', 'call', 'sex uncertain']",20.7692,-156.2346,Chlorodrepanis virens,Hawaii Amakihi,Phoenix Birder,Creative Commons Attribution-NonCommercial-ShareAlike 4.0,4.5,17:38,https://www.xeno-canto.org/503722,hawama/XC503722.ogg
hawcoo,['comgal1'],['call'],21.391,-157.743,Fulica alai,Hawaiian Coot,Ross Gallardy,Creative Commons Attribution-NonCommercial-ShareAlike 4.0,4.5,07:30,https://www.xeno-canto.org/207452,hawcoo/XC207452.ogg
hawcoo,"['comgal1', 'mallar3']",['call'],21.391,-157.743,Fulica alai,Hawaiian Coot,Ross Gallardy,Creative Commons Attribution-NonCommercial-ShareAlike 4.0,3.5,07:30,https://www.xeno-canto.org/207453,hawcoo/XC207453.ogg
hawcoo,[],['call'],21.391,-157.743,Fulica alai,Hawaiian Coot,Ross Gallardy,Creative Commons Attribution-NonCommercial-ShareAlike 4.0,5.0,07:30,https://www.xeno-canto.org/207454,hawcoo/XC207454.ogg
hawcoo,"['bknsti', 'comgal1']",['call'],21.391,-157.743,Fulica alai,Hawaiian Coot,Ross Gallardy,Creative Commons Attribution-NonCommercial-ShareAlike 4.0,4.5,07:30,https://www.xeno-canto.org/207455,hawcoo/XC207455.ogg
hawcoo,[],['call'],21.391,-157.743,Fulica alai,Hawaiian Coot,Ross Gallardy,Creative Commons Attribution-NonCommercial-ShareAlike 4.0,5.0,07:30,https://www.xeno-canto.org/207456,hawcoo/XC207456.ogg
hawcoo,[],['wing splashes'],21.391,-157.743,Fulica alai,Hawaiian Coot,Ross Gallardy,Creative Commons Attribution-NonCommercial-ShareAlike 4.0,5.0,07:30,https://www.xeno-canto.org/207457,hawcoo/XC207457.ogg
hawcoo,"['comgal1', 'mallar3']","['alarm call', 'call']",21.391,-157.743,Fulica alai,Hawaiian Coot,Ross Gallardy,Creative Commons Attribution-NonCommercial-ShareAlike 4.0,3.5,07:30,https://www.xeno-canto.org/207458,hawcoo/XC207458.ogg
hawcoo,[],['call'],21.391,-157.743,Fulica alai,Hawaiian Coot,Ross Gallardy,Creative Commons Attribution-NonCommercial-ShareAlike 4.0,5.0,09:00,https://www.xeno-canto.org/208158,hawcoo/XC208158.ogg
hawcoo,['comgal1'],['call'],21.391,-157.743,Fulica alai,Hawaiian Coot,Ross Gallardy,Creative Commons Attribution-NonCommercial-ShareAlike 4.0,3.5,09:00,https://www.xeno-canto.org/208159,hawcoo/XC208159.ogg
hawcoo,[],['call'],21.391,-157.743,Fulica alai,Hawaiian Coot,Ross Gallardy,Creative Commons Attribution-NonCommercial-ShareAlike 4.0,5.0,09:00,https://www.xeno-canto.org/208160,hawcoo/XC208160.ogg
hawcoo,[],['call'],21.6853,-157.9473,Fulica alai,Hawaiian Coot,Dan Lane,Creative Commons Attribution-NonCommercial-ShareAlike 4.0,3.0,15:30,https://www.xeno-canto.org/234976,hawcoo/XC234976.ogg
hawcoo,[],['call'],21.6853,-157.9473,Fulica alai,Hawaiian Coot,Dan Lane,Creative Commons Attribution-NonCommercial-ShareAlike 4.0,3.0,15:30,https://www.xeno-canto.org/234978,hawcoo/XC234978.ogg
hawcoo,[],['call'],21.6853,-157.9473,Fulica alai,Hawaiian Coot,Dan Lane,Creative Commons Attribution-NonCommercial-ShareAlike 4.0,3.0,15:30,https://www.xeno-canto.org/234979,hawcoo/XC234979.ogg
hawcoo,"['redjun', 'wesmea']",['call'],22.2029,-159.473,Fulica alai,Hawaiian Coot,Dan Lane,Creative Commons Attribution-NonCommercial-ShareAlike 4.0,3.5,09:30,https://www.xeno-canto.org/235001,hawcoo/XC235001.ogg
hawcoo,[],['call'],22.2029,-159.473,Fulica alai,Hawaiian Coot,Dan Lane,Creative Commons Attribution-NonCommercial-ShareAlike 4.0,4.0,09:30,https://www.xeno-canto.org/235002,hawcoo/XC235002.ogg
hawcoo,['bknsti'],['call'],20.7947,-156.4711,Fulica alai,Hawaiian Coot,Jim Holmes,Creative Commons Attribution-NonCommercial-ShareAlike 4.0,4.5,08:00,https://www.xeno-canto.org/342210,hawcoo/XC342210.ogg
hawcre,"['apapan', 'hawama', 'iiwi', 'warwhe1']",['call'],19.6877,-155.3527,Loxops mana,Hawaii Creeper,Brooks Rownd,Creative Commons Attribution-NonCommercial-ShareAlike 3.0,3.5,13:21,https://www.xeno-canto.org/122132,hawcre/XC122132.ogg
hawcre,"['apapan', 'omao']",['call'],19.5866,-155.3402,Loxops mana,Hawaii Creeper,Brooks Rownd,Creative Commons Attribution-NonCommercial-ShareAlike 3.0,3.5,18:07,https://www.xeno-canto.org/122172,hawcre/XC122172.ogg
hawcre,"['apapan', 'hawama', 'iiwi', 'omao', 'warwhe1']","['alarm call', 'call']",19.6334,-155.3753,Loxops mana,Hawaii Creeper,Brooks Rownd,Creative Commons Attribution-NonCommercial-ShareAlike 3.0,3.5,17:36,https://www.xeno-canto.org/122184,hawcre/XC122184.ogg
hawcre,"['apapan', 'hawama', 'iiwi']",['song'],19.6725,-155.3876,Loxops mana,Hawaii Creeper,Brooks Rownd,Creative Commons Attribution-NonCommercial-ShareAlike 3.0,3.5,12:11,https://www.xeno-canto.org/122284,hawcre/XC122284.ogg
hawcre,"['apapan', 'iiwi']",['call'],19.6567,-155.351,Loxops mana,Hawaii Creeper,Brooks Rownd,Creative Commons Attribution-NonCommercial-ShareAlike 3.0,3.5,17:11,https://www.xeno-canto.org/122396,hawcre/XC122396.ogg
hawcre,"['akepa1', 'apapan', 'hawama', 'iiwi', 'omao', 'warwhe1']","['call', 'song']",19.5547,-155.3317,Loxops mana,Hawaii Creeper,Brooks Rownd,Creative Commons Attribution-NonCommercial-ShareAlike 3.0,2.5,09:44,https://www.xeno-canto.org/123390,hawcre/XC123390.ogg
hawcre,"['apapan', 'hawama', 'iiwi', 'warwhe1']",['call'],19.6725,-155.3876,Loxops mana,Hawaii Creeper,Brooks Rownd,Creative Commons Attribution-NonCommercial-ShareAlike 3.0,3.5,14:37,https://www.xeno-canto.org/124608,hawcre/XC124608.ogg
hawcre,"['apapan', 'hawama', 'iiwi']","['begging call', 'call']",19.6294,-155.3615,Loxops mana,Hawaii Creeper,Brooks Rownd,Creative Commons Attribution-NonCommercial-ShareAlike 3.0,4.5,11:41,https://www.xeno-canto.org/124793,hawcre/XC124793.ogg
hawcre,"['apapan', 'hawama', 'iiwi']","['call', 'song']",19.6334,-155.3753,Loxops mana,Hawaii Creeper,Brooks Rownd,Creative Commons Attribution-NonCommercial-ShareAlike 3.0,3.5,14:11,https://www.xeno-canto.org/124797,hawcre/XC124797.ogg
hawcre,"['apapan', 'hawama', 'iiwi', 'omao']","['call', 'song']",19.6334,-155.3753,Loxops mana,Hawaii Creeper,Brooks Rownd,Creative Commons Attribution-NonCommercial-ShareAlike 3.0,1.5,15:05,https://www.xeno-canto.org/124802,hawcre/XC124802.ogg
hawcre,"['apapan', 'iiwi', 'omao']","['call', 'female', 'juvenile']",19.8548,-155.2851,Loxops mana,Hawaii Creeper,Brooks Rownd,Creative Commons Attribution-NonCommercial-ShareAlike 3.0,4.5,09:25,https://www.xeno-canto.org/127667,hawcre/XC127667.ogg
hawcre,"['akepa1', 'apapan', 'elepai', 'hawama', 'iiwi', 'omao']",['call'],19.8552,-155.2959,Loxops mana,Hawaii Creeper,Brooks Rownd,Creative Commons Attribution-NonCommercial-ShareAlike 3.0,2.5,07:27,https://www.xeno-canto.org/127668,hawcre/XC127668.ogg
hawcre,"['iiwi', 'omao']",['song'],19.8744,-155.3198,Loxops mana,Hawaii Creeper,Eric VanderWerf,Creative Commons Attribution-NonCommercial-ShareAlike 3.0,3.5,09:30,https://www.xeno-canto.org/145607,hawcre/XC145607.ogg
hawcre,"['akiapo', 'apapan', 'elepai', 'omao', 'warwhe1']","['begging call', 'call']",19.5866,-155.3402,Loxops mana,Hawaii Creeper,Brooks Rownd,Creative Commons Attribution-NonCommercial-ShareAlike 3.0,3.5,17:01,https://www.xeno-canto.org/147004,hawcre/XC147004.ogg
hawcre,"['apapan', 'iiwi', 'omao']",['begging call'],19.7901,-155.3273,Loxops mana,Hawaii Creeper,Dan Lane,Creative Commons Attribution-NonCommercial-ShareAlike 4.0,2.5,10:00,https://www.xeno-canto.org/175491,hawcre/XC175491.ogg
hawcre,"['apapan', 'hawama', 'iiwi']",['song'],19.7901,-155.3273,Loxops mana,Hawaii Creeper,Dan Lane,Creative Commons Attribution-NonCommercial-ShareAlike 4.0,3.5,11:30,https://www.xeno-canto.org/175501,hawcre/XC175501.ogg
hawcre,"['apapan', 'hawama', 'iiwi']",['song'],19.7901,-155.3273,Loxops mana,Hawaii Creeper,Dan Lane,Creative Commons Attribution-NonCommercial-ShareAlike 4.0,3.5,11:30,https://www.xeno-canto.org/175502,hawcre/XC175502.ogg
hawcre,['apapan'],['call'],19.7901,-155.3273,Loxops mana,Hawaii Creeper,Daniel Lane,Creative Commons Attribution-NonCommercial-ShareAlike 3.0,3.5,14:15,https://www.xeno-canto.org/27351,hawcre/XC27351.ogg
hawcre,['iiwi'],['song'],19.7901,-155.3273,Loxops mana,Hawaii Creeper,Daniel Lane,Creative Commons Attribution-NonCommercial-ShareAlike 3.0,3.5,15:00,https://www.xeno-canto.org/27354,hawcre/XC27354.ogg
hawcre,"['apapan', 'iiwi']",['song'],19.7901,-155.3273,Loxops mana,Hawaii Creeper,Daniel Lane,Creative Commons Attribution-NonCommercial-ShareAlike 3.0,2.5,14:30,https://www.xeno-canto.org/27370,hawcre/XC27370.ogg
hawgoo,['bknsti'],['call'],22.0385,-159.7803,Branta sandvicensis,Hawaiian Goose,Ross Gallardy,Creative Commons Attribution-NonCommercial-ShareAlike 4.0,2.5,16:30,https://www.xeno-canto.org/210216,hawgoo/XC210216.ogg
hawgoo,[],['call'],22.2094,-159.4754,Branta sandvicensis,Hawaiian Goose,Ross Gallardy,Creative Commons Attribution-NonCommercial-ShareAlike 4.0,5.0,10:30,https://www.xeno-canto.org/210217,hawgoo/XC210217.ogg
hawgoo,[],['flight call'],19.6725,-155.3876,Branta sandvicensis,Hawaiian Goose,Todd Mark,Creative Commons Attribution-NonCommercial-ShareAlike 4.0,3.0,07:00,https://www.xeno-canto.org/252701,hawgoo/XC252701.ogg
hawgoo,[],['call'],22.2312,-159.4017,Branta sandvicensis,Hawaiian Goose,Bobby Wilcox,Creative Commons Attribution-NonCommercial-ShareAlike 4.0,5.0,17:30,https://www.xeno-canto.org/314509,hawgoo/XC314509.ogg
hawgoo,[],['call'],22.2312,-159.4017,Branta sandvicensis,Hawaiian Goose,Bobby Wilcox,Creative Commons Attribution-NonCommercial-ShareAlike 4.0,5.0,17:30,https://www.xeno-canto.org/314510,hawgoo/XC314510.ogg
hawgoo,[],['call'],22.2312,-159.4017,Branta sandvicensis,Hawaiian Goose,Bobby Wilcox,Creative Commons Attribution-NonCommercial-ShareAlike 4.0,4.0,17:30,https://www.xeno-canto.org/314511,hawgoo/XC314511.ogg
hawgoo,[],['call'],20.769,-156.237,Branta sandvicensis,Hawaiian Goose,Thomas G. Graves,Creative Commons Attribution-NonCommercial-ShareAlike 4.0,3.0,08:01,https://www.xeno-canto.org/326899,hawgoo/XC326899.ogg
hawgoo,[],['call'],22.2029,-159.473,Branta sandvicensis,Hawaiian Goose,Phoenix Birder,Creative Commons Attribution-NonCommercial-ShareAlike 4.0,4.5,12:49,https://www.xeno-canto.org/503262,hawgoo/XC503262.ogg
hawgoo,[],"['adult', 'flight call']",47.5118,9.6569,Branta sandvicensis,Hawaiian Goose,Georg Amann,Creative Commons Attribution-NonCommercial-ShareAlike 4.0,3.0,10:00,https://www.xeno-canto.org/613768,hawgoo/XC613768.ogg
hawhaw,"['apapan', 'omao', 'warwhe1']","['begging call', 'call']",19.5766,-155.2171,Buteo solitarius,Hawaiian Hawk,Brooks Rownd,Creative Commons Attribution-NonCommercial-ShareAlike 3.0,3.5,11:03,https://www.xeno-canto.org/124707,hawhaw/XC124707.ogg
hawhaw,['iiwi'],['flight call'],19.7901,-155.3273,Buteo solitarius,Hawaiian Hawk,Dan Lane,Creative Commons Attribution-NonCommercial-ShareAlike 4.0,2.5,13:00,https://www.xeno-canto.org/410136,hawhaw/XC410136.ogg
hawhaw,[],"['begging call', 'juvenile', 'sex uncertain']",19.5784,-155.3215,Buteo solitarius,Hawaiian Hawk,Naomi,Creative Commons Attribution-NonCommercial-ShareAlike 4.0,3.0,15:30,https://www.xeno-canto.org/648121,hawhaw/XC648121.ogg
hawpet1,[],['call'],20.7443,-156.2284,Pterodroma sandwichensis,Hawaiian Petrel,Thomas G. Graves,Creative Commons Attribution-NonCommercial-ShareAlike 4.0,3.0,19:42,https://www.xeno-canto.org/328230,hawpet1/XC328230.ogg
hawpet1,[],"['call', 'flight call']",20.7443,-156.2284,Pterodroma sandwichensis,Hawaiian Petrel,Thomas G. Graves,Creative Commons Attribution-NonCommercial-ShareAlike 4.0,3.0,20:02,https://www.xeno-canto.org/328234,hawpet1/XC328234.ogg
hawpet1,[],['call'],20.72,-156.148,Pterodroma sandwichensis,Hawaiian Petrel,Todd Mark,Creative Commons Attribution-NonCommercial-ShareAlike 3.0,2.0,22:00,https://www.xeno-canto.org/75584,hawpet1/XC75584.ogg
hoomer,['cangoo'],"['call', 'flight call']",44.8298,-93.2462,Lophodytes cucullatus,Hooded Merganser,Jonathon Jongsma,Creative Commons Attribution-ShareAlike 3.0,2.5,06:26,https://www.xeno-canto.org/134692,hoomer/XC134692.ogg
hoomer,[],['alarm call'],46.2556,-86.0373,Lophodytes cucullatus,Hooded Merganser,Jonathon Jongsma,Creative Commons Attribution-ShareAlike 3.0,3.5,10:04,https://www.xeno-canto.org/142587,hoomer/XC142587.ogg
hoomer,[],['call'],48.485,-123.362,Lophodytes cucullatus,Hooded Merganser,Ian Cruickshank,Creative Commons Attribution-NonCommercial-ShareAlike 3.0,4.0,16:00,https://www.xeno-canto.org/142827,hoomer/XC142827.ogg
hoomer,[],['call'],48.485,-123.362,Lophodytes cucullatus,Hooded Merganser,Ian Cruickshank,Creative Commons Attribution-NonCommercial-ShareAlike 3.0,3.0,16:00,https://www.xeno-canto.org/142828,hoomer/XC142828.ogg
hoomer,[],['call'],28.6781,-80.7717,Lophodytes cucullatus,Hooded Merganser,Paul Marvin,Creative Commons Attribution-NonCommercial-ShareAlike 3.0,4.0,09:18,https://www.xeno-canto.org/161296,hoomer/XC161296.ogg
hoomer,[],"['call', 'female']",48.4832,-123.3604,Lophodytes cucullatus,Hooded Merganser,Ian Cruickshank,Creative Commons Attribution-NonCommercial-ShareAlike 3.0,4.0,16:00,https://www.xeno-canto.org/161890,hoomer/XC161890.ogg
hoomer,[],"['call', 'male', 'vocalization uttered by males only challenging one another prior to']",31.9448,-81.0251,Lophodytes cucullatus,Hooded Merganser,Russ Wigh,Creative Commons Attribution-NonCommercial-ShareAlike 3.0,4.5,18:00,https://www.xeno-canto.org/168492,hoomer/XC168492.ogg
hoomer,[],"['alarm call', 'female']",46.5118,-73.1144,Lophodytes cucullatus,Hooded Merganser,Martin St-Michel,Creative Commons Attribution-NonCommercial-ShareAlike 4.0,4.0,07:28,https://www.xeno-canto.org/183317,hoomer/XC183317.ogg
hoomer,[],"['growl', 'male', ""typical of courtship.  Accompanies 'bucking' behavior""]",31.9237,-81.0559,Lophodytes cucullatus,Hooded Merganser,Russ Wigh,Creative Commons Attribution-NonCommercial-ShareAlike 4.0,4.5,11:00,https://www.xeno-canto.org/212480,hoomer/XC212480.ogg
hoomer,[],"['call', 'display call']",28.2267,-80.7645,Lophodytes cucullatus,Hooded Merganser,Paul Marvin,Creative Commons Attribution-NonCommercial-ShareAlike 4.0,3.5,08:34,https://www.xeno-canto.org/296615,hoomer/XC296615.ogg
hoomer,[],['call'],28.2267,-80.7645,Lophodytes cucullatus,Hooded Merganser,Paul Marvin,Creative Commons Attribution-NonCommercial-ShareAlike 4.0,4.0,07:33,https://www.xeno-canto.org/297911,hoomer/XC297911.ogg
hoomer,['cangoo'],"['female', 'flight call']",42.0285,-79.4258,Lophodytes cucullatus,Hooded Merganser,Jim Berry,Creative Commons Attribution-NonCommercial-ShareAlike 4.0,4.5,08:09,https://www.xeno-canto.org/317679,hoomer/XC317679.ogg
hoomer,[],"['alarm call', 'female', 'flight call']",42.0323,-79.4237,Lophodytes cucullatus,Hooded Merganser,Jim Berry,Creative Commons Attribution-NonCommercial-ShareAlike 4.0,4.5,07:10,https://www.xeno-canto.org/317868,hoomer/XC317868.ogg
hoomer,[],"['call', 'female']",28.2267,-80.7645,Lophodytes cucullatus,Hooded Merganser,Paul Marvin,Creative Commons Attribution-NonCommercial-ShareAlike 4.0,5.0,09:12,https://www.xeno-canto.org/346072,hoomer/XC346072.ogg
hoomer,[],"['call', 'female']",28.2267,-80.7645,Lophodytes cucullatus,Hooded Merganser,Paul Marvin,Creative Commons Attribution-NonCommercial-ShareAlike 4.0,3.5,09:08,https://www.xeno-canto.org/346073,hoomer/XC346073.ogg
hoomer,[],"['female', 'flight call']",42.5373,-76.5487,Lophodytes cucullatus,Hooded Merganser,Dan Lane,Creative Commons Attribution-NonCommercial-ShareAlike 4.0,2.5,07:00,https://www.xeno-canto.org/372596,hoomer/XC372596.ogg
hoomer,[],"['female', 'flight call']",42.5373,-76.5487,Lophodytes cucullatus,Hooded Merganser,Dan Lane,Creative Commons Attribution-NonCommercial-ShareAlike 4.0,3.5,07:30,https://www.xeno-canto.org/372597,hoomer/XC372597.ogg
hoomer,[],['call'],45.3151,-93.9515,Lophodytes cucullatus,Hooded Merganser,Jonathon Jongsma,Creative Commons Attribution-ShareAlike 4.0,2.5,06:30,https://www.xeno-canto.org/477559,hoomer/XC477559.ogg
hoomer,[],['call'],45.3151,-93.9515,Lophodytes cucullatus,Hooded Merganser,Jonathon Jongsma,Creative Commons Attribution-ShareAlike 4.0,3.5,06:22,https://www.xeno-canto.org/477560,hoomer/XC477560.ogg
hoomer,[],"['alarm call', 'female']",44.8432,-93.3698,Lophodytes cucullatus,Hooded Merganser,Michael Hurben,Creative Commons Attribution-NonCommercial-ShareAlike 4.0,3.0,06:30,https://www.xeno-canto.org/574183,hoomer/XC574183.ogg
houfin,[],['Flight call'],42.0334,-83.0412,Haemorhous mexicanus,House Finch,Allen T. Chartier,Creative Commons Attribution-NonCommercial-ShareAlike 3.0,2.0,?,https://www.xeno-canto.org/11463,houfin/XC11463.ogg
houfin,['houspa'],"['male', 'song']",44.942,-93.259,Haemorhous mexicanus,House Finch,Jonathon Jongsma,Creative Commons Attribution-ShareAlike 3.0,4.5,07:00,https://www.xeno-canto.org/124078,houfin/XC124078.ogg
houfin,[],"['male', 'song']",41.313,-105.5787,Haemorhous mexicanus,House Finch,GABRIEL LEITE,Creative Commons Attribution-NonCommercial-ShareAlike 3.0,4.0,08:00,https://www.xeno-canto.org/124430,houfin/XC124430.ogg
houfin,[],"['drumming', 'song']",20.96,-100.666,Haemorhous mexicanus,House Finch,Manuel Grosselet,Creative Commons Attribution-NonCommercial-ShareAlike 3.0,3.5,07:00,https://www.xeno-canto.org/127246,houfin/XC127246.ogg
houfin,[],['song'],41.92,-70.543,Haemorhous mexicanus,House Finch,Dan Lane,Creative Commons Attribution-NonCommercial-ShareAlike 3.0,4.0,?,https://www.xeno-canto.org/135065,houfin/XC135065.ogg
houfin,[],"['call', 'male']",41.1267,-104.697,Haemorhous mexicanus,House Finch,GABRIEL LEITE,Creative Commons Attribution-NonCommercial-ShareAlike 3.0,3.0,08:00,https://www.xeno-canto.org/139819,houfin/XC139819.ogg
houfin,[],['song'],31.3442,-110.9316,Haemorhous mexicanus,House Finch,Richard Dunn,Creative Commons Attribution-NonCommercial-ShareAlike 3.0,4.0,06:00,https://www.xeno-canto.org/140490,houfin/XC140490.ogg
houfin,[],['song'],31.3442,-110.9316,Haemorhous mexicanus,House Finch,Richard Dunn,Creative Commons Attribution-NonCommercial-ShareAlike 3.0,3.0,06:00,https://www.xeno-canto.org/140492,houfin/XC140492.ogg
houfin,[],['song'],33.8438,-78.6105,Haemorhous mexicanus,House Finch,Bernard BOUSQUET,Creative Commons Attribution-NonCommercial-ShareAlike 3.0,4.0,08:00,https://www.xeno-canto.org/140991,houfin/XC140991.ogg
houfin,[],['song'],31.9583,-81.0131,Haemorhous mexicanus,House Finch,Russ Wigh,Creative Commons Attribution-NonCommercial-ShareAlike 3.0,5.0,15:00,https://www.xeno-canto.org/141470,houfin/XC141470.ogg
houfin,[],['song'],30.0801,-99.5027,Haemorhous mexicanus,House Finch,Mike Nelson,Creative Commons Attribution-NonCommercial-ShareAlike 3.0,4.0,06:30,https://www.xeno-canto.org/141478,houfin/XC141478.ogg
houfin,[],['song'],30.0801,-99.5027,Haemorhous mexicanus,House Finch,Mike Nelson,Creative Commons Attribution-NonCommercial-ShareAlike 3.0,4.0,06:30,https://www.xeno-canto.org/141479,houfin/XC141479.ogg
houfin,[],"['male', 'song']",37.7677,-122.4849,Haemorhous mexicanus,House Finch,Antonio Silveira,Creative Commons Attribution-NonCommercial-ShareAlike 3.0,3.0,10:00,https://www.xeno-canto.org/145565,houfin/XC145565.ogg
houfin,[],['call'],41.1987,-73.8832,Haemorhous mexicanus,House Finch,Daniel Parker,Creative Commons Attribution-NonCommercial-ShareAlike 3.0,3.0,13:30,https://www.xeno-canto.org/163050,houfin/XC163050.ogg
houfin,[],['song'],41.1987,-73.8832,Haemorhous mexicanus,House Finch,Daniel Parker,Creative Commons Attribution-NonCommercial-ShareAlike 3.0,4.0,09:30,https://www.xeno-canto.org/163051,houfin/XC163051.ogg
houfin,[],"['call', 'song']",41.1987,-73.8832,Haemorhous mexicanus,House Finch,Daniel Parker,Creative Commons Attribution-NonCommercial-ShareAlike 3.0,2.0,09:30,https://www.xeno-canto.org/163052,houfin/XC163052.ogg
houfin,[],['call'],48.4644,-123.3734,Haemorhous mexicanus,House Finch,Ian Cruickshank,Creative Commons Attribution-NonCommercial-ShareAlike 3.0,3.0,08:30,https://www.xeno-canto.org/163632,houfin/XC163632.ogg
houfin,[],"['call', 'flight call']",19.2602,-99.2042,Haemorhous mexicanus,House Finch,Manuel Grosselet,Creative Commons Attribution-NonCommercial-ShareAlike 3.0,3.0,08:00,https://www.xeno-canto.org/163971,houfin/XC163971.ogg
houfin,[],['song'],48.4644,-123.3734,Haemorhous mexicanus,House Finch,Ian Cruickshank,Creative Commons Attribution-NonCommercial-ShareAlike 3.0,4.0,09:00,https://www.xeno-canto.org/164308,houfin/XC164308.ogg
houfin,[],"['roosting call', 'song']",17.1766,-96.7702,Haemorhous mexicanus,House Finch,Manuel Grosselet,Creative Commons Attribution-NonCommercial-ShareAlike 3.0,5.0,06:30,https://www.xeno-canto.org/168580,houfin/XC168580.ogg
houfin,[],['song'],40.027,-74.99,Haemorhous mexicanus,House Finch,Paul Driver,Creative Commons Attribution-NonCommercial-ShareAlike 3.0,4.0,10:00,https://www.xeno-canto.org/169187,houfin/XC169187.ogg
houfin,[],['call'],39.1946,-96.5971,Haemorhous mexicanus,House Finch,Nathan Shipley,Creative Commons Attribution-NonCommercial-ShareAlike 3.0,4.0,13:00,https://www.xeno-canto.org/169811,houfin/XC169811.ogg
houfin,[],"['begging call', 'juvenile']",19.689,-101.206,Haemorhous mexicanus,House Finch,Elvis Herrera Rodríguez,Creative Commons Attribution-NonCommercial-ShareAlike 3.0,4.0,13:30,https://www.xeno-canto.org/171104,houfin/XC171104.ogg
houfin,['ribgul'],"['male', 'song']",46.7752,-71.2467,Haemorhous mexicanus,House Finch,Martin St-Michel,Creative Commons Attribution-NonCommercial-ShareAlike 4.0,3.5,13:21,https://www.xeno-canto.org/172396,houfin/XC172396.ogg
houfin,[],['song'],40.0335,-105.2698,Haemorhous mexicanus,House Finch,Eric DeFonso,Creative Commons Attribution-NonCommercial-ShareAlike 4.0,3.5,06:30,https://www.xeno-canto.org/172419,houfin/XC172419.ogg
houfin,"['warwhe1', 'zebdov']",['song'],21.3056,-157.8001,Haemorhous mexicanus,House Finch,Dan Lane,Creative Commons Attribution-NonCommercial-ShareAlike 4.0,3.5,10:00,https://www.xeno-canto.org/174827,houfin/XC174827.ogg
houfin,"['commyn', 'zebdov']",['call'],19.934,-155.875,Haemorhous mexicanus,House Finch,Dan Lane,Creative Commons Attribution-NonCommercial-ShareAlike 4.0,3.5,06:30,https://www.xeno-canto.org/175517,houfin/XC175517.ogg
houfin,[],['song'],40.016,-105.2765,Haemorhous mexicanus,House Finch,Ted Floyd,Creative Commons Attribution-NonCommercial-ShareAlike 4.0,4.0,13:27,https://www.xeno-canto.org/177292,houfin/XC177292.ogg
houfin,['mallar3'],['song'],35.2663,-120.6867,Haemorhous mexicanus,House Finch,Thomas G. Graves,Creative Commons Attribution-NonCommercial-ShareAlike 4.0,4.5,7:01,https://www.xeno-canto.org/179232,houfin/XC179232.ogg
houfin,[],['song'],33.8843,-111.4768,Haemorhous mexicanus,House Finch,Tim Marquardt,Creative Commons Attribution-NonCommercial-ShareAlike 4.0,5.0,06:23,https://www.xeno-canto.org/185193,houfin/XC185193.ogg
houfin,['norcar'],['call'],41.2879,-73.7851,Haemorhous mexicanus,House Finch,Craig Brookes,Creative Commons Attribution-NonCommercial-ShareAlike 4.0,2.5,08:30,https://www.xeno-canto.org/186484,houfin/XC186484.ogg
houfin,[],"['begging call', 'juvenile', 'song']",41.2879,-73.7851,Haemorhous mexicanus,House Finch,Craig Brookes,Creative Commons Attribution-NonCommercial-ShareAlike 4.0,5.0,10:30,https://www.xeno-canto.org/188371,houfin/XC188371.ogg
houfin,[],"['begging call', 'juvenile']",41.2879,-73.7851,Haemorhous mexicanus,House Finch,Craig Brookes,Creative Commons Attribution-NonCommercial-ShareAlike 4.0,5.0,10:00,https://www.xeno-canto.org/188373,houfin/XC188373.ogg
houfin,['moudov'],['call'],33.4448,-112.077,Haemorhous mexicanus,House Finch,Dalton,Creative Commons Attribution-NonCommercial-ShareAlike 4.0,3.5,12:44,https://www.xeno-canto.org/191953,houfin/XC191953.ogg
houfin,['houspa'],"['begging call', 'juvenile']",19.699,-101.135,Haemorhous mexicanus,House Finch,Elvis Herrera Rodríguez,Creative Commons Attribution-NonCommercial-ShareAlike 4.0,3.5,11:00,https://www.xeno-canto.org/196677,houfin/XC196677.ogg
houfin,[],['call'],35.0307,-120.6205,Haemorhous mexicanus,House Finch,Thomas G. Graves,Creative Commons Attribution-NonCommercial-ShareAlike 4.0,5.0,10:18,https://www.xeno-canto.org/201428,houfin/XC201428.ogg
houfin,[],['call'],44.3211,-78.3264,Haemorhous mexicanus,House Finch,Iain,Creative Commons Attribution-NonCommercial-ShareAlike 4.0,1.0,8:00,https://www.xeno-canto.org/211060,houfin/XC211060.ogg
houfin,[],"['male', 'song']",19.699,-101.135,Haemorhous mexicanus,House Finch,Elvis Herrera Rodríguez,Creative Commons Attribution-NonCommercial-ShareAlike 4.0,5.0,12:00,https://www.xeno-canto.org/212099,houfin/XC212099.ogg
houfin,['norcar'],['song'],44.3211,-78.3264,Haemorhous mexicanus,House Finch,Iain,Creative Commons Attribution-NonCommercial-ShareAlike 4.0,1.5,8:00,https://www.xeno-canto.org/215242,houfin/XC215242.ogg
houfin,[],['song'],49.1018,-123.1703,Haemorhous mexicanus,House Finch,David Bradley,Creative Commons Attribution-NonCommercial-ShareAlike 4.0,4.0,09:00,https://www.xeno-canto.org/216180,houfin/XC216180.ogg
houfin,[],"['call', 'song']",31.7825,-110.835,Haemorhous mexicanus,House Finch,Paul Marvin,Creative Commons Attribution-NonCommercial-ShareAlike 4.0,5.0,11:14,https://www.xeno-canto.org/219331,houfin/XC219331.ogg
houfin,[],['call'],32.6197,-117.0341,Haemorhous mexicanus,House Finch,Paul Marvin,Creative Commons Attribution-NonCommercial-ShareAlike 4.0,4.5,10:20,https://www.xeno-canto.org/219332,houfin/XC219332.ogg
houfin,"['calqua', 'houfin']",['call'],32.6809,-116.8189,Haemorhous mexicanus,House Finch,Paul Marvin,Creative Commons Attribution-NonCommercial-ShareAlike 4.0,3.5,10:54,https://www.xeno-canto.org/219338,houfin/XC219338.ogg
houfin,[],['call'],32.6809,-116.8189,Haemorhous mexicanus,House Finch,Paul Marvin,Creative Commons Attribution-NonCommercial-ShareAlike 4.0,4.5,07:12,https://www.xeno-canto.org/219339,houfin/XC219339.ogg
houfin,[],['song'],32.8279,-116.461,Haemorhous mexicanus,House Finch,Paul Marvin,Creative Commons Attribution-NonCommercial-ShareAlike 4.0,4.5,11:58,https://www.xeno-canto.org/219340,houfin/XC219340.ogg
houfin,['osprey'],"['call', 'song']",32.6287,-116.923,Haemorhous mexicanus,House Finch,Paul Marvin,Creative Commons Attribution-NonCommercial-ShareAlike 4.0,3.5,07:56,https://www.xeno-canto.org/219341,houfin/XC219341.ogg
houfin,[],['call'],33.177,-115.6156,Haemorhous mexicanus,House Finch,Paul Marvin,Creative Commons Attribution-NonCommercial-ShareAlike 4.0,4.0,10:57,https://www.xeno-canto.org/219342,houfin/XC219342.ogg
houfin,[],"['call', 'song']",33.1374,-116.3767,Haemorhous mexicanus,House Finch,Paul Marvin,Creative Commons Attribution-NonCommercial-ShareAlike 4.0,4.0,14:21,https://www.xeno-canto.org/219345,houfin/XC219345.ogg
houfin,[],['song'],32.564,-117.1256,Haemorhous mexicanus,House Finch,Paul Marvin,Creative Commons Attribution-NonCommercial-ShareAlike 4.0,4.0,10:04,https://www.xeno-canto.org/219346,houfin/XC219346.ogg
houfin,[],"['courtship song?', 'song']",35.4751,-121.0029,Haemorhous mexicanus,House Finch,Thomas G. Graves,Creative Commons Attribution-NonCommercial-ShareAlike 4.0,4.0,16:32,https://www.xeno-canto.org/219347,houfin/XC219347.ogg
houfin,['wesmea'],['call'],32.554,-117.0852,Haemorhous mexicanus,House Finch,Paul Marvin,Creative Commons Attribution-NonCommercial-ShareAlike 4.0,4.5,09:19,https://www.xeno-canto.org/219349,houfin/XC219349.ogg
houfin,[],"['call', 'flight call', 'song']",32.554,-117.0852,Haemorhous mexicanus,House Finch,Paul Marvin,Creative Commons Attribution-NonCommercial-ShareAlike 4.0,5.0,09:25,https://www.xeno-canto.org/219350,houfin/XC219350.ogg
houfin,[],"['call', 'flight call']",32.554,-117.0852,Haemorhous mexicanus,House Finch,Paul Marvin,Creative Commons Attribution-NonCommercial-ShareAlike 4.0,4.0,10:45,https://www.xeno-canto.org/219351,houfin/XC219351.ogg
houfin,[],['flight call'],32.6809,-116.8189,Haemorhous mexicanus,House Finch,Paul Marvin,Creative Commons Attribution-NonCommercial-ShareAlike 4.0,3.0,06:44,https://www.xeno-canto.org/219354,houfin/XC219354.ogg
houfin,[],['flight call'],32.554,-117.0852,Haemorhous mexicanus,House Finch,Paul Marvin,Creative Commons Attribution-NonCommercial-ShareAlike 4.0,3.5,07:24,https://www.xeno-canto.org/219355,houfin/XC219355.ogg
houfin,[],"['call', 'flight call']",32.554,-117.0852,Haemorhous mexicanus,House Finch,Paul Marvin,Creative Commons Attribution-NonCommercial-ShareAlike 4.0,4.0,07:08,https://www.xeno-canto.org/219356,houfin/XC219356.ogg
houfin,[],"['call', 'flight call', 'song']",32.554,-117.0852,Haemorhous mexicanus,House Finch,Paul Marvin,Creative Commons Attribution-NonCommercial-ShareAlike 4.0,4.0,11:01,https://www.xeno-canto.org/219357,houfin/XC219357.ogg
houfin,[],['call'],29.1823,-102.9595,Haemorhous mexicanus,House Finch,Paul Marvin,Creative Commons Attribution-NonCommercial-ShareAlike 4.0,5.0,16:43,https://www.xeno-canto.org/219358,houfin/XC219358.ogg
houfin,[],['call'],30.7007,-104.1018,Haemorhous mexicanus,House Finch,Paul Marvin,Creative Commons Attribution-NonCommercial-ShareAlike 4.0,4.0,08:14,https://www.xeno-canto.org/219762,houfin/XC219762.ogg
houfin,[],"['call', 'song']",30.152,-103.2877,Haemorhous mexicanus,House Finch,Paul Marvin,Creative Commons Attribution-NonCommercial-ShareAlike 4.0,3.5,13:32,https://www.xeno-canto.org/219792,houfin/XC219792.ogg
houfin,[],['call'],31.906,-109.1543,Haemorhous mexicanus,House Finch,Paul Marvin,Creative Commons Attribution-NonCommercial-ShareAlike 4.0,3.5,12:58,https://www.xeno-canto.org/219819,houfin/XC219819.ogg
houfin,[],"['call', 'song']",32.5747,-117.1264,Haemorhous mexicanus,House Finch,Paul Marvin,Creative Commons Attribution-NonCommercial-ShareAlike 4.0,3.5,10:41,https://www.xeno-canto.org/219892,houfin/XC219892.ogg
houfin,[],['call'],19.699,-101.135,Haemorhous mexicanus,House Finch,Elvis Herrera Rodríguez,Creative Commons Attribution-NonCommercial-ShareAlike 4.0,4.5,11:00,https://www.xeno-canto.org/233711,houfin/XC233711.ogg
houfin,[],['song'],45.5138,-73.5347,Haemorhous mexicanus,House Finch,Maxime Aubert,Creative Commons Attribution-NonCommercial-ShareAlike 4.0,3.0,10:00,https://www.xeno-canto.org/233715,houfin/XC233715.ogg
houfin,[],['song'],45.5138,-73.5347,Haemorhous mexicanus,House Finch,Maxime Aubert,Creative Commons Attribution-NonCommercial-ShareAlike 4.0,3.0,10:00,https://www.xeno-canto.org/233716,houfin/XC233716.ogg
houfin,[],['song'],45.5138,-73.5347,Haemorhous mexicanus,House Finch,Maxime Aubert,Creative Commons Attribution-NonCommercial-ShareAlike 4.0,3.0,10:00,https://www.xeno-canto.org/243791,houfin/XC243791.ogg
houfin,[],['song'],20.0755,-98.4576,Haemorhous mexicanus,House Finch,Manuel Grosselet,Creative Commons Attribution-NonCommercial-ShareAlike 4.0,5.0,12:00,https://www.xeno-canto.org/252731,houfin/XC252731.ogg
houfin,[],['song'],17.0643,-96.7229,Haemorhous mexicanus,House Finch,Manuel Grosselet,Creative Commons Attribution-NonCommercial-ShareAlike 4.0,5.0,06:00,https://www.xeno-canto.org/254072,houfin/XC254072.ogg
houfin,[],['song'],17.067,-96.722,Haemorhous mexicanus,House Finch,Manuel Grosselet,Creative Commons Attribution-NonCommercial-ShareAlike 4.0,5.0,08:00,https://www.xeno-canto.org/254547,houfin/XC254547.ogg
houfin,[],['song'],17.067,-96.722,Haemorhous mexicanus,House Finch,Manuel Grosselet,Creative Commons Attribution-NonCommercial-ShareAlike 4.0,5.0,08:00,https://www.xeno-canto.org/254548,houfin/XC254548.ogg
houfin,[],['song'],17.067,-96.722,Haemorhous mexicanus,House Finch,Manuel Grosselet,Creative Commons Attribution-NonCommercial-ShareAlike 4.0,4.5,09:00,https://www.xeno-canto.org/254556,houfin/XC254556.ogg
houfin,[],"['call', 'male']",18.7781,-97.3416,Haemorhous mexicanus,House Finch,Manuel Grosselet,Creative Commons Attribution-NonCommercial-ShareAlike 4.0,5.0,11:00,https://www.xeno-canto.org/261400,houfin/XC261400.ogg
houfin,[],"['male', 'song']",19.392,-99.241,Haemorhous mexicanus,House Finch,Manuel Grosselet,Creative Commons Attribution-NonCommercial-ShareAlike 4.0,4.0,17:00,https://www.xeno-canto.org/261403,houfin/XC261403.ogg
houfin,[],['call'],35.2081,-97.4447,Haemorhous mexicanus,House Finch,Ko Chie-Jen (Jerome),Creative Commons Attribution-NonCommercial-ShareAlike 4.0,3.0,15:30,https://www.xeno-canto.org/267339,houfin/XC267339.ogg
houfin,"['houfin', 'moudov']",['song'],31.34,-109.273,Haemorhous mexicanus,House Finch,Richard E. Webster,Creative Commons Attribution-NonCommercial-ShareAlike 4.0,4.5,12:12,https://www.xeno-canto.org/268457,houfin/XC268457.ogg
houfin,"['gamqua', 'moudov', 'norcar']",['song'],31.34,-109.273,Haemorhous mexicanus,House Finch,Richard E. Webster,Creative Commons Attribution-NonCommercial-ShareAlike 4.0,4.5,12:32,https://www.xeno-canto.org/268458,houfin/XC268458.ogg
houfin,['moudov'],['song'],31.34,-109.273,Haemorhous mexicanus,House Finch,Richard E. Webster,Creative Commons Attribution-NonCommercial-ShareAlike 4.0,3.5,09:13,https://www.xeno-canto.org/268460,houfin/XC268460.ogg
houfin,[],['song in flight'],31.34,-109.273,Haemorhous mexicanus,House Finch,Richard E. Webster,Creative Commons Attribution-NonCommercial-ShareAlike 4.0,3.5,09:56,https://www.xeno-canto.org/268461,houfin/XC268461.ogg
houfin,['gamqua'],"['call', 'song']",31.906,-109.1543,Haemorhous mexicanus,House Finch,Richard E. Webster,Creative Commons Attribution-NonCommercial-ShareAlike 4.0,4.5,08:05,https://www.xeno-canto.org/268462,houfin/XC268462.ogg
houfin,['gamqua'],['vesper singing'],31.906,-109.1543,Haemorhous mexicanus,House Finch,Richard E. Webster,Creative Commons Attribution-NonCommercial-ShareAlike 4.0,4.5,18:38,https://www.xeno-canto.org/268463,houfin/XC268463.ogg
houfin,"['gamqua', 'moudov']","['call', 'song at dawn']",31.906,-109.1543,Haemorhous mexicanus,House Finch,Richard E. Webster,Creative Commons Attribution-NonCommercial-ShareAlike 4.0,4.5,05:19,https://www.xeno-canto.org/268464,houfin/XC268464.ogg
houfin,['gamqua'],"['call', 'song at dawn']",31.906,-109.1543,Haemorhous mexicanus,House Finch,Richard E. Webster,Creative Commons Attribution-NonCommercial-ShareAlike 4.0,4.5,04:49,https://www.xeno-canto.org/268465,houfin/XC268465.ogg
houfin,[],"['call', 'song']",33.6366,-111.5577,Haemorhous mexicanus,House Finch,David Vander Pluym,Creative Commons Attribution-NonCommercial-ShareAlike 4.0,3.5,07:40,https://www.xeno-canto.org/284022,houfin/XC284022.ogg
houfin,[],['flight call'],33.6366,-111.5577,Haemorhous mexicanus,House Finch,David Vander Pluym,Creative Commons Attribution-NonCommercial-ShareAlike 4.0,3.5,07:40,https://www.xeno-canto.org/284023,houfin/XC284023.ogg
houfin,[],"['call', 'male', 'song']",38.7064,-75.0785,Haemorhous mexicanus,House Finch,Jerald R,Creative Commons Attribution-NonCommercial-ShareAlike 4.0,2.0,14:30,https://www.xeno-canto.org/286429,houfin/XC286429.ogg
houfin,['houspa'],"['male', 'song']",20.96,-100.666,Haemorhous mexicanus,House Finch,Manuel Grosselet,Creative Commons Attribution-NonCommercial-ShareAlike 4.0,3.5,07:30,https://www.xeno-canto.org/289014,houfin/XC289014.ogg
houfin,[],"['call', 'male']",20.96,-100.666,Haemorhous mexicanus,House Finch,Manuel Grosselet,Creative Commons Attribution-NonCommercial-ShareAlike 4.0,4.0,07:30,https://www.xeno-canto.org/289016,houfin/XC289016.ogg
houfin,[],"['call', 'male']",20.96,-100.666,Haemorhous mexicanus,House Finch,Manuel Grosselet,Creative Commons Attribution-NonCommercial-ShareAlike 4.0,4.5,08:00,https://www.xeno-canto.org/289017,houfin/XC289017.ogg
houfin,[],['song'],32.2792,-110.9335,Haemorhous mexicanus,House Finch,Pat Goltz,Creative Commons Attribution-NonCommercial-ShareAlike 4.0,3.0,15:30,https://www.xeno-canto.org/290012,houfin/XC290012.ogg
houfin,[],['flight call'],19.452,-100.1896,Haemorhous mexicanus,House Finch,Manuel Grosselet,Creative Commons Attribution-NonCommercial-ShareAlike 4.0,4.0,13:00,https://www.xeno-canto.org/292759,houfin/XC292759.ogg
houfin,[],['call'],32.5458,-117.0737,Haemorhous mexicanus,House Finch,Paul Marvin,Creative Commons Attribution-NonCommercial-ShareAlike 4.0,3.5,08:03,https://www.xeno-canto.org/296753,houfin/XC296753.ogg
houfin,[],['call'],40.5689,-105.1277,Haemorhous mexicanus,House Finch,Nick Komar,Creative Commons Attribution-NonCommercial-ShareAlike 4.0,5.0,11:00,https://www.xeno-canto.org/301685,houfin/XC301685.ogg
houfin,[],['song'],19.392,-99.241,Haemorhous mexicanus,House Finch,Manuel Grosselet,Creative Commons Attribution-NonCommercial-ShareAlike 4.0,5.0,07:00,https://www.xeno-canto.org/305403,houfin/XC305403.ogg
houfin,[],"['male', 'song']",17.067,-96.722,Haemorhous mexicanus,House Finch,Manuel Grosselet,Creative Commons Attribution-NonCommercial-ShareAlike 4.0,5.0,16:30,https://www.xeno-canto.org/305409,houfin/XC305409.ogg
houfin,[],['song'],32.7415,-117.2137,Haemorhous mexicanus,House Finch,Nick Komar,Creative Commons Attribution-NonCommercial-ShareAlike 4.0,4.0,10:00,https://www.xeno-canto.org/306114,houfin/XC306114.ogg
houfin,[],['song'],19.392,-99.241,Haemorhous mexicanus,House Finch,Manuel Grosselet,Creative Commons Attribution-NonCommercial-ShareAlike 4.0,5.0,07:00,https://www.xeno-canto.org/306933,houfin/XC306933.ogg
houfin,[],['song'],19.392,-99.241,Haemorhous mexicanus,House Finch,Manuel Grosselet,Creative Commons Attribution-NonCommercial-ShareAlike 4.0,5.0,06:00,https://www.xeno-canto.org/306934,houfin/XC306934.ogg
houfin,[],"['male', 'song']",19.392,-99.241,Haemorhous mexicanus,House Finch,Manuel Grosselet,Creative Commons Attribution-NonCommercial-ShareAlike 4.0,5.0,06:30,https://www.xeno-canto.org/306935,houfin/XC306935.ogg
houfin,['houspa'],"['klaxon', 'male', 'song']",19.392,-99.241,Haemorhous mexicanus,House Finch,Manuel Grosselet,Creative Commons Attribution-NonCommercial-ShareAlike 4.0,4.5,06:30,https://www.xeno-canto.org/306936,houfin/XC306936.ogg
houfin,['houspa'],['call'],19.392,-99.241,Haemorhous mexicanus,House Finch,Manuel Grosselet,Creative Commons Attribution-NonCommercial-ShareAlike 4.0,4.5,07:00,https://www.xeno-canto.org/306937,houfin/XC306937.ogg
houfin,[],['call'],34.4842,-89.5949,Haemorhous mexicanus,House Finch,J.R. Rigby,Creative Commons Attribution-NonCommercial-ShareAlike 4.0,5.0,18:00,https://www.xeno-canto.org/307684,houfin/XC307684.ogg
houfin,[],"['call', 'song']",34.4842,-89.5949,Haemorhous mexicanus,House Finch,J.R Rigby,Creative Commons Attribution-NonCommercial-ShareAlike 4.0,4.5,09:30,https://www.xeno-canto.org/307811,houfin/XC307811.ogg
houfin,['houfin'],"['call', 'song']",35.2663,-120.6867,Haemorhous mexicanus,House Finch,Thomas G. Graves,Creative Commons Attribution-NonCommercial-ShareAlike 4.0,3.5,16:50,https://www.xeno-canto.org/307866,houfin/XC307866.ogg
houfin,['houspa'],['song'],42.7281,-83.199,Haemorhous mexicanus,House Finch,Antonio Xeira,Creative Commons Attribution-NonCommercial-ShareAlike 4.0,4.5,16:00,https://www.xeno-canto.org/309624,houfin/XC309624.ogg
houfin,"['houspa', 'moudov']","['call', 'song']",41.9661,-71.6847,Haemorhous mexicanus,House Finch,Dylan Pedro,Creative Commons Attribution-NonCommercial-ShareAlike 4.0,3.5,16:30,https://www.xeno-canto.org/310071,houfin/XC310071.ogg
houfin,[],"['male', 'song']",40.2286,-105.2903,Haemorhous mexicanus,House Finch,Sue Riffe,Creative Commons Attribution-NonCommercial-ShareAlike 4.0,4.5,7:40,https://www.xeno-canto.org/310666,houfin/XC310666.ogg
houfin,[],"['male', 'song']",40.2286,-105.2903,Haemorhous mexicanus,House Finch,Sue Riffe,Creative Commons Attribution-NonCommercial-ShareAlike 4.0,3.5,7:45,https://www.xeno-canto.org/310667,houfin/XC310667.ogg
houfin,[],['song'],42.7336,-83.1536,Haemorhous mexicanus,House Finch,Antonio Xeira,Creative Commons Attribution-NonCommercial-ShareAlike 4.0,4.0,11:00,https://www.xeno-canto.org/311715,houfin/XC311715.ogg
houfin,[],"['male', 'song']",19.462,-98.9683,Haemorhous mexicanus,House Finch,Manuel Grosselet,Creative Commons Attribution-NonCommercial-ShareAlike 4.0,5.0,14:00,https://www.xeno-canto.org/311858,houfin/XC311858.ogg
houfin,[],['song'],41.9049,-88.2086,Haemorhous mexicanus,House Finch,Matt Wistrand,Creative Commons Attribution-NonCommercial-ShareAlike 4.0,4.0,10:20,https://www.xeno-canto.org/312959,houfin/XC312959.ogg
houfin,['houspa'],['call'],19.391,-99.2439,Haemorhous mexicanus,House Finch,Manuel Grosselet,Creative Commons Attribution-NonCommercial-ShareAlike 4.0,4.5,07:30,https://www.xeno-canto.org/314416,houfin/XC314416.ogg
houfin,['houspa'],"['male', 'song']",19.391,-99.2439,Haemorhous mexicanus,House Finch,Manuel Grosselet,Creative Commons Attribution-NonCommercial-ShareAlike 4.0,4.5,07:30,https://www.xeno-canto.org/314417,houfin/XC314417.ogg
houfin,[],['song'],26.1224,-80.1373,Haemorhous mexicanus,House Finch,ASJ26,Creative Commons Attribution-NonCommercial-ShareAlike 4.0,3.0,17:00,https://www.xeno-canto.org/317879,houfin/XC317879.ogg
houfin,[],['call'],38.5355,-121.5249,Haemorhous mexicanus,House Finch,Jim Holmes,Creative Commons Attribution-NonCommercial-ShareAlike 4.0,5.0,08:30,https://www.xeno-canto.org/319140,houfin/XC319140.ogg
houfin,[],['song'],18.9867,-99.4748,Haemorhous mexicanus,House Finch,Manuel Grosselet,Creative Commons Attribution-NonCommercial-ShareAlike 4.0,5.0,06:30,https://www.xeno-canto.org/319439,houfin/XC319439.ogg
houfin,['houspa'],"['male', 'song']",17.5344,-99.4866,Haemorhous mexicanus,House Finch,Ricardo Torres Cárdenas,Creative Commons Attribution-NonCommercial-ShareAlike 4.0,2.5,20:00,https://www.xeno-canto.org/319598,houfin/XC319598.ogg
houfin,[],['song'],40.5687,-105.1277,Haemorhous mexicanus,House Finch,Nick Komar,Creative Commons Attribution-NonCommercial-ShareAlike 4.0,4.0,09:30,https://www.xeno-canto.org/320727,houfin/XC320727.ogg
houfin,['norcar'],"['call', 'flight call', 'song']",39.1742,-75.5424,Haemorhous mexicanus,House Finch,Jerald R,Creative Commons Attribution-NonCommercial-ShareAlike 4.0,1.5,13:30,https://www.xeno-canto.org/322498,houfin/XC322498.ogg
houfin,['houspa'],"['male', 'song']",19.4691,-99.2026,Haemorhous mexicanus,House Finch,Manuel Grosselet,Creative Commons Attribution-NonCommercial-ShareAlike 4.0,3.5,08:00,https://www.xeno-canto.org/323531,houfin/XC323531.ogg
houfin,[],"['call', 'song']",31.9044,-109.1576,Haemorhous mexicanus,House Finch,Paul Marvin,Creative Commons Attribution-NonCommercial-ShareAlike 4.0,3.5,12:19,https://www.xeno-canto.org/324075,houfin/XC324075.ogg
houfin,[],['song'],32.4373,-80.6778,Haemorhous mexicanus,House Finch,Bernard BOUSQUET,Creative Commons Attribution-NonCommercial-ShareAlike 4.0,4.0,08:00,https://www.xeno-canto.org/324313,houfin/XC324313.ogg
houfin,[],"['begging call', 'juvenile']",32.6395,-117.1105,Haemorhous mexicanus,House Finch,Joshua Jaeger,Creative Commons Attribution-NonCommercial-ShareAlike 4.0,5.0,14:00,https://www.xeno-canto.org/326408,houfin/XC326408.ogg
houfin,[],"['call', 'song']",20.769,-156.237,Haemorhous mexicanus,House Finch,Thomas G. Graves,Creative Commons Attribution-NonCommercial-ShareAlike 4.0,4.0,08:48,https://www.xeno-canto.org/327344,houfin/XC327344.ogg
houfin,[],['song'],20.769,-156.237,Haemorhous mexicanus,House Finch,Thomas G. Graves,Creative Commons Attribution-NonCommercial-ShareAlike 4.0,3.0,08:58,https://www.xeno-canto.org/327345,houfin/XC327345.ogg
houfin,[],['song'],18.5843,-98.7139,Haemorhous mexicanus,House Finch,Manuel Grosselet,Creative Commons Attribution-NonCommercial-ShareAlike 4.0,4.5,10:00,https://www.xeno-canto.org/327553,houfin/XC327553.ogg
houfin,[],['song'],18.3788,-98.4337,Haemorhous mexicanus,House Finch,Manuel Grosselet,Creative Commons Attribution-NonCommercial-ShareAlike 4.0,4.0,10:30,https://www.xeno-canto.org/327634,houfin/XC327634.ogg
houfin,[],['song'],20.8381,-156.3485,Haemorhous mexicanus,House Finch,Thomas G. Graves,Creative Commons Attribution-NonCommercial-ShareAlike 4.0,5.0,09:06,https://www.xeno-canto.org/328235,houfin/XC328235.ogg
houfin,[],['call'],40.3772,-105.5217,Haemorhous mexicanus,House Finch,Ted Floyd,Creative Commons Attribution-NonCommercial-ShareAlike 4.0,4.0,16:05,https://www.xeno-canto.org/329331,houfin/XC329331.ogg
houfin,[],['song'],17.067,-96.722,Haemorhous mexicanus,House Finch,Manuel Grosselet,Creative Commons Attribution-NonCommercial-ShareAlike 4.0,4.0,07:00,https://www.xeno-canto.org/329768,houfin/XC329768.ogg
houfin,[],['song'],17.067,-96.722,Haemorhous mexicanus,House Finch,Manuel Grosselet,Creative Commons Attribution-NonCommercial-ShareAlike 4.0,4.0,07:00,https://www.xeno-canto.org/329769,houfin/XC329769.ogg
houfin,[],['song'],31.8611,-116.5999,Haemorhous mexicanus,House Finch,Manuel Grosselet,Creative Commons Attribution-NonCommercial-ShareAlike 4.0,4.0,16:00,https://www.xeno-canto.org/339890,houfin/XC339890.ogg
houfin,[],['song'],48.635,-112.3305,Haemorhous mexicanus,House Finch,Thomas Magarian,Creative Commons Attribution-NonCommercial-ShareAlike 4.0,4.0,12:11,https://www.xeno-canto.org/345545,houfin/XC345545.ogg
houfin,[],['song'],47.5339,-111.2291,Haemorhous mexicanus,House Finch,Thomas Magarian,Creative Commons Attribution-NonCommercial-ShareAlike 4.0,3.5,13:51,https://www.xeno-canto.org/345546,houfin/XC345546.ogg
houfin,['houspa'],['song'],48.635,-112.3305,Haemorhous mexicanus,House Finch,Thomas Magarian,Creative Commons Attribution-NonCommercial-ShareAlike 4.0,3.5,12:10,https://www.xeno-canto.org/345547,houfin/XC345547.ogg
houfin,[],['song'],47.5339,-111.2291,Haemorhous mexicanus,House Finch,Thomas Magarian,Creative Commons Attribution-NonCommercial-ShareAlike 4.0,3.5,14:08,https://www.xeno-canto.org/345548,houfin/XC345548.ogg
houfin,['moudov'],['song'],30.4179,-115.9387,Haemorhous mexicanus,House Finch,Richard E. Webster,Creative Commons Attribution-NonCommercial-ShareAlike 4.0,3.5,05:30,https://www.xeno-canto.org/347975,houfin/XC347975.ogg
houfin,"['calqua', 'moudov']",['song'],30.4179,-115.9387,Haemorhous mexicanus,House Finch,Richard E. Webster,Creative Commons Attribution-NonCommercial-ShareAlike 4.0,3.5,05:30,https://www.xeno-canto.org/347978,houfin/XC347978.ogg
houfin,[],"['male', 'song']",42.4462,-71.4134,Haemorhous mexicanus,House Finch,Melani Sleder,Creative Commons Attribution-NonCommercial-ShareAlike 4.0,3.5,13:00,https://www.xeno-canto.org/351450,houfin/XC351450.ogg
houfin,[],"['male', 'song']",42.4462,-71.4134,Haemorhous mexicanus,House Finch,Melani Sleder,Creative Commons Attribution-NonCommercial-ShareAlike 4.0,1.5,13:00,https://www.xeno-canto.org/351451,houfin/XC351451.ogg
houfin,"['houspa', 'normoc']",['song'],27.0149,-108.9351,Haemorhous mexicanus,House Finch,Richard E. Webster,Creative Commons Attribution-NonCommercial-ShareAlike 4.0,3.5,06:11,https://www.xeno-canto.org/353016,houfin/XC353016.ogg
houfin,['normoc'],"['call', 'song']",27.0149,-108.9351,Haemorhous mexicanus,House Finch,Richard E. Webster,Creative Commons Attribution-NonCommercial-ShareAlike 4.0,4.5,14:54,https://www.xeno-canto.org/353018,houfin/XC353018.ogg
houfin,['houspa'],['song'],27.0149,-108.9351,Haemorhous mexicanus,House Finch,Richard E. Webster,Creative Commons Attribution-NonCommercial-ShareAlike 4.0,3.5,06:00,https://www.xeno-canto.org/353019,houfin/XC353019.ogg
houfin,[],['song'],38.2125,-121.8207,Haemorhous mexicanus,House Finch,Jim Holmes,Creative Commons Attribution-NonCommercial-ShareAlike 4.0,5.0,14:00,https://www.xeno-canto.org/358850,houfin/XC358850.ogg
houfin,[],['call'],46.6562,-112.0365,Haemorhous mexicanus,House Finch,Thomas Magarian,Creative Commons Attribution-NonCommercial-ShareAlike 4.0,4.0,14:15,https://www.xeno-canto.org/361756,houfin/XC361756.ogg
houfin,[],['song'],19.6595,-97.1729,Haemorhous mexicanus,House Finch,Oscar Marin,Creative Commons Attribution-NonCommercial-ShareAlike 4.0,1.5,07:25,https://www.xeno-canto.org/362333,houfin/XC362333.ogg
houfin,[],['song'],32.2892,-111.1098,Haemorhous mexicanus,House Finch,Pat Goltz,Creative Commons Attribution-NonCommercial-ShareAlike 4.0,3.0,18:00,https://www.xeno-canto.org/363567,houfin/XC363567.ogg
houfin,['houspa'],['song'],19.6653,-101.2187,Haemorhous mexicanus,House Finch,Juan Carlos Pérez M.,Creative Commons Attribution-NonCommercial-ShareAlike 4.0,3.5,17:30,https://www.xeno-canto.org/365390,houfin/XC365390.ogg
houfin,[],['call'],38.0266,-84.3217,Haemorhous mexicanus,House Finch,Antonio Xeira,Creative Commons Attribution-NonCommercial-ShareAlike 4.0,4.0,?,https://www.xeno-canto.org/366388,houfin/XC366388.ogg
houfin,[],"['Traffic', 'song']",34.9842,-82.2696,Haemorhous mexicanus,House Finch,Gary Harbour,Creative Commons Attribution-NonCommercial-ShareAlike 4.0,3.0,15:00,https://www.xeno-canto.org/373392,houfin/XC373392.ogg
houfin,[],['song'],49.273,-123.253,Haemorhous mexicanus,House Finch,Bob Planqué,Creative Commons Attribution-NonCommercial-ShareAlike 3.0,4.0,5:30,https://www.xeno-canto.org/37393,houfin/XC37393.ogg
houfin,[],['song'],19.8279,-99.7886,Haemorhous mexicanus,House Finch,Manuel Grosselet,Creative Commons Attribution-NonCommercial-ShareAlike 4.0,4.5,07:00,https://www.xeno-canto.org/376760,houfin/XC376760.ogg
houfin,[],['song'],17.0669,-96.7118,Haemorhous mexicanus,House Finch,Manuel Grosselet,Creative Commons Attribution-NonCommercial-ShareAlike 4.0,5.0,06:00,https://www.xeno-canto.org/378922,houfin/XC378922.ogg
houfin,[],"['begging call', 'call', 'song']",19.391,-99.2439,Haemorhous mexicanus,House Finch,Manuel Grosselet,Creative Commons Attribution-NonCommercial-ShareAlike 4.0,5.0,08:00,https://www.xeno-canto.org/383780,houfin/XC383780.ogg
houfin,['houspa'],['song'],28.1815,-105.4379,Haemorhous mexicanus,House Finch,fernando mondaca fernandez,Creative Commons Attribution-NonCommercial-ShareAlike 4.0,3.5,09:30,https://www.xeno-canto.org/383989,houfin/XC383989.ogg
houfin,[],"['call', 'song', 'traffic']",44.3226,-69.79,Haemorhous mexicanus,House Finch,mtaylor,Creative Commons Attribution-NonCommercial-ShareAlike 4.0,3.5,09:00,https://www.xeno-canto.org/388465,houfin/XC388465.ogg
houfin,[],['song'],29.4758,-100.2272,Haemorhous mexicanus,House Finch,Jacob R. Saucier,Creative Commons Attribution-NonCommercial-ShareAlike 4.0,4.0,09:00,https://www.xeno-canto.org/404732,houfin/XC404732.ogg
houfin,[],['song'],50.5487,-113.857,Haemorhous mexicanus,House Finch,Mike Ashby,Creative Commons Attribution-NonCommercial-ShareAlike 4.0,5.0,14:00,https://www.xeno-canto.org/410513,houfin/XC410513.ogg
houfin,['norcar'],['song'],31.1972,-84.412,Haemorhous mexicanus,House Finch,G Morris,Creative Commons Attribution-NonCommercial-ShareAlike 4.0,3.5,07:30,https://www.xeno-canto.org/412395,houfin/XC412395.ogg
houfin,['norcar'],"['call', 'song']",28.3906,-80.7421,Haemorhous mexicanus,House Finch,Paul Marvin,Creative Commons Attribution-NonCommercial-ShareAlike 4.0,3.5,07:57,https://www.xeno-canto.org/413336,houfin/XC413336.ogg
houfin,[],['call'],38.9178,-77.221,Haemorhous mexicanus,House Finch,Bobby Wilcox,Creative Commons Attribution-NonCommercial-ShareAlike 4.0,3.0,16:30,https://www.xeno-canto.org/415920,houfin/XC415920.ogg
houfin,[],['song'],38.9178,-77.221,Haemorhous mexicanus,House Finch,Bobby Wilcox,Creative Commons Attribution-NonCommercial-ShareAlike 4.0,3.0,16:30,https://www.xeno-canto.org/415921,houfin/XC415921.ogg
houfin,[],"['female', 'song']",36.4387,-115.359,Haemorhous mexicanus,House Finch,Bobby Wilcox,Creative Commons Attribution-NonCommercial-ShareAlike 4.0,4.0,19:00,https://www.xeno-canto.org/416152,houfin/XC416152.ogg
houfin,[],['song'],40.2286,-105.2903,Haemorhous mexicanus,House Finch,Sue Riffe,Creative Commons Attribution-NonCommercial-ShareAlike 4.0,3.5,13:33,https://www.xeno-canto.org/416530,houfin/XC416530.ogg
houfin,[],"['call', 'male', 'song']",19.391,-99.2439,Haemorhous mexicanus,House Finch,Manuel Grosselet,Creative Commons Attribution-NonCommercial-ShareAlike 4.0,5.0,19:30,https://www.xeno-canto.org/417550,houfin/XC417550.ogg
houfin,[],"['call', 'song']",39.5696,-119.6918,Haemorhous mexicanus,House Finch,Bobby Wilcox,Creative Commons Attribution-NonCommercial-ShareAlike 4.0,3.5,17:00,https://www.xeno-canto.org/418251,houfin/XC418251.ogg
houfin,[],"['call', 'song']",42.35,-73.183,Haemorhous mexicanus,House Finch,Étienne Leroy,Creative Commons Attribution-NonCommercial-ShareAlike 4.0,4.0,18:30,https://www.xeno-canto.org/419927,houfin/XC419927.ogg
houfin,[],['song'],46.8738,-114.0116,Haemorhous mexicanus,House Finch,Kent Livezey,Creative Commons Attribution-NonCommercial-ShareAlike 4.0,5.0,17:53,https://www.xeno-canto.org/423324,houfin/XC423324.ogg
houfin,[],['song'],19.295,-99.095,Haemorhous mexicanus,House Finch,Manuel Grosselet,Creative Commons Attribution-NonCommercial-ShareAlike 4.0,5.0,10:00,https://www.xeno-canto.org/423359,houfin/XC423359.ogg
houfin,[],"['male', 'song']",19.462,-98.9683,Haemorhous mexicanus,House Finch,Manuel Grosselet,Creative Commons Attribution-NonCommercial-ShareAlike 4.0,4.5,08:00,https://www.xeno-canto.org/428722,houfin/XC428722.ogg
houfin,[],"['call', 'female']",44.4707,-121.3932,Haemorhous mexicanus,House Finch,Thomas Magarian,Creative Commons Attribution-NonCommercial-ShareAlike 4.0,0.0,10:25,https://www.xeno-canto.org/436837,houfin/XC436837.ogg
houfin,[],['song'],44.4578,-121.12,Haemorhous mexicanus,House Finch,Thomas Magarian,Creative Commons Attribution-NonCommercial-ShareAlike 4.0,0.0,14:09,https://www.xeno-canto.org/440008,houfin/XC440008.ogg
houfin,[],"['call', 'song']",45.5575,-122.6912,Haemorhous mexicanus,House Finch,Thomas Magarian,Creative Commons Attribution-NonCommercial-ShareAlike 4.0,0.0,09:24,https://www.xeno-canto.org/440009,houfin/XC440009.ogg
houfin,[],"['flight song', 'song']",27.0149,-108.9351,Haemorhous mexicanus,House Finch,Richard E. Webster,Creative Commons Attribution-NonCommercial-ShareAlike 4.0,4.5,13:01,https://www.xeno-canto.org/441200,houfin/XC441200.ogg
houfin,[],['call'],27.0149,-108.9351,Haemorhous mexicanus,House Finch,Richard E. Webster,Creative Commons Attribution-NonCommercial-ShareAlike 4.0,4.5,11:49,https://www.xeno-canto.org/441202,houfin/XC441202.ogg
houfin,[],"['call', 'song']",38.527,-121.799,Haemorhous mexicanus,House Finch,Ed Pandolfino,Creative Commons Attribution-NonCommercial-ShareAlike 4.0,4.0,07:21,https://www.xeno-canto.org/442301,houfin/XC442301.ogg
houfin,[],"['call', 'female', 'flight call']",32.686,-117.243,Haemorhous mexicanus,House Finch,Paul Marvin,Creative Commons Attribution-NonCommercial-ShareAlike 4.0,5.0,09:58,https://www.xeno-canto.org/448959,houfin/XC448959.ogg
houfin,[],"['call', 'flight call']",32.6287,-116.923,Haemorhous mexicanus,House Finch,Paul Marvin,Creative Commons Attribution-NonCommercial-ShareAlike 4.0,4.0,06:59,https://www.xeno-canto.org/452120,houfin/XC452120.ogg
houfin,[],['song'],31.4988,-110.8447,Haemorhous mexicanus,House Finch,Paul Marvin,Creative Commons Attribution-NonCommercial-ShareAlike 4.0,4.0,12:06,https://www.xeno-canto.org/456752,houfin/XC456752.ogg
houfin,[],"['call', 'female']",19.392,-99.241,Haemorhous mexicanus,House Finch,Manuel Grosselet,Creative Commons Attribution-NonCommercial-ShareAlike 4.0,5.0,09:00,https://www.xeno-canto.org/459051,houfin/XC459051.ogg
houfin,[],['song'],32.2073,-110.987,Haemorhous mexicanus,House Finch,Janine McCabe,Creative Commons Attribution-NonCommercial-ShareAlike 4.0,3.0,09:00,https://www.xeno-canto.org/460092,houfin/XC460092.ogg
houfin,[],['song'],32.2073,-110.987,Haemorhous mexicanus,House Finch,Janine McCabe,Creative Commons Attribution-NonCommercial-ShareAlike 4.0,3.0,09:00,https://www.xeno-canto.org/460093,houfin/XC460093.ogg
houfin,[],"['call', 'flight song', 'male', 'song']",35.0898,-106.392,Haemorhous mexicanus,House Finch,Paul Marvin,Creative Commons Attribution-NonCommercial-ShareAlike 4.0,3.5,09:59,https://www.xeno-canto.org/461748,houfin/XC461748.ogg
houfin,[],['song'],35.987,-87.145,Haemorhous mexicanus,House Finch,Brian Hendrix,Creative Commons Attribution-NonCommercial-ShareAlike 4.0,4.0,16:00,https://www.xeno-canto.org/463256,houfin/XC463256.ogg
houfin,[],['song'],25.0244,-110.5934,Haemorhous mexicanus,House Finch,Richard E. Webster,Creative Commons Attribution-NonCommercial-ShareAlike 4.0,3.5,08:01,https://www.xeno-canto.org/465308,houfin/XC465308.ogg
houfin,[],"['call', 'song']",25.7063,-110.7721,Haemorhous mexicanus,House Finch,Richard E. Webster,Creative Commons Attribution-NonCommercial-ShareAlike 4.0,3.5,10:33,https://www.xeno-canto.org/465310,houfin/XC465310.ogg
houfin,[],['song'],23.3751,-110.1953,Haemorhous mexicanus,House Finch,Richard E. Webster,Creative Commons Attribution-NonCommercial-ShareAlike 4.0,3.5,09:06,https://www.xeno-canto.org/465583,houfin/XC465583.ogg
houfin,[],['song'],23.3481,-110.1592,Haemorhous mexicanus,House Finch,Richard E. Webster,Creative Commons Attribution-NonCommercial-ShareAlike 4.0,3.5,16:04,https://www.xeno-canto.org/465584,houfin/XC465584.ogg
houfin,[],['song'],23.4798,-109.7196,Haemorhous mexicanus,House Finch,Richard E. Webster,Creative Commons Attribution-NonCommercial-ShareAlike 4.0,3.5,08:07,https://www.xeno-canto.org/465585,houfin/XC465585.ogg
houfin,[],['call'],45.5575,-122.6912,Haemorhous mexicanus,House Finch,Thomas Magarian,Creative Commons Attribution-NonCommercial-ShareAlike 4.0,0.0,15:03,https://www.xeno-canto.org/465793,houfin/XC465793.ogg
houfin,['norcar'],"['male', 'song']",42.276,-87.8501,Haemorhous mexicanus,House Finch,Bobby Wilcox,Creative Commons Attribution-NonCommercial-ShareAlike 4.0,3.5,08:00,https://www.xeno-canto.org/466133,houfin/XC466133.ogg
houfin,[],['song'],19.392,-99.241,Haemorhous mexicanus,House Finch,Manuel Grosselet,Creative Commons Attribution-NonCommercial-ShareAlike 4.0,5.0,07:00,https://www.xeno-canto.org/466481,houfin/XC466481.ogg
houfin,['houspa'],['begging call'],19.392,-99.241,Haemorhous mexicanus,House Finch,Manuel Grosselet,Creative Commons Attribution-NonCommercial-ShareAlike 4.0,4.5,08:00,https://www.xeno-canto.org/466484,houfin/XC466484.ogg
houfin,[],['song'],46.6161,-117.7669,Haemorhous mexicanus,House Finch,Bruce Lagerquist,Creative Commons Attribution-NonCommercial-ShareAlike 4.0,5.0,10:30,https://www.xeno-canto.org/468779,houfin/XC468779.ogg
houfin,[],['song'],40.6331,-74.4196,Haemorhous mexicanus,House Finch,Rolf A. de By,Creative Commons Attribution-NonCommercial-ShareAlike 4.0,5.0,15:45,https://www.xeno-canto.org/469591,houfin/XC469591.ogg
houfin,[],['song'],35.987,-87.145,Haemorhous mexicanus,House Finch,Brian Hendrix,Creative Commons Attribution-NonCommercial-ShareAlike 4.0,5.0,08:00,https://www.xeno-canto.org/471147,houfin/XC471147.ogg
houfin,[],"['call', 'male', 'song']",45.0697,-92.9516,Haemorhous mexicanus,House Finch,Dragracinghearse,Creative Commons Attribution-NonCommercial-ShareAlike 4.0,2.5,18:00,https://www.xeno-canto.org/478032,houfin/XC478032.ogg
houfin,[],"['call', 'song']",19.392,-99.241,Haemorhous mexicanus,House Finch,Manuel Grosselet,Creative Commons Attribution-NonCommercial-ShareAlike 4.0,4.0,20:00,https://www.xeno-canto.org/479585,houfin/XC479585.ogg
houfin,['houspa'],['call'],19.3894,-99.2447,Haemorhous mexicanus,House Finch,Manuel Grosselet,Creative Commons Attribution-NonCommercial-ShareAlike 4.0,3.5,19:30,https://www.xeno-canto.org/480078,houfin/XC480078.ogg
houfin,[],['begging call'],19.391,-99.2439,Haemorhous mexicanus,House Finch,Manuel Grosselet,Creative Commons Attribution-NonCommercial-ShareAlike 4.0,5.0,19:00,https://www.xeno-canto.org/481875,houfin/XC481875.ogg
houfin,[],"['male', 'song']",32.554,-117.0852,Haemorhous mexicanus,House Finch,Paul Marvin,Creative Commons Attribution-NonCommercial-ShareAlike 4.0,4.5,08:47,https://www.xeno-canto.org/481935,houfin/XC481935.ogg
houfin,[],"['call', 'flight call']",32.5458,-117.0737,Haemorhous mexicanus,House Finch,Paul Marvin,Creative Commons Attribution-NonCommercial-ShareAlike 4.0,3.5,05:34,https://www.xeno-canto.org/483748,houfin/XC483748.ogg
houfin,[],['flight call'],32.5458,-117.0737,Haemorhous mexicanus,House Finch,Paul Marvin,Creative Commons Attribution-NonCommercial-ShareAlike 4.0,5.0,06:50,https://www.xeno-canto.org/483967,houfin/XC483967.ogg
houfin,['houspa'],['song'],25.7324,-109.0271,Haemorhous mexicanus,House Finch,Manuel Grosselet,Creative Commons Attribution-NonCommercial-ShareAlike 4.0,3.5,08:00,https://www.xeno-canto.org/488436,houfin/XC488436.ogg
houfin,['houspa'],['song'],25.7324,-109.0271,Haemorhous mexicanus,House Finch,Manuel Grosselet,Creative Commons Attribution-NonCommercial-ShareAlike 4.0,3.5,08:00,https://www.xeno-canto.org/488437,houfin/XC488437.ogg
houfin,[],['begging call'],34.1595,-117.7678,Haemorhous mexicanus,House Finch,Lance A. M. Benner,Creative Commons Attribution-NonCommercial-ShareAlike 4.0,0.0,12:26,https://www.xeno-canto.org/492207,houfin/XC492207.ogg
houfin,[],"['male', 'song']",34.159,-117.7702,Haemorhous mexicanus,House Finch,Lance A. M. Benner,Creative Commons Attribution-NonCommercial-ShareAlike 4.0,0.0,12:21,https://www.xeno-canto.org/492812,houfin/XC492812.ogg
houfin,[],"['call', 'female']",32.6287,-116.923,Haemorhous mexicanus,House Finch,Paul Marvin,Creative Commons Attribution-NonCommercial-ShareAlike 4.0,5.0,07:38,https://www.xeno-canto.org/493111,houfin/XC493111.ogg
houfin,[],['song'],26.5406,-108.765,Haemorhous mexicanus,House Finch,Isain Contreras Rodríguez,Creative Commons Attribution-NonCommercial-ShareAlike 4.0,4.0,11:00,https://www.xeno-canto.org/493304,houfin/XC493304.ogg
houfin,['norcar'],"['male', 'song']",45.3698,-75.7899,Haemorhous mexicanus,House Finch,Dan Minor,Creative Commons Attribution-NonCommercial-ShareAlike 4.0,3.5,06:30,https://www.xeno-canto.org/493322,houfin/XC493322.ogg
houfin,['houspa'],['song'],27.0149,-108.9351,Haemorhous mexicanus,House Finch,Richard E. Webster,Creative Commons Attribution-NonCommercial-ShareAlike 4.0,3.5,06:02,https://www.xeno-canto.org/497555,houfin/XC497555.ogg
houfin,[],['call'],40.451,-73.996,Haemorhous mexicanus,House Finch,William Whitehead,Creative Commons Attribution-NonCommercial-ShareAlike 4.0,5.0,10:00,https://www.xeno-canto.org/498247,houfin/XC498247.ogg
houfin,[],"['call', 'song']",40.5874,-74.2621,Haemorhous mexicanus,House Finch,William Whitehead,Creative Commons Attribution-NonCommercial-ShareAlike 4.0,4.5,07:00,https://www.xeno-canto.org/499796,houfin/XC499796.ogg
houfin,[],['song'],40.6052,-74.2495,Haemorhous mexicanus,House Finch,William Whitehead,Creative Commons Attribution-NonCommercial-ShareAlike 4.0,4.5,07:30,https://www.xeno-canto.org/500927,houfin/XC500927.ogg
houfin,[],['song'],40.6052,-74.2495,Haemorhous mexicanus,House Finch,William Whitehead,Creative Commons Attribution-NonCommercial-ShareAlike 4.0,3.5,07:30,https://www.xeno-canto.org/508470,houfin/XC508470.ogg
houfin,[],"['Chirp', 'Jirp', 'Zree', 'call']",40.476,-74.2676,Haemorhous mexicanus,House Finch,William Whitehead,Creative Commons Attribution-NonCommercial-ShareAlike 4.0,5.0,08:30,https://www.xeno-canto.org/510713,houfin/XC510713.ogg
houfin,['moudov'],"['call', 'male', 'song']",31.4312,-110.2366,Haemorhous mexicanus,House Finch,Jarrod Swackhamer,Creative Commons Attribution-NonCommercial-ShareAlike 4.0,0.0,08:00,https://www.xeno-canto.org/520553,houfin/XC520553.ogg
houfin,[],"['adult', 'male', 'song']",40.8918,-91.0756,Haemorhous mexicanus,House Finch,Bobby Wilcox,Creative Commons Attribution-NonCommercial-ShareAlike 4.0,4.0,09:00,https://www.xeno-canto.org/525886,houfin/XC525886.ogg
houfin,[],"['life stage uncertain', 'sex uncertain', 'song']",19.2553,-99.0259,Haemorhous mexicanus,House Finch,Isain Contreras Rodríguez,Creative Commons Attribution-NonCommercial-ShareAlike 4.0,5.0,07:00,https://www.xeno-canto.org/530765,houfin/XC530765.ogg
houfin,[],['call'],45.5582,-122.6928,Haemorhous mexicanus,House Finch,Thomas Magarian,Creative Commons Attribution-NonCommercial-ShareAlike 4.0,0.0,10:24,https://www.xeno-canto.org/531574,houfin/XC531574.ogg
houfin,[],['call'],45.5582,-122.6928,Haemorhous mexicanus,House Finch,Thomas Magarian,Creative Commons Attribution-NonCommercial-ShareAlike 4.0,0.0,10:23,https://www.xeno-canto.org/531575,houfin/XC531575.ogg
houfin,[],['call'],45.5575,-122.6912,Haemorhous mexicanus,House Finch,Thomas Magarian,Creative Commons Attribution-NonCommercial-ShareAlike 4.0,0.0,09:49,https://www.xeno-canto.org/531576,houfin/XC531576.ogg
houfin,['houspa'],"['adult', 'male', 'song']",41.6838,-91.5979,Haemorhous mexicanus,House Finch,Bobby Wilcox,Creative Commons Attribution-NonCommercial-ShareAlike 4.0,3.5,09:00,https://www.xeno-canto.org/534152,houfin/XC534152.ogg
houfin,['houspa'],"['adult', 'male', 'song']",41.6838,-91.5979,Haemorhous mexicanus,House Finch,Bobby Wilcox,Creative Commons Attribution-NonCommercial-ShareAlike 4.0,3.5,11:30,https://www.xeno-canto.org/534170,houfin/XC534170.ogg
houfin,[],['call'],35.8589,-84.0948,Haemorhous mexicanus,House Finch,Mike Nelson,Creative Commons Attribution-NonCommercial-ShareAlike 3.0,2.5,7:45am,https://www.xeno-canto.org/53840,houfin/XC53840.ogg
houfin,[],"['adult', 'male', 'song']",47.6766,-122.294,Haemorhous mexicanus,House Finch,Whitney Neufeld-Kaiser,Creative Commons Attribution-NonCommercial-ShareAlike 4.0,4.5,06:00,https://www.xeno-canto.org/539421,houfin/XC539421.ogg
houfin,[],"['life stage uncertain', 'male', 'song']",17.067,-96.722,Haemorhous mexicanus,House Finch,Manuel Grosselet,Creative Commons Attribution-NonCommercial-ShareAlike 4.0,5.0,06:00,https://www.xeno-canto.org/539749,houfin/XC539749.ogg
houfin,[],"['life stage uncertain', 'male', 'song']",17.067,-96.722,Haemorhous mexicanus,House Finch,Manuel Grosselet,Creative Commons Attribution-NonCommercial-ShareAlike 4.0,5.0,06:30,https://www.xeno-canto.org/539750,houfin/XC539750.ogg
houfin,[],"['adult', 'call', 'male', 'song']",33.6847,-114.5355,Haemorhous mexicanus,House Finch,Bobby Wilcox,Creative Commons Attribution-NonCommercial-ShareAlike 4.0,4.0,10:00,https://www.xeno-canto.org/539921,houfin/XC539921.ogg
houfin,[],"['adult', 'call', 'male', 'song']",33.6847,-114.5355,Haemorhous mexicanus,House Finch,Bobby Wilcox,Creative Commons Attribution-NonCommercial-ShareAlike 4.0,4.0,10:00,https://www.xeno-canto.org/539923,houfin/XC539923.ogg
houfin,[],"['male', 'song']",17.18,-96.77,Haemorhous mexicanus,House Finch,Manuel Grosselet,Creative Commons Attribution-NonCommercial-ShareAlike 4.0,5.0,08:00,https://www.xeno-canto.org/541408,houfin/XC541408.ogg
houfin,['houspa'],"['male', 'song']",17.18,-96.77,Haemorhous mexicanus,House Finch,Manuel Grosselet,Creative Commons Attribution-NonCommercial-ShareAlike 4.0,4.5,08:00,https://www.xeno-canto.org/541409,houfin/XC541409.ogg
houfin,[],['song'],40.6061,-74.2772,Haemorhous mexicanus,House Finch,William Whitehead,Creative Commons Attribution-NonCommercial-ShareAlike 4.0,5.0,18:00,https://www.xeno-canto.org/544463,houfin/XC544463.ogg
houfin,['houspa'],"['life stage uncertain', 'sex uncertain', 'song']",17.18,-96.77,Haemorhous mexicanus,House Finch,Manuel Grosselet,Creative Commons Attribution-NonCommercial-ShareAlike 4.0,4.5,20:00,https://www.xeno-canto.org/546187,houfin/XC546187.ogg
houfin,[],"['adult', 'call', 'flight call']",25.6036,-109.0521,Haemorhous mexicanus,House Finch,Isain Contreras Rodríguez,Creative Commons Attribution-NonCommercial-ShareAlike 4.0,5.0,07:30,https://www.xeno-canto.org/549237,houfin/XC549237.ogg
houfin,[],"['adult', 'begging call', 'juvenile', 'song']",32.6675,-116.9268,Haemorhous mexicanus,House Finch,Paul Marvin,Creative Commons Attribution-NonCommercial-ShareAlike 4.0,5.0,08:04,https://www.xeno-canto.org/550903,houfin/XC550903.ogg
houfin,[],"['adult', 'call', 'female', 'male', 'song']",40.2286,-105.2903,Haemorhous mexicanus,House Finch,Sue Riffe,Creative Commons Attribution-NonCommercial-ShareAlike 4.0,4.5,13:17,https://www.xeno-canto.org/550963,houfin/XC550963.ogg
houfin,[],"['adult', 'call', 'female', 'male', 'song']",40.2286,-105.2903,Haemorhous mexicanus,House Finch,Sue Riffe,Creative Commons Attribution-NonCommercial-ShareAlike 4.0,4.5,09:25,https://www.xeno-canto.org/550964,houfin/XC550964.ogg
houfin,[],"['adult', 'male', 'song']",37.9958,-1.1318,Haemorhous mexicanus,House Finch,João Tomás,Creative Commons Attribution-NonCommercial-ShareAlike 4.0,3.5,08:30,https://www.xeno-canto.org/554635,houfin/XC554635.ogg
houfin,[],"['life stage uncertain', 'sex uncertain', 'song']",17.18,-96.77,Haemorhous mexicanus,House Finch,Manuel Grosselet,Creative Commons Attribution-NonCommercial-ShareAlike 4.0,5.0,07:00,https://www.xeno-canto.org/554913,houfin/XC554913.ogg
houfin,[],"['adult', 'begging call', 'male']",19.3794,-99.1591,Haemorhous mexicanus,House Finch,Alan ML,Creative Commons Attribution-NonCommercial-ShareAlike 4.0,5.0,11:30,https://www.xeno-canto.org/555497,houfin/XC555497.ogg
houfin,[],"['life stage uncertain', 'male', 'subsong']",19.3794,-99.1591,Haemorhous mexicanus,House Finch,Alan ML,Creative Commons Attribution-NonCommercial-ShareAlike 4.0,4.0,18:00,https://www.xeno-canto.org/555498,houfin/XC555498.ogg
houfin,[],"['juvenile', 'male', 'song', 'subsong']",19.3794,-99.1591,Haemorhous mexicanus,House Finch,Alan ML,Creative Commons Attribution-NonCommercial-ShareAlike 4.0,4.0,18:30,https://www.xeno-canto.org/555499,houfin/XC555499.ogg
houfin,[],"['juvenile', 'male', 'song', 'subsong']",19.3794,-99.1591,Haemorhous mexicanus,House Finch,Alan ML,Creative Commons Attribution-NonCommercial-ShareAlike 4.0,4.0,18:30,https://www.xeno-canto.org/555500,houfin/XC555500.ogg
houfin,[],"['call', 'life stage uncertain', 'sex uncertain']",17.18,-96.77,Haemorhous mexicanus,House Finch,Manuel Grosselet,Creative Commons Attribution-NonCommercial-ShareAlike 4.0,5.0,07:00,https://www.xeno-canto.org/555504,houfin/XC555504.ogg
houfin,[],"['adult', 'sex uncertain', 'song']",31.8359,-110.3591,Haemorhous mexicanus,House Finch,Phoenix Birder,Creative Commons Attribution-NonCommercial-ShareAlike 4.0,4.5,06:03,https://www.xeno-canto.org/559015,houfin/XC559015.ogg
houfin,[],"['life stage uncertain', 'male', 'song']",17.18,-96.77,Haemorhous mexicanus,House Finch,Manuel Grosselet,Creative Commons Attribution-NonCommercial-ShareAlike 4.0,5.0,07:00,https://www.xeno-canto.org/559567,houfin/XC559567.ogg
houfin,[],"['adult', 'call', 'sex uncertain', 'song']",33.4102,-114.6633,Haemorhous mexicanus,House Finch,Bobby Wilcox,Creative Commons Attribution-NonCommercial-ShareAlike 4.0,3.5,07:00,https://www.xeno-canto.org/560490,houfin/XC560490.ogg
houfin,[],"['call', 'male', 'song']",38.5641,-121.4417,Haemorhous mexicanus,House Finch,Ed Pandolfino,Creative Commons Attribution-NonCommercial-ShareAlike 4.0,4.0,14:09,https://www.xeno-canto.org/561882,houfin/XC561882.ogg
houfin,[],"['life stage uncertain', 'sex uncertain', 'song']",42.0807,-79.2381,Haemorhous mexicanus,House Finch,Jim Berry,Creative Commons Attribution-NonCommercial-ShareAlike 4.0,4.0,05:30,https://www.xeno-canto.org/563039,houfin/XC563039.ogg
houfin,[],"['adult', 'call', 'male', 'song']",40.2286,-105.2903,Haemorhous mexicanus,House Finch,Sue Riffe,Creative Commons Attribution-NonCommercial-ShareAlike 4.0,4.0,13:19,https://www.xeno-canto.org/564235,houfin/XC564235.ogg
houfin,[],"['adult', 'male', 'song']",17.0166,-96.7262,Haemorhous mexicanus,House Finch,Omar Suárez García,Creative Commons Attribution-NonCommercial-ShareAlike 4.0,4.5,07:30,https://www.xeno-canto.org/566136,houfin/XC566136.ogg
houfin,[],['song'],44.8398,-93.3786,Haemorhous mexicanus,House Finch,Michael Hurben,Creative Commons Attribution-NonCommercial-ShareAlike 4.0,3.0,10:30,https://www.xeno-canto.org/567667,houfin/XC567667.ogg
houfin,[],"['life stage uncertain', 'sex uncertain', 'song']",49.0925,-122.6803,Haemorhous mexicanus,House Finch,Risto Milner,Creative Commons Attribution-NonCommercial-ShareAlike 4.0,3.0,09:30,https://www.xeno-canto.org/568773,houfin/XC568773.ogg
houfin,[],"['adult', 'call', 'male']",49.0925,-122.6803,Haemorhous mexicanus,House Finch,Risto Milner,Creative Commons Attribution-NonCommercial-ShareAlike 4.0,3.0,09:30,https://www.xeno-canto.org/568780,houfin/XC568780.ogg
houfin,[],"['adult', 'call', 'flight call']",25.6036,-109.0521,Haemorhous mexicanus,House Finch,Isain Contreras Rodríguez,Creative Commons Attribution-NonCommercial-ShareAlike 4.0,5.0,07:00,https://www.xeno-canto.org/569593,houfin/XC569593.ogg
houfin,['calqua'],['song'],32.6003,-116.8419,Haemorhous mexicanus,House Finch,Paul Marvin,Creative Commons Attribution-NonCommercial-ShareAlike 4.0,4.5,05:20,https://www.xeno-canto.org/569976,houfin/XC569976.ogg
houfin,[],"['call', 'female', 'flight call']",32.6003,-116.8419,Haemorhous mexicanus,House Finch,Paul Marvin,Creative Commons Attribution-NonCommercial-ShareAlike 4.0,4.5,09:59,https://www.xeno-canto.org/569979,houfin/XC569979.ogg
houfin,[],"['call', 'flight call', 'juvenile']",32.6003,-116.8419,Haemorhous mexicanus,House Finch,Paul Marvin,Creative Commons Attribution-NonCommercial-ShareAlike 4.0,4.5,09:59,https://www.xeno-canto.org/569982,houfin/XC569982.ogg
houfin,[],"['adult', 'male', 'song']",25.7324,-109.0271,Haemorhous mexicanus,House Finch,Manuel Grosselet,Creative Commons Attribution-NonCommercial-ShareAlike 4.0,4.0,06:30,https://www.xeno-canto.org/570547,houfin/XC570547.ogg
houfin,[],['call'],35.987,-87.145,Haemorhous mexicanus,House Finch,Brian Hendrix,Creative Commons Attribution-NonCommercial-ShareAlike 4.0,5.0,06:30,https://www.xeno-canto.org/570952,houfin/XC570952.ogg
houfin,[],"['adult', 'call', 'flight call', 'male', 'song']",32.8279,-116.461,Haemorhous mexicanus,House Finch,Paul Marvin,Creative Commons Attribution-NonCommercial-ShareAlike 4.0,5.0,06:11,https://www.xeno-canto.org/571042,houfin/XC571042.ogg
houfin,[],"['adult', 'male', 'sex uncertain', 'song']",25.7324,-109.0271,Haemorhous mexicanus,House Finch,Manuel Grosselet,Creative Commons Attribution-NonCommercial-ShareAlike 4.0,4.5,07:00,https://www.xeno-canto.org/572043,houfin/XC572043.ogg
houfin,[],['song'],35.987,-87.145,Haemorhous mexicanus,House Finch,Brian Hendrix,Creative Commons Attribution-NonCommercial-ShareAlike 4.0,5.0,06:00,https://www.xeno-canto.org/572692,houfin/XC572692.ogg
houfin,[],"['adult', 'flight call', 'sex uncertain']",25.6268,-109.0428,Haemorhous mexicanus,House Finch,Manuel Grosselet,Creative Commons Attribution-NonCommercial-ShareAlike 4.0,5.0,09:00,https://www.xeno-canto.org/573017,houfin/XC573017.ogg
houfin,[],"['adult', 'flight call', 'male']",25.6268,-109.0428,Haemorhous mexicanus,House Finch,Manuel Grosselet,Creative Commons Attribution-NonCommercial-ShareAlike 4.0,4.0,07:00,https://www.xeno-canto.org/573018,houfin/XC573018.ogg
houfin,[],"['adult', 'flight call', 'sex uncertain']",25.6268,-109.0428,Haemorhous mexicanus,House Finch,Manuel Grosselet,Creative Commons Attribution-NonCommercial-ShareAlike 4.0,4.0,09:00,https://www.xeno-canto.org/573019,houfin/XC573019.ogg
houfin,[],"['call', 'flight call']",25.6036,-109.0521,Haemorhous mexicanus,House Finch,Isain Contreras Rodríguez,Creative Commons Attribution-NonCommercial-ShareAlike 4.0,4.0,07:00,https://www.xeno-canto.org/573131,houfin/XC573131.ogg
houfin,[],"['adult', 'call', 'male', 'song']",17.1733,-96.7706,Haemorhous mexicanus,House Finch,Manuel Grosselet,Creative Commons Attribution-NonCommercial-ShareAlike 4.0,4.5,07:30,https://www.xeno-canto.org/576356,houfin/XC576356.ogg
houfin,[],['song'],19.255,-99.0254,Haemorhous mexicanus,House Finch,Isain Contreras Rodríguez,Creative Commons Attribution-NonCommercial-ShareAlike 4.0,4.0,07:00,https://www.xeno-canto.org/577121,houfin/XC577121.ogg
houfin,[],['song'],43.5183,-79.8774,Haemorhous mexicanus,House Finch,henro001,Creative Commons Attribution-NonCommercial-ShareAlike 4.0,3.0,05:30,https://www.xeno-canto.org/577669,houfin/XC577669.ogg
houfin,[],"['adult', 'male', 'song']",17.067,-96.722,Haemorhous mexicanus,House Finch,Manuel Grosselet,Creative Commons Attribution-NonCommercial-ShareAlike 4.0,4.5,12:30,https://www.xeno-canto.org/579294,houfin/XC579294.ogg
houfin,['houspa'],"['adult', 'male', 'song']",17.067,-96.722,Haemorhous mexicanus,House Finch,Manuel Grosselet,Creative Commons Attribution-NonCommercial-ShareAlike 4.0,4.5,12:30,https://www.xeno-canto.org/579296,houfin/XC579296.ogg
houfin,[],"['adult', 'call', 'male', 'song']",31.3399,-109.5103,Haemorhous mexicanus,House Finch,Richard E. Webster,Creative Commons Attribution-NonCommercial-ShareAlike 4.0,4.5,07:01,https://www.xeno-canto.org/583810,houfin/XC583810.ogg
houfin,"['moudov', 'normoc']","['adult', 'call', 'male', 'song']",31.34,-109.273,Haemorhous mexicanus,House Finch,Richard E. Webster,Creative Commons Attribution-NonCommercial-ShareAlike 4.0,4.5,11:55,https://www.xeno-canto.org/583811,houfin/XC583811.ogg
houfin,"['gamqua', 'moudov']","['life stage uncertain', 'sex uncertain', 'song']",31.4775,-109.3988,Haemorhous mexicanus,House Finch,Richard E. Webster,Creative Commons Attribution-NonCommercial-ShareAlike 4.0,4.5,08:27,https://www.xeno-canto.org/583812,houfin/XC583812.ogg
houfin,[],['call'],35.8589,-84.0948,Haemorhous mexicanus,House Finch,Mike Nelson,Creative Commons Attribution-NonCommercial-ShareAlike 3.0,2.5,9:30am,https://www.xeno-canto.org/58462,houfin/XC58462.ogg
houfin,[],['flight call'],35.8589,-84.0948,Haemorhous mexicanus,House Finch,Mike Nelson,Creative Commons Attribution-NonCommercial-ShareAlike 3.0,2.5,9:30am,https://www.xeno-canto.org/58463,houfin/XC58463.ogg
houfin,[],"['adult', 'male', 'song']",45.5933,-122.6593,Haemorhous mexicanus,House Finch,Thomas Magarian,Creative Commons Attribution-NonCommercial-ShareAlike 4.0,5.0,13:35,https://www.xeno-canto.org/584860,houfin/XC584860.ogg
houfin,[],"['adult', 'male', 'song']",45.5933,-122.6593,Haemorhous mexicanus,House Finch,Thomas Magarian,Creative Commons Attribution-NonCommercial-ShareAlike 4.0,4.5,13:35,https://www.xeno-canto.org/584861,houfin/XC584861.ogg
houfin,[],"['adult', 'male', 'song']",19.6785,-99.1615,Haemorhous mexicanus,House Finch,Elizabeth Piña Vera,Creative Commons Attribution-NonCommercial-ShareAlike 4.0,4.0,11:30,https://www.xeno-canto.org/585267,houfin/XC585267.ogg
houfin,[],"['call', 'sex uncertain']",19.2743,-99.0566,Haemorhous mexicanus,House Finch,Isain Contreras Rodríguez,Creative Commons Attribution-NonCommercial-ShareAlike 4.0,4.0,07:30,https://www.xeno-canto.org/586467,houfin/XC586467.ogg
houfin,[],"['adult', 'male', 'song']",49.2357,-123.1825,Haemorhous mexicanus,House Finch,Peter Ward and Ken Hall,Creative Commons Attribution-NonCommercial-ShareAlike 4.0,5.0,07:00,https://www.xeno-canto.org/598466,houfin/XC598466.ogg
houfin,[],"['adult', 'male', 'song']",19.2743,-99.0566,Haemorhous mexicanus,House Finch,Isain Contreras Rodríguez,Creative Commons Attribution-NonCommercial-ShareAlike 4.0,5.0,07:30,https://www.xeno-canto.org/607833,houfin/XC607833.ogg
houfin,[],"['male', 'song']",19.255,-99.0254,Haemorhous mexicanus,House Finch,Isain Contreras Rodríguez,Creative Commons Attribution-NonCommercial-ShareAlike 4.0,4.0,07:30,https://www.xeno-canto.org/608503,houfin/XC608503.ogg
houfin,[],['call'],19.255,-99.0254,Haemorhous mexicanus,House Finch,Isain Contreras Rodríguez,Creative Commons Attribution-NonCommercial-ShareAlike 4.0,4.0,07:00,https://www.xeno-canto.org/609116,houfin/XC609116.ogg
houfin,[],['call'],17.179,-96.778,Haemorhous mexicanus,House Finch,Manuel Grosselet,Creative Commons Attribution-NonCommercial-ShareAlike 4.0,3.5,07:30,https://www.xeno-canto.org/612571,houfin/XC612571.ogg
houfin,[],['call'],17.179,-96.778,Haemorhous mexicanus,House Finch,Manuel Grosselet,Creative Commons Attribution-NonCommercial-ShareAlike 4.0,5.0,08:00,https://www.xeno-canto.org/612573,houfin/XC612573.ogg
houfin,[],['flight call'],17.179,-96.778,Haemorhous mexicanus,House Finch,Manuel Grosselet,Creative Commons Attribution-NonCommercial-ShareAlike 4.0,3.5,08:00,https://www.xeno-canto.org/612575,houfin/XC612575.ogg
houfin,[],['call'],19.255,-99.0254,Haemorhous mexicanus,House Finch,Isain Contreras Rodríguez,Creative Commons Attribution-NonCommercial-ShareAlike 4.0,4.0,07:00,https://www.xeno-canto.org/617984,houfin/XC617984.ogg
houfin,[],"['adult', 'male', 'song']",19.3163,-99.1939,Haemorhous mexicanus,House Finch,Isain Contreras Rodríguez,Creative Commons Attribution-NonCommercial-ShareAlike 4.0,4.0,07:00,https://www.xeno-canto.org/620763,houfin/XC620763.ogg
houfin,"['gamqua', 'moudov', 'normoc']","['adult', 'male', 'song']",32.7224,-109.1019,Haemorhous mexicanus,House Finch,Richard E. Webster,Creative Commons Attribution-NonCommercial-ShareAlike 4.0,3.5,07:42,https://www.xeno-canto.org/621697,houfin/XC621697.ogg
houfin,['gamqua'],"['adult', 'male', 'song']",31.9938,-112.8431,Haemorhous mexicanus,House Finch,Richard E. Webster,Creative Commons Attribution-NonCommercial-ShareAlike 4.0,3.5,08:01,https://www.xeno-canto.org/621698,houfin/XC621698.ogg
houfin,[],"['adult', 'male', 'song']",39.9936,-105.0897,Haemorhous mexicanus,House Finch,Ted Floyd,Creative Commons Attribution-NonCommercial-ShareAlike 4.0,5.0,09:58,https://www.xeno-canto.org/622745,houfin/XC622745.ogg
houfin,[],"['life stage uncertain', 'sex uncertain']",45.2823,-75.6858,Haemorhous mexicanus,House Finch,Matt Osborne,Creative Commons Attribution-NonCommercial-ShareAlike 4.0,2.0,7:18,https://www.xeno-canto.org/622942,houfin/XC622942.ogg
houfin,[],['uncertain'],35.987,-87.145,Haemorhous mexicanus,House Finch,Brian Hendrix,Creative Commons Attribution-NonCommercial-ShareAlike 4.0,5.0,06:30,https://www.xeno-canto.org/625844,houfin/XC625844.ogg
houfin,[],"['dawn song', 'life stage uncertain', 'sex uncertain', 'song']",45.2823,-75.6858,Haemorhous mexicanus,House Finch,Matt Osborne,Creative Commons Attribution-NonCommercial-ShareAlike 4.0,4.0,7:06,https://www.xeno-canto.org/626211,houfin/XC626211.ogg
houfin,[],"['adult', 'sex uncertain', 'song']",48.4208,-123.3998,Haemorhous mexicanus,House Finch,Barry Edmonston,Creative Commons Attribution-NonCommercial-ShareAlike 4.0,4.0,17:00,https://www.xeno-canto.org/628187,houfin/XC628187.ogg
houfin,[],['song'],17.067,-96.722,Haemorhous mexicanus,House Finch,Manuel Grosselet,Creative Commons Attribution-NonCommercial-ShareAlike 4.0,4.5,07:00,https://www.xeno-canto.org/634984,houfin/XC634984.ogg
houfin,[],"['adult', 'song']",43.6701,-79.4243,Haemorhous mexicanus,House Finch,Thomas Ryder Payne,Creative Commons Attribution-NonCommercial-ShareAlike 4.0,5.0,14:00,https://www.xeno-canto.org/636179,houfin/XC636179.ogg
houfin,['houspa'],"['adult', 'song']",43.6701,-79.4243,Haemorhous mexicanus,House Finch,Thomas Ryder Payne,Creative Commons Attribution-NonCommercial-ShareAlike 4.0,4.5,07:00,https://www.xeno-canto.org/636434,houfin/XC636434.ogg
houfin,['houspa'],['song'],17.1733,-96.7706,Haemorhous mexicanus,House Finch,Manuel Grosselet,Creative Commons Attribution-NonCommercial-ShareAlike 4.0,2.5,07:00,https://www.xeno-canto.org/637197,houfin/XC637197.ogg
houfin,[],['song'],17.1271,-96.8221,Haemorhous mexicanus,House Finch,Manuel Grosselet,Creative Commons Attribution-NonCommercial-ShareAlike 4.0,4.5,07:30,https://www.xeno-canto.org/638236,houfin/XC638236.ogg
houfin,[],"['adult', 'call', 'sex uncertain', 'song']",48.0998,-119.7115,Haemorhous mexicanus,House Finch,Bruce Lagerquist,Creative Commons Attribution-NonCommercial-ShareAlike 4.0,4.5,16:37,https://www.xeno-canto.org/638608,houfin/XC638608.ogg
houfin,[],"['adult', 'male', 'song']",33.6615,-114.5214,Haemorhous mexicanus,House Finch,Bobby Wilcox,Creative Commons Attribution-NonCommercial-ShareAlike 4.0,4.0,07:00,https://www.xeno-canto.org/639309,houfin/XC639309.ogg
houfin,[],"['male', 'song']",17.1819,-96.7671,Haemorhous mexicanus,House Finch,Manuel Grosselet,Creative Commons Attribution-NonCommercial-ShareAlike 4.0,4.5,07:00,https://www.xeno-canto.org/641549,houfin/XC641549.ogg
houfin,[],['song'],17.067,-96.722,Haemorhous mexicanus,House Finch,Manuel Grosselet,Creative Commons Attribution-NonCommercial-ShareAlike 4.0,5.0,06:30,https://www.xeno-canto.org/653352,houfin/XC653352.ogg
houfin,[],"['duet', 'male', 'song']",17.143,-96.7499,Haemorhous mexicanus,House Finch,Manuel Grosselet,Creative Commons Attribution-NonCommercial-ShareAlike 4.0,4.5,07:30,https://www.xeno-canto.org/654389,houfin/XC654389.ogg
houfin,['houspa'],['song'],17.0739,-96.7228,Haemorhous mexicanus,House Finch,Daniel Lane,Creative Commons Attribution-NonCommercial-ShareAlike 3.0,4.5,06:30,https://www.xeno-canto.org/65765,houfin/XC65765.ogg
houfin,[],"['adult', 'song']",17.135,-96.7836,Haemorhous mexicanus,House Finch,Manuel Grosselet,Creative Commons Attribution-NonCommercial-ShareAlike 4.0,5.0,08:30,https://www.xeno-canto.org/657975,houfin/XC657975.ogg
houfin,[],['call'],45.5575,-122.6912,Haemorhous mexicanus,House Finch,Thomas Magarian,Creative Commons Attribution-NonCommercial-ShareAlike 4.0,4.0,08:17,https://www.xeno-canto.org/658899,houfin/XC658899.ogg
houfin,[],['song'],45.5575,-122.6912,Haemorhous mexicanus,House Finch,Thomas Magarian,Creative Commons Attribution-NonCommercial-ShareAlike 4.0,5.0,08:18,https://www.xeno-canto.org/658900,houfin/XC658900.ogg
houfin,[],['call'],32.7765,-116.4505,Haemorhous mexicanus,House Finch,Paul Marvin,Creative Commons Attribution-NonCommercial-ShareAlike 4.0,3.5,08:55,https://www.xeno-canto.org/660552,houfin/XC660552.ogg
houfin,[],"['adult', 'call', 'male', 'song']",27.3015,-112.8875,Haemorhous mexicanus,House Finch,Richard E. Webster,Creative Commons Attribution-NonCommercial-ShareAlike 4.0,4.5,05:59,https://www.xeno-canto.org/660910,houfin/XC660910.ogg
houfin,['calqua'],"['adult', 'call', 'male']",29.6264,-114.6089,Haemorhous mexicanus,House Finch,Richard E. Webster,Creative Commons Attribution-NonCommercial-ShareAlike 4.0,4.5,06:01,https://www.xeno-canto.org/660911,houfin/XC660911.ogg
houfin,[],"['adult', 'call', 'male', 'song']",29.6683,-114.9188,Haemorhous mexicanus,House Finch,Richard E. Webster,Creative Commons Attribution-NonCommercial-ShareAlike 4.0,3.5,10:34,https://www.xeno-canto.org/660912,houfin/XC660912.ogg
houfin,[],"['adult', 'call', 'male', 'song']",31.1097,-115.6322,Haemorhous mexicanus,House Finch,Richard E. Webster,Creative Commons Attribution-NonCommercial-ShareAlike 4.0,4.5,16:35,https://www.xeno-canto.org/661725,houfin/XC661725.ogg
houfin,[],"['adult', 'male', 'song']",31.1097,-115.6322,Haemorhous mexicanus,House Finch,Richard E. Webster,Creative Commons Attribution-NonCommercial-ShareAlike 4.0,2.5,06:13,https://www.xeno-canto.org/661726,houfin/XC661726.ogg
houfin,[],"['call', 'song']",35.92,-83.993,Haemorhous mexicanus,House Finch,Mike Nelson,Creative Commons Attribution-NonCommercial-ShareAlike 3.0,5.0,10:15am,https://www.xeno-canto.org/70208,houfin/XC70208.ogg
houfin,[],"['call', 'song']",35.8589,-84.0948,Haemorhous mexicanus,House Finch,Mike Nelson,Creative Commons Attribution-NonCommercial-ShareAlike 3.0,4.0,8:45am,https://www.xeno-canto.org/70306,houfin/XC70306.ogg
houfin,[],['song'],35.8589,-84.0948,Haemorhous mexicanus,House Finch,Mike Nelson,Creative Commons Attribution-NonCommercial-ShareAlike 3.0,4.0,4:00pm,https://www.xeno-canto.org/70684,houfin/XC70684.ogg
houfin,[],['song'],35.8589,-84.0948,Haemorhous mexicanus,House Finch,Mike Nelson,Creative Commons Attribution-NonCommercial-ShareAlike 3.0,4.0,3:45pm,https://www.xeno-canto.org/70685,houfin/XC70685.ogg
houfin,[],['song'],43.0802,-96.1643,Haemorhous mexicanus,House Finch,Jonathon Jongsma,Creative Commons Attribution-ShareAlike 3.0,4.5,07:13,https://www.xeno-canto.org/99546,houfin/XC99546.ogg
houspa,[],['call'],54.1899,9.1168,Passer domesticus,House Sparrow,Volker Arnold,Creative Commons Attribution-NonCommercial-ShareAlike 3.0,3.5,15:32,https://www.xeno-canto.org/121738,houspa/XC121738.ogg
houspa,[],['call'],44.942,-93.259,Passer domesticus,House Sparrow,Jonathon Jongsma,Creative Commons Attribution-ShareAlike 3.0,5.0,06:47,https://www.xeno-canto.org/124181,houspa/XC124181.ogg
houspa,[],"['call', 'male', 'song']",-3.3523,29.3198,Passer domesticus,House Sparrow,Rory Nefdt,Creative Commons Attribution-NonCommercial-ShareAlike 3.0,3.5,07:30,https://www.xeno-canto.org/131300,houspa/XC131300.ogg
houspa,[],"['begging call', 'juvenile']",41.1987,-73.8832,Passer domesticus,House Sparrow,Daniel Parker,Creative Commons Attribution-NonCommercial-ShareAlike 3.0,1.5,17:00,https://www.xeno-canto.org/133262,houspa/XC133262.ogg
houspa,[],"['male', 'song']",41.6162,0.6192,Passer domesticus,House Sparrow,Jordi Calvet,Creative Commons Attribution-NonCommercial-ShareAlike 3.0,5.0,14:55,https://www.xeno-canto.org/139186,houspa/XC139186.ogg
houspa,[],"['call', 'female', 'male']",47.7705,9.6742,Passer domesticus,House Sparrow,Matthias Hemprich,Creative Commons Attribution-NonCommercial-ShareAlike 3.0,4.0,08:00,https://www.xeno-canto.org/139597,houspa/XC139597.ogg
houspa,[],['call'],54.5592,11.9695,Passer domesticus,House Sparrow,Louis A. Hansen,Creative Commons Attribution-NonCommercial-ShareAlike 3.0,3.5,08:17,https://www.xeno-canto.org/140824,houspa/XC140824.ogg
houspa,[],['call'],43.4385,4.5978,Passer domesticus,House Sparrow,PAULUS,Creative Commons Attribution-NonCommercial-ShareAlike 3.0,2.5,20:00,https://www.xeno-canto.org/141631,houspa/XC141631.ogg
houspa,[],"['male', 'song']",-15.355,-38.982,Passer domesticus,House Sparrow,Antonio Silveira,Creative Commons Attribution-NonCommercial-ShareAlike 3.0,4.0,08:00,https://www.xeno-canto.org/145321,houspa/XC145321.ogg
houspa,[],"['male', 'song', 'unusual song']",47.6448,9.5056,Passer domesticus,House Sparrow,Matthias Hemprich,Creative Commons Attribution-NonCommercial-ShareAlike 3.0,4.0,13:00,https://www.xeno-canto.org/145522,houspa/XC145522.ogg
houspa,[],"['calls', 'sleeping-place']",52.3175,13.7694,Passer domesticus,House Sparrow,Sonnenburg,Creative Commons Attribution-NonCommercial-ShareAlike 3.0,4.0,07:15,https://www.xeno-canto.org/150123,houspa/XC150123.ogg
houspa,[],"['flight call', 'male']",52.6646,23.5784,Passer domesticus,House Sparrow,Jarek Matusiak,Creative Commons Attribution-NonCommercial-ShareAlike 3.0,5.0,10:00,https://www.xeno-canto.org/151138,houspa/XC151138.ogg
houspa,[],"['flight call', 'male']",52.6646,23.5784,Passer domesticus,House Sparrow,Jarek Matusiak,Creative Commons Attribution-NonCommercial-ShareAlike 3.0,4.5,10:00,https://www.xeno-canto.org/151143,houspa/XC151143.ogg
houspa,[],"['alarm call', 'female']",51.3653,23.2283,Passer domesticus,House Sparrow,Jarek Matusiak,Creative Commons Attribution-NonCommercial-ShareAlike 3.0,4.5,10:00,https://www.xeno-canto.org/151160,houspa/XC151160.ogg
houspa,[],['call'],31.7833,35.2167,Passer domesticus,House Sparrow,Daniel Parker,Creative Commons Attribution-NonCommercial-ShareAlike 3.0,3.0,11:00,https://www.xeno-canto.org/155922,houspa/XC155922.ogg
houspa,['norcar'],['call'],41.1955,-73.8678,Passer domesticus,House Sparrow,Daniel Parker,Creative Commons Attribution-NonCommercial-ShareAlike 3.0,2.5,10:35,https://www.xeno-canto.org/163026,houspa/XC163026.ogg
houspa,[],['song'],36.2944,33.9409,Passer domesticus,House Sparrow,Tero Linjama,Creative Commons Attribution-NonCommercial-ShareAlike 3.0,4.0,05:30,https://www.xeno-canto.org/163294,houspa/XC163294.ogg
houspa,[],"['female', 'song']",60.7964,21.479,Passer domesticus,House Sparrow,Tero Linjama,Creative Commons Attribution-NonCommercial-ShareAlike 3.0,4.0,06:00,https://www.xeno-canto.org/163350,houspa/XC163350.ogg
houspa,[],['call'],48.4594,-123.3667,Passer domesticus,House Sparrow,Ian Cruickshank,Creative Commons Attribution-NonCommercial-ShareAlike 3.0,4.0,16:00,https://www.xeno-canto.org/163614,houspa/XC163614.ogg
houspa,[],['group display of multiple males pursuing female.'],48.4644,-123.3734,Passer domesticus,House Sparrow,Ian Cruickshank,Creative Commons Attribution-NonCommercial-ShareAlike 3.0,4.0,10:00,https://www.xeno-canto.org/163636,houspa/XC163636.ogg
houspa,[],"['call', 'female']",37.3804,-5.9501,Passer domesticus,House Sparrow,José Carlos Sires,Creative Commons Attribution-NonCommercial-ShareAlike 3.0,2.0,?,https://www.xeno-canto.org/165733,houspa/XC165733.ogg
houspa,[],"['male', 'song']",37.3804,-5.9501,Passer domesticus,House Sparrow,José Carlos Sires,Creative Commons Attribution-NonCommercial-ShareAlike 3.0,2.0,?,https://www.xeno-canto.org/165736,houspa/XC165736.ogg
houspa,[],['call'],37.3811,-5.947,Passer domesticus,House Sparrow,José Carlos Sires,Creative Commons Attribution-NonCommercial-ShareAlike 3.0,1.5,?,https://www.xeno-canto.org/165738,houspa/XC165738.ogg
houspa,[],['song'],56.1545,47.2399,Passer domesticus,House Sparrow,Albert Lastukhin,Creative Commons Attribution-NonCommercial-ShareAlike 3.0,3.0,12:30,https://www.xeno-canto.org/167433,houspa/XC167433.ogg
houspa,[],"['call', 'female', 'male']",37.3811,-5.947,Passer domesticus,House Sparrow,José Carlos Sires,Creative Commons Attribution-NonCommercial-ShareAlike 3.0,3.0,?,https://www.xeno-canto.org/167595,houspa/XC167595.ogg
houspa,[],"['call', 'female', 'male']",37.3811,-5.947,Passer domesticus,House Sparrow,José Carlos Sires,Creative Commons Attribution-NonCommercial-ShareAlike 3.0,3.0,?,https://www.xeno-canto.org/167636,houspa/XC167636.ogg
houspa,[],['song'],56.1545,47.2399,Passer domesticus,House Sparrow,Albert Lastukhin,Creative Commons Attribution-NonCommercial-ShareAlike 3.0,2.0,13:30,https://www.xeno-canto.org/167743,houspa/XC167743.ogg
houspa,[],['call'],37.3811,-5.947,Passer domesticus,House Sparrow,José Carlos Sires,Creative Commons Attribution-NonCommercial-ShareAlike 3.0,2.0,?,https://www.xeno-canto.org/167780,houspa/XC167780.ogg
houspa,[],"['call', 'male', 'song']",37.3811,-5.947,Passer domesticus,House Sparrow,José Carlos Sires,Creative Commons Attribution-NonCommercial-ShareAlike 3.0,2.0,?,https://www.xeno-canto.org/167781,houspa/XC167781.ogg
houspa,[],"['call', 'female', 'male']",37.3811,-5.947,Passer domesticus,House Sparrow,José Carlos Sires,Creative Commons Attribution-NonCommercial-ShareAlike 3.0,3.0,?,https://www.xeno-canto.org/168472,houspa/XC168472.ogg
houspa,[],"['call', 'female', 'male']",37.3811,-5.947,Passer domesticus,House Sparrow,José Carlos Sires,Creative Commons Attribution-NonCommercial-ShareAlike 3.0,3.0,?,https://www.xeno-canto.org/168474,houspa/XC168474.ogg
houspa,[],"['call', 'female', 'male']",37.3811,-5.947,Passer domesticus,House Sparrow,José Carlos Sires,Creative Commons Attribution-NonCommercial-ShareAlike 3.0,4.0,?,https://www.xeno-canto.org/168478,houspa/XC168478.ogg
houspa,[],"['call', 'female', 'male']",37.3811,-5.947,Passer domesticus,House Sparrow,José Carlos Sires,Creative Commons Attribution-NonCommercial-ShareAlike 3.0,4.0,?,https://www.xeno-canto.org/168480,houspa/XC168480.ogg
houspa,[],"['call', 'female', 'male']",37.3811,-5.947,Passer domesticus,House Sparrow,José Carlos Sires,Creative Commons Attribution-NonCommercial-ShareAlike 3.0,3.0,?,https://www.xeno-canto.org/168481,houspa/XC168481.ogg
houspa,[],"['call', 'roosting call']",17.1766,-96.7702,Passer domesticus,House Sparrow,Manuel Grosselet,Creative Commons Attribution-NonCommercial-ShareAlike 3.0,5.0,06:30,https://www.xeno-canto.org/168578,houspa/XC168578.ogg
houspa,[],"['male', 'song']",51.693,-0.159,Passer domesticus,House Sparrow,Paul Driver,Creative Commons Attribution-NonCommercial-ShareAlike 3.0,4.0,07:15,https://www.xeno-canto.org/168649,houspa/XC168649.ogg
houspa,[],"['call', 'female', 'male']",56.1545,47.2399,Passer domesticus,House Sparrow,Albert Lastukhin,Creative Commons Attribution-NonCommercial-ShareAlike 3.0,3.0,10:30,https://www.xeno-canto.org/169127,houspa/XC169127.ogg
houspa,[],['call'],45.4048,-73.9535,Passer domesticus,House Sparrow,Patrick Turgeon,Creative Commons Attribution-NonCommercial-ShareAlike 3.0,2.0,15:17,https://www.xeno-canto.org/169197,houspa/XC169197.ogg
houspa,[],"['call', 'female', 'male', 'song']",37.3811,-5.947,Passer domesticus,House Sparrow,José Carlos Sires,Creative Commons Attribution-NonCommercial-ShareAlike 3.0,3.0,?,https://www.xeno-canto.org/169354,houspa/XC169354.ogg
houspa,[],"['call', 'song']",68.4377,24.0081,Passer domesticus,House Sparrow,Stein Ø. Nilsen,Creative Commons Attribution-NonCommercial-ShareAlike 3.0,4.0,06:00,https://www.xeno-canto.org/171041,houspa/XC171041.ogg
houspa,[],['call'],46.9509,7.4339,Passer domesticus,House Sparrow,Jerome Fischer,Creative Commons Attribution-NonCommercial-ShareAlike 4.0,5.0,08:00,https://www.xeno-canto.org/173497,houspa/XC173497.ogg
houspa,[],['call'],46.9509,7.4339,Passer domesticus,House Sparrow,Jerome Fischer,Creative Commons Attribution-NonCommercial-ShareAlike 4.0,5.0,08:00,https://www.xeno-canto.org/173498,houspa/XC173498.ogg
houspa,[],"['call', 'female', 'male', 'song']",37.3811,-5.947,Passer domesticus,House Sparrow,José Carlos Sires,Creative Commons Attribution-NonCommercial-ShareAlike 4.0,3.0,?,https://www.xeno-canto.org/175614,houspa/XC175614.ogg
houspa,[],"['call', 'female', 'male', 'song']",37.3811,-5.947,Passer domesticus,House Sparrow,José Carlos Sires,Creative Commons Attribution-NonCommercial-ShareAlike 4.0,2.0,?,https://www.xeno-canto.org/175620,houspa/XC175620.ogg
houspa,[],"['call', 'female', 'male', 'song']",37.3811,-5.947,Passer domesticus,House Sparrow,José Carlos Sires,Creative Commons Attribution-NonCommercial-ShareAlike 4.0,2.0,?,https://www.xeno-canto.org/175623,houspa/XC175623.ogg
houspa,[],"['call', 'song']",37.3811,-5.947,Passer domesticus,House Sparrow,José Carlos Sires,Creative Commons Attribution-NonCommercial-ShareAlike 4.0,3.0,?,https://www.xeno-canto.org/175656,houspa/XC175656.ogg
houspa,[],['call'],45.4176,16.6315,Passer domesticus,House Sparrow,Franck HIDVEGI,Creative Commons Attribution-NonCommercial-ShareAlike 4.0,4.0,07:30,https://www.xeno-canto.org/176243,houspa/XC176243.ogg
houspa,[],"['call', 'female', 'male']",37.4868,-5.9435,Passer domesticus,House Sparrow,José Carlos Sires,Creative Commons Attribution-NonCommercial-ShareAlike 4.0,3.0,?,https://www.xeno-canto.org/178373,houspa/XC178373.ogg
houspa,[],"['call', 'male']",37.4868,-5.9435,Passer domesticus,House Sparrow,José Carlos Sires,Creative Commons Attribution-NonCommercial-ShareAlike 4.0,3.0,?,https://www.xeno-canto.org/178380,houspa/XC178380.ogg
houspa,[],"['call', 'female']",37.4868,-5.9435,Passer domesticus,House Sparrow,José Carlos Sires,Creative Commons Attribution-NonCommercial-ShareAlike 4.0,4.0,?,https://www.xeno-canto.org/178387,houspa/XC178387.ogg
houspa,[],"['call', 'male']",37.4868,-5.9435,Passer domesticus,House Sparrow,José Carlos Sires,Creative Commons Attribution-NonCommercial-ShareAlike 4.0,2.5,?,https://www.xeno-canto.org/178389,houspa/XC178389.ogg
houspa,[],"['call', 'male']",37.1242,-6.4966,Passer domesticus,House Sparrow,José Carlos Sires,Creative Commons Attribution-NonCommercial-ShareAlike 4.0,3.0,?,https://www.xeno-canto.org/178488,houspa/XC178488.ogg
houspa,[],['call'],37.3811,-5.947,Passer domesticus,House Sparrow,José Carlos Sires,Creative Commons Attribution-NonCommercial-ShareAlike 4.0,3.0,?,https://www.xeno-canto.org/179165,houspa/XC179165.ogg
houspa,[],"['begging call', 'call', 'female', 'juvenile', 'male']",37.3811,-5.947,Passer domesticus,House Sparrow,José Carlos Sires,Creative Commons Attribution-NonCommercial-ShareAlike 4.0,3.0,?,https://www.xeno-canto.org/179339,houspa/XC179339.ogg
houspa,[],"['begging call', 'call', 'female', 'juvenile', 'male']",37.3811,-5.947,Passer domesticus,House Sparrow,José Carlos Sires,Creative Commons Attribution-NonCommercial-ShareAlike 4.0,3.0,?,https://www.xeno-canto.org/179341,houspa/XC179341.ogg
houspa,"['houfin', 'norcar']",['song'],40.043,-76.345,Passer domesticus,House Sparrow,Dan Lane,Creative Commons Attribution-NonCommercial-ShareAlike 4.0,3.5,10:00,https://www.xeno-canto.org/180085,houspa/XC180085.ogg
houspa,[],"['call', 'female']",47.1118,61.333,Passer domesticus,House Sparrow,Albert Lastukhin,Creative Commons Attribution-NonCommercial-ShareAlike 4.0,4.0,07:30,https://www.xeno-canto.org/182702,houspa/XC182702.ogg
houspa,[],"['call', 'female']",47.1118,61.333,Passer domesticus,House Sparrow,Albert Lastukhin,Creative Commons Attribution-NonCommercial-ShareAlike 4.0,3.5,07:30,https://www.xeno-canto.org/182704,houspa/XC182704.ogg
houspa,[],"['call', 'male']",40.1175,-75.0627,Passer domesticus,House Sparrow,Paul Driver,Creative Commons Attribution-NonCommercial-ShareAlike 4.0,5.0,07:00,https://www.xeno-canto.org/184642,houspa/XC184642.ogg
houspa,[],['call'],39.2962,63.7592,Passer domesticus,House Sparrow,Albert Lastukhin,Creative Commons Attribution-NonCommercial-ShareAlike 4.0,4.0,13:00,https://www.xeno-canto.org/185030,houspa/XC185030.ogg
houspa,[],['call'],40.2668,67.7498,Passer domesticus,House Sparrow,Albert Lastukhin,Creative Commons Attribution-NonCommercial-ShareAlike 4.0,3.0,06:00,https://www.xeno-canto.org/185321,houspa/XC185321.ogg
houspa,[],"['call', 'noise of nesting colony']",40.2668,67.7498,Passer domesticus,House Sparrow,Albert Lastukhin,Creative Commons Attribution-NonCommercial-ShareAlike 4.0,3.5,08:00,https://www.xeno-canto.org/185404,houspa/XC185404.ogg
houspa,[],"['call', 'male', 'noise of nesting colony', 'song']",40.2668,67.7498,Passer domesticus,House Sparrow,Albert Lastukhin,Creative Commons Attribution-NonCommercial-ShareAlike 4.0,4.0,04:30,https://www.xeno-canto.org/185406,houspa/XC185406.ogg
houspa,[],['call'],41.3962,68.9969,Passer domesticus,House Sparrow,Albert Lastukhin,Creative Commons Attribution-NonCommercial-ShareAlike 4.0,3.5,05:00,https://www.xeno-canto.org/186305,houspa/XC186305.ogg
houspa,[],"['call', 'song']",36.5536,30.5596,Passer domesticus,House Sparrow,Lars Lachmann,Creative Commons Attribution-NonCommercial-ShareAlike 4.0,4.0,05:23,https://www.xeno-canto.org/187964,houspa/XC187964.ogg
houspa,[],"['call', 'song']",-1.5312,-80.7406,Passer domesticus,House Sparrow,Leonardo Ordóñez-Delgado,Creative Commons Attribution-NonCommercial-ShareAlike 4.0,3.0,14:30,https://www.xeno-canto.org/190201,houspa/XC190201.ogg
houspa,['normoc'],"['call', 'male']",28.3974,-80.7655,Passer domesticus,House Sparrow,Paul Marvin,Creative Commons Attribution-NonCommercial-ShareAlike 4.0,3.5,07:24,https://www.xeno-canto.org/192304,houspa/XC192304.ogg
houspa,[],"['Near-nest call', 'call', 'male']",56.1213,9.7498,Passer domesticus,House Sparrow,Jens Kirkeby,Creative Commons Attribution-NonCommercial-ShareAlike 4.0,4.0,17:00,https://www.xeno-canto.org/194222,houspa/XC194222.ogg
houspa,[],['song'],27.3285,76.4332,Passer domesticus,House Sparrow,Rory Nefdt,Creative Commons Attribution-NonCommercial-ShareAlike 4.0,4.0,12:30,https://www.xeno-canto.org/197826,houspa/XC197826.ogg
houspa,[],"['begging call', 'juvenile']",37.2872,-6.0529,Passer domesticus,House Sparrow,José Carlos Sires,Creative Commons Attribution-NonCommercial-ShareAlike 4.0,3.0,?,https://www.xeno-canto.org/197833,houspa/XC197833.ogg
houspa,[],['call'],37.2839,-5.9222,Passer domesticus,House Sparrow,José Carlos Sires,Creative Commons Attribution-NonCommercial-ShareAlike 4.0,3.0,?,https://www.xeno-canto.org/198213,houspa/XC198213.ogg
houspa,[],['call'],-39.4053,175.4158,Passer domesticus,House Sparrow,Dan Lane,Creative Commons Attribution-NonCommercial-ShareAlike 4.0,3.5,06:00,https://www.xeno-canto.org/206484,houspa/XC206484.ogg
houspa,[],['call'],-22.6997,-47.6297,Passer domesticus,House Sparrow,Fernando Igor de Godoy,Creative Commons Attribution-NonCommercial-ShareAlike 4.0,3.0,06:00,https://www.xeno-canto.org/211673,houspa/XC211673.ogg
houspa,[],['song'],19.8334,-70.7599,Passer domesticus,House Sparrow,Albert Lastukhin & Max Lastukhin,Creative Commons Attribution-NonCommercial-ShareAlike 4.0,1.5,09:00,https://www.xeno-canto.org/213190,houspa/XC213190.ogg
houspa,[],['song'],44.6611,24.2606,Passer domesticus,House Sparrow,Tora BENZEYEN,Creative Commons Attribution-NonCommercial-ShareAlike 4.0,4.0,17:00,https://www.xeno-canto.org/217419,houspa/XC217419.ogg
houspa,[],"['call', 'song']",48.367,10.9056,Passer domesticus,House Sparrow,johannes buhl,Creative Commons Attribution-NonCommercial-ShareAlike 4.0,2.5,12:00,https://www.xeno-canto.org/233317,houspa/XC233317.ogg
houspa,[],"['call', 'song']",40.8881,-73.5851,Passer domesticus,House Sparrow,Albert Lastukhin,Creative Commons Attribution-NonCommercial-ShareAlike 4.0,2.5,09:00,https://www.xeno-canto.org/233933,houspa/XC233933.ogg
houspa,[],"['call', 'song']",40.8881,-73.5851,Passer domesticus,House Sparrow,Albert Lastukhin & Max lastukhin,Creative Commons Attribution-NonCommercial-ShareAlike 4.0,4.0,09:00,https://www.xeno-canto.org/233934,houspa/XC233934.ogg
houspa,[],['call'],40.8881,-73.5851,Passer domesticus,House Sparrow,Albert Lastukhin & Max lastukhin,Creative Commons Attribution-NonCommercial-ShareAlike 4.0,4.0,09:00,https://www.xeno-canto.org/233935,houspa/XC233935.ogg
houspa,['normoc'],['call'],41.1987,-73.8832,Passer domesticus,House Sparrow,Daniel Parker,Creative Commons Attribution-NonCommercial-ShareAlike 4.0,2.5,11:00,https://www.xeno-canto.org/234318,houspa/XC234318.ogg
houspa,[],"['call', 'song']",48.367,10.9056,Passer domesticus,House Sparrow,johannes buhl,Creative Commons Attribution-NonCommercial-ShareAlike 4.0,2.0,?,https://www.xeno-canto.org/234402,houspa/XC234402.ogg
houspa,[],['call'],48.367,10.9056,Passer domesticus,House Sparrow,johannes buhl,Creative Commons Attribution-NonCommercial-ShareAlike 4.0,2.0,?,https://www.xeno-canto.org/234404,houspa/XC234404.ogg
houspa,[],"['call', 'song']",43.2969,5.5757,Passer domesticus,House Sparrow,Yoann BLANCHON,Creative Commons Attribution-NonCommercial-ShareAlike 4.0,3.5,11:30,https://www.xeno-canto.org/234557,houspa/XC234557.ogg
houspa,[],"['call', 'song']",63.7374,11.3406,Passer domesticus,House Sparrow,Terje Kolaas,Creative Commons Attribution-NonCommercial-ShareAlike 4.0,5.0,07:00,https://www.xeno-canto.org/236834,houspa/XC236834.ogg
houspa,[],['call'],43.2798,5.3036,Passer domesticus,House Sparrow,Cedric MROCZKO,Creative Commons Attribution-NonCommercial-ShareAlike 4.0,5.0,08:30,https://www.xeno-canto.org/237289,houspa/XC237289.ogg
houspa,[],['call'],43.2798,5.3036,Passer domesticus,House Sparrow,Cedric MROCZKO,Creative Commons Attribution-NonCommercial-ShareAlike 4.0,5.0,08:30,https://www.xeno-canto.org/237290,houspa/XC237290.ogg
houspa,[],['call'],43.2798,5.3036,Passer domesticus,House Sparrow,Cedric MROCZKO,Creative Commons Attribution-NonCommercial-ShareAlike 4.0,3.5,08:30,https://www.xeno-canto.org/237291,houspa/XC237291.ogg
houspa,[],"['call', 'song']",59.5355,16.4772,Passer domesticus,House Sparrow,Mikael Litsgård,Creative Commons Attribution-NonCommercial-ShareAlike 4.0,5.0,07:02,https://www.xeno-canto.org/239375,houspa/XC239375.ogg
houspa,[],"['male', 'song']",63.7495,11.2927,Passer domesticus,House Sparrow,Terje Kolaas,Creative Commons Attribution-NonCommercial-ShareAlike 4.0,5.0,06:00,https://www.xeno-canto.org/240215,houspa/XC240215.ogg
houspa,[],['call'],37.3811,-5.947,Passer domesticus,House Sparrow,José Carlos Sires,Creative Commons Attribution-NonCommercial-ShareAlike 4.0,4.0,?,https://www.xeno-canto.org/240783,houspa/XC240783.ogg
houspa,[],['call'],37.3683,-6.0237,Passer domesticus,House Sparrow,José Carlos Sires,Creative Commons Attribution-NonCommercial-ShareAlike 4.0,3.0,?,https://www.xeno-canto.org/246866,houspa/XC246866.ogg
houspa,[],['call'],19.4691,-99.2026,Passer domesticus,House Sparrow,Manuel Grosselet,Creative Commons Attribution-NonCommercial-ShareAlike 4.0,4.0,16:00,https://www.xeno-canto.org/252316,houspa/XC252316.ogg
houspa,[],['song'],19.2822,-99.5447,Passer domesticus,House Sparrow,Manuel Grosselet,Creative Commons Attribution-NonCommercial-ShareAlike 4.0,4.5,07:00,https://www.xeno-canto.org/253313,houspa/XC253313.ogg
houspa,[],['female'],37.2711,-6.0608,Passer domesticus,House Sparrow,Carlos W.,Creative Commons Attribution-NonCommercial-ShareAlike 4.0,4.0,13:30,https://www.xeno-canto.org/254277,houspa/XC254277.ogg
houspa,['houspa'],['song'],37.7437,-25.6758,Passer domesticus,House Sparrow,Cedric Mroczko,Creative Commons Attribution-NonCommercial-ShareAlike 4.0,2.5,12:00,https://www.xeno-canto.org/255796,houspa/XC255796.ogg
houspa,[],"['alarm call', 'begging call', 'call', 'female', 'juvenile']",37.7606,-25.2342,Passer domesticus,House Sparrow,Cedric Mroczko,Creative Commons Attribution-NonCommercial-ShareAlike 4.0,4.0,07:00,https://www.xeno-canto.org/255969,houspa/XC255969.ogg
houspa,[],"['alarm call', 'call']",37.7634,-25.2315,Passer domesticus,House Sparrow,Cedric Mroczko,Creative Commons Attribution-NonCommercial-ShareAlike 4.0,3.0,07:30,https://www.xeno-canto.org/255984,houspa/XC255984.ogg
houspa,[],"['call', 'male']",55.6834,12.5501,Passer domesticus,House Sparrow,Niels Krabbe,Creative Commons Attribution-NonCommercial-ShareAlike 3.0,4.0,xx:xx,https://www.xeno-canto.org/25678,houspa/XC25678.ogg
houspa,[],"['call', 'song']",48.367,10.9056,Passer domesticus,House Sparrow,johannes buhl,Creative Commons Attribution-NonCommercial-ShareAlike 4.0,2.5,?,https://www.xeno-canto.org/256927,houspa/XC256927.ogg
houspa,[],"['call', 'song']",48.367,10.9056,Passer domesticus,House Sparrow,johannes buhl,Creative Commons Attribution-NonCommercial-ShareAlike 4.0,3.0,?,https://www.xeno-canto.org/256935,houspa/XC256935.ogg
houspa,[],['call'],48.367,10.9056,Passer domesticus,House Sparrow,johannes buhl,Creative Commons Attribution-NonCommercial-ShareAlike 4.0,2.5,?,https://www.xeno-canto.org/256936,houspa/XC256936.ogg
houspa,[],['call'],37.3811,-5.947,Passer domesticus,House Sparrow,José Carlos Sires,Creative Commons Attribution-NonCommercial-ShareAlike 4.0,3.0,?,https://www.xeno-canto.org/256956,houspa/XC256956.ogg
houspa,[],['call'],37.3811,-5.947,Passer domesticus,House Sparrow,José Carlos Sires,Creative Commons Attribution-NonCommercial-ShareAlike 4.0,3.0,?,https://www.xeno-canto.org/256959,houspa/XC256959.ogg
houspa,[],['call'],37.3811,-5.947,Passer domesticus,House Sparrow,José Carlos Sires,Creative Commons Attribution-NonCommercial-ShareAlike 4.0,3.0,?,https://www.xeno-canto.org/256960,houspa/XC256960.ogg
houspa,[],['call'],37.3811,-5.947,Passer domesticus,House Sparrow,José Carlos Sires,Creative Commons Attribution-NonCommercial-ShareAlike 4.0,3.0,?,https://www.xeno-canto.org/256962,houspa/XC256962.ogg
houspa,[],"['songs', 'calls']",-4.0,-79.217,Passer domesticus,House Sparrow,John V. Moore,Creative Commons Attribution-NonCommercial-ShareAlike 4.0,4.0,?,https://www.xeno-canto.org/260079,houspa/XC260079.ogg
houspa,[],['songs'],0.083,-80.05,Passer domesticus,House Sparrow,John V. Moore,Creative Commons Attribution-NonCommercial-ShareAlike 4.0,4.0,?,https://www.xeno-canto.org/260080,houspa/XC260080.ogg
houspa,[],"['?', 'song']",48.367,10.9056,Passer domesticus,House Sparrow,johannes buhl,Creative Commons Attribution-NonCommercial-ShareAlike 4.0,3.0,?,https://www.xeno-canto.org/260100,houspa/XC260100.ogg
houspa,[],['call'],37.3533,-5.8855,Passer domesticus,House Sparrow,José Carlos Sires,Creative Commons Attribution-NonCommercial-ShareAlike 4.0,2.0,?,https://www.xeno-canto.org/260287,houspa/XC260287.ogg
houspa,[],"['call', 'male']",60.1236,24.4772,Passer domesticus,House Sparrow,Eetu Paljakka,Creative Commons Attribution-NonCommercial-ShareAlike 4.0,3.5,12:46,https://www.xeno-canto.org/260300,houspa/XC260300.ogg
houspa,[],['call'],37.4176,-5.9972,Passer domesticus,House Sparrow,José Carlos Sires,Creative Commons Attribution-NonCommercial-ShareAlike 4.0,3.0,?,https://www.xeno-canto.org/263857,houspa/XC263857.ogg
houspa,[],['call'],37.4176,-5.9972,Passer domesticus,House Sparrow,José Carlos Sires,Creative Commons Attribution-NonCommercial-ShareAlike 4.0,3.0,?,https://www.xeno-canto.org/263859,houspa/XC263859.ogg
houspa,[],['call'],14.7401,-17.5121,Passer domesticus,House Sparrow,Bram Piot,Creative Commons Attribution-NonCommercial-ShareAlike 4.0,3.5,07:30,https://www.xeno-canto.org/264023,houspa/XC264023.ogg
houspa,[],['call'],38.0266,-84.3217,Passer domesticus,House Sparrow,Antonio Xeira,Creative Commons Attribution-NonCommercial-ShareAlike 4.0,4.0,07:30,https://www.xeno-canto.org/264024,houspa/XC264024.ogg
houspa,[],['call'],38.0266,-84.3217,Passer domesticus,House Sparrow,Antonio Xeira,Creative Commons Attribution-NonCommercial-ShareAlike 4.0,2.5,07:30,https://www.xeno-canto.org/264025,houspa/XC264025.ogg
houspa,[],['call'],37.3855,-5.9876,Passer domesticus,House Sparrow,José Carlos Sires,Creative Commons Attribution-NonCommercial-ShareAlike 4.0,3.5,?,https://www.xeno-canto.org/266935,houspa/XC266935.ogg
houspa,[],['call'],37.4128,-5.916,Passer domesticus,House Sparrow,José Carlos Sires,Creative Commons Attribution-NonCommercial-ShareAlike 4.0,4.0,?,https://www.xeno-canto.org/268690,houspa/XC268690.ogg
houspa,[],"['call', 'male']",37.3576,-5.9336,Passer domesticus,House Sparrow,José Carlos Sires,Creative Commons Attribution-NonCommercial-ShareAlike 4.0,4.0,?,https://www.xeno-canto.org/269613,houspa/XC269613.ogg
houspa,[],['call'],37.074,-6.3779,Passer domesticus,House Sparrow,José Carlos Sires,Creative Commons Attribution-NonCommercial-ShareAlike 4.0,3.0,?,https://www.xeno-canto.org/271732,houspa/XC271732.ogg
houspa,[],['call'],37.074,-6.3779,Passer domesticus,House Sparrow,José Carlos Sires,Creative Commons Attribution-NonCommercial-ShareAlike 4.0,4.0,?,https://www.xeno-canto.org/271733,houspa/XC271733.ogg
houspa,[],['call'],37.074,-6.3779,Passer domesticus,House Sparrow,José Carlos Sires,Creative Commons Attribution-NonCommercial-ShareAlike 4.0,4.0,?,https://www.xeno-canto.org/271735,houspa/XC271735.ogg
houspa,[],"['call', 'flight call', 'song']",40.8702,-124.1157,Passer domesticus,House Sparrow,Elias Aristides Elias,Creative Commons Attribution-NonCommercial-ShareAlike 4.0,4.0,06:36,https://www.xeno-canto.org/276984,houspa/XC276984.ogg
houspa,[],['alarm call'],37.7151,-6.2141,Passer domesticus,House Sparrow,José Carlos Sires,Creative Commons Attribution-NonCommercial-ShareAlike 4.0,3.0,?,https://www.xeno-canto.org/278425,houspa/XC278425.ogg
houspa,[],['call'],60.1236,24.4772,Passer domesticus,House Sparrow,Eetu Paljakka,Creative Commons Attribution-NonCommercial-ShareAlike 4.0,3.5,06:59,https://www.xeno-canto.org/279163,houspa/XC279163.ogg
houspa,[],['call'],37.2907,-4.8794,Passer domesticus,House Sparrow,José Carlos Sires,Creative Commons Attribution-NonCommercial-ShareAlike 4.0,3.0,?,https://www.xeno-canto.org/279680,houspa/XC279680.ogg
houspa,[],['call'],40.6237,-104.9498,Passer domesticus,House Sparrow,Nick Komar,Creative Commons Attribution-NonCommercial-ShareAlike 4.0,4.0,09:50,https://www.xeno-canto.org/279718,houspa/XC279718.ogg
houspa,[],"['call', 'group play']",9.5492,78.5944,Passer domesticus,House Sparrow,Vijay Nivash,Creative Commons Attribution-NonCommercial-ShareAlike 4.0,3.0,07:00,https://www.xeno-canto.org/281889,houspa/XC281889.ogg
houspa,[],"['call', 'song']",40.8643,-73.6537,Passer domesticus,House Sparrow,Albert Lastukhin & Max Lastukhin,Creative Commons Attribution-NonCommercial-ShareAlike 4.0,4.0,13:00,https://www.xeno-canto.org/282277,houspa/XC282277.ogg
houspa,[],['call'],40.8643,-73.6537,Passer domesticus,House Sparrow,Albert Lastukhin & Max Lastukhin,Creative Commons Attribution-NonCommercial-ShareAlike 4.0,4.0,18:00,https://www.xeno-canto.org/282280,houspa/XC282280.ogg
houspa,[],"['call', 'male']",37.3811,-5.947,Passer domesticus,House Sparrow,José Carlos Sires,Creative Commons Attribution-NonCommercial-ShareAlike 4.0,3.0,?,https://www.xeno-canto.org/282807,houspa/XC282807.ogg
houspa,[],"['call', 'male']",37.3811,-5.947,Passer domesticus,House Sparrow,José Carlos Sires,Creative Commons Attribution-NonCommercial-ShareAlike 4.0,3.0,?,https://www.xeno-canto.org/282808,houspa/XC282808.ogg
houspa,[],"['call', 'female', 'juvenile', 'male']",37.2072,-6.1784,Passer domesticus,House Sparrow,José Carlos Sires,Creative Commons Attribution-NonCommercial-ShareAlike 4.0,4.0,?,https://www.xeno-canto.org/283864,houspa/XC283864.ogg
houspa,[],['song'],48.367,10.9056,Passer domesticus,House Sparrow,johannes buhl,Creative Commons Attribution-NonCommercial-ShareAlike 4.0,3.0,?,https://www.xeno-canto.org/285097,houspa/XC285097.ogg
houspa,[],['song'],48.367,10.9056,Passer domesticus,House Sparrow,johannes buhl,Creative Commons Attribution-NonCommercial-ShareAlike 4.0,3.0,?,https://www.xeno-canto.org/285101,houspa/XC285101.ogg
houspa,[],['song'],48.367,10.9056,Passer domesticus,House Sparrow,johannes buhl,Creative Commons Attribution-NonCommercial-ShareAlike 4.0,3.0,?,https://www.xeno-canto.org/285105,houspa/XC285105.ogg
houspa,[],"['alarm call', 'call']",51.94,5.9038,Passer domesticus,House Sparrow,Joost van Bruggen,Creative Commons Attribution-NonCommercial-ShareAlike 4.0,4.0,06:30,https://www.xeno-canto.org/292029,houspa/XC292029.ogg
houspa,[],"['call', 'song']",51.94,5.9038,Passer domesticus,House Sparrow,Joost van Bruggen,Creative Commons Attribution-NonCommercial-ShareAlike 4.0,4.0,06:30,https://www.xeno-canto.org/292030,houspa/XC292030.ogg
houspa,[],"['call', 'male']",37.3576,-5.9336,Passer domesticus,House Sparrow,"universidad pablo olavide, sevilla, andalucía",Creative Commons Attribution-NonCommercial-ShareAlike 4.0,3.0,?,https://www.xeno-canto.org/293415,houspa/XC293415.ogg
houspa,[],['call'],37.3006,-6.3783,Passer domesticus,House Sparrow,José Carlos Sires,Creative Commons Attribution-NonCommercial-ShareAlike 4.0,2.0,?,https://www.xeno-canto.org/295541,houspa/XC295541.ogg
houspa,[],['call'],46.5214,14.8524,Passer domesticus,House Sparrow,Dare Šere,Creative Commons Attribution-NonCommercial-ShareAlike 4.0,4.0,12:30,https://www.xeno-canto.org/302911,houspa/XC302911.ogg
houspa,[],"['alarm call', 'call', 'female', 'flight call', 'male', 'song']",39.7392,-104.9903,Passer domesticus,House Sparrow,Ted Floyd,Creative Commons Attribution-NonCommercial-ShareAlike 4.0,5.0,14:36,https://www.xeno-canto.org/303718,houspa/XC303718.ogg
houspa,[],['alarm call'],37.3576,-5.9336,Passer domesticus,House Sparrow,José Carlos Sires,Creative Commons Attribution-NonCommercial-ShareAlike 4.0,3.0,?,https://www.xeno-canto.org/306063,houspa/XC306063.ogg
houspa,[],['call'],13.9328,-89.0251,Passer domesticus,House Sparrow,Guillermo Funes,Creative Commons Attribution-NonCommercial-ShareAlike 4.0,4.0,12:00,https://www.xeno-canto.org/306629,houspa/XC306629.ogg
houspa,[],['song'],42.7372,-83.2314,Passer domesticus,House Sparrow,Antonio Xeira,Creative Commons Attribution-NonCommercial-ShareAlike 4.0,3.0,12:30,https://www.xeno-canto.org/315289,houspa/XC315289.ogg
houspa,[],"['call', 'male']",49.634,26.2213,Passer domesticus,House Sparrow,Ruslan Mazuryk,Creative Commons Attribution-NonCommercial-ShareAlike 4.0,2.0,12:47,https://www.xeno-canto.org/315539,houspa/XC315539.ogg
houspa,[],['song'],49.634,26.2213,Passer domesticus,House Sparrow,Ruslan Mazuryk,Creative Commons Attribution-NonCommercial-ShareAlike 4.0,1.5,17:56,https://www.xeno-canto.org/315991,houspa/XC315991.ogg
houspa,[],"['male', 'song']",51.94,5.9037,Passer domesticus,House Sparrow,Joost van Bruggen,Creative Commons Attribution-NonCommercial-ShareAlike 4.0,4.0,07:49,https://www.xeno-canto.org/316244,houspa/XC316244.ogg
houspa,[],['call'],39.1742,-75.5424,Passer domesticus,House Sparrow,Jerald R,Creative Commons Attribution-NonCommercial-ShareAlike 4.0,2.0,20:30,https://www.xeno-canto.org/320717,houspa/XC320717.ogg
houspa,['skylar'],"['call', 'male']",49.634,26.2213,Passer domesticus,House Sparrow,Ruslan Mazuryk,Creative Commons Attribution-NonCommercial-ShareAlike 4.0,1.5,20:10,https://www.xeno-canto.org/322720,houspa/XC322720.ogg
houspa,[],"['male', 'song']",41.6591,1.4844,Passer domesticus,House Sparrow,Jordi Calvet,Creative Commons Attribution-NonCommercial-ShareAlike 4.0,4.0,17:58,https://www.xeno-canto.org/324458,houspa/XC324458.ogg
houspa,[],"['call', 'song']",58.7843,23.6655,Passer domesticus,House Sparrow,Eetu Paljakka,Creative Commons Attribution-NonCommercial-ShareAlike 4.0,4.5,10:15,https://www.xeno-canto.org/324840,houspa/XC324840.ogg
houspa,['houspa'],['song'],48.3557,7.3162,Passer domesticus,House Sparrow,Timo Tschentscher,Creative Commons Attribution-NonCommercial-ShareAlike 4.0,4.5,11:43,https://www.xeno-canto.org/325716,houspa/XC325716.ogg
houspa,[],"['alarm call', 'begging call', 'call', 'female', 'flight call', 'juvenile', 'male']",37.7151,-6.2141,Passer domesticus,House Sparrow,José Carlos Sires,Creative Commons Attribution-NonCommercial-ShareAlike 4.0,3.5,?,https://www.xeno-canto.org/326662,houspa/XC326662.ogg
houspa,[],"['alarm call', 'begging call', 'call', 'female', 'flight call', 'juvenile', 'male']",37.7151,-6.2141,Passer domesticus,House Sparrow,José Carlos Sires,Creative Commons Attribution-NonCommercial-ShareAlike 4.0,3.5,?,https://www.xeno-canto.org/326664,houspa/XC326664.ogg
houspa,[],"['alarm call', 'begging call', 'call', 'female', 'flight call', 'juvenile', 'male']",37.7151,-6.2141,Passer domesticus,House Sparrow,José Carlos Sires,Creative Commons Attribution-NonCommercial-ShareAlike 4.0,3.5,?,https://www.xeno-canto.org/326667,houspa/XC326667.ogg
houspa,[],"['alarm call', 'begging call', 'call', 'female', 'flight call', 'juvenile', 'male']",37.7151,-6.2141,Passer domesticus,House Sparrow,José Carlos Sires,Creative Commons Attribution-NonCommercial-ShareAlike 4.0,2.5,?,https://www.xeno-canto.org/326672,houspa/XC326672.ogg
houspa,[],"['alarm call', 'begging call', 'call', 'female', 'flight call', 'juvenile', 'male']",37.7151,-6.2141,Passer domesticus,House Sparrow,José Carlos Sires,Creative Commons Attribution-NonCommercial-ShareAlike 4.0,2.5,?,https://www.xeno-canto.org/326673,houspa/XC326673.ogg
houspa,[],"['alarm call', 'begging call', 'call', 'female', 'flight call', 'juvenile', 'male']",37.7151,-6.2141,Passer domesticus,House Sparrow,José Carlos Sires,Creative Commons Attribution-NonCommercial-ShareAlike 4.0,2.5,?,https://www.xeno-canto.org/326675,houspa/XC326675.ogg
houspa,[],"['alarm call', 'begging call', 'call', 'female', 'flight call', 'juvenile', 'male']",37.7151,-6.2141,Passer domesticus,House Sparrow,José Carlos Sires,Creative Commons Attribution-NonCommercial-ShareAlike 4.0,2.5,?,https://www.xeno-canto.org/326679,houspa/XC326679.ogg
houspa,[],"['alarm call', 'begging call', 'call', 'female', 'flight call', 'juvenile', 'male']",37.7151,-6.2141,Passer domesticus,House Sparrow,José Carlos Sires,Creative Commons Attribution-NonCommercial-ShareAlike 4.0,2.5,?,https://www.xeno-canto.org/326996,houspa/XC326996.ogg
houspa,[],"['alarm call', 'begging call', 'call', 'female', 'flight call', 'juvenile', 'male']",37.7151,-6.2141,Passer domesticus,House Sparrow,José Carlos Sires,Creative Commons Attribution-NonCommercial-ShareAlike 4.0,2.5,?,https://www.xeno-canto.org/327006,houspa/XC327006.ogg
houspa,[],"['call', 'female', 'flight call', 'male']",38.0132,-6.0785,Passer domesticus,House Sparrow,José Carlos Sires,Creative Commons Attribution-NonCommercial-ShareAlike 4.0,3.0,?,https://www.xeno-canto.org/327393,houspa/XC327393.ogg
houspa,[],"['call', 'female', 'flight call', 'male']",38.0132,-6.0785,Passer domesticus,House Sparrow,José Carlos Sires,Creative Commons Attribution-NonCommercial-ShareAlike 4.0,3.0,?,https://www.xeno-canto.org/327396,houspa/XC327396.ogg
houspa,['redjun'],"['call', 'song']",49.634,26.2213,Passer domesticus,House Sparrow,Ruslan Mazuryk,Creative Commons Attribution-NonCommercial-ShareAlike 4.0,1.5,10:30,https://www.xeno-canto.org/328154,houspa/XC328154.ogg
houspa,[],"['call', 'male']",21.0476,75.8539,Passer domesticus,House Sparrow,Lakshmikant Rajaram Neve,Creative Commons Attribution-NonCommercial-ShareAlike 4.0,3.5,07:07:11,https://www.xeno-canto.org/330918,houspa/XC330918.ogg
houspa,[],['call'],46.5147,10.1219,Passer domesticus,House Sparrow,Francesco Sottile,Creative Commons Attribution-NonCommercial-ShareAlike 4.0,4.0,16:31,https://www.xeno-canto.org/340927,houspa/XC340927.ogg
houspa,[],['call'],45.3417,46.0657,Passer domesticus,House Sparrow,Albert Lastukhin,Creative Commons Attribution-NonCommercial-ShareAlike 4.0,2.0,06:30,https://www.xeno-canto.org/341090,houspa/XC341090.ogg
houspa,[],['call'],-21.1395,-47.7769,Passer domesticus,House Sparrow,Nick Komar,Creative Commons Attribution-NonCommercial-ShareAlike 4.0,2.5,19:10,https://www.xeno-canto.org/343968,houspa/XC343968.ogg
houspa,['houspa'],"['call', 'juvenile']",51.3966,7.0318,Passer domesticus,House Sparrow,Timo Tschentscher,Creative Commons Attribution-NonCommercial-ShareAlike 4.0,4.5,16:53,https://www.xeno-canto.org/344302,houspa/XC344302.ogg
houspa,[],"['call', 'song']",51.395,7.0221,Passer domesticus,House Sparrow,Timo Tschentscher,Creative Commons Attribution-NonCommercial-ShareAlike 4.0,4.5,06:56,https://www.xeno-canto.org/344319,houspa/XC344319.ogg
houspa,['houspa'],['song'],48.3256,7.3135,Passer domesticus,House Sparrow,Timo Tschentscher,Creative Commons Attribution-NonCommercial-ShareAlike 4.0,4.5,05:47,https://www.xeno-canto.org/344330,houspa/XC344330.ogg
houspa,[],['call'],48.635,-112.3305,Passer domesticus,House Sparrow,Thomas Magarian,Creative Commons Attribution-NonCommercial-ShareAlike 4.0,2.0,14:15,https://www.xeno-canto.org/345811,houspa/XC345811.ogg
houspa,[],['call'],48.635,-112.3305,Passer domesticus,House Sparrow,Thomas Magarian,Creative Commons Attribution-NonCommercial-ShareAlike 4.0,2.0,14:18,https://www.xeno-canto.org/345813,houspa/XC345813.ogg
houspa,[],['call'],48.635,-112.3305,Passer domesticus,House Sparrow,Thomas Magarian,Creative Commons Attribution-NonCommercial-ShareAlike 4.0,3.0,14:42,https://www.xeno-canto.org/345815,houspa/XC345815.ogg
houspa,['moudov'],['call'],48.635,-112.3305,Passer domesticus,House Sparrow,Thomas Magarian,Creative Commons Attribution-NonCommercial-ShareAlike 4.0,2.5,19:37,https://www.xeno-canto.org/345819,houspa/XC345819.ogg
houspa,[],['call'],48.635,-112.3305,Passer domesticus,House Sparrow,Thomas Magarian,Creative Commons Attribution-NonCommercial-ShareAlike 4.0,2.0,18:32,https://www.xeno-canto.org/345826,houspa/XC345826.ogg
houspa,[],['call'],48.635,-112.3305,Passer domesticus,House Sparrow,Thomas Magarian,Creative Commons Attribution-NonCommercial-ShareAlike 4.0,2.0,18:34,https://www.xeno-canto.org/345827,houspa/XC345827.ogg
houspa,[],['call'],48.635,-112.3305,Passer domesticus,House Sparrow,Thomas Magarian,Creative Commons Attribution-NonCommercial-ShareAlike 4.0,3.0,19:23,https://www.xeno-canto.org/345829,houspa/XC345829.ogg
houspa,[],['call'],48.635,-112.3305,Passer domesticus,House Sparrow,Thomas Magarian,Creative Commons Attribution-NonCommercial-ShareAlike 4.0,1.5,19:19,https://www.xeno-canto.org/345971,houspa/XC345971.ogg
houspa,"['houfin', 'wesmea']",['call'],48.635,-112.3305,Passer domesticus,House Sparrow,Thomas Magarian,Creative Commons Attribution-NonCommercial-ShareAlike 4.0,1.5,15:29,https://www.xeno-canto.org/345973,houspa/XC345973.ogg
houspa,[],['call'],48.635,-112.3305,Passer domesticus,House Sparrow,Thomas Magarian,Creative Commons Attribution-NonCommercial-ShareAlike 4.0,1.5,15:50,https://www.xeno-canto.org/347365,houspa/XC347365.ogg
houspa,['redjun'],"['call', 'female', 'male']",49.634,26.2213,Passer domesticus,House Sparrow,Ruslan Mazuryk,Creative Commons Attribution-NonCommercial-ShareAlike 4.0,2.5,11:24,https://www.xeno-canto.org/348726,houspa/XC348726.ogg
houspa,['spodov'],"['call', 'male']",-27.0249,153.1398,Passer domesticus,House Sparrow,Greg McLachlan,Creative Commons Attribution-NonCommercial-ShareAlike 4.0,4.5,06:30,https://www.xeno-canto.org/352024,houspa/XC352024.ogg
houspa,"['houfin', 'normoc']",['call'],27.0149,-108.9351,Passer domesticus,House Sparrow,Richard E. Webster,Creative Commons Attribution-NonCommercial-ShareAlike 4.0,3.5,05:59,https://www.xeno-canto.org/353518,houspa/XC353518.ogg
houspa,[],"['male', 'song']",49.634,26.2213,Passer domesticus,House Sparrow,Ruslan Mazuryk,Creative Commons Attribution-NonCommercial-ShareAlike 4.0,1.5,13:25,https://www.xeno-canto.org/355975,houspa/XC355975.ogg
houspa,[],"['male', 'song']",49.634,26.2213,Passer domesticus,House Sparrow,Ruslan Mazuryk,Creative Commons Attribution-NonCommercial-ShareAlike 4.0,1.5,13:25,https://www.xeno-canto.org/355976,houspa/XC355976.ogg
houspa,[],['various calls'],49.0239,5.8028,Passer domesticus,House Sparrow,Stanislas Wroza,Creative Commons Attribution-NonCommercial-ShareAlike 4.0,4.0,09:30,https://www.xeno-canto.org/356114,houspa/XC356114.ogg
houspa,[],['call'],49.634,26.2213,Passer domesticus,House Sparrow,Ruslan Mazuryk,Creative Commons Attribution-NonCommercial-ShareAlike 4.0,1.5,11:47,https://www.xeno-canto.org/356740,houspa/XC356740.ogg
houspa,['redjun'],"['call', 'female', 'male']",49.634,26.2213,Passer domesticus,House Sparrow,Ruslan Mazuryk,Creative Commons Attribution-NonCommercial-ShareAlike 4.0,1.5,12:23,https://www.xeno-canto.org/357485,houspa/XC357485.ogg
houspa,['redjun'],"['call', 'male']",49.634,26.2213,Passer domesticus,House Sparrow,Ruslan Mazuryk,Creative Commons Attribution-NonCommercial-ShareAlike 4.0,1.5,10:33,https://www.xeno-canto.org/358005,houspa/XC358005.ogg
houspa,['redjun'],"['call', 'male']",49.634,26.2213,Passer domesticus,House Sparrow,Ruslan Mazuryk,Creative Commons Attribution-NonCommercial-ShareAlike 4.0,1.5,10:33,https://www.xeno-canto.org/358006,houspa/XC358006.ogg
houspa,['redjun'],"['call', 'male']",49.634,26.2213,Passer domesticus,House Sparrow,Ruslan Mazuryk,Creative Commons Attribution-NonCommercial-ShareAlike 4.0,3.5,10:15,https://www.xeno-canto.org/359250,houspa/XC359250.ogg
houspa,['redjun'],"['call', 'female']",49.634,26.2213,Passer domesticus,House Sparrow,Ruslan Mazuryk,Creative Commons Attribution-NonCommercial-ShareAlike 4.0,2.5,09:00,https://www.xeno-canto.org/360902,houspa/XC360902.ogg
houspa,[],"['call', 'male']",37.9692,23.7221,Passer domesticus,House Sparrow,Andrea Simoncini,Creative Commons Attribution-NonCommercial-ShareAlike 4.0,3.0,11:30,https://www.xeno-canto.org/362041,houspa/XC362041.ogg
houspa,[],['song'],38.3961,23.761,Passer domesticus,House Sparrow,LOMBART Alex,Creative Commons Attribution-NonCommercial-ShareAlike 4.0,4.0,16:30,https://www.xeno-canto.org/364440,houspa/XC364440.ogg
houspa,[],"['call', 'male']",58.3715,26.6909,Passer domesticus,House Sparrow,Uku Paal,Creative Commons Attribution-NonCommercial-ShareAlike 4.0,3.0,07:00,https://www.xeno-canto.org/364508,houspa/XC364508.ogg
houspa,[],['call'],28.3461,33.0863,Passer domesticus,House Sparrow,Paulo Alves,Creative Commons Attribution-NonCommercial-ShareAlike 4.0,3.0,16:00,https://www.xeno-canto.org/366728,houspa/XC366728.ogg
houspa,[],"['call', 'song']",47.5223,-3.147,Passer domesticus,House Sparrow,Ludivine Delamare,Creative Commons Attribution-NonCommercial-ShareAlike 4.0,3.5,17:30,https://www.xeno-canto.org/367473,houspa/XC367473.ogg
houspa,[],"['call', 'male']",46.3114,44.2496,Passer domesticus,House Sparrow,Albert Lastukhin,Creative Commons Attribution-NonCommercial-ShareAlike 4.0,2.0,13:00,https://www.xeno-canto.org/368025,houspa/XC368025.ogg
houspa,[],['song'],-15.5404,-47.3374,Passer domesticus,House Sparrow,Carlos S. Rodrigues,Creative Commons Attribution-NonCommercial-ShareAlike 4.0,4.0,17:14,https://www.xeno-canto.org/369892,houspa/XC369892.ogg
houspa,[],"['call', 'male']",54.1442,-0.1542,Passer domesticus,House Sparrow,GABRIEL LEITE,Creative Commons Attribution-NonCommercial-ShareAlike 4.0,2.0,10:30,https://www.xeno-canto.org/371292,houspa/XC371292.ogg
houspa,[],['song'],46.2095,9.0275,Passer domesticus,House Sparrow,Roby,Creative Commons Attribution-NonCommercial-ShareAlike 4.0,3.0,15:30,https://www.xeno-canto.org/372735,houspa/XC372735.ogg
houspa,[],"['begging call', 'juvenile']",43.4879,4.4081,Passer domesticus,House Sparrow,Stanislas Wroza,Creative Commons Attribution-NonCommercial-ShareAlike 4.0,4.0,14:00,https://www.xeno-canto.org/372955,houspa/XC372955.ogg
houspa,[],['call'],42.6623,2.5012,Passer domesticus,House Sparrow,Manuel Grosselet,Creative Commons Attribution-NonCommercial-ShareAlike 4.0,5.0,00:30,https://www.xeno-canto.org/374320,houspa/XC374320.ogg
houspa,[],['call'],-2.7226,37.3809,Passer domesticus,House Sparrow,isaac kilusu,Creative Commons Attribution-NonCommercial-ShareAlike 4.0,3.0,18:12,https://www.xeno-canto.org/374431,houspa/XC374431.ogg
houspa,[],['song'],46.5573,9.4395,Passer domesticus,House Sparrow,Roby,Creative Commons Attribution-NonCommercial-ShareAlike 4.0,2.0,15:00,https://www.xeno-canto.org/376702,houspa/XC376702.ogg
houspa,[],['song'],47.148,7.2521,Passer domesticus,House Sparrow,Pascal Christe,Creative Commons Attribution-NonCommercial-ShareAlike 4.0,3.0,10:00,https://www.xeno-canto.org/376967,houspa/XC376967.ogg
houspa,[],"['alarm call', 'call', 'various calls', 'wing noise']",43.7368,3.9335,Passer domesticus,House Sparrow,Stanislas Wroza,Creative Commons Attribution-NonCommercial-ShareAlike 4.0,5.0,20:00,https://www.xeno-canto.org/377559,houspa/XC377559.ogg
houspa,[],['song'],54.5789,11.9284,Passer domesticus,House Sparrow,Louis A. Hansen,Creative Commons Attribution-NonCommercial-ShareAlike 4.0,3.5,07:04,https://www.xeno-canto.org/378175,houspa/XC378175.ogg
houspa,[],"['call', 'male']",57.4928,-4.2465,Passer domesticus,House Sparrow,GABRIEL LEITE,Creative Commons Attribution-NonCommercial-ShareAlike 4.0,4.0,07:00,https://www.xeno-canto.org/378641,houspa/XC378641.ogg
houspa,[],"['call', 'song']",49.746,8.1163,Passer domesticus,House Sparrow,AFR,Creative Commons Attribution-NonCommercial-ShareAlike 4.0,4.5,10:53,https://www.xeno-canto.org/380358,houspa/XC380358.ogg
houspa,[],['call'],32.7201,-9.0005,Passer domesticus,House Sparrow,José Carlos Sires,Creative Commons Attribution-NonCommercial-ShareAlike 4.0,3.0,?,https://www.xeno-canto.org/380898,houspa/XC380898.ogg
houspa,[],"['alarm call', 'call', 'male', 'song']",32.7201,-9.0005,Passer domesticus,House Sparrow,José Carlos Sires,Creative Commons Attribution-NonCommercial-ShareAlike 4.0,3.0,?,https://www.xeno-canto.org/380901,houspa/XC380901.ogg
houspa,[],"['alarm call', 'call', 'female', 'flight call']",32.7201,-9.0005,Passer domesticus,House Sparrow,José Carlos Sires,Creative Commons Attribution-NonCommercial-ShareAlike 4.0,3.0,?,https://www.xeno-canto.org/380908,houspa/XC380908.ogg
houspa,[],"['call', 'female', 'flight call', 'male', 'song']",32.7201,-9.0005,Passer domesticus,House Sparrow,José Carlos Sires,Creative Commons Attribution-NonCommercial-ShareAlike 4.0,3.0,?,https://www.xeno-canto.org/380910,houspa/XC380910.ogg
houspa,[],"['call', 'female', 'flight call', 'male', 'song']",32.7201,-9.0005,Passer domesticus,House Sparrow,José Carlos Sires,Creative Commons Attribution-NonCommercial-ShareAlike 4.0,3.0,?,https://www.xeno-canto.org/380915,houspa/XC380915.ogg
houspa,[],"['male', 'song']",-7.1195,-34.845,Passer domesticus,House Sparrow,Antônio Cláudio C. Almeida,Creative Commons Attribution-NonCommercial-ShareAlike 4.0,2.0,14:00,https://www.xeno-canto.org/384661,houspa/XC384661.ogg
houspa,[],['call'],42.7335,-83.0753,Passer domesticus,House Sparrow,Antonio Xeira,Creative Commons Attribution-NonCommercial-ShareAlike 4.0,5.0,09:00,https://www.xeno-canto.org/385838,houspa/XC385838.ogg
houspa,['mallar3'],['call'],49.634,26.2213,Passer domesticus,House Sparrow,Ruslan Mazuryk,Creative Commons Attribution-NonCommercial-ShareAlike 4.0,2.5,08:14,https://www.xeno-canto.org/387366,houspa/XC387366.ogg
houspa,[],"['call', 'song']",48.367,10.9056,Passer domesticus,House Sparrow,johannes buhl,Creative Commons Attribution-NonCommercial-ShareAlike 4.0,3.5,09:30,https://www.xeno-canto.org/387939,houspa/XC387939.ogg
houspa,[],['song'],-33.3885,18.2702,Passer domesticus,House Sparrow,Faansie Peacock,Creative Commons Attribution-NonCommercial-ShareAlike 4.0,4.5,06:00,https://www.xeno-canto.org/388295,houspa/XC388295.ogg
houspa,['mallar3'],"['call', 'female']",49.634,26.2213,Passer domesticus,House Sparrow,Ruslan Mazuryk,Creative Commons Attribution-NonCommercial-ShareAlike 4.0,2.5,10:34,https://www.xeno-canto.org/389818,houspa/XC389818.ogg
houspa,[],['call'],63.8313,20.2607,Passer domesticus,House Sparrow,Lars Edenius,Creative Commons Attribution-NonCommercial-ShareAlike 4.0,5.0,09:30,https://www.xeno-canto.org/390512,houspa/XC390512.ogg
houspa,[],['call'],52.133,5.064,Passer domesticus,House Sparrow,Frank Roos,Creative Commons Attribution-NonCommercial-ShareAlike 4.0,5.0,14:00,https://www.xeno-canto.org/392775,houspa/XC392775.ogg
houspa,['mallar3'],"['call', 'female', 'male']",49.634,26.2213,Passer domesticus,House Sparrow,Ruslan Mazuryk,Creative Commons Attribution-NonCommercial-ShareAlike 4.0,2.5,12:20,https://www.xeno-canto.org/395223,houspa/XC395223.ogg
houspa,['mallar3'],"['call', 'female', 'male']",49.634,26.2213,Passer domesticus,House Sparrow,Ruslan Mazuryk,Creative Commons Attribution-NonCommercial-ShareAlike 4.0,2.5,12:23,https://www.xeno-canto.org/395225,houspa/XC395225.ogg
houspa,['mallar3'],"['call', 'female', 'male']",49.634,26.2213,Passer domesticus,House Sparrow,Ruslan Mazuryk,Creative Commons Attribution-NonCommercial-ShareAlike 4.0,2.5,12:26,https://www.xeno-canto.org/395226,houspa/XC395226.ogg
houspa,"['gamqua', 'moudov']",['call'],33.5292,-111.9342,Passer domesticus,House Sparrow,Barry Edmonston,Creative Commons Attribution-NonCommercial-ShareAlike 4.0,4.5,09:00,https://www.xeno-canto.org/396464,houspa/XC396464.ogg
houspa,[],['song'],48.367,10.9056,Passer domesticus,House Sparrow,johannes buhl,Creative Commons Attribution-NonCommercial-ShareAlike 4.0,4.0,08:30,https://www.xeno-canto.org/398836,houspa/XC398836.ogg
houspa,[],"['call', 'male']",-21.2186,55.4757,Passer domesticus,House Sparrow,Cedric Mroczko,Creative Commons Attribution-NonCommercial-ShareAlike 4.0,2.5,17:50,https://www.xeno-canto.org/400877,houspa/XC400877.ogg
houspa,[],['call'],29.423,79.426,Passer domesticus,House Sparrow,Barry Edmonston,Creative Commons Attribution-NonCommercial-ShareAlike 4.0,4.0,13:00,https://www.xeno-canto.org/404159,houspa/XC404159.ogg
houspa,[],['song'],29.8303,53.5961,Passer domesticus,House Sparrow,Patrik Åberg,Creative Commons Attribution-NonCommercial-ShareAlike 4.0,5.0,08:29,https://www.xeno-canto.org/405237,houspa/XC405237.ogg
houspa,['redjun'],"['call', 'female', 'male', 'song']",49.634,26.2213,Passer domesticus,House Sparrow,Ruslan Mazuryk,Creative Commons Attribution-NonCommercial-ShareAlike 4.0,2.5,12:02,https://www.xeno-canto.org/407093,houspa/XC407093.ogg
houspa,[],"['call', 'female', 'male']",28.3961,-80.6028,Passer domesticus,House Sparrow,Paul Marvin,Creative Commons Attribution-NonCommercial-ShareAlike 4.0,3.5,08:44,https://www.xeno-canto.org/407396,houspa/XC407396.ogg
houspa,[],"['call', 'male']",49.634,26.2213,Passer domesticus,House Sparrow,Ruslan Mazuryk,Creative Commons Attribution-NonCommercial-ShareAlike 4.0,2.0,18:52,https://www.xeno-canto.org/410910,houspa/XC410910.ogg
houspa,[],"['call', 'male']",19.391,-99.2439,Passer domesticus,House Sparrow,Manuel Grosselet,Creative Commons Attribution-NonCommercial-ShareAlike 4.0,5.0,19:30,https://www.xeno-canto.org/417551,houspa/XC417551.ogg
houspa,[],['call'],37.1379,-7.6303,Passer domesticus,House Sparrow,Nelson Conceição,Creative Commons Attribution-NonCommercial-ShareAlike 4.0,4.0,19:55,https://www.xeno-canto.org/420852,houspa/XC420852.ogg
houspa,[],"['begging call', 'call']",42.6713,-83.3775,Passer domesticus,House Sparrow,Bruce Lagerquist,Creative Commons Attribution-NonCommercial-ShareAlike 4.0,4.5,09:30,https://www.xeno-canto.org/422118,houspa/XC422118.ogg
houspa,[],['call'],44.2037,17.9112,Passer domesticus,House Sparrow,Ptice Forum,Creative Commons Attribution-NonCommercial-ShareAlike 4.0,4.0,14:00,https://www.xeno-canto.org/424179,houspa/XC424179.ogg
houspa,[],"['call', 'song']",63.1848,75.4386,Passer domesticus,House Sparrow,Albert Lastukhin,Creative Commons Attribution-NonCommercial-ShareAlike 4.0,5.0,06:00,https://www.xeno-canto.org/430944,houspa/XC430944.ogg
houspa,[],"['alarm call', 'call', 'female', 'flight call', 'male']",37.1379,-7.6303,Passer domesticus,House Sparrow,Nelson Conceição,Creative Commons Attribution-NonCommercial-ShareAlike 4.0,2.0,19:44,https://www.xeno-canto.org/431483,houspa/XC431483.ogg
houspa,[],"['male', 'song']",-32.0982,25.5919,Passer domesticus,House Sparrow,Lynette Rudman,Creative Commons Attribution-NonCommercial-ShareAlike 4.0,3.5,07:00,https://www.xeno-canto.org/432295,houspa/XC432295.ogg
houspa,[],"['male', 'song']",37.9804,-4.8084,Passer domesticus,House Sparrow,José Carlos Sires,Creative Commons Attribution-NonCommercial-ShareAlike 4.0,4.0,?,https://www.xeno-canto.org/436307,houspa/XC436307.ogg
houspa,[],['song'],46.5763,0.3222,Passer domesticus,House Sparrow,Jack Berteau,Creative Commons Attribution-NonCommercial-ShareAlike 4.0,4.5,12:00,https://www.xeno-canto.org/437798,houspa/XC437798.ogg
houspa,[],['song'],46.5763,0.3222,Passer domesticus,House Sparrow,Jack Berteau,Creative Commons Attribution-NonCommercial-ShareAlike 4.0,5.0,10:30,https://www.xeno-canto.org/438428,houspa/XC438428.ogg
houspa,[],['call'],-32.2572,24.5339,Passer domesticus,House Sparrow,Alan Collett,Creative Commons Attribution-NonCommercial-ShareAlike 4.0,3.0,15:00,https://www.xeno-canto.org/440680,houspa/XC440680.ogg
houspa,[],['alarm call'],53.6156,-10.2062,Passer domesticus,House Sparrow,Anthony McGeehan ,Creative Commons Attribution-NonCommercial-ShareAlike 4.0,5.0,10:00,https://www.xeno-canto.org/441749,houspa/XC441749.ogg
houspa,[],['call'],-6.7832,39.2033,Passer domesticus,House Sparrow,Louis A. Hansen,Creative Commons Attribution-NonCommercial-ShareAlike 4.0,2.5,06:11,https://www.xeno-canto.org/443079,houspa/XC443079.ogg
houspa,[],['call'],-6.7832,39.2033,Passer domesticus,House Sparrow,Louis A. Hansen,Creative Commons Attribution-NonCommercial-ShareAlike 4.0,2.0,06:31,https://www.xeno-canto.org/443100,houspa/XC443100.ogg
houspa,[],"['call', 'male']",-6.7832,39.2033,Passer domesticus,House Sparrow,Louis A. Hansen,Creative Commons Attribution-NonCommercial-ShareAlike 4.0,3.0,15:31,https://www.xeno-canto.org/443505,houspa/XC443505.ogg
houspa,[],['call'],-6.7832,39.2033,Passer domesticus,House Sparrow,Louis A. Hansen,Creative Commons Attribution-NonCommercial-ShareAlike 4.0,3.5,15:36,https://www.xeno-canto.org/443507,houspa/XC443507.ogg
houspa,[],"['call', 'odd trill']",48.5274,1.8918,Passer domesticus,House Sparrow,Stanislas Wroza,Creative Commons Attribution-NonCommercial-ShareAlike 4.0,5.0,09:30,https://www.xeno-canto.org/447437,houspa/XC447437.ogg
houspa,[],['song'],51.5027,-0.0798,Passer domesticus,House Sparrow,David Darrell-Lambert,Creative Commons Attribution-NonCommercial-ShareAlike 4.0,3.0,07:00,https://www.xeno-canto.org/447648,houspa/XC447648.ogg
houspa,[],"['call', 'male']",19.392,-99.241,Passer domesticus,House Sparrow,Manuel Grosselet,Creative Commons Attribution-NonCommercial-ShareAlike 4.0,5.0,10:00,https://www.xeno-canto.org/448288,houspa/XC448288.ogg
houspa,[],['begging call'],50.4705,3.712,Passer domesticus,House Sparrow,Alain Malengreau,Creative Commons Attribution-NonCommercial-ShareAlike 4.0,5.0,10:00,https://www.xeno-canto.org/448573,houspa/XC448573.ogg
houspa,[],['call'],50.1105,18.9552,Passer domesticus,House Sparrow,Ireneusz Oleksik,Creative Commons Attribution-NonCommercial-ShareAlike 4.0,4.0,10:30,https://www.xeno-canto.org/449127,houspa/XC449127.ogg
houspa,[],['call'],27.0149,-108.9351,Passer domesticus,House Sparrow,Richard E. Webster,Creative Commons Attribution-NonCommercial-ShareAlike 4.0,3.0,17:44,https://www.xeno-canto.org/449172,houspa/XC449172.ogg
houspa,[],"['call', 'some trill (from 11 sec.)']",50.1196,19.0048,Passer domesticus,House Sparrow,Ireneusz Oleksik,Creative Commons Attribution-NonCommercial-ShareAlike 4.0,4.0,14:30,https://www.xeno-canto.org/449554,houspa/XC449554.ogg
houspa,[],['call'],-43.524,172.654,Passer domesticus,House Sparrow,Bernard BOUSQUET,Creative Commons Attribution-NonCommercial-ShareAlike 4.0,2.5,15:00,https://www.xeno-canto.org/451333,houspa/XC451333.ogg
houspa,[],['call'],49.4254,8.6657,Passer domesticus,House Sparrow,Jorge Leitão,Creative Commons Attribution-NonCommercial-ShareAlike 4.0,3.5,12:08,https://www.xeno-canto.org/453795,houspa/XC453795.ogg
houspa,[],"['call', 'male']",52.6381,-0.7731,Passer domesticus,House Sparrow,Andrew Harrop,Creative Commons Attribution-NonCommercial-ShareAlike 4.0,4.0,09:52,https://www.xeno-canto.org/454381,houspa/XC454381.ogg
houspa,[],"['call', 'song']",37.1379,-7.6303,Passer domesticus,House Sparrow,Nelson Conceição,Creative Commons Attribution-NonCommercial-ShareAlike 4.0,2.5,17:05,https://www.xeno-canto.org/454441,houspa/XC454441.ogg
houspa,[],"['call', 'song']",37.1379,-7.6303,Passer domesticus,House Sparrow,Nelson Conceição,Creative Commons Attribution-NonCommercial-ShareAlike 4.0,3.0,17:09,https://www.xeno-canto.org/454444,houspa/XC454444.ogg
houspa,[],"['male', 'song']",33.177,-115.6156,Passer domesticus,House Sparrow,Paul Marvin,Creative Commons Attribution-NonCommercial-ShareAlike 4.0,4.0,08:57,https://www.xeno-canto.org/459343,houspa/XC459343.ogg
houspa,[],['call'],-30.4745,20.5108,Passer domesticus,House Sparrow,Raphaël Nussbaumer,Creative Commons Attribution-NonCommercial-ShareAlike 4.0,4.0,04:42,https://www.xeno-canto.org/459451,houspa/XC459451.ogg
houspa,[],['song'],50.1179,19.005,Passer domesticus,House Sparrow,Ireneusz Oleksik,Creative Commons Attribution-NonCommercial-ShareAlike 4.0,4.5,10:00,https://www.xeno-canto.org/459671,houspa/XC459671.ogg
houspa,[],"['male', 'song']",50.1153,19.0101,Passer domesticus,House Sparrow,Ireneusz Oleksik,Creative Commons Attribution-NonCommercial-ShareAlike 4.0,4.0,13:30,https://www.xeno-canto.org/462188,houspa/XC462188.ogg
houspa,[],['call'],37.8891,-4.7732,Passer domesticus,House Sparrow,Esperanza Poveda,Creative Commons Attribution-NonCommercial-ShareAlike 4.0,4.0,?,https://www.xeno-canto.org/462545,houspa/XC462545.ogg
houspa,[],['call'],32.0057,34.885,Passer domesticus,House Sparrow,Manuel Grosselet,Creative Commons Attribution-NonCommercial-ShareAlike 4.0,5.0,05:00,https://www.xeno-canto.org/462907,houspa/XC462907.ogg
houspa,[],"['call', 'male']",-20.4322,57.4566,Passer domesticus,House Sparrow,Cedric Mroczko,Creative Commons Attribution-NonCommercial-ShareAlike 4.0,3.5,08:10,https://www.xeno-canto.org/463060,houspa/XC463060.ogg
houspa,[],['call'],44.254,3.4001,Passer domesticus,House Sparrow,Olivier SWIFT,Creative Commons Attribution-NonCommercial-ShareAlike 4.0,4.0,14:00,https://www.xeno-canto.org/467864,houspa/XC467864.ogg
houspa,[],['song'],40.7406,-74.0046,Passer domesticus,House Sparrow,Giuseppe Speranza,Creative Commons Attribution-NonCommercial-ShareAlike 4.0,3.0,15:50,https://www.xeno-canto.org/468177,houspa/XC468177.ogg
houspa,[],"['male', 'song']",49.2753,-1.1458,Passer domesticus,House Sparrow,Olivier SWIFT,Creative Commons Attribution-NonCommercial-ShareAlike 4.0,3.5,18:00,https://www.xeno-canto.org/468464,houspa/XC468464.ogg
houspa,[],"['male', 'song']",49.3597,-1.2466,Passer domesticus,House Sparrow,Olivier SWIFT,Creative Commons Attribution-NonCommercial-ShareAlike 4.0,4.5,15:00,https://www.xeno-canto.org/468467,houspa/XC468467.ogg
houspa,[],"['call', 'song']",49.2753,-1.1458,Passer domesticus,House Sparrow,Olivier SWIFT,Creative Commons Attribution-NonCommercial-ShareAlike 4.0,3.5,18:30,https://www.xeno-canto.org/468469,houspa/XC468469.ogg
houspa,[],"['male', 'song']",49.2722,-1.1004,Passer domesticus,House Sparrow,Olivier SWIFT,Creative Commons Attribution-NonCommercial-ShareAlike 4.0,4.5,16:30,https://www.xeno-canto.org/469947,houspa/XC469947.ogg
houspa,[],['call'],36.4617,-5.7245,Passer domesticus,House Sparrow,maudoc,Creative Commons Attribution-NonCommercial-ShareAlike 4.0,5.0,07:30,https://www.xeno-canto.org/470472,houspa/XC470472.ogg
houspa,[],"['male', 'song']",55.7628,37.5762,Passer domesticus,House Sparrow,Albert Lastukhin,Creative Commons Attribution-NonCommercial-ShareAlike 4.0,3.0,11:30,https://www.xeno-canto.org/473869,houspa/XC473869.ogg
houspa,[],"['call', 'song']",37.1498,-7.6209,Passer domesticus,House Sparrow,Nelson Conceição,Creative Commons Attribution-NonCommercial-ShareAlike 4.0,2.0,18:46,https://www.xeno-canto.org/474800,houspa/XC474800.ogg
houspa,[],['song'],37.1498,-7.6209,Passer domesticus,House Sparrow,Nelson Conceição,Creative Commons Attribution-NonCommercial-ShareAlike 4.0,2.0,19:19,https://www.xeno-canto.org/474802,houspa/XC474802.ogg
houspa,['wiltur'],['call'],41.5118,-8.327,Passer domesticus,House Sparrow,Jorge Leitão,Creative Commons Attribution-NonCommercial-ShareAlike 4.0,3.5,17:27,https://www.xeno-canto.org/475687,houspa/XC475687.ogg
houspa,[],"['call', 'song']",19.392,-99.241,Passer domesticus,House Sparrow,Manuel Grosselet,Creative Commons Attribution-NonCommercial-ShareAlike 4.0,5.0,20:00,https://www.xeno-canto.org/479586,houspa/XC479586.ogg
houspa,[],"['male', 'song']",41.681,0.9549,Passer domesticus,House Sparrow,Jordi Calvet,Creative Commons Attribution-NonCommercial-ShareAlike 4.0,4.5,07:00,https://www.xeno-canto.org/479935,houspa/XC479935.ogg
houspa,[],"['call', 'female']",19.392,-99.241,Passer domesticus,House Sparrow,Manuel Grosselet,Creative Commons Attribution-NonCommercial-ShareAlike 4.0,3.5,18:00,https://www.xeno-canto.org/479957,houspa/XC479957.ogg
houspa,[],"['call', 'song']",38.6193,48.4367,Passer domesticus,House Sparrow,Albert Lastukhin,Creative Commons Attribution-NonCommercial-ShareAlike 4.0,4.0,07:00,https://www.xeno-canto.org/480906,houspa/XC480906.ogg
houspa,[],"['call', 'song']",38.76,48.4359,Passer domesticus,House Sparrow,Albert Lastukhin,Creative Commons Attribution-NonCommercial-ShareAlike 4.0,4.0,08:00,https://www.xeno-canto.org/480908,houspa/XC480908.ogg
houspa,[],"['call', 'song']",38.76,48.4359,Passer domesticus,House Sparrow,Albert Lastukhin,Creative Commons Attribution-NonCommercial-ShareAlike 4.0,3.0,08:00,https://www.xeno-canto.org/480909,houspa/XC480909.ogg
houspa,[],['call'],50.1191,18.9721,Passer domesticus,House Sparrow,Ireneusz Oleksik,Creative Commons Attribution-NonCommercial-ShareAlike 4.0,4.0,05:54,https://www.xeno-canto.org/482482,houspa/XC482482.ogg
houspa,[],"['call', 'male']",57.679,-2.3238,Passer domesticus,House Sparrow,Andrew Harrop,Creative Commons Attribution-NonCommercial-ShareAlike 4.0,5.0,10:00,https://www.xeno-canto.org/485308,houspa/XC485308.ogg
houspa,[],['call'],51.7579,16.616,Passer domesticus,House Sparrow,Grzegorz Lorek,Creative Commons Attribution-NonCommercial-ShareAlike 4.0,0.0,06:30,https://www.xeno-canto.org/486560,houspa/XC486560.ogg
houspa,[],['call'],49.4254,8.6657,Passer domesticus,House Sparrow,Jorge Leitão,Creative Commons Attribution-NonCommercial-ShareAlike 4.0,0.0,05:49,https://www.xeno-canto.org/491819,houspa/XC491819.ogg
houspa,[],['call'],33.0017,-4.0965,Passer domesticus,House Sparrow,Geoffrey Monchaux,Creative Commons Attribution-NonCommercial-ShareAlike 4.0,5.0,08:00,https://www.xeno-canto.org/492126,houspa/XC492126.ogg
houspa,[],"['call', 'female', 'male']",9.0575,-79.6363,Passer domesticus,House Sparrow,Rosendo Manuel Fraga,Creative Commons Attribution-NonCommercial-ShareAlike 4.0,0.0,08:30,https://www.xeno-canto.org/494782,houspa/XC494782.ogg
houspa,[],"['call', 'juvenile', 'male']",59.9021,-1.338,Passer domesticus,House Sparrow,Andrew Harrop,Creative Commons Attribution-NonCommercial-ShareAlike 4.0,5.0,13:30,https://www.xeno-canto.org/495694,houspa/XC495694.ogg
houspa,[],"['call', 'female', 'male']",48.2741,10.8188,Passer domesticus,House Sparrow,johannes buhl,Creative Commons Attribution-NonCommercial-ShareAlike 4.0,4.0,10:00,https://www.xeno-canto.org/498224,houspa/XC498224.ogg
houspa,[],['call'],-26.8245,26.6516,Passer domesticus,House Sparrow,Tony Archer,Creative Commons Attribution-NonCommercial-ShareAlike 4.0,4.5,05:30,https://www.xeno-canto.org/498493,houspa/XC498493.ogg
houspa,['comwax'],['call'],37.1538,-7.6735,Passer domesticus,House Sparrow,Nelson Conceição,Creative Commons Attribution-NonCommercial-ShareAlike 4.0,3.5,10:16,https://www.xeno-canto.org/499090,houspa/XC499090.ogg
houspa,['comwax'],['call'],37.1538,-7.6735,Passer domesticus,House Sparrow,Nelson Conceição,Creative Commons Attribution-NonCommercial-ShareAlike 4.0,3.5,11:34,https://www.xeno-canto.org/499109,houspa/XC499109.ogg
houspa,['houfin'],['call'],29.0688,-110.9554,Passer domesticus,House Sparrow,Richard E. Webster,Creative Commons Attribution-NonCommercial-ShareAlike 4.0,3.5,05:50,https://www.xeno-canto.org/500501,houspa/XC500501.ogg
houspa,[],['call'],21.4865,-104.859,Passer domesticus,House Sparrow,Richard E. Webster,Creative Commons Attribution-NonCommercial-ShareAlike 4.0,2.0,18:33,https://www.xeno-canto.org/500504,houspa/XC500504.ogg
houspa,['mallar3'],"['call', 'song']",-46.4132,168.3538,Passer domesticus,House Sparrow,Olivier SWIFT,Creative Commons Attribution-NonCommercial-ShareAlike 4.0,3.5,06:30,https://www.xeno-canto.org/500862,houspa/XC500862.ogg
houspa,[],"['call', 'male']",-41.2052,146.3945,Passer domesticus,House Sparrow,Ramit Singal,Creative Commons Attribution-NonCommercial-ShareAlike 4.0,5.0,07:30,https://www.xeno-canto.org/501121,houspa/XC501121.ogg
houspa,[],['call'],51.817,3.8849,Passer domesticus,House Sparrow,Twan Mols,Creative Commons Attribution-NonCommercial-ShareAlike 4.0,0.0,20:00,https://www.xeno-canto.org/501187,houspa/XC501187.ogg
houspa,[],"['male', 'song']",47.3765,-1.3331,Passer domesticus,House Sparrow,Olivier SWIFT,Creative Commons Attribution-NonCommercial-ShareAlike 4.0,4.5,07:12,https://www.xeno-canto.org/502429,houspa/XC502429.ogg
houspa,[],"['life stage uncertain', 'sex uncertain', 'song']",48.2741,10.8188,Passer domesticus,House Sparrow,johannes buhl,Creative Commons Attribution-NonCommercial-ShareAlike 4.0,1.0,?,https://www.xeno-canto.org/506636,houspa/XC506636.ogg
houspa,[],"['adult', 'call', 'juvenile', 'life stage uncertain', 'sex uncertain', 'song']",48.2741,10.8188,Passer domesticus,House Sparrow,johannes buhl,Creative Commons Attribution-NonCommercial-ShareAlike 4.0,2.5,?,https://www.xeno-canto.org/506723,houspa/XC506723.ogg
houspa,[],"['adult', 'call', 'life stage uncertain', 'sex uncertain']",48.2741,10.8188,Passer domesticus,House Sparrow,johannes buhl,Creative Commons Attribution-NonCommercial-ShareAlike 4.0,2.5,?,https://www.xeno-canto.org/506724,houspa/XC506724.ogg
houspa,['houspa'],"['adult', 'call', 'life stage uncertain', 'sex uncertain']",48.2741,10.8188,Passer domesticus,House Sparrow,johannes buhl,Creative Commons Attribution-NonCommercial-ShareAlike 4.0,2.5,?,https://www.xeno-canto.org/506729,houspa/XC506729.ogg
houspa,[],"['adult', 'male', 'song']",-33.9222,151.2028,Passer domesticus,House Sparrow,James Ray,Creative Commons Attribution-ShareAlike 4.0,5.0,12:00,https://www.xeno-canto.org/508461,houspa/XC508461.ogg
houspa,[],"['adult', 'call']",49.263,-123.0685,Passer domesticus,House Sparrow,Sunny Tseng,Creative Commons Attribution-NonCommercial-ShareAlike 4.0,4.0,06:30,https://www.xeno-canto.org/509700,houspa/XC509700.ogg
houspa,[],"['Chirp', 'Jirp', 'Zweew', 'call', 'song']",40.6061,-74.2772,Passer domesticus,House Sparrow,William Whitehead,Creative Commons Attribution-NonCommercial-ShareAlike 4.0,4.0,08:00,https://www.xeno-canto.org/509836,houspa/XC509836.ogg
houspa,['redjun'],"['adult', 'male', 'song']",49.634,26.2213,Passer domesticus,House Sparrow,Ruslan Mazuryk,Creative Commons Attribution-NonCommercial-ShareAlike 4.0,4.5,14:30,https://www.xeno-canto.org/511028,houspa/XC511028.ogg
houspa,"['mallar3', 'redjun']","['adult', 'male', 'song']",49.634,26.2213,Passer domesticus,House Sparrow,Ruslan Mazuryk,Creative Commons Attribution-NonCommercial-ShareAlike 4.0,4.5,10:00,https://www.xeno-canto.org/511029,houspa/XC511029.ogg
houspa,[],['nocturnal flight call'],43.5352,-1.4475,Passer domesticus,House Sparrow,Frédéric Cazaban,Creative Commons Attribution-NonCommercial-ShareAlike 4.0,3.0,07:35,https://www.xeno-canto.org/511050,houspa/XC511050.ogg
houspa,[],"['adult', 'male', 'song']",56.2667,16.4834,Passer domesticus,House Sparrow,Patrik Åberg,Creative Commons Attribution-NonCommercial-ShareAlike 4.0,4.5,18:13,https://www.xeno-canto.org/511609,houspa/XC511609.ogg
houspa,[],"['adult', 'call', 'female', 'male']",-26.543,26.6381,Passer domesticus,House Sparrow,Tony Archer,Creative Commons Attribution-NonCommercial-ShareAlike 4.0,3.0,09:30,https://www.xeno-canto.org/511938,houspa/XC511938.ogg
houspa,[],"['Chirp', 'song']",40.6061,-74.2772,Passer domesticus,House Sparrow,William Whitehead,Creative Commons Attribution-NonCommercial-ShareAlike 4.0,5.0,09:00,https://www.xeno-canto.org/513501,houspa/XC513501.ogg
houspa,[],"['nisting song', 'song']",47.9984,10.9503,Passer domesticus,House Sparrow,Beatrix Saadi-Varchmin,Creative Commons Attribution-NonCommercial-ShareAlike 4.0,5.0,05:17,https://www.xeno-canto.org/514021,houspa/XC514021.ogg
houspa,[],"['adult', 'call', 'female', 'song']",-16.6122,-50.3301,Passer domesticus,House Sparrow,Nunes D'Acosta,Creative Commons Attribution-NonCommercial-ShareAlike 4.0,3.0,09:30,https://www.xeno-canto.org/517592,houspa/XC517592.ogg
houspa,[],"['call', 'flight call', 'song']",48.9823,2.1633,Passer domesticus,House Sparrow,Stanislas Wroza,Creative Commons Attribution-NonCommercial-ShareAlike 4.0,5.0,08:30,https://www.xeno-canto.org/519514,houspa/XC519514.ogg
houspa,[],['flight call'],48.9823,2.1633,Passer domesticus,House Sparrow,Stanislas Wroza,Creative Commons Attribution-NonCommercial-ShareAlike 4.0,5.0,08:30,https://www.xeno-canto.org/519517,houspa/XC519517.ogg
houspa,[],['song'],-30.583027,-59.948959,Passer domesticus,House Sparrow,Bernabe Lopez-Lanus,Creative Commons Attribution-NonCommercial-ShareAlike 3.0,4.0,?:?,https://www.xeno-canto.org/52000,houspa/XC52000.ogg
houspa,[],['call'],41.5548,-8.4184,Passer domesticus,House Sparrow,Jorge Leitão,Creative Commons Attribution-NonCommercial-ShareAlike 4.0,3.5,16:26,https://www.xeno-canto.org/520619,houspa/XC520619.ogg
houspa,[],['call'],41.5566,-8.424,Passer domesticus,House Sparrow,Jorge Leitão,Creative Commons Attribution-NonCommercial-ShareAlike 4.0,4.0,12:23,https://www.xeno-canto.org/522224,houspa/XC522224.ogg
houspa,[],['call'],-9.2901,-36.2369,Passer domesticus,House Sparrow,Dante Buzzetti,Creative Commons Attribution-NonCommercial-ShareAlike 4.0,5.0,7:30,https://www.xeno-canto.org/522713,houspa/XC522713.ogg
houspa,[],['call'],54.6865,25.2933,Passer domesticus,House Sparrow,Rostyslav Romanyshyn,Creative Commons Attribution-NonCommercial-ShareAlike 4.0,4.0,13:30,https://www.xeno-canto.org/524219,houspa/XC524219.ogg
houspa,[],['flight call'],44.6562,-1.2553,Passer domesticus,House Sparrow,Stanislas Wroza,Creative Commons Attribution-NonCommercial-ShareAlike 4.0,5.0,09:00,https://www.xeno-canto.org/526397,houspa/XC526397.ogg
houspa,[],['flight call'],44.6562,-1.2553,Passer domesticus,House Sparrow,Stanislas Wroza,Creative Commons Attribution-NonCommercial-ShareAlike 4.0,4.0,09:00,https://www.xeno-canto.org/526399,houspa/XC526399.ogg
houspa,[],['flight call'],48.4609,-5.0449,Passer domesticus,House Sparrow,Stanislas Wroza,Creative Commons Attribution-NonCommercial-ShareAlike 4.0,4.0,09:00,https://www.xeno-canto.org/527132,houspa/XC527132.ogg
houspa,[],['call'],31.2897,-4.0931,Passer domesticus,House Sparrow,James Lidster,Creative Commons Attribution-NonCommercial-ShareAlike 4.0,4.0,07:00,https://www.xeno-canto.org/527399,houspa/XC527399.ogg
houspa,[],['call'],37.1551,-7.6945,Passer domesticus,House Sparrow,Nelson Conceição,Creative Commons Attribution-NonCommercial-ShareAlike 4.0,5.0,16:57,https://www.xeno-canto.org/527801,houspa/XC527801.ogg
houspa,[],['call'],37.1551,-7.6945,Passer domesticus,House Sparrow,Nelson Conceição,Creative Commons Attribution-NonCommercial-ShareAlike 4.0,5.0,17:00,https://www.xeno-canto.org/527804,houspa/XC527804.ogg
houspa,[],['call'],24.9477,56.3649,Passer domesticus,House Sparrow,James Lidster,Creative Commons Attribution-NonCommercial-ShareAlike 4.0,5.0,08:00,https://www.xeno-canto.org/528971,houspa/XC528971.ogg
houspa,[],['call'],37.1379,-7.6303,Passer domesticus,House Sparrow,Nelson Conceição,Creative Commons Attribution-NonCommercial-ShareAlike 4.0,4.5,07:01,https://www.xeno-canto.org/530698,houspa/XC530698.ogg
houspa,[],"['Chirp song', 'adult', 'call', 'chatter', 'sex uncertain', 'song', 'wing flapping']",35.405,-120.8689,Passer domesticus,House Sparrow,Thomas G. Graves,Creative Commons Attribution-NonCommercial-ShareAlike 4.0,4.0,17:38,https://www.xeno-canto.org/531007,houspa/XC531007.ogg
houspa,[],"['adult', 'alarm call', 'call', 'sex uncertain']",25.7324,-109.0271,Passer domesticus,House Sparrow,Isain Contreras Rodríguez,Creative Commons Attribution-NonCommercial-ShareAlike 4.0,5.0,08:30,https://www.xeno-canto.org/531185,houspa/XC531185.ogg
houspa,[],['song'],37.1379,-7.6303,Passer domesticus,House Sparrow,Nelson Conceição,Creative Commons Attribution-NonCommercial-ShareAlike 4.0,4.5,07:00,https://www.xeno-canto.org/533263,houspa/XC533263.ogg
houspa,[],"['call', 'flight call']",37.1379,-7.6303,Passer domesticus,House Sparrow,Nelson Conceição,Creative Commons Attribution-NonCommercial-ShareAlike 4.0,3.5,08:04,https://www.xeno-canto.org/533281,houspa/XC533281.ogg
houspa,[],['call'],40.7797,-3.7941,Passer domesticus,House Sparrow,Jose A. Neila Ballesteros,Creative Commons Attribution-NonCommercial-ShareAlike 4.0,5.0,12:19,https://www.xeno-canto.org/535380,houspa/XC535380.ogg
houspa,[],['flight call'],44.6562,-1.2553,Passer domesticus,House Sparrow,Stanislas Wroza,Creative Commons Attribution-NonCommercial-ShareAlike 4.0,4.0,08:30,https://www.xeno-canto.org/535947,houspa/XC535947.ogg
houspa,[],['male'],58.3642,26.7123,Passer domesticus,House Sparrow,Veljo Runnel,Creative Commons Attribution-NonCommercial-ShareAlike 4.0,4.0,10:00,https://www.xeno-canto.org/536082,houspa/XC536082.ogg
houspa,[],"['adult', 'male', 'song']",25.72,32.601,Passer domesticus,House Sparrow,Remco Hofland,Creative Commons Attribution-NonCommercial-ShareAlike 4.0,3.5,07:22,https://www.xeno-canto.org/537248,houspa/XC537248.ogg
houspa,[],"['call', 'song']",47.9189,-2.2797,Passer domesticus,House Sparrow,Gaëtan Mineau,Creative Commons Attribution-NonCommercial-ShareAlike 4.0,5.0,08:00,https://www.xeno-canto.org/539455,houspa/XC539455.ogg
houspa,[],['call'],37.1379,-7.6303,Passer domesticus,House Sparrow,Nelson Conceição,Creative Commons Attribution-NonCommercial-ShareAlike 4.0,4.5,06:39,https://www.xeno-canto.org/541431,houspa/XC541431.ogg
houspa,[],"['call', 'flight call']",37.1379,-7.6303,Passer domesticus,House Sparrow,Nelson Conceição,Creative Commons Attribution-NonCommercial-ShareAlike 4.0,5.0,06:52,https://www.xeno-canto.org/541432,houspa/XC541432.ogg
houspa,[],['call'],37.1379,-7.6303,Passer domesticus,House Sparrow,Nelson Conceição,Creative Commons Attribution-NonCommercial-ShareAlike 4.0,4.5,07:22,https://www.xeno-canto.org/541445,houspa/XC541445.ogg
houspa,[],['call'],37.1379,-7.6303,Passer domesticus,House Sparrow,Nelson Conceição,Creative Commons Attribution-NonCommercial-ShareAlike 4.0,4.5,06:45,https://www.xeno-canto.org/541527,houspa/XC541527.ogg
houspa,[],['flight call'],37.1253,-7.66,Passer domesticus,House Sparrow,Nelson Conceição,Creative Commons Attribution-NonCommercial-ShareAlike 4.0,4.5,09:42,https://www.xeno-canto.org/542024,houspa/XC542024.ogg
houspa,[],"['alarm call', 'call']",37.1379,-7.6303,Passer domesticus,House Sparrow,Nelson Conceição,Creative Commons Attribution-NonCommercial-ShareAlike 4.0,4.5,19:34,https://www.xeno-canto.org/542030,houspa/XC542030.ogg
houspa,[],"['life stage uncertain', 'male', 'song']",17.1733,-96.7706,Passer domesticus,House Sparrow,Manuel Grosselet,Creative Commons Attribution-NonCommercial-ShareAlike 4.0,5.0,08:00,https://www.xeno-canto.org/542231,houspa/XC542231.ogg
houspa,[],"['male', 'song']",46.5305,0.2365,Passer domesticus,House Sparrow,Benoît Van Hecke,Creative Commons Attribution-ShareAlike 4.0,5.0,13:18,https://www.xeno-canto.org/543237,houspa/XC543237.ogg
houspa,[],['call'],37.1379,-7.6303,Passer domesticus,House Sparrow,Nelson Conceição,Creative Commons Attribution-NonCommercial-ShareAlike 4.0,4.5,19:12,https://www.xeno-canto.org/544142,houspa/XC544142.ogg
houspa,[],"['adult', 'song']",41.3448,2.0292,Passer domesticus,House Sparrow,Iván Vega ,Creative Commons Attribution-NonCommercial-ShareAlike 4.0,4.5,07:00,https://www.xeno-canto.org/544200,houspa/XC544200.ogg
houspa,[],"['adult', 'male', 'song']",41.5564,1.8551,Passer domesticus,House Sparrow,Jordi Calvet,Creative Commons Attribution-NonCommercial-ShareAlike 4.0,5.0,10:00,https://www.xeno-canto.org/544308,houspa/XC544308.ogg
houspa,['cangoo'],"['call', 'song']",51.1405,4.9916,Passer domesticus,House Sparrow,Niels Van Doninck,Creative Commons Attribution-NonCommercial-ShareAlike 4.0,4.5,07:30,https://www.xeno-canto.org/545734,houspa/XC545734.ogg
houspa,[],"['call', 'song']",51.1405,4.9916,Passer domesticus,House Sparrow,Niels Van Doninck,Creative Commons Attribution-NonCommercial-ShareAlike 4.0,4.5,07:30,https://www.xeno-canto.org/545735,houspa/XC545735.ogg
houspa,[],"['adult', 'male', 'song']",46.5763,0.3219,Passer domesticus,House Sparrow,Jack Berteau,Creative Commons Attribution-NonCommercial-ShareAlike 4.0,4.5,19:30,https://www.xeno-canto.org/546206,houspa/XC546206.ogg
houspa,[],['call'],40.7362,-3.7485,Passer domesticus,House Sparrow,Jose A. Neila Ballesteros,Creative Commons Attribution-NonCommercial-ShareAlike 4.0,5.0,12:35,https://www.xeno-canto.org/546263,houspa/XC546263.ogg
houspa,[],"['male', 'song']",52.3851,16.9611,Passer domesticus,House Sparrow,Sławomir Karpicki-Ignatowski,Creative Commons Attribution-NonCommercial-ShareAlike 4.0,3.0,13:30,https://www.xeno-canto.org/548061,houspa/XC548061.ogg
houspa,[],['alarm call'],37.1379,-7.6303,Passer domesticus,House Sparrow,Nelson Conceição,Creative Commons Attribution-NonCommercial-ShareAlike 4.0,3.5,07:36,https://www.xeno-canto.org/548522,houspa/XC548522.ogg
houspa,[],['alarm call'],37.1379,-7.6303,Passer domesticus,House Sparrow,Nelson Conceição,Creative Commons Attribution-NonCommercial-ShareAlike 4.0,4.5,07:47,https://www.xeno-canto.org/548526,houspa/XC548526.ogg
houspa,[],['alarm call'],37.1379,-7.6303,Passer domesticus,House Sparrow,Nelson Conceição,Creative Commons Attribution-NonCommercial-ShareAlike 4.0,4.5,08:18,https://www.xeno-canto.org/548543,houspa/XC548543.ogg
houspa,[],['call'],45.768,4.8659,Passer domesticus,House Sparrow,Vincent Pourchaire,Creative Commons Attribution-NonCommercial-ShareAlike 4.0,5.0,06:00,https://www.xeno-canto.org/549665,houspa/XC549665.ogg
houspa,[],['call'],40.737,-3.7485,Passer domesticus,House Sparrow,Jose A. Neila Ballesteros,Creative Commons Attribution-NonCommercial-ShareAlike 4.0,5.0,9:54,https://www.xeno-canto.org/552835,houspa/XC552835.ogg
houspa,[],"['call', 'flight call']",37.1379,-7.6303,Passer domesticus,House Sparrow,Nelson Conceição,Creative Commons Attribution-NonCommercial-ShareAlike 4.0,4.5,06:54,https://www.xeno-canto.org/553546,houspa/XC553546.ogg
houspa,[],"['call', 'flight call']",37.1379,-7.6303,Passer domesticus,House Sparrow,Nelson Conceição,Creative Commons Attribution-NonCommercial-ShareAlike 4.0,4.5,07:05,https://www.xeno-canto.org/553550,houspa/XC553550.ogg
houspa,[],['call'],37.1379,-7.6303,Passer domesticus,House Sparrow,Nelson Conceição,Creative Commons Attribution-NonCommercial-ShareAlike 4.0,4.5,07:42,https://www.xeno-canto.org/553556,houspa/XC553556.ogg
houspa,[],['song'],51.1407,4.9914,Passer domesticus,House Sparrow,Niels Van Doninck,Creative Commons Attribution-NonCommercial-ShareAlike 4.0,4.5,06:40,https://www.xeno-canto.org/553623,houspa/XC553623.ogg
houspa,[],['song'],41.0871,1.1009,Passer domesticus,House Sparrow,Sidney M,Creative Commons Attribution-NonCommercial-ShareAlike 4.0,5.0,18:00,https://www.xeno-canto.org/553795,houspa/XC553795.ogg
houspa,[],['call'],41.0871,1.1009,Passer domesticus,House Sparrow,Sidney M,Creative Commons Attribution-NonCommercial-ShareAlike 4.0,5.0,18:00,https://www.xeno-canto.org/553807,houspa/XC553807.ogg
houspa,[],"['adult', 'male', 'song']",53.3687,-8.6788,Passer domesticus,House Sparrow,padraig cullinan,Creative Commons Attribution-NonCommercial-ShareAlike 4.0,2.5,12:30,https://www.xeno-canto.org/554150,houspa/XC554150.ogg
houspa,[],['song'],40.7442,-3.7444,Passer domesticus,House Sparrow,Jose A. Neila Ballesteros,Creative Commons Attribution-NonCommercial-ShareAlike 4.0,4.5,10:57,https://www.xeno-canto.org/554478,houspa/XC554478.ogg
houspa,[],['song'],40.7362,-3.7471,Passer domesticus,House Sparrow,Jose A. Neila Ballesteros,Creative Commons Attribution-NonCommercial-ShareAlike 4.0,5.0,17:00,https://www.xeno-canto.org/554654,houspa/XC554654.ogg
houspa,[],"['adult', 'male', 'song']",57.4706,-4.163,Passer domesticus,House Sparrow,B Whyte,Creative Commons Attribution-NonCommercial-ShareAlike 4.0,4.5,14:30,https://www.xeno-canto.org/554794,houspa/XC554794.ogg
houspa,[],['call'],41.0871,1.1009,Passer domesticus,House Sparrow,Sidney M,Creative Commons Attribution-NonCommercial-ShareAlike 4.0,5.0,16:30,https://www.xeno-canto.org/555715,houspa/XC555715.ogg
houspa,[],['call'],37.1379,-7.6303,Passer domesticus,House Sparrow,Nelson Conceição,Creative Commons Attribution-NonCommercial-ShareAlike 4.0,4.5,06:08,https://www.xeno-canto.org/556816,houspa/XC556816.ogg
houspa,[],['call'],37.1379,-7.6303,Passer domesticus,House Sparrow,Nelson Conceição,Creative Commons Attribution-NonCommercial-ShareAlike 4.0,4.5,08:51,https://www.xeno-canto.org/556841,houspa/XC556841.ogg
houspa,[],['call'],40.7375,-3.7485,Passer domesticus,House Sparrow,Jose A. Neila Ballesteros,Creative Commons Attribution-NonCommercial-ShareAlike 4.0,5.0,17:09,https://www.xeno-canto.org/556947,houspa/XC556947.ogg
houspa,[],['call'],50.3692,8.8754,Passer domesticus,House Sparrow,brickegickel,Creative Commons Attribution-NonCommercial-ShareAlike 4.0,4.0,16:30,https://www.xeno-canto.org/557009,houspa/XC557009.ogg
houspa,[],['call'],41.0871,1.1009,Passer domesticus,House Sparrow,Sidney M,Creative Commons Attribution-NonCommercial-ShareAlike 4.0,5.0,09:30,https://www.xeno-canto.org/557351,houspa/XC557351.ogg
houspa,[],['call'],37.1379,-7.6303,Passer domesticus,House Sparrow,Nelson Conceição,Creative Commons Attribution-NonCommercial-ShareAlike 4.0,4.5,07:02,https://www.xeno-canto.org/557778,houspa/XC557778.ogg
houspa,[],['call'],37.1379,-7.6303,Passer domesticus,House Sparrow,Nelson Conceição,Creative Commons Attribution-NonCommercial-ShareAlike 4.0,4.5,07:30,https://www.xeno-canto.org/557782,houspa/XC557782.ogg
houspa,[],"['aberrant', 'adult', 'male', 'song']",51.3492,5.5556,Passer domesticus,House Sparrow,Bram Aarts,Creative Commons Attribution-NonCommercial-ShareAlike 4.0,4.0,11:30,https://www.xeno-canto.org/558281,houspa/XC558281.ogg
houspa,[],['call'],51.9582,4.9855,Passer domesticus,House Sparrow,Albert Noorlander,Creative Commons Attribution-NonCommercial-ShareAlike 4.0,5.0,10:15,https://www.xeno-canto.org/559091,houspa/XC559091.ogg
houspa,[],"['adult', 'call', 'female', 'male', 'song']",52.7001,23.8501,Passer domesticus,House Sparrow,Jarek Matusiak,Creative Commons Attribution-NonCommercial-ShareAlike 4.0,5.0,10:00,https://www.xeno-canto.org/559610,houspa/XC559610.ogg
houspa,[],"['male', 'song']",49.634,26.2213,Passer domesticus,House Sparrow,Ruslan Mazuryk,Creative Commons Attribution-NonCommercial-ShareAlike 4.0,4.5,12:59,https://www.xeno-canto.org/559708,houspa/XC559708.ogg
houspa,[],"['male', 'song']",49.634,26.2213,Passer domesticus,House Sparrow,Ruslan Mazuryk,Creative Commons Attribution-NonCommercial-ShareAlike 4.0,0.5,06:17,https://www.xeno-canto.org/559720,houspa/XC559720.ogg
houspa,[],"['male', 'song']",49.634,26.2213,Passer domesticus,House Sparrow,Ruslan Mazuryk,Creative Commons Attribution-NonCommercial-ShareAlike 4.0,0.5,06:19,https://www.xeno-canto.org/559721,houspa/XC559721.ogg
houspa,[],"['male', 'song']",49.634,26.2213,Passer domesticus,House Sparrow,Ruslan Mazuryk,Creative Commons Attribution-NonCommercial-ShareAlike 4.0,5.0,13:43,https://www.xeno-canto.org/559757,houspa/XC559757.ogg
houspa,[],"['call', 'female', 'male', 'song']",51.8662,16.5775,Passer domesticus,House Sparrow,Adrianna Muszyńska,Creative Commons Attribution-NonCommercial-ShareAlike 4.0,5.0,19:49,https://www.xeno-canto.org/559874,houspa/XC559874.ogg
houspa,[],"['adult', 'male', 'song']",59.2358,17.7099,Passer domesticus,House Sparrow,Hans Norelius,Creative Commons Attribution-NonCommercial-ShareAlike 4.0,5.0,12:30,https://www.xeno-canto.org/563091,houspa/XC563091.ogg
houspa,[],['call'],33.177,-115.6156,Passer domesticus,House Sparrow,Paul Marvin,Creative Commons Attribution-NonCommercial-ShareAlike 4.0,4.5,11:31,https://www.xeno-canto.org/565196,houspa/XC565196.ogg
houspa,[],"['male', 'song']",48.5861,-1.3272,Passer domesticus,House Sparrow,Olivier SWIFT,Creative Commons Attribution-NonCommercial-ShareAlike 4.0,3.5,14:09,https://www.xeno-canto.org/565365,houspa/XC565365.ogg
houspa,[],"['male', 'song']",47.9983,-2.7196,Passer domesticus,House Sparrow,Olivier SWIFT,Creative Commons Attribution-NonCommercial-ShareAlike 4.0,5.0,12:38,https://www.xeno-canto.org/565683,houspa/XC565683.ogg
houspa,[],"['adult', 'alarm call', 'male']",47.5251,7.6087,Passer domesticus,House Sparrow,Peter Ertl,Creative Commons Attribution-NonCommercial-ShareAlike 4.0,5.0,21:00,https://www.xeno-canto.org/568480,houspa/XC568480.ogg
houspa,[],"['call', 'life stage uncertain', 'sex uncertain']",51.8272,-8.001,Passer domesticus,House Sparrow,Mr Mark Shorten,Creative Commons Attribution-NonCommercial-ShareAlike 4.0,2.5,10:30,https://www.xeno-canto.org/570222,houspa/XC570222.ogg
houspa,[],['song'],44.8398,-93.3786,Passer domesticus,House Sparrow,Michael Hurben,Creative Commons Attribution-NonCommercial-ShareAlike 4.0,4.0,06:00,https://www.xeno-canto.org/570608,houspa/XC570608.ogg
houspa,[],"['adult', 'alarm call', 'male']",49.7639,0.3695,Passer domesticus,House Sparrow,Olivier SWIFT,Creative Commons Attribution-NonCommercial-ShareAlike 4.0,4.5,06:54,https://www.xeno-canto.org/571253,houspa/XC571253.ogg
houspa,[],"['adult', 'call', 'male']",23.5658,-105.8415,Passer domesticus,House Sparrow,Manuel Grosselet,Creative Commons Attribution-NonCommercial-ShareAlike 4.0,5.0,06:30,https://www.xeno-canto.org/575359,houspa/XC575359.ogg
houspa,[],"['adult', 'call', 'male']",17.1733,-96.7706,Passer domesticus,House Sparrow,Manuel Grosselet,Creative Commons Attribution-NonCommercial-ShareAlike 4.0,5.0,07:30,https://www.xeno-canto.org/576357,houspa/XC576357.ogg
houspa,['houfin'],"['adult', 'male', 'song']",17.1733,-96.7706,Passer domesticus,House Sparrow,Manuel Grosselet,Creative Commons Attribution-NonCommercial-ShareAlike 4.0,4.5,08:00,https://www.xeno-canto.org/576358,houspa/XC576358.ogg
houspa,[],['song'],31.214,-3.988,Passer domesticus,House Sparrow,Garry Bakker,Creative Commons Attribution-NonCommercial-ShareAlike 4.0,4.5,06:00,https://www.xeno-canto.org/577017,houspa/XC577017.ogg
houspa,[],"['adult', 'call', 'male']",19.255,-99.0254,Passer domesticus,House Sparrow,Isain Contreras Rodríguez,Creative Commons Attribution-NonCommercial-ShareAlike 4.0,4.0,07:00,https://www.xeno-canto.org/577120,houspa/XC577120.ogg
houspa,[],['call'],18.5013,73.8049,Passer domesticus,House Sparrow,Rajgopal Patil,Creative Commons Attribution-NonCommercial-ShareAlike 4.0,4.0,07:01,https://www.xeno-canto.org/577680,houspa/XC577680.ogg
houspa,[],['call'],18.5013,73.8049,Passer domesticus,House Sparrow,Rajgopal Patil,Creative Commons Attribution-NonCommercial-ShareAlike 4.0,5.0,07:12,https://www.xeno-canto.org/577878,houspa/XC577878.ogg
houspa,[],"['alarm call', 'female']",42.5692,-8.8287,Passer domesticus,House Sparrow,Jacobo Ramil MIllarengo,Creative Commons Attribution-NonCommercial-ShareAlike 4.0,3.5,17:00,https://www.xeno-canto.org/578210,houspa/XC578210.ogg
houspa,[],['call'],50.4708,3.7111,Passer domesticus,House Sparrow,Alain Malengreau,Creative Commons Attribution-NonCommercial-ShareAlike 4.0,5.0,09:30,https://www.xeno-canto.org/581789,houspa/XC581789.ogg
houspa,[],['call'],51.845,16.5872,Passer domesticus,House Sparrow,Grzegorz Lorek,Creative Commons Attribution-NonCommercial-ShareAlike 4.0,1.5,20:00,https://www.xeno-canto.org/582600,houspa/XC582600.ogg
houspa,[],['call'],51.5121,4.4359,Passer domesticus,House Sparrow,Ad Hilders,Creative Commons Attribution-NonCommercial-ShareAlike 4.0,3.0,08:12,https://www.xeno-canto.org/583066,houspa/XC583066.ogg
houspa,[],"['call', 'sex uncertain']",-12.248,49.3425,Passer domesticus,House Sparrow,Ken Behrens,Creative Commons Attribution-NonCommercial-ShareAlike 4.0,5.0,06:30,https://www.xeno-canto.org/583867,houspa/XC583867.ogg
houspa,[],"['call', 'sex uncertain']",-12.248,49.3425,Passer domesticus,House Sparrow,Ken Behrens,Creative Commons Attribution-NonCommercial-ShareAlike 4.0,5.0,06:30,https://www.xeno-canto.org/583868,houspa/XC583868.ogg
houspa,[],"['call', 'sex uncertain']",-12.248,49.3425,Passer domesticus,House Sparrow,Ken Behrens,Creative Commons Attribution-NonCommercial-ShareAlike 4.0,5.0,06:30,https://www.xeno-canto.org/583870,houspa/XC583870.ogg
houspa,[],['flight call'],48.4543,-5.1272,Passer domesticus,House Sparrow,Stanislas Wroza,Creative Commons Attribution-NonCommercial-ShareAlike 4.0,4.0,09:00,https://www.xeno-canto.org/584356,houspa/XC584356.ogg
houspa,[],['call'],51.5121,4.4359,Passer domesticus,House Sparrow,Ad Hilders,Creative Commons Attribution-NonCommercial-ShareAlike 4.0,3.0,08:53,https://www.xeno-canto.org/587344,houspa/XC587344.ogg
houspa,[],['call'],29.7315,-95.3796,Passer domesticus,House Sparrow,Howard Laidlaw,Creative Commons Attribution-NonCommercial-ShareAlike 4.0,3.5,08:20,https://www.xeno-canto.org/587794,houspa/XC587794.ogg
houspa,[],"['call', 'life stage uncertain', 'sex uncertain']",48.2741,10.8188,Passer domesticus,House Sparrow,johannes buhl,Creative Commons Attribution-NonCommercial-ShareAlike 4.0,2.5,?,https://www.xeno-canto.org/588452,houspa/XC588452.ogg
houspa,[],"['call', 'male']",56.6777,12.8281,Passer domesticus,House Sparrow,Henrik Storm ,Creative Commons Attribution-NonCommercial-ShareAlike 4.0,4.0,09:00,https://www.xeno-canto.org/588966,houspa/XC588966.ogg
houspa,[],"['call', 'life stage uncertain', 'sex uncertain']",48.2741,10.8188,Passer domesticus,House Sparrow,johannes buhl,Creative Commons Attribution-NonCommercial-ShareAlike 4.0,2.5,07:30,https://www.xeno-canto.org/589497,houspa/XC589497.ogg
houspa,[],"['call', 'life stage uncertain', 'sex uncertain']",51.915,16.848,Passer domesticus,House Sparrow,Grzegorz Lorek,Creative Commons Attribution-NonCommercial-ShareAlike 4.0,3.5,13:20,https://www.xeno-canto.org/589957,houspa/XC589957.ogg
houspa,[],"['adult', 'call', 'sex uncertain', 'song']",42.7336,-71.5946,Passer domesticus,House Sparrow,Christopher McPherson,Creative Commons Attribution-NonCommercial-ShareAlike 4.0,3.5,09:30,https://www.xeno-canto.org/601496,houspa/XC601496.ogg
houspa,[],"['alarm call', 'call']",43.9362,2.1926,Passer domesticus,House Sparrow,Cedric Mroczko,Creative Commons Attribution-NonCommercial-ShareAlike 4.0,3.5,13:30,https://www.xeno-canto.org/603162,houspa/XC603162.ogg
houspa,[],['call'],51.3921,3.483,Passer domesticus,House Sparrow,Ad Hilders,Creative Commons Attribution-NonCommercial-ShareAlike 4.0,3.0,12:40,https://www.xeno-canto.org/603422,houspa/XC603422.ogg
houspa,[],"['call', 'poule domestique', 'étourneau sansonnet']",50.7756,3.0142,Passer domesticus,House Sparrow,WINDELS Martin,Creative Commons Attribution-NonCommercial-ShareAlike 4.0,3.0,08:30,https://www.xeno-canto.org/603835,houspa/XC603835.ogg
houspa,[],"['call', 'life stage uncertain', 'sex uncertain']",41.5427,1.3851,Passer domesticus,House Sparrow,Sergi,Creative Commons Attribution-NonCommercial-ShareAlike 4.0,4.0,08:23,https://www.xeno-canto.org/607567,houspa/XC607567.ogg
houspa,[],"['adult', 'male', 'song']",52.0206,4.7265,Passer domesticus,House Sparrow,djsaaltink,Creative Commons Attribution-NonCommercial-ShareAlike 4.0,4.0,09:00,https://www.xeno-canto.org/607832,houspa/XC607832.ogg
houspa,[],"['call', 'female', 'life stage uncertain', 'male']",51.9012,-8.4872,Passer domesticus,House Sparrow,Harry Hussey,Creative Commons Attribution-NonCommercial-ShareAlike 4.0,4.5,15:47,https://www.xeno-canto.org/608667,houspa/XC608667.ogg
houspa,[],['call'],42.2248,3.0921,Passer domesticus,House Sparrow,Sean Ronayne,Creative Commons Attribution-NonCommercial-ShareAlike 4.0,5.0,11:00,https://www.xeno-canto.org/611493,houspa/XC611493.ogg
houspa,['commyn'],"['adult', 'sex uncertain', 'song']",-17.721,168.3117,Passer domesticus,House Sparrow,Dominik Maximilián Ramík,Creative Commons Attribution-NonCommercial-ShareAlike 4.0,3.5,07:45,https://www.xeno-canto.org/612159,houspa/XC612159.ogg
houspa,[],['call'],51.822,-0.489,Passer domesticus,House Sparrow,Calum Mckellar,Creative Commons Attribution-NonCommercial-ShareAlike 4.0,5.0,11:09,https://www.xeno-canto.org/614109,houspa/XC614109.ogg
houspa,[],"['adult', 'call', 'sex uncertain']",51.2084,-2.1862,Passer domesticus,House Sparrow,Steve Dettmar,Creative Commons Attribution-NonCommercial-ShareAlike 4.0,4.0,15:00,https://www.xeno-canto.org/614199,houspa/XC614199.ogg
houspa,[],"['adult', 'male', 'song']",59.3495,18.0535,Passer domesticus,House Sparrow,Gunnar Dolk,Creative Commons Attribution-NonCommercial-ShareAlike 4.0,4.0,12:30,https://www.xeno-canto.org/614408,houspa/XC614408.ogg
houspa,[],"['call', 'song']",49.8794,19.2172,Passer domesticus,House Sparrow,Karol Łanocha,Creative Commons Attribution-NonCommercial-ShareAlike 4.0,3.0,11:30,https://www.xeno-canto.org/616102,houspa/XC616102.ogg
houspa,[],"['adult', 'call', 'male', 'song']",47.2163,9.6946,Passer domesticus,House Sparrow,Georg Amann,Creative Commons Attribution-NonCommercial-ShareAlike 4.0,4.0,15:00,https://www.xeno-canto.org/619794,houspa/XC619794.ogg
houspa,[],"['street traffic', 'uncertain']",38.9286,-77.029,Passer domesticus,House Sparrow,Vishal,Creative Commons Attribution-ShareAlike 4.0,3.5,12:30,https://www.xeno-canto.org/621056,houspa/XC621056.ogg
houspa,[],"['life stage uncertain', 'sex uncertain', 'song']",48.2741,10.8188,Passer domesticus,House Sparrow,johannes buhl,Creative Commons Attribution-NonCommercial-ShareAlike 4.0,2.0,?,https://www.xeno-canto.org/621250,houspa/XC621250.ogg
houspa,[],"['life stage uncertain', 'sex uncertain', 'song']",48.2741,10.8188,Passer domesticus,House Sparrow,johannes buhl,Creative Commons Attribution-NonCommercial-ShareAlike 4.0,1.5,?,https://www.xeno-canto.org/621251,houspa/XC621251.ogg
houspa,[],"['life stage uncertain', 'sex uncertain', 'song']",48.2741,10.8188,Passer domesticus,House Sparrow,johannes buhl,Creative Commons Attribution-NonCommercial-ShareAlike 4.0,2.0,?,https://www.xeno-canto.org/621252,houspa/XC621252.ogg
houspa,[],['call'],51.8585,-8.2699,Passer domesticus,House Sparrow,Irish Wildlife Sounds,Creative Commons Attribution-NonCommercial-ShareAlike 4.0,4.0,9:00,https://www.xeno-canto.org/621407,houspa/XC621407.ogg
houspa,[],['call'],48.6394,1.6757,Passer domesticus,House Sparrow,Tanguy Loïs,Creative Commons Attribution-NonCommercial-ShareAlike 4.0,4.5,10:00,https://www.xeno-canto.org/621521,houspa/XC621521.ogg
houspa,[],"['adult', 'male', 'song']",53.2468,-1.9121,Passer domesticus,House Sparrow,Jon Lowes,Creative Commons Attribution-NonCommercial-ShareAlike 4.0,3.5,16:30,https://www.xeno-canto.org/622183,houspa/XC622183.ogg
houspa,[],"['life stage uncertain', 'sex uncertain', 'song']",48.2741,10.8188,Passer domesticus,House Sparrow,johannes buhl,Creative Commons Attribution-NonCommercial-ShareAlike 4.0,1.5,?,https://www.xeno-canto.org/622453,houspa/XC622453.ogg
houspa,[],"['call', 'life stage uncertain', 'sex uncertain']",41.2243,1.7254,Passer domesticus,House Sparrow,Sergi,Creative Commons Attribution-NonCommercial-ShareAlike 4.0,4.0,08:18,https://www.xeno-canto.org/623141,houspa/XC623141.ogg
houspa,[],"['call', 'life stage uncertain', 'sex uncertain', 'song']",48.2741,10.8188,Passer domesticus,House Sparrow,johannes buhl,Creative Commons Attribution-NonCommercial-ShareAlike 4.0,1.5,?,https://www.xeno-canto.org/623291,houspa/XC623291.ogg
houspa,[],"['call', 'life stage uncertain', 'sex uncertain', 'song']",48.2741,10.8188,Passer domesticus,House Sparrow,johannes buhl,Creative Commons Attribution-NonCommercial-ShareAlike 4.0,2.0,?,https://www.xeno-canto.org/623311,houspa/XC623311.ogg
houspa,['rinphe'],"['adult', 'call', 'sex uncertain', 'song']",45.8595,18.1256,Passer domesticus,House Sparrow,András Schmidt,Creative Commons Attribution-NonCommercial-ShareAlike 4.0,4.5,07:07,https://www.xeno-canto.org/623507,houspa/XC623507.ogg
houspa,[],"['call', 'female', 'male', 'wingbeats']",60.2109,25.1073,Passer domesticus,House Sparrow,Hannu Varkki,Creative Commons Attribution-NonCommercial-ShareAlike 4.0,4.5,09:58,https://www.xeno-canto.org/623850,houspa/XC623850.ogg
houspa,[],"['call', 'song']",48.2741,10.8188,Passer domesticus,House Sparrow,johannes buhl,Creative Commons Attribution-NonCommercial-ShareAlike 4.0,1.5,?,https://www.xeno-canto.org/624151,houspa/XC624151.ogg
houspa,[],['call'],48.2741,10.8188,Passer domesticus,House Sparrow,johannes buhl,Creative Commons Attribution-NonCommercial-ShareAlike 4.0,1.5,?,https://www.xeno-canto.org/624156,houspa/XC624156.ogg
houspa,[],"['call', 'life stage uncertain', 'sex uncertain', 'song']",48.2741,10.8188,Passer domesticus,House Sparrow,johannes buhl,Creative Commons Attribution-NonCommercial-ShareAlike 4.0,2.5,10:00,https://www.xeno-canto.org/625750,houspa/XC625750.ogg
houspa,[],"['life stage uncertain', 'sex uncertain', 'song']",48.2741,10.8188,Passer domesticus,House Sparrow,johannes buhl,Creative Commons Attribution-NonCommercial-ShareAlike 4.0,2.5,?,https://www.xeno-canto.org/625752,houspa/XC625752.ogg
houspa,[],"['life stage uncertain', 'sex uncertain', 'song']",48.2741,10.8188,Passer domesticus,House Sparrow,johannes buhl,Creative Commons Attribution-NonCommercial-ShareAlike 4.0,2.5,?,https://www.xeno-canto.org/626520,houspa/XC626520.ogg
houspa,[],"['adult', 'call', 'song']",48.038,-2.0593,Passer domesticus,House Sparrow,Olivier SWIFT,Creative Commons Attribution-NonCommercial-ShareAlike 4.0,5.0,15:30,https://www.xeno-canto.org/626828,houspa/XC626828.ogg
houspa,[],['call'],-17.6635,-63.1621,Passer domesticus,House Sparrow,Dante Buzzetti,Creative Commons Attribution-NonCommercial-ShareAlike 4.0,4.0,14:17,https://www.xeno-canto.org/627058,houspa/XC627058.ogg
houspa,[],"['call', 'life stage uncertain', 'sex uncertain']",51.5188,-3.0891,Passer domesticus,House Sparrow,Lee Alder,Creative Commons Attribution-NonCommercial-ShareAlike 4.0,3.5,11:30,https://www.xeno-canto.org/627916,houspa/XC627916.ogg
houspa,[],['call'],37.1379,-7.6303,Passer domesticus,House Sparrow,Nelson Conceição,Creative Commons Attribution-NonCommercial-ShareAlike 4.0,4.5,07:16,https://www.xeno-canto.org/628359,houspa/XC628359.ogg
houspa,[],"['adult', 'call', 'female', 'male', 'song']",49.8791,19.2146,Passer domesticus,House Sparrow,Karol Łanocha,Creative Commons Attribution-NonCommercial-ShareAlike 4.0,4.0,14:40,https://www.xeno-canto.org/631082,houspa/XC631082.ogg
houspa,[],"['group song', 'song']",47.9984,10.9503,Passer domesticus,House Sparrow,Beatrix Saadi-Varchmin,Creative Commons Attribution-NonCommercial-ShareAlike 4.0,4.5,08:40,https://www.xeno-canto.org/632363,houspa/XC632363.ogg
houspa,[],"['call', 'male']",51.958,4.986,Passer domesticus,House Sparrow,Albert Noorlander,Creative Commons Attribution-NonCommercial-ShareAlike 4.0,5.0,10:00,https://www.xeno-canto.org/632807,houspa/XC632807.ogg
houspa,[],"['adult', 'call']",51.9892,4.4694,Passer domesticus,House Sparrow,Susanne Kuijpers,Creative Commons Attribution-NonCommercial-ShareAlike 4.0,5.0,08:06,https://www.xeno-canto.org/635445,houspa/XC635445.ogg
houspa,[],['call'],43.6701,-79.4243,Passer domesticus,House Sparrow,Thomas Ryder Payne,Creative Commons Attribution-NonCommercial-ShareAlike 4.0,5.0,08:00,https://www.xeno-canto.org/636256,houspa/XC636256.ogg
houspa,[],"['adult', 'male', 'song']",51.5614,-0.3198,Passer domesticus,House Sparrow,Shailesh Patel,Creative Commons Attribution-NonCommercial-ShareAlike 4.0,5.0,07:00,https://www.xeno-canto.org/637964,houspa/XC637964.ogg
houspa,[],['call'],51.5121,4.4359,Passer domesticus,House Sparrow,Ad Hilders,Creative Commons Attribution-NonCommercial-ShareAlike 4.0,3.0,19:31,https://www.xeno-canto.org/638082,houspa/XC638082.ogg
houspa,[],['call'],17.1271,-96.8221,Passer domesticus,House Sparrow,Manuel Grosselet,Creative Commons Attribution-NonCommercial-ShareAlike 4.0,5.0,07:00,https://www.xeno-canto.org/638237,houspa/XC638237.ogg
houspa,[],['adult'],51.0763,7.0154,Passer domesticus,House Sparrow,Stephan Risch,Creative Commons Attribution-NonCommercial-ShareAlike 4.0,5.0,11:59,https://www.xeno-canto.org/638780,houspa/XC638780.ogg
houspa,[],['call'],37.1658,-7.6207,Passer domesticus,House Sparrow,Nelson Conceição,Creative Commons Attribution-NonCommercial-ShareAlike 4.0,5.0,11:49,https://www.xeno-canto.org/639612,houspa/XC639612.ogg
houspa,[],"['call', 'female', 'juvenile', 'male']",37.8844,-4.782,Passer domesticus,House Sparrow,Esperanza Poveda,Creative Commons Attribution-NonCommercial-ShareAlike 4.0,4.0,?,https://www.xeno-canto.org/641181,houspa/XC641181.ogg
houspa,[],"['call', 'female', 'juvenile', 'male']",37.8844,-4.782,Passer domesticus,House Sparrow,Esperanza Poveda,Creative Commons Attribution-NonCommercial-ShareAlike 4.0,4.0,?,https://www.xeno-canto.org/641187,houspa/XC641187.ogg
houspa,[],"['call', 'female', 'juvenile', 'male']",37.8844,-4.782,Passer domesticus,House Sparrow,Esperanza Poveda,Creative Commons Attribution-NonCommercial-ShareAlike 4.0,4.0,?,https://www.xeno-canto.org/641189,houspa/XC641189.ogg
houspa,[],"['call', 'female', 'juvenile', 'male']",37.8844,-4.782,Passer domesticus,House Sparrow,Esperanza Poveda,Creative Commons Attribution-NonCommercial-ShareAlike 4.0,4.0,?,https://www.xeno-canto.org/641211,houspa/XC641211.ogg
houspa,[],"['call', 'female', 'juvenile', 'male']",37.8844,-4.782,Passer domesticus,House Sparrow,Esperanza Poveda,Creative Commons Attribution-NonCommercial-ShareAlike 4.0,3.5,?,https://www.xeno-canto.org/641217,houspa/XC641217.ogg
houspa,['rorpar'],"['call', 'female', 'juvenile', 'male']",37.8844,-4.782,Passer domesticus,House Sparrow,Esperanza Poveda,Creative Commons Attribution-NonCommercial-ShareAlike 4.0,3.5,?,https://www.xeno-canto.org/641222,houspa/XC641222.ogg
houspa,['rocpig'],"['call', 'female', 'juvenile', 'male']",37.8844,-4.782,Passer domesticus,House Sparrow,Esperanza Poveda,Creative Commons Attribution-NonCommercial-ShareAlike 4.0,3.5,?,https://www.xeno-canto.org/641223,houspa/XC641223.ogg
houspa,[],"['call', 'female', 'male']",37.8844,-4.782,Passer domesticus,House Sparrow,Esperanza Poveda,Creative Commons Attribution-NonCommercial-ShareAlike 4.0,3.5,?,https://www.xeno-canto.org/642781,houspa/XC642781.ogg
houspa,[],"['call', 'female', 'male']",37.8844,-4.782,Passer domesticus,House Sparrow,Esperanza Poveda,Creative Commons Attribution-NonCommercial-ShareAlike 4.0,4.0,?,https://www.xeno-canto.org/642784,houspa/XC642784.ogg
houspa,[],"['call', 'female', 'male']",37.8844,-4.782,Passer domesticus,House Sparrow,Esperanza Poveda,Creative Commons Attribution-NonCommercial-ShareAlike 4.0,3.5,?,https://www.xeno-canto.org/642795,houspa/XC642795.ogg
houspa,[],"['call', 'female', 'male']",37.8844,-4.782,Passer domesticus,House Sparrow,Esperanza Poveda,Creative Commons Attribution-NonCommercial-ShareAlike 4.0,4.0,?,https://www.xeno-canto.org/642798,houspa/XC642798.ogg
houspa,[],"['call', 'female', 'male']",37.8887,-4.7741,Passer domesticus,House Sparrow,Esperanza Poveda,Creative Commons Attribution-NonCommercial-ShareAlike 4.0,3.5,?,https://www.xeno-canto.org/642802,houspa/XC642802.ogg
houspa,[],['call'],43.6475,-5.8482,Passer domesticus,House Sparrow,Marcel Gil Velasco,Creative Commons Attribution-NonCommercial-ShareAlike 4.0,5.0,19:00,https://www.xeno-canto.org/642972,houspa/XC642972.ogg
houspa,[],"['adult', 'call', 'sex uncertain']",69.578,18.64,Passer domesticus,House Sparrow,Stein Ø. Nilsen,Creative Commons Attribution-NonCommercial-ShareAlike 4.0,5.0,06:00,https://www.xeno-canto.org/643506,houspa/XC643506.ogg
houspa,[],"['adult', 'call', 'male', 'song']",49.879,19.2177,Passer domesticus,House Sparrow,Karol Łanocha,Creative Commons Attribution-NonCommercial-ShareAlike 4.0,4.5,12:45,https://www.xeno-canto.org/644350,houspa/XC644350.ogg
houspa,[],"['call', 'subsong']",52.4668,10.2034,Passer domesticus,House Sparrow,Sven Kransel,Creative Commons Attribution-NonCommercial-ShareAlike 4.0,5.0,21:00,https://www.xeno-canto.org/645287,houspa/XC645287.ogg
houspa,[],"['call', 'subsong']",52.4668,10.2034,Passer domesticus,House Sparrow,Sven Kransel,Creative Commons Attribution-NonCommercial-ShareAlike 4.0,4.5,21:00,https://www.xeno-canto.org/645288,houspa/XC645288.ogg
houspa,[],"['adult', 'call', 'male']",59.5496,18.1602,Passer domesticus,House Sparrow,Alan Dalton,Creative Commons Attribution-NonCommercial-ShareAlike 4.0,5.0,06:30,https://www.xeno-canto.org/645667,houspa/XC645667.ogg
houspa,[],"['call', 'life stage uncertain', 'sex uncertain']",48.2741,10.8188,Passer domesticus,House Sparrow,johannes buhl,Creative Commons Attribution-NonCommercial-ShareAlike 4.0,2.5,?,https://www.xeno-canto.org/649775,houspa/XC649775.ogg
houspa,[],"['call', 'life stage uncertain', 'sex uncertain']",48.2741,10.8188,Passer domesticus,House Sparrow,johannes buhl,Creative Commons Attribution-NonCommercial-ShareAlike 4.0,3.0,?,https://www.xeno-canto.org/649798,houspa/XC649798.ogg
houspa,[],"['adult', 'male', 'song']",49.8791,19.2153,Passer domesticus,House Sparrow,Karol Łanocha,Creative Commons Attribution-NonCommercial-ShareAlike 4.0,4.0,11:45,https://www.xeno-canto.org/650113,houspa/XC650113.ogg
houspa,[],"['call', 'life stage uncertain', 'sex uncertain', 'song']",48.2741,10.8188,Passer domesticus,House Sparrow,johannes buhl,Creative Commons Attribution-NonCommercial-ShareAlike 4.0,2.5,?,https://www.xeno-canto.org/650351,houspa/XC650351.ogg
houspa,[],"['call', 'life stage uncertain', 'sex uncertain']",48.2741,10.8188,Passer domesticus,House Sparrow,johannes buhl,Creative Commons Attribution-NonCommercial-ShareAlike 4.0,3.0,?,https://www.xeno-canto.org/650357,houspa/XC650357.ogg
houspa,[],['call'],23.3777,69.2658,Passer domesticus,House Sparrow,Jelle Scharringa,Creative Commons Attribution-NonCommercial-ShareAlike 4.0,5.0,14:00,https://www.xeno-canto.org/651790,houspa/XC651790.ogg
houspa,[],"['call', 'life stage uncertain', 'sex uncertain', 'song']",48.2741,10.8188,Passer domesticus,House Sparrow,johannes buhl,Creative Commons Attribution-NonCommercial-ShareAlike 4.0,2.5,?,https://www.xeno-canto.org/653358,houspa/XC653358.ogg
houspa,[],"['alarm call', 'call', 'life stage uncertain', 'sex uncertain']",48.2741,10.8188,Passer domesticus,House Sparrow,johannes buhl,Creative Commons Attribution-NonCommercial-ShareAlike 4.0,1.5,?,https://www.xeno-canto.org/653365,houspa/XC653365.ogg
houspa,[],"['life stage uncertain', 'sex uncertain', 'song']",48.2741,10.8188,Passer domesticus,House Sparrow,johannes buhl,Creative Commons Attribution-NonCommercial-ShareAlike 4.0,2.0,?,https://www.xeno-canto.org/653368,houspa/XC653368.ogg
houspa,[],['call'],51.9991,4.1377,Passer domesticus,House Sparrow,Ad Hilders,Creative Commons Attribution-NonCommercial-ShareAlike 4.0,3.0,06:15,https://www.xeno-canto.org/658167,houspa/XC658167.ogg
houspa,[],['call'],51.9991,4.1377,Passer domesticus,House Sparrow,Ad Hilders,Creative Commons Attribution-NonCommercial-ShareAlike 4.0,3.0,08:00,https://www.xeno-canto.org/658176,houspa/XC658176.ogg
houspa,[],['call'],51.9991,4.1377,Passer domesticus,House Sparrow,Ad Hilders,Creative Commons Attribution-NonCommercial-ShareAlike 4.0,3.0,08:55,https://www.xeno-canto.org/658241,houspa/XC658241.ogg
houspa,[],"['adult', 'call', 'male']",49.5849,20.6656,Passer domesticus,House Sparrow,Marcin Urbański,Creative Commons Attribution-NonCommercial-ShareAlike 4.0,5.0,17:30,https://www.xeno-canto.org/660840,houspa/XC660840.ogg
houspa,[],"['adult', 'song']",49.634,26.2213,Passer domesticus,House Sparrow,Ruslan Mazuryk,Creative Commons Attribution-NonCommercial-ShareAlike 4.0,4.5,18:37,https://www.xeno-canto.org/661494,houspa/XC661494.ogg
houspa,[],"['adult', 'male', 'song']",53.5267,22.8439,Passer domesticus,House Sparrow,Ireneusz Oleksik,Creative Commons Attribution-NonCommercial-ShareAlike 4.0,4.0,19:15,https://www.xeno-canto.org/662681,houspa/XC662681.ogg
houspa,[],['call'],41.8074,-8.8626,Passer domesticus,House Sparrow,Jorge Leitão,Creative Commons Attribution-NonCommercial-ShareAlike 4.0,4.5,20:14,https://www.xeno-canto.org/665867,houspa/XC665867.ogg
houspa,[],"['anthropogenic', 'call']",52.3857,-1.7909,Passer domesticus,House Sparrow,John Sirrett,Creative Commons Attribution-NonCommercial-ShareAlike 4.0,4.0,06:00,https://www.xeno-canto.org/667230,houspa/XC667230.ogg
hudgod,[],"['call', 'male', 'song']",58.6624,-93.834,Limosa haemastica,Hudsonian Godwit,Doug Hynes,Creative Commons Attribution-NonCommercial-ShareAlike 3.0,4.5,21:53,https://www.xeno-canto.org/114996,hudgod/XC114996.ogg
hudgod,[],"['call', 'flight call']",-41.8222,-73.6221,Limosa haemastica,Hudsonian Godwit,Fabrice Schmitt,Creative Commons Attribution-NonCommercial-ShareAlike 3.0,3.5,08:30,https://www.xeno-canto.org/116671,hudgod/XC116671.ogg
hudgod,['bongul'],['call'],61.124,-151.1033,Limosa haemastica,Hudsonian Godwit,Garrett MacDonald,Creative Commons Attribution-NonCommercial-ShareAlike 4.0,4.5,08:05,https://www.xeno-canto.org/193664,hudgod/XC193664.ogg
hudgod,['bongul'],['call'],61.124,-151.1033,Limosa haemastica,Hudsonian Godwit,Garrett MacDonald,Creative Commons Attribution-NonCommercial-ShareAlike 4.0,4.5,08:06,https://www.xeno-canto.org/193665,hudgod/XC193665.ogg
hudgod,[],"['adult', 'flight call', 'sex uncertain']",-31.2595,-50.9729,Limosa haemastica,Hudsonian Godwit,GABRIEL LEITE,Creative Commons Attribution-NonCommercial-ShareAlike 4.0,4.0,07:00,https://www.xeno-canto.org/510838,hudgod/XC510838.ogg
hudgod,[],['song'],-30.583027,-59.948959,Limosa haemastica,Hudsonian Godwit,Bernabe Lopez-Lanus,Creative Commons Attribution-NonCommercial-ShareAlike 3.0,4.0,?:?,https://www.xeno-canto.org/51113,hudgod/XC51113.ogg
hudgod,[],"['call', 'flight call', 'song']",68.3963,-140.091,Limosa haemastica,Hudsonian Godwit,Logan McLeod,Creative Commons Attribution-NonCommercial-ShareAlike 4.0,3.5,07:45,https://www.xeno-canto.org/548845,hudgod/XC548845.ogg
hudgod,[],"['adult', 'alarm call', 'flight call']",-23.8833,-46.4009,Limosa haemastica,Hudsonian Godwit,Robson Silva e Silva,Creative Commons Attribution-NonCommercial-ShareAlike 4.0,5.0,08:30,https://www.xeno-canto.org/596819,hudgod/XC596819.ogg
iiwi,['apapan'],['song'],20.7789,-156.2284,Drepanis coccinea,Iiwi,Lance A. M. Benner,Creative Commons Attribution-NonCommercial-ShareAlike 3.0,3.5,10:41,https://www.xeno-canto.org/113329,iiwi/XC113329.ogg
iiwi,"['apapan', 'hawama', 'omao']",['call'],19.7901,-155.3273,Drepanis coccinea,Iiwi,Thomas Hamel,Creative Commons Attribution-NonCommercial-ShareAlike 3.0,4.5,09:00,https://www.xeno-canto.org/157360,iiwi/XC157360.ogg
iiwi,"['apapan', 'hawama']","['call', 'song']",19.7901,-155.3273,Drepanis coccinea,Iiwi,Dan Lane,Creative Commons Attribution-NonCommercial-ShareAlike 4.0,3.5,12:00,https://www.xeno-canto.org/175504,iiwi/XC175504.ogg
iiwi,[],['song'],22.1467,-159.6134,Drepanis coccinea,Iiwi,Ross Gallardy,Creative Commons Attribution-NonCommercial-ShareAlike 4.0,3.0,10:00,https://www.xeno-canto.org/210207,iiwi/XC210207.ogg
iiwi,['apapan'],['song'],22.0815,-159.555,Drepanis coccinea,Iiwi,Patrick Blake,Creative Commons Attribution-NonCommercial-ShareAlike 4.0,4.5,10:30,https://www.xeno-canto.org/219960,iiwi/XC219960.ogg
iiwi,[],['call'],22.1493,-159.6099,Drepanis coccinea,Iiwi,Bobby Wilcox,Creative Commons Attribution-NonCommercial-ShareAlike 4.0,3.0,11:30,https://www.xeno-canto.org/256225,iiwi/XC256225.ogg
iiwi,['apapan'],['call'],22.1467,-159.6134,Drepanis coccinea,Iiwi,Daniel Lane,Creative Commons Attribution-NonCommercial-ShareAlike 3.0,3.5,12:45,https://www.xeno-canto.org/27307,iiwi/XC27307.ogg
iiwi,['warwhe1'],['call'],22.1467,-159.6134,Drepanis coccinea,Iiwi,Daniel Lane,Creative Commons Attribution-NonCommercial-ShareAlike 3.0,4.5,08:40,https://www.xeno-canto.org/27314,iiwi/XC27314.ogg
iiwi,['apapan'],"['call', 'song']",19.6814,-155.3976,Drepanis coccinea,Iiwi,Daniel Lane,Creative Commons Attribution-NonCommercial-ShareAlike 3.0,4.5,12:30,https://www.xeno-canto.org/27325,iiwi/XC27325.ogg
iiwi,"['apapan', 'hawama']",['song'],19.6814,-155.3976,Drepanis coccinea,Iiwi,Daniel Lane,Creative Commons Attribution-NonCommercial-ShareAlike 3.0,3.5,12:45,https://www.xeno-canto.org/27326,iiwi/XC27326.ogg
iiwi,[],['song'],22.1467,-159.6134,Drepanis coccinea,Iiwi,Daniel Lane,Creative Commons Attribution-NonCommercial-ShareAlike 3.0,4.0,09:15,https://www.xeno-canto.org/27335,iiwi/XC27335.ogg
iiwi,"['apapan', 'hawama', 'warwhe1']","['call', 'song']",19.7901,-155.3273,Drepanis coccinea,Iiwi,Daniel Lane,Creative Commons Attribution-NonCommercial-ShareAlike 3.0,3.5,12:20,https://www.xeno-canto.org/27346,iiwi/XC27346.ogg
iiwi,['hawama'],"['call', 'song']",19.7901,-155.3273,Drepanis coccinea,Iiwi,Daniel Lane,Creative Commons Attribution-NonCommercial-ShareAlike 3.0,4.5,12:20,https://www.xeno-canto.org/27347,iiwi/XC27347.ogg
iiwi,[],['call'],19.7901,-155.3273,Drepanis coccinea,Iiwi,Daniel Lane,Creative Commons Attribution-NonCommercial-ShareAlike 3.0,5.0,12:40,https://www.xeno-canto.org/27349,iiwi/XC27349.ogg
iiwi,[],['call'],22.1467,-159.6134,Drepanis coccinea,Iiwi,Daniel Lane,Creative Commons Attribution-NonCommercial-ShareAlike 3.0,4.5,09:45,https://www.xeno-canto.org/27365,iiwi/XC27365.ogg
iiwi,['kauama'],['song'],22.1467,-159.6134,Drepanis coccinea,Iiwi,Daniel Lane,Creative Commons Attribution-NonCommercial-ShareAlike 3.0,4.5,10:00,https://www.xeno-canto.org/27366,iiwi/XC27366.ogg
iiwi,['omao'],"['call', 'song']",19.6759,-155.3845,Drepanis coccinea,Iiwi,Daniel Lane,Creative Commons Attribution-NonCommercial-ShareAlike 3.0,4.5,13:45,https://www.xeno-canto.org/27377,iiwi/XC27377.ogg
iiwi,[],['begging call'],22.1467,-159.6134,Drepanis coccinea,Iiwi,Dan Lane,Creative Commons Attribution-NonCommercial-ShareAlike 4.0,3.5,10:00,https://www.xeno-canto.org/317140,iiwi/XC317140.ogg
iiwi,[],['call'],20.769,-156.237,Drepanis coccinea,Iiwi,Thomas G. Graves,Creative Commons Attribution-NonCommercial-ShareAlike 4.0,4.0,07:21,https://www.xeno-canto.org/326574,iiwi/XC326574.ogg
iiwi,[],['call'],20.769,-156.237,Drepanis coccinea,Iiwi,Thomas G. Graves,Creative Commons Attribution-NonCommercial-ShareAlike 4.0,5.0,07:35,https://www.xeno-canto.org/326576,iiwi/XC326576.ogg
iiwi,['houfin'],['call'],20.769,-156.237,Drepanis coccinea,Iiwi,Thomas G. Graves,Creative Commons Attribution-NonCommercial-ShareAlike 4.0,3.5,07:44,https://www.xeno-canto.org/326579,iiwi/XC326579.ogg
iiwi,[],['call'],20.769,-156.237,Drepanis coccinea,Iiwi,Thomas G. Graves,Creative Commons Attribution-NonCommercial-ShareAlike 4.0,4.0,08:12,https://www.xeno-canto.org/327339,iiwi/XC327339.ogg
iiwi,[],['song'],20.769,-156.237,Drepanis coccinea,Iiwi,Thomas G. Graves,Creative Commons Attribution-NonCommercial-ShareAlike 4.0,3.0,08:35,https://www.xeno-canto.org/327343,iiwi/XC327343.ogg
iiwi,['apapan'],['call'],20.769,-156.237,Drepanis coccinea,Iiwi,Thomas G. Graves,Creative Commons Attribution-NonCommercial-ShareAlike 4.0,3.5,10:15,https://www.xeno-canto.org/327358,iiwi/XC327358.ogg
iiwi,[],"['call', 'wing whir']",20.769,-156.237,Drepanis coccinea,Iiwi,Thomas G. Graves,Creative Commons Attribution-NonCommercial-ShareAlike 4.0,4.0,06:09,https://www.xeno-canto.org/327360,iiwi/XC327360.ogg
iiwi,['apapan'],['call'],20.769,-156.237,Drepanis coccinea,Iiwi,Thomas G. Graves,Creative Commons Attribution-NonCommercial-ShareAlike 4.0,3.5,06:19,https://www.xeno-canto.org/327361,iiwi/XC327361.ogg
iiwi,[],"['begging call', 'call', 'juvenile']",20.769,-156.237,Drepanis coccinea,Iiwi,Thomas G. Graves,Creative Commons Attribution-NonCommercial-ShareAlike 4.0,5.0,07:10,https://www.xeno-canto.org/327825,iiwi/XC327825.ogg
iiwi,[],"['adult', 'begging call', 'call', 'juvenile', 'song']",20.769,-156.237,Drepanis coccinea,Iiwi,Thomas G. Graves,Creative Commons Attribution-NonCommercial-ShareAlike 4.0,4.0,07:27,https://www.xeno-canto.org/327827,iiwi/XC327827.ogg
iiwi,[],['call'],19.672,-155.367,Drepanis coccinea,Iiwi,Ulf Elman,Creative Commons Attribution-NonCommercial-ShareAlike 4.0,5.0,12:36,https://www.xeno-canto.org/384959,iiwi/XC384959.ogg
iiwi,[],['call'],20.7123,-156.3029,Drepanis coccinea,Iiwi,Ulf Elman,Creative Commons Attribution-NonCommercial-ShareAlike 4.0,4.0,12:14,https://www.xeno-canto.org/384960,iiwi/XC384960.ogg
iiwi,"['hawama', 'iiwi', 'warwhe1']",['call'],20.7229,-156.3071,Drepanis coccinea,Iiwi,Ulf Elman,Creative Commons Attribution-NonCommercial-ShareAlike 4.0,3.5,15:04,https://www.xeno-canto.org/385038,iiwi/XC385038.ogg
iiwi,['hawama'],['call'],20.769,-156.237,Drepanis coccinea,Iiwi,Ulf Elman,Creative Commons Attribution-NonCommercial-ShareAlike 4.0,3.5,12:33,https://www.xeno-canto.org/385056,iiwi/XC385056.ogg
iiwi,[],['call'],19.6334,-155.3753,Drepanis coccinea,Iiwi,Ulf Elman,Creative Commons Attribution-NonCommercial-ShareAlike 4.0,4.0,14:08,https://www.xeno-canto.org/385396,iiwi/XC385396.ogg
iiwi,[],['call'],19.6642,-155.3896,Drepanis coccinea,Iiwi,Ulf Elman,Creative Commons Attribution-NonCommercial-ShareAlike 4.0,4.0,14:32,https://www.xeno-canto.org/385609,iiwi/XC385609.ogg
iiwi,[],"['adult', 'sex uncertain', 'song']",20.7692,-156.2346,Drepanis coccinea,Iiwi,Phoenix Birder,Creative Commons Attribution-NonCommercial-ShareAlike 4.0,5.0,16:28,https://www.xeno-canto.org/503670,iiwi/XC503670.ogg
iiwi,[],"['adult', 'male', 'song']",19.677,-155.3843,Drepanis coccinea,Iiwi,Ron Overholtz,Creative Commons Attribution-NonCommercial-ShareAlike 4.0,0.0,11:00,https://www.xeno-canto.org/557115,iiwi/XC557115.ogg
iiwi,"['apapan', 'hawama']","['adult', 'sex uncertain', 'song']",19.5799,-155.3224,Drepanis coccinea,Iiwi,Naomi,Creative Commons Attribution-NonCommercial-ShareAlike 4.0,1.5,10:00,https://www.xeno-canto.org/648123,iiwi/XC648123.ogg
incter1,[],['call'],-12.215,-76.993,Larosterna inca,Inca Tern,Dan Lane,Creative Commons Attribution-NonCommercial-ShareAlike 3.0,2.5,12:30,https://www.xeno-canto.org/139653,incter1/XC139653.ogg
incter1,[],['call'],-12.215,-76.993,Larosterna inca,Inca Tern,Dan Lane,Creative Commons Attribution-NonCommercial-ShareAlike 3.0,3.5,12:30,https://www.xeno-canto.org/139654,incter1/XC139654.ogg
incter1,[],"['begging call', 'call']",-12.4667,-76.7684,Larosterna inca,Inca Tern,Dan Lane,Creative Commons Attribution-NonCommercial-ShareAlike 4.0,3.0,09:00,https://www.xeno-canto.org/266673,incter1/XC266673.ogg
incter1,[],['call'],-12.4667,-76.7684,Larosterna inca,Inca Tern,Dan Lane,Creative Commons Attribution-NonCommercial-ShareAlike 4.0,4.0,09:00,https://www.xeno-canto.org/266674,incter1/XC266674.ogg
incter1,[],['call'],-12.474,-76.8018,Larosterna inca,Inca Tern,Nick Komar,Creative Commons Attribution-NonCommercial-ShareAlike 4.0,3.0,08:30,https://www.xeno-canto.org/352985,incter1/XC352985.ogg
incter1,[],['song'],-32.9569,-71.55,Larosterna inca,Inca Tern,Gonzalo Labarrera Valdivieso,Creative Commons Attribution-NonCommercial-ShareAlike 4.0,5.0,14:30,https://www.xeno-canto.org/501890,incter1/XC501890.ogg
incter1,[],"['adult', 'duet courtship call', 'song']",-12.1777,-77.0331,Larosterna inca,Inca Tern,Monica,Creative Commons Attribution-NonCommercial-ShareAlike 4.0,5.0,11:00,https://www.xeno-canto.org/506530,incter1/XC506530.ogg
incter1,[],['call'],-12.4667,-76.7684,Larosterna inca,Inca Tern,Daniel Lane,Creative Commons Attribution-NonCommercial-ShareAlike 3.0,3.0,12:45,https://www.xeno-canto.org/62880,incter1/XC62880.ogg
jabwar,[],"['alarm call', 'begging call']",19.5387,-155.2289,Horornis diphone,Japanese Bush Warbler,Brooks Rownd,Creative Commons Attribution-NonCommercial-ShareAlike 3.0,5.0,14:41,https://www.xeno-canto.org/122542,jabwar/XC122542.ogg
jabwar,[],['song'],43.243,145.493,Horornis diphone,Japanese Bush Warbler,Lance A. M. Benner,Creative Commons Attribution-NonCommercial-ShareAlike 3.0,5.0,09:03,https://www.xeno-canto.org/144404,jabwar/XC144404.ogg
jabwar,[],['song'],35.0736,135.8346,Horornis diphone,Japanese Bush Warbler,Anon Torimi,Creative Commons Attribution-NonCommercial-ShareAlike 4.0,3.5,14:00,https://www.xeno-canto.org/190400,jabwar/XC190400.ogg
jabwar,[],['call'],35.0279,135.7601,Horornis diphone,Japanese Bush Warbler,Anon Torimi,Creative Commons Attribution-NonCommercial-ShareAlike 4.0,4.5,09:00,https://www.xeno-canto.org/190437,jabwar/XC190437.ogg
jabwar,[],['song'],34.9185,135.755,Horornis diphone,Japanese Bush Warbler,Anon Torimi,Creative Commons Attribution-NonCommercial-ShareAlike 4.0,4.5,18:00,https://www.xeno-canto.org/190838,jabwar/XC190838.ogg
jabwar,[],['song'],26.7928,128.2578,Horornis diphone,Japanese Bush Warbler,Ross Gallardy,Creative Commons Attribution-NonCommercial-ShareAlike 4.0,3.5,08:00,https://www.xeno-canto.org/191037,jabwar/XC191037.ogg
jabwar,[],['song'],26.7928,128.2578,Horornis diphone,Japanese Bush Warbler,Ross Gallardy,Creative Commons Attribution-NonCommercial-ShareAlike 4.0,5.0,08:00,https://www.xeno-canto.org/191038,jabwar/XC191038.ogg
jabwar,[],"['call', 'song']",39.9541,140.8771,Horornis diphone,Japanese Bush Warbler,Meena Haribal,Creative Commons Attribution-NonCommercial-ShareAlike 4.0,5.0,11:30,https://www.xeno-canto.org/191194,jabwar/XC191194.ogg
jabwar,[],"['call', 'song']",39.9544,140.8543,Horornis diphone,Japanese Bush Warbler,Meena Haribal,Creative Commons Attribution-NonCommercial-ShareAlike 4.0,5.0,02:30,https://www.xeno-canto.org/191195,jabwar/XC191195.ogg
jabwar,[],"['call', 'song']",39.9544,140.8543,Horornis diphone,Japanese Bush Warbler,Meena Haribal,Creative Commons Attribution-NonCommercial-ShareAlike 4.0,5.0,03:00,https://www.xeno-canto.org/191196,jabwar/XC191196.ogg
jabwar,[],['call'],19.6714,-155.3384,Horornis diphone,Japanese Bush Warbler,Jim Holmes,Creative Commons Attribution-NonCommercial-ShareAlike 4.0,5.0,07:00,https://www.xeno-canto.org/191203,jabwar/XC191203.ogg
jabwar,[],['call'],34.0651,125.1188,Horornis diphone,Japanese Bush Warbler,Patrick Blake,Creative Commons Attribution-NonCommercial-ShareAlike 4.0,5.0,03:00,https://www.xeno-canto.org/194968,jabwar/XC194968.ogg
jabwar,[],"['call', 'song']",39.9541,140.8771,Horornis diphone,Japanese Bush Warbler,Meena Haribal,Creative Commons Attribution-NonCommercial-ShareAlike 4.0,5.0,03:00,https://www.xeno-canto.org/198427,jabwar/XC198427.ogg
jabwar,[],['song'],35.6237,139.2557,Horornis diphone,Japanese Bush Warbler,Pietro DAmelio,Creative Commons Attribution-NonCommercial-ShareAlike 4.0,4.0,10:30,https://www.xeno-canto.org/198564,jabwar/XC198564.ogg
jabwar,[],['call'],34.6844,135.5242,Horornis diphone,Japanese Bush Warbler,Anon Torimi,Creative Commons Attribution-NonCommercial-ShareAlike 4.0,3.5,11:00,https://www.xeno-canto.org/201298,jabwar/XC201298.ogg
jabwar,[],['call'],35.0262,135.7659,Horornis diphone,Japanese Bush Warbler,Anon Torimi,Creative Commons Attribution-NonCommercial-ShareAlike 4.0,3.5,13:30,https://www.xeno-canto.org/207416,jabwar/XC207416.ogg
jabwar,[],['call'],35.0278,135.6794,Horornis diphone,Japanese Bush Warbler,Anon Torimi,Creative Commons Attribution-NonCommercial-ShareAlike 4.0,4.5,09:30,https://www.xeno-canto.org/213603,jabwar/XC213603.ogg
jabwar,[],['song'],34.8029,135.6139,Horornis diphone,Japanese Bush Warbler,Anon Torimi,Creative Commons Attribution-NonCommercial-ShareAlike 4.0,3.5,11:00,https://www.xeno-canto.org/235544,jabwar/XC235544.ogg
jabwar,[],['song'],26.6495,128.1579,Horornis diphone,Japanese Bush Warbler,Stijn De Win,Creative Commons Attribution-NonCommercial-ShareAlike 4.0,5.0,14:00,https://www.xeno-canto.org/236038,jabwar/XC236038.ogg
jabwar,['apapan'],['song'],22.1506,-159.6406,Horornis diphone,Japanese Bush Warbler,Daniel Lane,Creative Commons Attribution-NonCommercial-ShareAlike 3.0,4.5,09:30,https://www.xeno-canto.org/27362,jabwar/XC27362.ogg
jabwar,[],['song'],30.2423,130.5661,Horornis diphone,Japanese Bush Warbler,Ko Chie-Jen (Jerome),Creative Commons Attribution-NonCommercial-ShareAlike 4.0,3.5,05:25,https://www.xeno-canto.org/282183,jabwar/XC282183.ogg
jabwar,[],['song'],30.3769,130.5723,Horornis diphone,Japanese Bush Warbler,Ko Chie-Jen (Jerome),Creative Commons Attribution-NonCommercial-ShareAlike 4.0,2.5,13:29,https://www.xeno-canto.org/282368,jabwar/XC282368.ogg
jabwar,[],['song'],42.0125,143.1766,Horornis diphone,Japanese Bush Warbler,Antony Schubert,Creative Commons Attribution-NonCommercial-ShareAlike 4.0,5.0,10:00,https://www.xeno-canto.org/284642,jabwar/XC284642.ogg
jabwar,[],['song'],42.011,143.1746,Horornis diphone,Japanese Bush Warbler,Antony Schubert,Creative Commons Attribution-NonCommercial-ShareAlike 4.0,5.0,10:00,https://www.xeno-canto.org/284643,jabwar/XC284643.ogg
jabwar,[],['song'],42.012,143.1754,Horornis diphone,Japanese Bush Warbler,Antony Schubert,Creative Commons Attribution-NonCommercial-ShareAlike 4.0,5.0,10:00,https://www.xeno-canto.org/284644,jabwar/XC284644.ogg
jabwar,[],['call'],34.5655,135.5317,Horornis diphone,Japanese Bush Warbler,Anon Torimi,Creative Commons Attribution-NonCommercial-ShareAlike 4.0,3.5,12:30,https://www.xeno-canto.org/301222,jabwar/XC301222.ogg
jabwar,[],['song'],44.3074,146.2915,Horornis diphone,Japanese Bush Warbler,Dmitry Kulakov,Creative Commons Attribution-NonCommercial-ShareAlike 4.0,4.0,20:30,https://www.xeno-canto.org/309570,jabwar/XC309570.ogg
jabwar,[],['song'],37.8496,136.9161,Horornis diphone,Japanese Bush Warbler,Masato Nagai (Japan),Creative Commons Attribution-NonCommercial-ShareAlike 4.0,3.5,11:00,https://www.xeno-canto.org/329587,jabwar/XC329587.ogg
jabwar,[],['song'],35.4228,136.4109,Horornis diphone,Japanese Bush Warbler,Anon Torimi,Creative Commons Attribution-NonCommercial-ShareAlike 4.0,3.5,11:00,https://www.xeno-canto.org/329773,jabwar/XC329773.ogg
jabwar,[],['song'],33.4373,126.6284,Horornis diphone,Japanese Bush Warbler,Jim Holmes,Creative Commons Attribution-NonCommercial-ShareAlike 4.0,4.0,08:00,https://www.xeno-canto.org/332819,jabwar/XC332819.ogg
jabwar,[],['call'],33.4373,126.6284,Horornis diphone,Japanese Bush Warbler,Jim Holmes,Creative Commons Attribution-NonCommercial-ShareAlike 4.0,4.0,08:30,https://www.xeno-canto.org/332824,jabwar/XC332824.ogg
jabwar,['warwhe1'],"['flight call', 'song']",26.6417,142.161,Horornis diphone,Japanese Bush Warbler,Yann Muzika,Creative Commons Attribution-NonCommercial-ShareAlike 4.0,4.5,11:00,https://www.xeno-canto.org/372140,jabwar/XC372140.ogg
jabwar,[],['call'],36.7718,139.4468,Horornis diphone,Japanese Bush Warbler,Craig Robertson,Creative Commons Attribution-NonCommercial-ShareAlike 4.0,4.0,12:00,https://www.xeno-canto.org/385099,jabwar/XC385099.ogg
jabwar,[],['song'],36.7718,139.4468,Horornis diphone,Japanese Bush Warbler,Craig Robertson,Creative Commons Attribution-NonCommercial-ShareAlike 4.0,4.0,12:30,https://www.xeno-canto.org/385100,jabwar/XC385100.ogg
jabwar,['mallar3'],['song'],36.7718,139.4468,Horornis diphone,Japanese Bush Warbler,Craig Robertson,Creative Commons Attribution-NonCommercial-ShareAlike 4.0,3.5,12:00,https://www.xeno-canto.org/385191,jabwar/XC385191.ogg
jabwar,[],['song'],36.7718,139.4468,Horornis diphone,Japanese Bush Warbler,Craig Robertson,Creative Commons Attribution-NonCommercial-ShareAlike 4.0,4.0,12:30,https://www.xeno-canto.org/385192,jabwar/XC385192.ogg
jabwar,[],['song'],36.7718,139.4468,Horornis diphone,Japanese Bush Warbler,Craig Robertson,Creative Commons Attribution-NonCommercial-ShareAlike 4.0,5.0,12:30,https://www.xeno-canto.org/385193,jabwar/XC385193.ogg
jabwar,[],['song'],36.7718,139.4468,Horornis diphone,Japanese Bush Warbler,Craig Robertson,Creative Commons Attribution-NonCommercial-ShareAlike 4.0,4.0,12:30,https://www.xeno-canto.org/385194,jabwar/XC385194.ogg
jabwar,[],['song'],35.4228,136.4109,Horornis diphone,Japanese Bush Warbler,Anon Torimi,Creative Commons Attribution-NonCommercial-ShareAlike 4.0,2.5,12:30,https://www.xeno-canto.org/385329,jabwar/XC385329.ogg
jabwar,[],['call'],35.028,135.7642,Horornis diphone,Japanese Bush Warbler,Anon Torimi,Creative Commons Attribution-NonCommercial-ShareAlike 4.0,4.5,06:35,https://www.xeno-canto.org/393075,jabwar/XC393075.ogg
jabwar,[],['song'],26.7572,128.3014,Horornis diphone,Japanese Bush Warbler,Guy Kirwan,Creative Commons Attribution-NonCommercial-ShareAlike 4.0,4.0,10:00,https://www.xeno-canto.org/408977,jabwar/XC408977.ogg
jabwar,[],['song'],26.7572,128.3014,Horornis diphone,Japanese Bush Warbler,Guy Kirwan,Creative Commons Attribution-NonCommercial-ShareAlike 4.0,4.5,08:00,https://www.xeno-canto.org/409023,jabwar/XC409023.ogg
jabwar,[],['song'],34.0538,139.5229,Horornis diphone,Japanese Bush Warbler,Anon Torimi,Creative Commons Attribution-NonCommercial-ShareAlike 4.0,4.0,06:09,https://www.xeno-canto.org/410204,jabwar/XC410204.ogg
jabwar,[],['song'],37.434795,138.837833,Horornis diphone,Japanese Bush Warbler,David Farrow,Creative Commons Attribution-NonCommercial-ShareAlike 3.0,4.0,?:?,https://www.xeno-canto.org/41396,jabwar/XC41396.ogg
jabwar,[],['song'],37.434795,138.837833,Horornis diphone,Japanese Bush Warbler,David Farrow,Creative Commons Attribution-NonCommercial-ShareAlike 3.0,4.0,?:?,https://www.xeno-canto.org/41397,jabwar/XC41397.ogg
jabwar,[],['song'],35.3117,139.3214,Horornis diphone,Japanese Bush Warbler,Hideki Osaka,Creative Commons Attribution-NonCommercial-ShareAlike 4.0,5.0,07:11,https://www.xeno-canto.org/419699,jabwar/XC419699.ogg
jabwar,[],"['alternative song', 'song']",36.1593,137.2536,Horornis diphone,Japanese Bush Warbler,Jacques PREVOST,Creative Commons Attribution-NonCommercial-ShareAlike 4.0,4.0,16:00,https://www.xeno-canto.org/423734,jabwar/XC423734.ogg
jabwar,[],['alternative song'],34.2336,131.3034,Horornis diphone,Japanese Bush Warbler,Gerbenth,Creative Commons Attribution-NonCommercial-ShareAlike 4.0,2.5,15:37,https://www.xeno-canto.org/442837,jabwar/XC442837.ogg
jabwar,[],"['male', 'song']",44.0038,145.7719,Horornis diphone,Japanese Bush Warbler,Vadim Ivushkin ,Creative Commons Attribution-NonCommercial-ShareAlike 4.0,4.5,21:30,https://www.xeno-canto.org/450667,jabwar/XC450667.ogg
jabwar,[],"['male', 'song']",44.0038,145.7719,Horornis diphone,Japanese Bush Warbler,Vadim Ivushkin ,Creative Commons Attribution-NonCommercial-ShareAlike 4.0,4.5,21:30,https://www.xeno-canto.org/450670,jabwar/XC450670.ogg
jabwar,[],"['male', 'song']",44.0038,145.7719,Horornis diphone,Japanese Bush Warbler,Vadim Ivushkin ,Creative Commons Attribution-NonCommercial-ShareAlike 4.0,4.5,21:30,https://www.xeno-canto.org/450672,jabwar/XC450672.ogg
jabwar,[],"['male', 'song']",44.0029,145.7696,Horornis diphone,Japanese Bush Warbler,Vadim Ivushkin ,Creative Commons Attribution-NonCommercial-ShareAlike 4.0,4.5,11:30,https://www.xeno-canto.org/451338,jabwar/XC451338.ogg
jabwar,[],['call'],24.6397,121.8427,Horornis diphone,Japanese Bush Warbler,Funkerhunter,Creative Commons Attribution-NonCommercial-ShareAlike 4.0,4.0,12:05,https://www.xeno-canto.org/461859,jabwar/XC461859.ogg
jabwar,[],['song'],35.0264,135.7604,Horornis diphone,Japanese Bush Warbler,Anon Torimi,Creative Commons Attribution-NonCommercial-ShareAlike 4.0,3.5,09:05,https://www.xeno-canto.org/463789,jabwar/XC463789.ogg
jabwar,[],['song'],34.0561,139.5268,Horornis diphone,Japanese Bush Warbler,Aladdin,Creative Commons Attribution-NonCommercial-ShareAlike 4.0,3.0,14:30,https://www.xeno-canto.org/465465,jabwar/XC465465.ogg
jabwar,['warwhe1'],"['alternative song', 'song']",35.0917,135.7867,Horornis diphone,Japanese Bush Warbler,Anon Torimi,Creative Commons Attribution-NonCommercial-ShareAlike 4.0,3.5,15:20,https://www.xeno-canto.org/465651,jabwar/XC465651.ogg
jabwar,[],"['Two song types', 'song']",26.1686,127.3481,Horornis diphone,Japanese Bush Warbler,Markus Jacobs,Creative Commons Attribution-NonCommercial-ShareAlike 4.0,4.5,06:45,https://www.xeno-canto.org/475525,jabwar/XC475525.ogg
jabwar,['warwhe1'],['song'],34.3035,132.4238,Horornis diphone,Japanese Bush Warbler,Roman Dymny,Creative Commons Attribution-NonCommercial-ShareAlike 4.0,4.5,07:30,https://www.xeno-canto.org/475678,jabwar/XC475678.ogg
jabwar,[],['song'],26.5547,128.0405,Horornis diphone,Japanese Bush Warbler,Miyagi Kunitaro,Creative Commons Attribution-NonCommercial-ShareAlike 4.0,4.0,18:00,https://www.xeno-canto.org/478924,jabwar/XC478924.ogg
jabwar,[],"['alarm call', 'call']",43.337,145.597,Horornis diphone,Japanese Bush Warbler,Phil Gregory,Creative Commons Attribution-NonCommercial-ShareAlike 4.0,4.0,08:00,https://www.xeno-canto.org/479567,jabwar/XC479567.ogg
jabwar,[],['song'],43.0696,142.616,Horornis diphone,Japanese Bush Warbler,Fangqi Twang,Creative Commons Attribution-NonCommercial-ShareAlike 4.0,4.0,13:30,https://www.xeno-canto.org/480468,jabwar/XC480468.ogg
jabwar,[],['song'],35.406,138.8754,Horornis diphone,Japanese Bush Warbler,David Welch,Creative Commons Attribution-NonCommercial-ShareAlike 4.0,4.5,06:00,https://www.xeno-canto.org/486788,jabwar/XC486788.ogg
jabwar,[],"['adult', 'male', 'song']",43.243,145.493,Horornis diphone,Japanese Bush Warbler,Amar-Singh HSS,Creative Commons Attribution-NonCommercial-ShareAlike 4.0,5.0,08:55,https://www.xeno-canto.org/507288,jabwar/XC507288.ogg
jabwar,[],"['adult', 'male', 'song']",43.2527,145.4561,Horornis diphone,Japanese Bush Warbler,Amar-Singh HSS,Creative Commons Attribution-NonCommercial-ShareAlike 4.0,5.0,17:30,https://www.xeno-canto.org/507289,jabwar/XC507289.ogg
jabwar,[],['call'],34.8196,135.6427,Horornis diphone,Japanese Bush Warbler,Anon Torimi,Creative Commons Attribution-NonCommercial-ShareAlike 4.0,3.5,08:50,https://www.xeno-canto.org/512523,jabwar/XC512523.ogg
jabwar,[],"['Song', 'Call']",26.6479,142.167431,Horornis diphone,Japanese Bush Warbler,Okamoto Keita Sin,Creative Commons Attribution-NonCommercial-ShareAlike 4.0,5.0,09:49,https://www.xeno-canto.org/528853,jabwar/XC528853.ogg
jabwar,[],"['aberrant', 'call']",34.799,134.6397,Horornis diphone,Japanese Bush Warbler,Anon Torimi,Creative Commons Attribution-NonCommercial-ShareAlike 4.0,4.0,09:30,https://www.xeno-canto.org/536945,jabwar/XC536945.ogg
jabwar,[],"['aberrant', 'song']",34.799,134.6397,Horornis diphone,Japanese Bush Warbler,Anon Torimi,Creative Commons Attribution-NonCommercial-ShareAlike 4.0,5.0,09:30,https://www.xeno-canto.org/536946,jabwar/XC536946.ogg
jabwar,[],"['aberrant', 'call']",34.799,134.6397,Horornis diphone,Japanese Bush Warbler,Anon Torimi,Creative Commons Attribution-NonCommercial-ShareAlike 4.0,3.5,09:25,https://www.xeno-canto.org/536947,jabwar/XC536947.ogg
jabwar,[],"['aberrant', 'call']",34.799,134.6397,Horornis diphone,Japanese Bush Warbler,Anon Torimi,Creative Commons Attribution-NonCommercial-ShareAlike 4.0,5.0,10:15,https://www.xeno-canto.org/539048,jabwar/XC539048.ogg
jabwar,['eurwig'],['song'],34.799,134.6397,Horornis diphone,Japanese Bush Warbler,Anon Torimi,Creative Commons Attribution-NonCommercial-ShareAlike 4.0,3.5,10:20,https://www.xeno-canto.org/539050,jabwar/XC539050.ogg
jabwar,[],"['Song', 'Call']",34.052322,139.526807,Horornis diphone,Japanese Bush Warbler,Okamoto Keita Sin,Creative Commons Attribution-NonCommercial-ShareAlike 4.0,5.0,09:10,https://www.xeno-canto.org/575527,jabwar/XC575527.ogg
jabwar,[],"['Song', 'call']",36.365277,138.593907,Horornis diphone,Japanese Bush Warbler,Okamoto Keita Sin,Creative Commons Attribution-NonCommercial-ShareAlike 4.0,4.5,05:11,https://www.xeno-canto.org/576616,jabwar/XC576616.ogg
jabwar,[],['Song'],36.365277,138.593907,Horornis diphone,Japanese Bush Warbler,Okamoto Keita Sin,Creative Commons Attribution-NonCommercial-ShareAlike 4.0,4.0,06:04,https://www.xeno-canto.org/576627,jabwar/XC576627.ogg
jabwar,[],"['adult', 'song']",35.0115,135.6769,Horornis diphone,Japanese Bush Warbler,Eric DeFonso,Creative Commons Attribution-NonCommercial-ShareAlike 4.0,5.0,17:09,https://www.xeno-canto.org/581688,jabwar/XC581688.ogg
jabwar,[],['call'],35.155,136.1044,Horornis diphone,Japanese Bush Warbler,Anon Torimi,Creative Commons Attribution-NonCommercial-ShareAlike 4.0,3.5,09:30,https://www.xeno-canto.org/605316,jabwar/XC605316.ogg
jabwar,[],['song'],35.8217,126.4637,Horornis diphone,Japanese Bush Warbler,Byoungsoon Jang,Creative Commons Attribution-NonCommercial-ShareAlike 4.0,4.0,06:52,https://www.xeno-canto.org/655763,jabwar/XC655763.ogg
jabwar,[],['alarm call'],35.2963,127.5354,Horornis diphone,Japanese Bush Warbler,Byoungsoon Jang,Creative Commons Attribution-NonCommercial-ShareAlike 4.0,5.0,15:00,https://www.xeno-canto.org/660617,jabwar/XC660617.ogg
japqua,[],['call'],39.1325,122.0262,Coturnix japonica,Japanese Quail,Tom Beeke,Creative Commons Attribution-NonCommercial-ShareAlike 4.0,4.0,17:00,https://www.xeno-canto.org/182149,japqua/XC182149.ogg
japqua,[],"['alarm call', 'flight call', 'male']",42.5275,130.692,Coturnix japonica,Japanese Quail,Albert Lastukhin,Creative Commons Attribution-NonCommercial-ShareAlike 4.0,4.0,10:30,https://www.xeno-canto.org/266698,japqua/XC266698.ogg
japqua,[],"['male', 'song']",42.5275,130.692,Coturnix japonica,Japanese Quail,Albert Lastukhin,Creative Commons Attribution-NonCommercial-ShareAlike 4.0,5.0,21:00,https://www.xeno-canto.org/266701,japqua/XC266701.ogg
japqua,[],"['male', 'song']",42.5275,130.692,Coturnix japonica,Japanese Quail,Albert Lastukhin,Creative Commons Attribution-NonCommercial-ShareAlike 4.0,3.5,07:00,https://www.xeno-canto.org/266703,japqua/XC266703.ogg
japqua,[],"['male', 'song']",42.5275,130.692,Coturnix japonica,Japanese Quail,Albert Lastukhin,Creative Commons Attribution-NonCommercial-ShareAlike 4.0,3.5,07:00,https://www.xeno-canto.org/266705,japqua/XC266705.ogg
japqua,[],"['male', 'song']",42.5275,130.692,Coturnix japonica,Japanese Quail,Albert Lastukhin,Creative Commons Attribution-NonCommercial-ShareAlike 4.0,5.0,21:00,https://www.xeno-canto.org/266707,japqua/XC266707.ogg
japqua,[],['call'],47.2118,6.2373,Coturnix japonica,Japanese Quail,Sabrina Clément,Creative Commons Attribution-NonCommercial-ShareAlike 4.0,4.0,22:30,https://www.xeno-canto.org/319886,japqua/XC319886.ogg
japqua,[],['song'],35.938,140.3955,Coturnix japonica,Japanese Quail,Masato Nagai (Japan),Creative Commons Attribution-NonCommercial-ShareAlike 4.0,3.5,10:00,https://www.xeno-canto.org/324610,japqua/XC324610.ogg
japqua,[],['song'],49.8699,127.6447,Coturnix japonica,Japanese Quail,Tom Wulf,Creative Commons Attribution-NonCommercial-ShareAlike 4.0,4.0,17:41,https://www.xeno-canto.org/327171,japqua/XC327171.ogg
japqua,[],['song'],49.8699,127.6447,Coturnix japonica,Japanese Quail,Alex Thomas,Creative Commons Attribution-NonCommercial-ShareAlike 4.0,3.5,12:00,https://www.xeno-canto.org/329204,japqua/XC329204.ogg
japqua,[],['call'],43.3608,-1.7894,Coturnix japonica,Japanese Quail,Itziar Gutiérrez,Creative Commons Attribution-NonCommercial-ShareAlike 4.0,3.0,6:56,https://www.xeno-canto.org/397484,japqua/XC397484.ogg
japqua,[],['call'],31.6339,121.7486,Coturnix japonica,Japanese Quail,Bo Shunqi,Creative Commons Attribution-NonCommercial-ShareAlike 4.0,5.0,15:30,https://www.xeno-canto.org/448524,japqua/XC448524.ogg
japqua,[],['song'],52.1638,106.371,Coturnix japonica,Japanese Quail,Stanislas Wroza,Creative Commons Attribution-NonCommercial-ShareAlike 4.0,5.0,05:00,https://www.xeno-canto.org/485653,japqua/XC485653.ogg
japqua,[],['song'],52.1638,106.371,Coturnix japonica,Japanese Quail,Stanislas Wroza,Creative Commons Attribution-NonCommercial-ShareAlike 4.0,0.0,05:00,https://www.xeno-canto.org/485654,japqua/XC485654.ogg
japqua,[],['song'],52.1638,106.371,Coturnix japonica,Japanese Quail,Stanislas Wroza,Creative Commons Attribution-NonCommercial-ShareAlike 4.0,0.0,05:00,https://www.xeno-canto.org/485655,japqua/XC485655.ogg
japqua,[],['song'],52.1638,106.371,Coturnix japonica,Japanese Quail,Stanislas Wroza,Creative Commons Attribution-NonCommercial-ShareAlike 4.0,0.0,05:00,https://www.xeno-canto.org/485730,japqua/XC485730.ogg
japqua,[],['song'],52.1638,106.371,Coturnix japonica,Japanese Quail,Stanislas Wroza,Creative Commons Attribution-NonCommercial-ShareAlike 4.0,0.0,05:00,https://www.xeno-canto.org/485731,japqua/XC485731.ogg
japqua,[],['song'],52.1638,106.371,Coturnix japonica,Japanese Quail,Stanislas Wroza,Creative Commons Attribution-NonCommercial-ShareAlike 4.0,0.0,05:00,https://www.xeno-canto.org/485732,japqua/XC485732.ogg
japqua,[],['flight call'],52.1638,106.371,Coturnix japonica,Japanese Quail,Stanislas Wroza,Creative Commons Attribution-NonCommercial-ShareAlike 4.0,0.0,05:00,https://www.xeno-canto.org/485733,japqua/XC485733.ogg
japqua,[],"['flight call', 'nocturnal flight call']",52.1638,106.371,Coturnix japonica,Japanese Quail,Stanislas Wroza,Creative Commons Attribution-NonCommercial-ShareAlike 4.0,0.0,05:00,https://www.xeno-canto.org/487164,japqua/XC487164.ogg
japqua,[],"['flight call', 'nocturnal flight call']",52.1638,106.371,Coturnix japonica,Japanese Quail,Stanislas Wroza,Creative Commons Attribution-NonCommercial-ShareAlike 4.0,0.0,05:00,https://www.xeno-canto.org/487165,japqua/XC487165.ogg
japqua,[],"['flight call', 'nocturnal flight call']",52.1638,106.371,Coturnix japonica,Japanese Quail,Stanislas Wroza,Creative Commons Attribution-NonCommercial-ShareAlike 4.0,0.0,05:00,https://www.xeno-canto.org/487166,japqua/XC487166.ogg
japqua,[],"['flight call', 'nocturnal flight call']",52.1638,106.371,Coturnix japonica,Japanese Quail,Stanislas Wroza,Creative Commons Attribution-NonCommercial-ShareAlike 4.0,0.0,05:00,https://www.xeno-canto.org/487167,japqua/XC487167.ogg
japqua,[],"['flight call', 'nocturnal flight call']",52.1638,106.371,Coturnix japonica,Japanese Quail,Stanislas Wroza,Creative Commons Attribution-NonCommercial-ShareAlike 4.0,0.0,05:00,https://www.xeno-canto.org/487168,japqua/XC487168.ogg
japqua,[],"['flight call', 'nocturnal flight call']",52.1638,106.371,Coturnix japonica,Japanese Quail,Stanislas Wroza,Creative Commons Attribution-NonCommercial-ShareAlike 4.0,0.0,05:00,https://www.xeno-canto.org/487169,japqua/XC487169.ogg
japqua,[],"['flight call', 'nocturnal flight call']",52.1638,106.371,Coturnix japonica,Japanese Quail,Stanislas Wroza,Creative Commons Attribution-NonCommercial-ShareAlike 4.0,0.0,05:00,https://www.xeno-canto.org/487170,japqua/XC487170.ogg
japqua,[],"['flight call', 'nocturnal flight call']",52.1638,106.371,Coturnix japonica,Japanese Quail,Stanislas Wroza,Creative Commons Attribution-NonCommercial-ShareAlike 4.0,0.0,05:00,https://www.xeno-canto.org/487171,japqua/XC487171.ogg
japqua,[],"['flight call', 'nocturnal flight call']",52.1638,106.371,Coturnix japonica,Japanese Quail,Stanislas Wroza,Creative Commons Attribution-NonCommercial-ShareAlike 4.0,0.0,05:00,https://www.xeno-canto.org/487172,japqua/XC487172.ogg
japqua,[],"['flight call', 'nocturnal flight call']",52.1638,106.371,Coturnix japonica,Japanese Quail,Stanislas Wroza,Creative Commons Attribution-NonCommercial-ShareAlike 4.0,0.0,05:00,https://www.xeno-canto.org/487173,japqua/XC487173.ogg
japqua,[],"['flight call', 'nocturnal flight call']",52.1638,106.371,Coturnix japonica,Japanese Quail,Stanislas Wroza,Creative Commons Attribution-NonCommercial-ShareAlike 4.0,0.0,05:00,https://www.xeno-canto.org/487174,japqua/XC487174.ogg
japqua,[],"['flight call', 'nocturnal flight call']",52.1638,106.371,Coturnix japonica,Japanese Quail,Stanislas Wroza,Creative Commons Attribution-NonCommercial-ShareAlike 4.0,0.0,05:00,https://www.xeno-canto.org/487175,japqua/XC487175.ogg
japqua,[],"['flight call', 'nocturnal flight call']",52.1638,106.371,Coturnix japonica,Japanese Quail,Stanislas Wroza,Creative Commons Attribution-NonCommercial-ShareAlike 4.0,0.0,05:00,https://www.xeno-canto.org/487176,japqua/XC487176.ogg
japqua,[],"['flight call', 'nocturnal flight call']",52.1638,106.371,Coturnix japonica,Japanese Quail,Stanislas Wroza,Creative Commons Attribution-NonCommercial-ShareAlike 4.0,0.0,05:00,https://www.xeno-canto.org/487177,japqua/XC487177.ogg
japqua,[],"['flight call', 'nocturnal flight call']",52.1638,106.371,Coturnix japonica,Japanese Quail,Stanislas Wroza,Creative Commons Attribution-NonCommercial-ShareAlike 4.0,0.0,05:00,https://www.xeno-canto.org/487178,japqua/XC487178.ogg
japqua,[],"['flight call', 'nocturnal flight call']",52.1638,106.371,Coturnix japonica,Japanese Quail,Stanislas Wroza,Creative Commons Attribution-NonCommercial-ShareAlike 4.0,0.0,05:00,https://www.xeno-canto.org/487179,japqua/XC487179.ogg
japqua,[],['nocturnal flight call'],48.4222,113.2402,Coturnix japonica,Japanese Quail,Philippe J. DUBOIS,Creative Commons Attribution-NonCommercial-ShareAlike 4.0,3.0,03:00,https://www.xeno-canto.org/497127,japqua/XC497127.ogg
japqua,[],['nocturnal flight call'],48.4222,113.2402,Coturnix japonica,Japanese Quail,Philippe J. DUBOIS,Creative Commons Attribution-NonCommercial-ShareAlike 4.0,0.0,23:00,https://www.xeno-canto.org/497129,japqua/XC497129.ogg
japqua,[],['nocturnal flight call'],45.0754,100.6835,Coturnix japonica,Japanese Quail,James Lidster,Creative Commons Attribution-NonCommercial-ShareAlike 4.0,0.0,03:40,https://www.xeno-canto.org/527210,japqua/XC527210.ogg
japqua,[],['song'],34.8373,134.6958,Coturnix japonica,Japanese Quail,Anon Torimi,Creative Commons Attribution-NonCommercial-ShareAlike 4.0,4.0,15:20,https://www.xeno-canto.org/538632,japqua/XC538632.ogg
japqua,[],['song'],34.8373,134.6958,Coturnix japonica,Japanese Quail,Anon Torimi,Creative Commons Attribution-NonCommercial-ShareAlike 4.0,4.0,13:20,https://www.xeno-canto.org/540032,japqua/XC540032.ogg
japqua,[],"['song', 'zoo collection']",34.8373,134.6958,Coturnix japonica,Japanese Quail,Anon Torimi,Creative Commons Attribution-NonCommercial-ShareAlike 4.0,5.0,13:00,https://www.xeno-canto.org/592845,japqua/XC592845.ogg
japqua,[],"['song', 'zoo collection']",34.8373,134.6958,Coturnix japonica,Japanese Quail,Anon Torimi,Creative Commons Attribution-NonCommercial-ShareAlike 4.0,4.5,12:20,https://www.xeno-canto.org/605106,japqua/XC605106.ogg
japqua,[],"['life stage uncertain', 'sex uncertain']",47.5625,-116.2568,Coturnix japonica,Japanese Quail,Whitney Neufeld-Kaiser,Creative Commons Attribution-NonCommercial-ShareAlike 4.0,5.0,14:30,https://www.xeno-canto.org/641741,japqua/XC641741.ogg
kalphe,[],['call'],31.52,77.8,Lophura leucomelanos,Kalij Pheasant,Lakshminarasimha R,Creative Commons Attribution-NonCommercial-ShareAlike 3.0,4.0,15:00,https://www.xeno-canto.org/114690,kalphe/XC114690.ogg
kalphe,[],['call'],31.52,77.8,Lophura leucomelanos,Kalij Pheasant,Lakshminarasimha R,Creative Commons Attribution-NonCommercial-ShareAlike 3.0,4.0,15:00,https://www.xeno-canto.org/114691,kalphe/XC114691.ogg
kalphe,[],['call'],31.52,77.8,Lophura leucomelanos,Kalij Pheasant,Lakshminarasimha R,Creative Commons Attribution-NonCommercial-ShareAlike 3.0,4.0,16:00,https://www.xeno-canto.org/117101,kalphe/XC117101.ogg
kalphe,[],['call'],31.52,77.8,Lophura leucomelanos,Kalij Pheasant,Lakshminarasimha R,Creative Commons Attribution-NonCommercial-ShareAlike 3.0,4.0,16:00,https://www.xeno-canto.org/117102,kalphe/XC117102.ogg
kalphe,[],['call'],31.52,77.8,Lophura leucomelanos,Kalij Pheasant,Lakshminarasimha R,Creative Commons Attribution-NonCommercial-ShareAlike 3.0,4.0,16:00,https://www.xeno-canto.org/117131,kalphe/XC117131.ogg
kalphe,[],['call'],29.3528,79.5283,Lophura leucomelanos,Kalij Pheasant,vir joshi,Creative Commons Attribution-NonCommercial-ShareAlike 3.0,4.0,07:00,https://www.xeno-canto.org/138652,kalphe/XC138652.ogg
kalphe,[],['call'],27.0,88.7001,Lophura leucomelanos,Kalij Pheasant,David Farrow,Creative Commons Attribution-NonCommercial-ShareAlike 3.0,4.0,?:?,https://www.xeno-canto.org/19746,kalphe/XC19746.ogg
kalphe,[],['alarm call'],19.8239,-155.6089,Lophura leucomelanos,Kalij Pheasant,Todd Mark,Creative Commons Attribution-NonCommercial-ShareAlike 4.0,4.0,06:30,https://www.xeno-canto.org/252695,kalphe/XC252695.ogg
kalphe,"['apapan', 'warwhe1']",['call'],19.4378,-155.3017,Lophura leucomelanos,Kalij Pheasant,Daniel Lane,Creative Commons Attribution-NonCommercial-ShareAlike 3.0,4.5,07:40,https://www.xeno-canto.org/27342,kalphe/XC27342.ogg
kalphe,[],['call'],12.8422,99.5914,Lophura leucomelanos,Kalij Pheasant,Ross Gallardy,Creative Commons Attribution-NonCommercial-ShareAlike 4.0,3.5,07:30,https://www.xeno-canto.org/295006,kalphe/XC295006.ogg
kalphe,[],['call'],12.8422,99.5914,Lophura leucomelanos,Kalij Pheasant,Ross Gallardy,Creative Commons Attribution-NonCommercial-ShareAlike 4.0,4.5,07:30,https://www.xeno-canto.org/295007,kalphe/XC295007.ogg
kalphe,[],"['call', 'male']",30.0767,80.2333,Lophura leucomelanos,Kalij Pheasant,Ramnarayan,Creative Commons Attribution-NonCommercial-ShareAlike 4.0,3.0,17:30,https://www.xeno-canto.org/356447,kalphe/XC356447.ogg
kalphe,[],['call'],12.9,99.6,Lophura leucomelanos,Kalij Pheasant,Somkiat Pakapinyo (Chai),Creative Commons Attribution-NonCommercial-ShareAlike 4.0,5.0,09:30,https://www.xeno-canto.org/375400,kalphe/XC375400.ogg
kalphe,[],['call'],12.9,99.6,Lophura leucomelanos,Kalij Pheasant,Somkiat Pakapinyo (Chai),Creative Commons Attribution-NonCommercial-ShareAlike 4.0,5.0,09:30,https://www.xeno-canto.org/375401,kalphe/XC375401.ogg
kalphe,[],"['alarm call', 'call']",27.3176,90.1019,Lophura leucomelanos,Kalij Pheasant,Tshering Dema,Creative Commons Attribution-NonCommercial-ShareAlike 4.0,4.0,21:30,https://www.xeno-canto.org/416927,kalphe/XC416927.ogg
kalphe,[],"['adult', 'alarm call', 'call', 'male']",27.7043,89.7528,Lophura leucomelanos,Kalij Pheasant,Scott Connop,Creative Commons Attribution-NonCommercial-ShareAlike 4.0,4.5,11:00,https://www.xeno-canto.org/583992,kalphe/XC583992.ogg
kalphe,[],"['adult', 'sex uncertain']",26.8795,93.3243,Lophura leucomelanos,Kalij Pheasant,Parixit Kafley,Creative Commons Attribution-NonCommercial-ShareAlike 4.0,5.0,12:57,https://www.xeno-canto.org/592432,kalphe/XC592432.ogg
kauama,['apapan'],['song'],22.1467,-159.6134,Chlorodrepanis stejnegeri,Kauai Amakihi,Dan Lane,Creative Commons Attribution-NonCommercial-ShareAlike 4.0,3.5,09:30,https://www.xeno-canto.org/174947,kauama/XC174947.ogg
kauama,[],['call'],22.1467,-159.6134,Chlorodrepanis stejnegeri,Kauai Amakihi,Dan Lane,Creative Commons Attribution-NonCommercial-ShareAlike 4.0,4.0,09:30,https://www.xeno-canto.org/174950,kauama/XC174950.ogg
kauama,[],['song'],22.1467,-159.6134,Chlorodrepanis stejnegeri,Kauai Amakihi,Ross Gallardy,Creative Commons Attribution-NonCommercial-ShareAlike 4.0,2.0,10:00,https://www.xeno-canto.org/210208,kauama/XC210208.ogg
kauama,[],['call'],22.1467,-159.6134,Chlorodrepanis stejnegeri,Kauai Amakihi,Ross Gallardy,Creative Commons Attribution-NonCommercial-ShareAlike 4.0,5.0,12:00,https://www.xeno-canto.org/210209,kauama/XC210209.ogg
kauama,[],['call'],22.1467,-159.6134,Chlorodrepanis stejnegeri,Kauai Amakihi,Ross Gallardy,Creative Commons Attribution-NonCommercial-ShareAlike 4.0,5.0,12:00,https://www.xeno-canto.org/210210,kauama/XC210210.ogg
kauama,[],['call'],22.1467,-159.6134,Chlorodrepanis stejnegeri,Kauai Amakihi,Ross Gallardy,Creative Commons Attribution-NonCommercial-ShareAlike 4.0,5.0,12:00,https://www.xeno-canto.org/210211,kauama/XC210211.ogg
kauama,[],['call'],22.1467,-159.6134,Chlorodrepanis stejnegeri,Kauai Amakihi,Ross Gallardy,Creative Commons Attribution-NonCommercial-ShareAlike 4.0,4.0,12:00,https://www.xeno-canto.org/210212,kauama/XC210212.ogg
kauama,[],"['call', 'song']",22.1467,-159.6134,Chlorodrepanis stejnegeri,Kauai Amakihi,Ross Gallardy,Creative Commons Attribution-NonCommercial-ShareAlike 4.0,4.0,11:00,https://www.xeno-canto.org/210213,kauama/XC210213.ogg
kauama,[],['call'],22.1467,-159.6134,Chlorodrepanis stejnegeri,Kauai Amakihi,Daniel Lane,Creative Commons Attribution-NonCommercial-ShareAlike 3.0,5.0,09:00,https://www.xeno-canto.org/27316,kauama/XC27316.ogg
kauama,[],['whisper song'],22.1467,-159.6134,Chlorodrepanis stejnegeri,Kauai Amakihi,Daniel Lane,Creative Commons Attribution-NonCommercial-ShareAlike 3.0,4.0,13:15,https://www.xeno-canto.org/27321,kauama/XC27321.ogg
kauama,[],['song'],22.1467,-159.6134,Chlorodrepanis stejnegeri,Kauai Amakihi,Daniel Lane,Creative Commons Attribution-NonCommercial-ShareAlike 3.0,4.0,09:10,https://www.xeno-canto.org/27334,kauama/XC27334.ogg
kauama,[],['song'],22.1467,-159.6134,Chlorodrepanis stejnegeri,Kauai Amakihi,Daniel Lane,Creative Commons Attribution-NonCommercial-ShareAlike 3.0,3.0,12:15,https://www.xeno-canto.org/27368,kauama/XC27368.ogg
laugul,[],['flight call'],33.9661,-77.9233,Leucophaeus atricilla,Laughing Gull,Albert Lastukhin,Creative Commons Attribution-NonCommercial-ShareAlike 3.0,2.0,17:00,https://www.xeno-canto.org/129866,laugul/XC129866.ogg
laugul,[],['call'],28.1916,-82.787,Leucophaeus atricilla,Laughing Gull,Mike Nelson,Creative Commons Attribution-NonCommercial-ShareAlike 3.0,4.0,07:30,https://www.xeno-canto.org/130744,laugul/XC130744.ogg
laugul,['leater1'],['call'],28.1916,-82.787,Leucophaeus atricilla,Laughing Gull,Mike Nelson,Creative Commons Attribution-NonCommercial-ShareAlike 3.0,3.5,07:30,https://www.xeno-canto.org/130746,laugul/XC130746.ogg
laugul,['osprey'],['call'],28.1916,-82.787,Leucophaeus atricilla,Laughing Gull,Mike Nelson,Creative Commons Attribution-NonCommercial-ShareAlike 3.0,3.5,08:00,https://www.xeno-canto.org/130747,laugul/XC130747.ogg
laugul,[],['call'],28.1918,-82.7214,Leucophaeus atricilla,Laughing Gull,Mike Nelson,Creative Commons Attribution-NonCommercial-ShareAlike 3.0,4.0,08:00,https://www.xeno-canto.org/130748,laugul/XC130748.ogg
laugul,[],['call'],28.1542,-82.8047,Leucophaeus atricilla,Laughing Gull,Mike Nelson,Creative Commons Attribution-NonCommercial-ShareAlike 3.0,4.0,08:30,https://www.xeno-canto.org/130758,laugul/XC130758.ogg
laugul,['semplo'],['call'],28.1542,-82.8047,Leucophaeus atricilla,Laughing Gull,Mike Nelson,Creative Commons Attribution-NonCommercial-ShareAlike 3.0,3.5,08:30,https://www.xeno-canto.org/130760,laugul/XC130760.ogg
laugul,['sposan'],['call'],39.117,-74.8912,Leucophaeus atricilla,Laughing Gull,Dan Lane,Creative Commons Attribution-NonCommercial-ShareAlike 3.0,3.5,?,https://www.xeno-canto.org/135058,laugul/XC135058.ogg
laugul,[],"['call', 'flight call']",33.8438,-78.6105,Leucophaeus atricilla,Laughing Gull,Bernard BOUSQUET,Creative Commons Attribution-NonCommercial-ShareAlike 3.0,5.0,18:30,https://www.xeno-canto.org/141216,laugul/XC141216.ogg
laugul,[],['call'],33.1813,-115.6227,Leucophaeus atricilla,Laughing Gull,Bobby Wilcox,Creative Commons Attribution-NonCommercial-ShareAlike 3.0,0.0,07:30,https://www.xeno-canto.org/142540,laugul/XC142540.ogg
laugul,[],['call'],33.1813,-115.6227,Leucophaeus atricilla,Laughing Gull,Bobby Wilcox,Creative Commons Attribution-NonCommercial-ShareAlike 3.0,0.0,07:30,https://www.xeno-canto.org/142543,laugul/XC142543.ogg
laugul,[],['flight call'],40.8708,-73.5398,Leucophaeus atricilla,Laughing Gull,Albert & Max Lastukhin,Creative Commons Attribution-NonCommercial-ShareAlike 3.0,2.0,05:30,https://www.xeno-canto.org/142661,laugul/XC142661.ogg
laugul,[],['call'],28.6812,-80.6943,Leucophaeus atricilla,Laughing Gull,Paul Marvin,Creative Commons Attribution-NonCommercial-ShareAlike 3.0,4.0,10:11,https://www.xeno-canto.org/143762,laugul/XC143762.ogg
laugul,[],['call'],28.6812,-80.6943,Leucophaeus atricilla,Laughing Gull,Paul Marvin,Creative Commons Attribution-NonCommercial-ShareAlike 3.0,5.0,12:24,https://www.xeno-canto.org/143763,laugul/XC143763.ogg
laugul,[],['flight call'],28.6812,-80.6943,Leucophaeus atricilla,Laughing Gull,Paul Marvin,Creative Commons Attribution-NonCommercial-ShareAlike 3.0,4.0,08:51,https://www.xeno-canto.org/143764,laugul/XC143764.ogg
laugul,[],['call'],28.6812,-80.6943,Leucophaeus atricilla,Laughing Gull,Paul Marvin,Creative Commons Attribution-NonCommercial-ShareAlike 3.0,5.0,10:13,https://www.xeno-canto.org/143765,laugul/XC143765.ogg
laugul,[],['flight call'],28.6812,-80.6943,Leucophaeus atricilla,Laughing Gull,Paul Marvin,Creative Commons Attribution-NonCommercial-ShareAlike 3.0,5.0,11:22,https://www.xeno-canto.org/143766,laugul/XC143766.ogg
laugul,[],['call'],31.885,-81.0584,Leucophaeus atricilla,Laughing Gull,Russ Wigh,Creative Commons Attribution-NonCommercial-ShareAlike 3.0,4.0,07:00,https://www.xeno-canto.org/144749,laugul/XC144749.ogg
laugul,[],['call'],28.6812,-80.6943,Leucophaeus atricilla,Laughing Gull,Paul Marvin,Creative Commons Attribution-NonCommercial-ShareAlike 3.0,5.0,12:05,https://www.xeno-canto.org/145810,laugul/XC145810.ogg
laugul,[],['call'],28.6812,-80.6943,Leucophaeus atricilla,Laughing Gull,Paul Marvin,Creative Commons Attribution-NonCommercial-ShareAlike 3.0,5.0,10:18,https://www.xeno-canto.org/145812,laugul/XC145812.ogg
laugul,[],['call'],28.6812,-80.6943,Leucophaeus atricilla,Laughing Gull,Paul Marvin,Creative Commons Attribution-NonCommercial-ShareAlike 3.0,4.0,10:38,https://www.xeno-canto.org/147351,laugul/XC147351.ogg
laugul,[],['call'],6.066667,-77.38333,Leucophaeus atricilla,Laughing Gull,Gary Stiles (Colección de Sonidos Ambientales - Instituto Humboldt),Creative Commons Attribution-NonCommercial-ShareAlike 3.0,2.0,?,https://www.xeno-canto.org/148107,laugul/XC148107.ogg
laugul,[],['call'],28.8002,-80.845,Leucophaeus atricilla,Laughing Gull,Paul Marvin,Creative Commons Attribution-NonCommercial-ShareAlike 3.0,5.0,08:35,https://www.xeno-canto.org/169206,laugul/XC169206.ogg
laugul,[],['flight call'],28.5785,-80.9961,Leucophaeus atricilla,Laughing Gull,Paul Marvin,Creative Commons Attribution-NonCommercial-ShareAlike 4.0,4.0,09:09,https://www.xeno-canto.org/173667,laugul/XC173667.ogg
laugul,[],['call'],28.6812,-80.6943,Leucophaeus atricilla,Laughing Gull,Paul Marvin,Creative Commons Attribution-NonCommercial-ShareAlike 4.0,5.0,11:41,https://www.xeno-canto.org/196158,laugul/XC196158.ogg
laugul,[],['call'],26.1404,-97.1756,Leucophaeus atricilla,Laughing Gull,Eric Hough,Creative Commons Attribution-NonCommercial-ShareAlike 4.0,4.5,15:30,https://www.xeno-canto.org/214355,laugul/XC214355.ogg
laugul,[],['call'],29.766,-93.337,Leucophaeus atricilla,Laughing Gull,Dan Lane,Creative Commons Attribution-NonCommercial-ShareAlike 4.0,4.0,17:30,https://www.xeno-canto.org/237762,laugul/XC237762.ogg
laugul,[],['calls'],0.083,-80.05,Leucophaeus atricilla,Laughing Gull,John V. Moore,Creative Commons Attribution-NonCommercial-ShareAlike 4.0,5.0,?,https://www.xeno-canto.org/257575,laugul/XC257575.ogg
laugul,[],['calls'],0.083,-80.05,Leucophaeus atricilla,Laughing Gull,John V. Moore,Creative Commons Attribution-NonCommercial-ShareAlike 4.0,5.0,?,https://www.xeno-canto.org/257576,laugul/XC257576.ogg
laugul,[],['calls'],0.083,-80.05,Leucophaeus atricilla,Laughing Gull,John V. Moore,Creative Commons Attribution-NonCommercial-ShareAlike 4.0,5.0,?,https://www.xeno-canto.org/257577,laugul/XC257577.ogg
laugul,['norcar'],['flight call'],26.5151,-99.1156,Leucophaeus atricilla,Laughing Gull,Paul Marvin,Creative Commons Attribution-NonCommercial-ShareAlike 4.0,3.5,08:18,https://www.xeno-canto.org/299097,laugul/XC299097.ogg
laugul,[],['call'],30.2669,-89.9567,Leucophaeus atricilla,Laughing Gull,Jim Holmes,Creative Commons Attribution-NonCommercial-ShareAlike 4.0,5.0,07:00,https://www.xeno-canto.org/317053,laugul/XC317053.ogg
laugul,[],['call'],30.2669,-89.9567,Leucophaeus atricilla,Laughing Gull,Jim Holmes,Creative Commons Attribution-NonCommercial-ShareAlike 4.0,5.0,07:00,https://www.xeno-canto.org/317054,laugul/XC317054.ogg
laugul,[],"['adult', 'begging call', 'call', 'juvenile']",38.8014,-75.094,Leucophaeus atricilla,Laughing Gull,Jerald R,Creative Commons Attribution-NonCommercial-ShareAlike 4.0,4.0,08:00,https://www.xeno-canto.org/329959,laugul/XC329959.ogg
laugul,[],['alarm call'],20.7008,-105.5831,Leucophaeus atricilla,Laughing Gull,Manuel Grosselet,Creative Commons Attribution-NonCommercial-ShareAlike 4.0,4.0,13:00,https://www.xeno-canto.org/333002,laugul/XC333002.ogg
laugul,[],['call'],13.3545,-89.0327,Leucophaeus atricilla,Laughing Gull,Guillermo Funes,Creative Commons Attribution-NonCommercial-ShareAlike 4.0,5.0,16:00,https://www.xeno-canto.org/373367,laugul/XC373367.ogg
laugul,[],['call'],28.4077,-80.5912,Leucophaeus atricilla,Laughing Gull,Paul Marvin,Creative Commons Attribution-NonCommercial-ShareAlike 4.0,4.0,07:32,https://www.xeno-canto.org/386199,laugul/XC386199.ogg
laugul,[],['call'],28.4077,-80.5912,Leucophaeus atricilla,Laughing Gull,Paul Marvin,Creative Commons Attribution-NonCommercial-ShareAlike 4.0,4.0,07:38,https://www.xeno-canto.org/386200,laugul/XC386200.ogg
laugul,[],['call'],28.4077,-80.5912,Leucophaeus atricilla,Laughing Gull,Paul Marvin,Creative Commons Attribution-NonCommercial-ShareAlike 4.0,4.0,07:43,https://www.xeno-canto.org/386201,laugul/XC386201.ogg
laugul,[],['call'],27.8832,-110.5822,Leucophaeus atricilla,Laughing Gull,Richard E. Webster,Creative Commons Attribution-NonCommercial-ShareAlike 4.0,4.0,10:58,https://www.xeno-canto.org/445850,laugul/XC445850.ogg
laugul,[],['call'],27.8832,-110.5822,Leucophaeus atricilla,Laughing Gull,Richard E. Webster,Creative Commons Attribution-NonCommercial-ShareAlike 4.0,3.0,11:12,https://www.xeno-canto.org/445852,laugul/XC445852.ogg
laugul,[],['call'],27.7664,-82.7704,Leucophaeus atricilla,Laughing Gull,David Darrell-Lambert,Creative Commons Attribution-NonCommercial-ShareAlike 4.0,5.0,12:00,https://www.xeno-canto.org/447329,laugul/XC447329.ogg
laugul,[],['flight call'],25.6268,-109.0428,Leucophaeus atricilla,Laughing Gull,Manuel Grosselet,Creative Commons Attribution-NonCommercial-ShareAlike 4.0,3.5,09:00,https://www.xeno-canto.org/491080,laugul/XC491080.ogg
laugul,[],['flight call'],25.6268,-109.0428,Leucophaeus atricilla,Laughing Gull,Manuel Grosselet,Creative Commons Attribution-NonCommercial-ShareAlike 4.0,3.5,09:00,https://www.xeno-canto.org/491081,laugul/XC491081.ogg
laugul,[],"['call', 'flight call']",25.6036,-109.0521,Leucophaeus atricilla,Laughing Gull,Isain Contreras Rodríguez,Creative Commons Attribution-NonCommercial-ShareAlike 4.0,3.0,09:00,https://www.xeno-canto.org/491754,laugul/XC491754.ogg
laugul,[],"['begging call', 'flight call', 'juvenile']",33.1813,-115.6227,Leucophaeus atricilla,Laughing Gull,Paul Marvin,Creative Commons Attribution-NonCommercial-ShareAlike 4.0,4.0,07:30,https://www.xeno-canto.org/492602,laugul/XC492602.ogg
laugul,[],['call'],5.159,-52.6268,Leucophaeus atricilla,Laughing Gull,Brice de la Croix,Creative Commons Attribution-NonCommercial-ShareAlike 4.0,3.0,10:30,https://www.xeno-canto.org/506028,laugul/XC506028.ogg
laugul,[],['call'],5.159,-52.6268,Leucophaeus atricilla,Laughing Gull,Brice de la Croix,Creative Commons Attribution-NonCommercial-ShareAlike 4.0,3.0,10:30,https://www.xeno-canto.org/506029,laugul/XC506029.ogg
laugul,[],['call'],5.159,-52.6268,Leucophaeus atricilla,Laughing Gull,Brice de la Croix,Creative Commons Attribution-NonCommercial-ShareAlike 4.0,3.0,10:30,https://www.xeno-canto.org/506030,laugul/XC506030.ogg
laugul,[],['call'],5.159,-52.6268,Leucophaeus atricilla,Laughing Gull,Brice de la Croix,Creative Commons Attribution-NonCommercial-ShareAlike 4.0,0.0,14:30,https://www.xeno-canto.org/507209,laugul/XC507209.ogg
laugul,[],"['adult', 'flight call']",25.6602,-109.0033,Leucophaeus atricilla,Laughing Gull,Manuel Grosselet,Creative Commons Attribution-NonCommercial-ShareAlike 4.0,4.0,10:00,https://www.xeno-canto.org/519622,laugul/XC519622.ogg
laugul,[],"['adult', 'flight call']",25.6602,-109.0033,Leucophaeus atricilla,Laughing Gull,Manuel Grosselet,Creative Commons Attribution-NonCommercial-ShareAlike 4.0,5.0,10:00,https://www.xeno-canto.org/519623,laugul/XC519623.ogg
laugul,[],"['adult', 'call', 'sex uncertain']",25.6268,-109.0428,Leucophaeus atricilla,Laughing Gull,Manuel Grosselet,Creative Commons Attribution-NonCommercial-ShareAlike 4.0,5.0,10:00,https://www.xeno-canto.org/531647,laugul/XC531647.ogg
laugul,[],"['call', 'flight call']",25.6036,-109.0521,Leucophaeus atricilla,Laughing Gull,Isain Contreras Rodríguez,Creative Commons Attribution-NonCommercial-ShareAlike 4.0,5.0,08:00,https://www.xeno-canto.org/534562,laugul/XC534562.ogg
laugul,[],['canto'],30.36422,-81.40509,Leucophaeus atricilla,Laughing Gull,Caio Brito,Creative Commons Attribution-NonCommercial-ShareAlike 4.0,5.0,09:20,https://www.xeno-canto.org/556392,laugul/XC556392.ogg
laugul,[],['call'],40.476,-74.2676,Leucophaeus atricilla,Laughing Gull,William Whitehead,Creative Commons Attribution-NonCommercial-ShareAlike 4.0,5.0,08:30,https://www.xeno-canto.org/560799,laugul/XC560799.ogg
laugul,[],"['alarm call', 'call', 'flight call', 'sex uncertain']",25.5486,-109.1554,Leucophaeus atricilla,Laughing Gull,Isain Contreras Rodríguez,Creative Commons Attribution-NonCommercial-ShareAlike 4.0,5.0,07:00,https://www.xeno-canto.org/565552,laugul/XC565552.ogg
laugul,[],"['call', 'hatchling or nestling', 'sex uncertain']",25.5486,-109.1554,Leucophaeus atricilla,Laughing Gull,Isain Contreras Rodríguez,Creative Commons Attribution-NonCommercial-ShareAlike 4.0,5.0,07:00,https://www.xeno-canto.org/565553,laugul/XC565553.ogg
laugul,[],"['call', 'sex uncertain']",25.5486,-109.1554,Leucophaeus atricilla,Laughing Gull,Isain Contreras Rodríguez,Creative Commons Attribution-NonCommercial-ShareAlike 4.0,5.0,07:00,https://www.xeno-canto.org/565554,laugul/XC565554.ogg
laugul,[],"['call', 'flight call']",25.6602,-109.0033,Leucophaeus atricilla,Laughing Gull,Isain Contreras Rodríguez,Creative Commons Attribution-NonCommercial-ShareAlike 4.0,5.0,08:00,https://www.xeno-canto.org/568824,laugul/XC568824.ogg
laugul,[],['call'],9.0095,-79.4684,Leucophaeus atricilla,Laughing Gull,Mike Nelson,Creative Commons Attribution-NonCommercial-ShareAlike 3.0,4.0,5:00pm,https://www.xeno-canto.org/56915,laugul/XC56915.ogg
laugul,[],"['call', 'flight call']",25.6783,-108.9659,Leucophaeus atricilla,Laughing Gull,Isain Contreras Rodríguez,Creative Commons Attribution-NonCommercial-ShareAlike 4.0,5.0,09:00,https://www.xeno-canto.org/570048,laugul/XC570048.ogg
laugul,['bknsti'],"['adult', 'flight call', 'sex uncertain']",25.6783,-108.9659,Leucophaeus atricilla,Laughing Gull,Manuel Grosselet,Creative Commons Attribution-NonCommercial-ShareAlike 4.0,4.5,09:00,https://www.xeno-canto.org/570227,laugul/XC570227.ogg
laugul,[],"['adult', 'flight call', 'sex uncertain']",25.6258,-109.0296,Leucophaeus atricilla,Laughing Gull,Manuel Grosselet,Creative Commons Attribution-NonCommercial-ShareAlike 4.0,5.0,06:30,https://www.xeno-canto.org/571033,laugul/XC571033.ogg
laugul,[],"['call', 'hatchling or nestling', 'sex uncertain']",25.5486,-109.1554,Leucophaeus atricilla,Laughing Gull,Manuel Grosselet,Creative Commons Attribution-NonCommercial-ShareAlike 4.0,5.0,07:30,https://www.xeno-canto.org/571311,laugul/XC571311.ogg
laugul,[],"['adult', 'call', 'flight call', 'sex uncertain']",25.5486,-109.1554,Leucophaeus atricilla,Laughing Gull,Manuel Grosselet,Creative Commons Attribution-NonCommercial-ShareAlike 4.0,5.0,07:00,https://www.xeno-canto.org/571313,laugul/XC571313.ogg
laugul,[],"['adult', 'alarm call', 'call', 'flight call']",25.5486,-109.1554,Leucophaeus atricilla,Laughing Gull,Isain Contreras Rodríguez,Creative Commons Attribution-NonCommercial-ShareAlike 4.0,4.0,08:00,https://www.xeno-canto.org/571326,laugul/XC571326.ogg
laugul,[],"['adultos de LAGU al vuelo', 'call', 'hatchling or nestling']",25.5486,-109.1554,Leucophaeus atricilla,Laughing Gull,Isain Contreras Rodríguez,Creative Commons Attribution-NonCommercial-ShareAlike 4.0,4.0,08:00,https://www.xeno-canto.org/571329,laugul/XC571329.ogg
laugul,[],['flight call'],25.6602,-109.0033,Leucophaeus atricilla,Laughing Gull,Manuel Grosselet,Creative Commons Attribution-NonCommercial-ShareAlike 4.0,5.0,20:00,https://www.xeno-canto.org/571871,laugul/XC571871.ogg
laugul,[],['flight call'],25.6602,-109.0033,Leucophaeus atricilla,Laughing Gull,Manuel Grosselet,Creative Commons Attribution-NonCommercial-ShareAlike 4.0,4.5,20:00,https://www.xeno-canto.org/571872,laugul/XC571872.ogg
laugul,[],"['life stage uncertain', 'sex uncertain', 'song']",25.6602,-109.0033,Leucophaeus atricilla,Laughing Gull,Manuel Grosselet,Creative Commons Attribution-NonCommercial-ShareAlike 4.0,4.5,09:00,https://www.xeno-canto.org/572825,laugul/XC572825.ogg
laugul,[],"['adult', 'flight call', 'sex uncertain']",25.6602,-109.0033,Leucophaeus atricilla,Laughing Gull,Manuel Grosselet,Creative Commons Attribution-NonCommercial-ShareAlike 4.0,4.5,09:00,https://www.xeno-canto.org/572826,laugul/XC572826.ogg
laugul,[],['flight call'],4.9439,-52.3316,Leucophaeus atricilla,Laughing Gull,Brice de la Croix,Creative Commons Attribution-NonCommercial-ShareAlike 4.0,4.0,17:00,https://www.xeno-canto.org/582201,laugul/XC582201.ogg
laugul,"['bkbplo', 'bknsti']","['short', 'long calls']",-11.872,-77.155,Leucophaeus atricilla,Laughing Gull,Daniel Lane,Creative Commons Attribution-NonCommercial-ShareAlike 3.0,3.5,09:15,https://www.xeno-canto.org/58470,laugul/XC58470.ogg
laugul,[],['call'],16.4294,-94.8793,Leucophaeus atricilla,Laughing Gull,Manuel Grosselet,Creative Commons Attribution-NonCommercial-ShareAlike 4.0,4.0,07:00,https://www.xeno-canto.org/623957,laugul/XC623957.ogg
laugul,[],"['adult', 'call', 'sex uncertain']",31.9237,-81.0559,Leucophaeus atricilla,Laughing Gull,Russ Wigh,Creative Commons Attribution-NonCommercial-ShareAlike 4.0,5.0,07:30,https://www.xeno-canto.org/624687,laugul/XC624687.ogg
laugul,[],"['life stage uncertain', 'sex uncertain']",30.2509,-88.0769,Leucophaeus atricilla,Laughing Gull,Bill Grantham,Creative Commons Attribution-NonCommercial-ShareAlike 4.0,5.0,16:42,https://www.xeno-canto.org/625683,laugul/XC625683.ogg
laugul,[],"['adult', 'flight call', 'sex uncertain']",31.9237,-81.0559,Leucophaeus atricilla,Laughing Gull,Russ Wigh,Creative Commons Attribution-NonCommercial-ShareAlike 4.0,5.0,06:30,https://www.xeno-canto.org/627684,laugul/XC627684.ogg
laugul,[],['call'],37.9077,-75.3626,Leucophaeus atricilla,Laughing Gull,Paul Driver,Creative Commons Attribution-NonCommercial-ShareAlike 4.0,5.0,09:12,https://www.xeno-canto.org/651128,laugul/XC651128.ogg
layalb,[],['call'],21.5748,-158.2797,Phoebastria immutabilis,Laysan Albatross,Ross Gallardy,Creative Commons Attribution-NonCommercial-ShareAlike 4.0,1.0,08:30,https://www.xeno-canto.org/205838,layalb/XC205838.ogg
layalb,[],"['alarm call', 'bill clacks at nest']",21.5748,-158.2797,Phoebastria immutabilis,Laysan Albatross,Ross Gallardy,Creative Commons Attribution-NonCommercial-ShareAlike 4.0,5.0,07:00,https://www.xeno-canto.org/209430,layalb/XC209430.ogg
layalb,[],"['call', 'display call']",21.5748,-158.2797,Phoebastria immutabilis,Laysan Albatross,Ross Gallardy,Creative Commons Attribution-NonCommercial-ShareAlike 4.0,4.0,09:00,https://www.xeno-canto.org/209512,layalb/XC209512.ogg
lcspet,[],['call'],59.1215,-5.8264,Hydrobates leucorhous,Leach's Storm-Petrel,Steph,Creative Commons Attribution-NonCommercial-ShareAlike 4.0,5.0,00:30,https://www.xeno-canto.org/256948,lcspet/XC256948.ogg
lcspet,[],['call'],59.1215,-5.8264,Hydrobates leucorhous,Leach's Storm-Petrel,Steph,Creative Commons Attribution-NonCommercial-ShareAlike 4.0,5.0,10:00,https://www.xeno-canto.org/256949,lcspet/XC256949.ogg
lcspet,[],['call'],59.1292,-5.8208,Hydrobates leucorhous,Leach's Storm-Petrel,Steph,Creative Commons Attribution-NonCommercial-ShareAlike 4.0,5.0,11:00,https://www.xeno-canto.org/256951,lcspet/XC256951.ogg
lcspet,[],['call'],59.1292,-5.8208,Hydrobates leucorhous,Leach's Storm-Petrel,Steph,Creative Commons Attribution-NonCommercial-ShareAlike 4.0,3.5,11:00,https://www.xeno-canto.org/256952,lcspet/XC256952.ogg
lcspet,[],['call'],43.4618,-65.7444,Hydrobates leucorhous,Leach's Storm-Petrel,Alix dEntremont,Creative Commons Attribution-NonCommercial-ShareAlike 4.0,1.5,10:00,https://www.xeno-canto.org/314300,lcspet/XC314300.ogg
lcspet,[],"['Purring from inside burrow', 'call', 'chuckle from outside and inside', 'flight call']",43.4618,-65.7444,Hydrobates leucorhous,Leach's Storm-Petrel,Lucas Berrigan,Creative Commons Attribution-NonCommercial-ShareAlike 4.0,4.0,21:30,https://www.xeno-canto.org/381924,lcspet/XC381924.ogg
lcspet,['glwgul'],['call'],50.8643,-129.082,Hydrobates leucorhous,Leach's Storm-Petrel,David Bradley,Creative Commons Attribution-NonCommercial-ShareAlike 4.0,4.5,01:00,https://www.xeno-canto.org/423384,lcspet/XC423384.ogg
lcspet,[],['flight call'],57.8115,-8.57,Hydrobates leucorhous,Leach's Storm-Petrel,Gareth K.,Creative Commons Attribution-NonCommercial-ShareAlike 4.0,2.5,23:30,https://www.xeno-canto.org/446082,lcspet/XC446082.ogg
lcspet,[],"['adult', 'male', 'song']",63.4677,-20.1712,Hydrobates leucorhous,Leach's Storm-Petrel,Rinse van der Vliet,Creative Commons Attribution-NonCommercial-ShareAlike 4.0,4.0,04:23,https://www.xeno-canto.org/565436,lcspet/XC565436.ogg
lcspet,[],['nocturnal flight call'],54.2386,-0.4196,Hydrobates leucorhous,Leach's Storm-Petrel,Dan Lombard,Creative Commons Attribution-NonCommercial-ShareAlike 4.0,4.0,01:00,https://www.xeno-canto.org/636761,lcspet/XC636761.ogg
lcspet,['bkwpet'],"['adult', 'call', 'male']",-44.3467,-176.1775,Hydrobates leucorhous,Leach's Storm-Petrel,David Boyle,Creative Commons Attribution-NonCommercial-ShareAlike 4.0,4.5,22:30,https://www.xeno-canto.org/652780,lcspet/XC652780.ogg
lcspet,[],"['adult', 'song']",59.0856,-4.4081,Hydrobates leucorhous,Leach's Storm-Petrel,Rob Hughes,Creative Commons Attribution-NonCommercial-ShareAlike 4.0,5.0,01:30,https://www.xeno-canto.org/662777,lcspet/XC662777.ogg
lcspet,[],"['adult', 'song']",62.1033,-7.6559,Hydrobates leucorhous,Leach's Storm-Petrel,Simon S. Christiansen,Creative Commons Attribution-NonCommercial-ShareAlike 4.0,5.0,02:00,https://www.xeno-canto.org/663893,lcspet/XC663893.ogg
leasan,[],['call'],36.067,-83.231,Calidris minutilla,Least Sandpiper,Mike Nelson,Creative Commons Attribution-NonCommercial-ShareAlike 3.0,4.0,12:30,https://www.xeno-canto.org/109317,leasan/XC109317.ogg
leasan,[],['call'],36.067,-83.231,Calidris minutilla,Least Sandpiper,Mike Nelson,Creative Commons Attribution-NonCommercial-ShareAlike 3.0,3.0,12:30,https://www.xeno-canto.org/109318,leasan/XC109318.ogg
leasan,[],"['call', 'contact calls']",36.067,-83.231,Calidris minutilla,Least Sandpiper,Mike Nelson,Creative Commons Attribution-NonCommercial-ShareAlike 3.0,3.0,12:30,https://www.xeno-canto.org/109319,leasan/XC109319.ogg
leasan,[],"['call', 'contact calls']",36.067,-83.231,Calidris minutilla,Least Sandpiper,Mike Nelson,Creative Commons Attribution-NonCommercial-ShareAlike 3.0,4.0,12:30,https://www.xeno-canto.org/109320,leasan/XC109320.ogg
leasan,['cangoo'],"['male', 'song']",58.6624,-93.834,Calidris minutilla,Least Sandpiper,Doug Hynes,Creative Commons Attribution-NonCommercial-ShareAlike 3.0,4.5,13:07,https://www.xeno-canto.org/114931,leasan/XC114931.ogg
leasan,[],['call'],58.7444,-93.8784,Calidris minutilla,Least Sandpiper,Doug Hynes,Creative Commons Attribution-NonCommercial-ShareAlike 3.0,4.0,19:12,https://www.xeno-canto.org/114939,leasan/XC114939.ogg
leasan,[],"['call', 'flight call']",39.4187,-74.3898,Calidris minutilla,Least Sandpiper,Paul Driver,Creative Commons Attribution-NonCommercial-ShareAlike 3.0,3.0,10:00,https://www.xeno-canto.org/140245,leasan/XC140245.ogg
leasan,[],['flight call'],46.8256,-64.9102,Calidris minutilla,Least Sandpiper,Martin St-Michel,Creative Commons Attribution-NonCommercial-ShareAlike 3.0,5.0,08:06,https://www.xeno-canto.org/145676,leasan/XC145676.ogg
leasan,[],['call'],28.2267,-80.7645,Calidris minutilla,Least Sandpiper,Paul Marvin,Creative Commons Attribution-NonCommercial-ShareAlike 3.0,3.0,10:00,https://www.xeno-canto.org/147352,leasan/XC147352.ogg
leasan,[],['call'],28.6812,-80.6943,Calidris minutilla,Least Sandpiper,Paul Marvin,Creative Commons Attribution-NonCommercial-ShareAlike 3.0,4.0,10:18,https://www.xeno-canto.org/147353,leasan/XC147353.ogg
leasan,[],['call'],28.6812,-80.6943,Calidris minutilla,Least Sandpiper,Paul Marvin,Creative Commons Attribution-NonCommercial-ShareAlike 3.0,4.0,10:20,https://www.xeno-canto.org/147354,leasan/XC147354.ogg
leasan,[],['call'],28.6812,-80.6943,Calidris minutilla,Least Sandpiper,Paul Marvin,Creative Commons Attribution-NonCommercial-ShareAlike 3.0,5.0,08:31,https://www.xeno-canto.org/147355,leasan/XC147355.ogg
leasan,[],['call'],28.6812,-80.6943,Calidris minutilla,Least Sandpiper,Paul Marvin,Creative Commons Attribution-NonCommercial-ShareAlike 3.0,5.0,08:31,https://www.xeno-canto.org/147356,leasan/XC147356.ogg
leasan,[],['call'],28.6812,-80.6943,Calidris minutilla,Least Sandpiper,Paul Marvin,Creative Commons Attribution-NonCommercial-ShareAlike 3.0,5.0,08:11,https://www.xeno-canto.org/147357,leasan/XC147357.ogg
leasan,[],['call'],28.6812,-80.6943,Calidris minutilla,Least Sandpiper,Paul Marvin,Creative Commons Attribution-NonCommercial-ShareAlike 3.0,3.0,08:25,https://www.xeno-canto.org/147358,leasan/XC147358.ogg
leasan,[],['call'],28.6812,-80.6943,Calidris minutilla,Least Sandpiper,Paul Marvin,Creative Commons Attribution-NonCommercial-ShareAlike 3.0,4.0,08:47,https://www.xeno-canto.org/147359,leasan/XC147359.ogg
leasan,[],['flight call'],33.1612,-115.6414,Calidris minutilla,Least Sandpiper,Paul Marvin,Creative Commons Attribution-NonCommercial-ShareAlike 3.0,4.0,12:39,https://www.xeno-canto.org/147360,leasan/XC147360.ogg
leasan,[],['call'],24.696,-81.321,Calidris minutilla,Least Sandpiper,Paul Marvin,Creative Commons Attribution-NonCommercial-ShareAlike 3.0,4.0,11:12,https://www.xeno-canto.org/149436,leasan/XC149436.ogg
leasan,['caster1'],['call'],29.766,-93.337,Calidris minutilla,Least Sandpiper,Dan Lane,Creative Commons Attribution-NonCommercial-ShareAlike 3.0,3.5,15:30,https://www.xeno-canto.org/155038,leasan/XC155038.ogg
leasan,[],['flight call'],49.0802,-125.7755,Calidris minutilla,Least Sandpiper,Ian Cruickshank,Creative Commons Attribution-NonCommercial-ShareAlike 4.0,4.0,08:30,https://www.xeno-canto.org/180156,leasan/XC180156.ogg
leasan,[],"['call', 'flight call']",49.0802,-125.7755,Calidris minutilla,Least Sandpiper,Ian Cruickshank,Creative Commons Attribution-NonCommercial-ShareAlike 4.0,4.0,08:00,https://www.xeno-canto.org/182166,leasan/XC182166.ogg
leasan,['bknsti'],['call'],33.5258,-112.2822,Calidris minutilla,Least Sandpiper,Phoenix Birder,Creative Commons Attribution-NonCommercial-ShareAlike 4.0,4.5,11:11,https://www.xeno-canto.org/190804,leasan/XC190804.ogg
leasan,[],['call'],68.4274,-149.3554,Calidris minutilla,Least Sandpiper,Andrew Spencer,Creative Commons Attribution-NonCommercial-ShareAlike 4.0,5.0,10:10,https://www.xeno-canto.org/203604,leasan/XC203604.ogg
leasan,[],['call'],68.4274,-149.3554,Calidris minutilla,Least Sandpiper,Andrew Spencer,Creative Commons Attribution-NonCommercial-ShareAlike 4.0,5.0,10:30,https://www.xeno-canto.org/203605,leasan/XC203605.ogg
leasan,[],['song'],64.7336,-138.3613,Calidris minutilla,Least Sandpiper,Andrew Spencer,Creative Commons Attribution-NonCommercial-ShareAlike 4.0,5.0,13:00,https://www.xeno-canto.org/203718,leasan/XC203718.ogg
leasan,[],['song'],64.7336,-138.3613,Calidris minutilla,Least Sandpiper,Andrew Spencer,Creative Commons Attribution-NonCommercial-ShareAlike 4.0,5.0,13:00,https://www.xeno-canto.org/203719,leasan/XC203719.ogg
leasan,[],['song'],64.7336,-138.3613,Calidris minutilla,Least Sandpiper,Andrew Spencer,Creative Commons Attribution-NonCommercial-ShareAlike 4.0,5.0,13:00,https://www.xeno-canto.org/203720,leasan/XC203720.ogg
leasan,[],['song'],64.7336,-138.3613,Calidris minutilla,Least Sandpiper,Andrew Spencer,Creative Commons Attribution-NonCommercial-ShareAlike 4.0,5.0,13:00,https://www.xeno-canto.org/203721,leasan/XC203721.ogg
leasan,[],['call'],30.347,-91.218,Calidris minutilla,Least Sandpiper,Dan Lane,Creative Commons Attribution-NonCommercial-ShareAlike 4.0,3.0,11:00,https://www.xeno-canto.org/210747,leasan/XC210747.ogg
leasan,[],['calls when flushed'],-2.509,-79.653,Calidris minutilla,Least Sandpiper,Niels Krabbe,Creative Commons Attribution-NonCommercial-ShareAlike 3.0,3.0,?,https://www.xeno-canto.org/238080,leasan/XC238080.ogg
leasan,[],['alarm call'],40.6883,-124.2782,Calidris minutilla,Least Sandpiper,Elias Aristides Elias,Creative Commons Attribution-NonCommercial-ShareAlike 4.0,2.0,17:55,https://www.xeno-canto.org/256862,leasan/XC256862.ogg
leasan,[],['take-off and flight calls'],0.083,-80.05,Calidris minutilla,Least Sandpiper,John V. Moore,Creative Commons Attribution-NonCommercial-ShareAlike 4.0,5.0,?,https://www.xeno-canto.org/257530,leasan/XC257530.ogg
leasan,[],['flight calls'],-2.247,-80.941,Calidris minutilla,Least Sandpiper,John V. Moore,Creative Commons Attribution-NonCommercial-ShareAlike 4.0,3.0,?,https://www.xeno-canto.org/257531,leasan/XC257531.ogg
leasan,[],['calls from ground'],0.083,-80.05,Calidris minutilla,Least Sandpiper,John V. Moore,Creative Commons Attribution-NonCommercial-ShareAlike 4.0,4.0,?,https://www.xeno-canto.org/257532,leasan/XC257532.ogg
leasan,[],['calls'],0.083,-80.05,Calidris minutilla,Least Sandpiper,John V. Moore,Creative Commons Attribution-NonCommercial-ShareAlike 4.0,3.0,?,https://www.xeno-canto.org/257533,leasan/XC257533.ogg
leasan,[],['flight call'],38.0421,-98.1195,Calidris minutilla,Least Sandpiper,Joseph Miller,Creative Commons Attribution-NonCommercial-ShareAlike 4.0,1.5,16:00,https://www.xeno-canto.org/267510,leasan/XC267510.ogg
leasan,[],"['alarm call', 'call']",61.124,-151.1033,Calidris minutilla,Least Sandpiper,Garrett MacDonald,Creative Commons Attribution-NonCommercial-ShareAlike 4.0,4.0,14:00,https://www.xeno-canto.org/283646,leasan/XC283646.ogg
leasan,[],['flight call'],18.0005,-94.5573,Calidris minutilla,Least Sandpiper,Manuel Grosselet,Creative Commons Attribution-NonCommercial-ShareAlike 4.0,4.0,09:00,https://www.xeno-canto.org/304768,leasan/XC304768.ogg
leasan,[],"['NFC', 'Nocturnal Flight Call', 'flight call']",39.1742,-75.5424,Calidris minutilla,Least Sandpiper,Jerald R,Creative Commons Attribution-NonCommercial-ShareAlike 4.0,3.0,02:30,https://www.xeno-canto.org/317760,leasan/XC317760.ogg
leasan,[],"['NFC', 'Nocturnal Flight Call', 'flight call']",39.1742,-75.5424,Calidris minutilla,Least Sandpiper,Jerald R,Creative Commons Attribution-NonCommercial-ShareAlike 4.0,3.0,02:30,https://www.xeno-canto.org/318471,leasan/XC318471.ogg
leasan,"['cangoo', 'wessan']","['alarm call', 'call', 'flight call']",40.8545,-124.0922,Calidris minutilla,Least Sandpiper,Ken Burton,Creative Commons Attribution-NonCommercial-ShareAlike 4.0,3.5,12:13,https://www.xeno-canto.org/328015,leasan/XC328015.ogg
leasan,[],['call'],15.2292,-87.956,Calidris minutilla,Least Sandpiper,Francisco Dubon,Creative Commons Attribution-NonCommercial-ShareAlike 4.0,2.5,08:30,https://www.xeno-canto.org/329620,leasan/XC329620.ogg
leasan,[],"['alarm call,flight call']",15.2292,-87.956,Calidris minutilla,Least Sandpiper,Francisco Dubon,Creative Commons Attribution-NonCommercial-ShareAlike 4.0,3.5,09:00,https://www.xeno-canto.org/329621,leasan/XC329621.ogg
leasan,[],['call'],40.8561,-124.0985,Calidris minutilla,Least Sandpiper,Rob Fowler,Creative Commons Attribution-NonCommercial-ShareAlike 4.0,2.5,09:18,https://www.xeno-canto.org/332336,leasan/XC332336.ogg
leasan,[],"['call', 'flight call']",39.445,-74.377,Calidris minutilla,Least Sandpiper,Jarmo Pirhonen,Creative Commons Attribution-NonCommercial-ShareAlike 4.0,5.0,08:00,https://www.xeno-canto.org/337948,leasan/XC337948.ogg
leasan,[],['flight call'],48.6238,-69.0888,Calidris minutilla,Least Sandpiper,Martin St-Michel,Creative Commons Attribution-NonCommercial-ShareAlike 4.0,4.0,08:23,https://www.xeno-canto.org/338291,leasan/XC338291.ogg
leasan,[],['flight call'],48.6238,-69.0888,Calidris minutilla,Least Sandpiper,Martin St-Michel,Creative Commons Attribution-NonCommercial-ShareAlike 4.0,3.0,09:52,https://www.xeno-canto.org/338294,leasan/XC338294.ogg
leasan,[],['call'],10.0421,-84.912,Calidris minutilla,Least Sandpiper,Albert Lastukhin,Creative Commons Attribution-NonCommercial-ShareAlike 4.0,2.5,06:00,https://www.xeno-canto.org/372648,leasan/XC372648.ogg
leasan,[],['call'],64.4669,-164.7537,Calidris minutilla,Least Sandpiper,Patrik Åberg,Creative Commons Attribution-NonCommercial-ShareAlike 4.0,4.0,09:40,https://www.xeno-canto.org/406227,leasan/XC406227.ogg
leasan,[],['song'],8.9167,-78.3947,Calidris minutilla,Least Sandpiper,Kent Livezey,Creative Commons Attribution-NonCommercial-ShareAlike 4.0,2.5,17:09,https://www.xeno-canto.org/407062,leasan/XC407062.ogg
leasan,[],['call'],36.1178,-84.1109,Calidris minutilla,Least Sandpiper,Bates Estabrooks,Creative Commons Attribution-NonCommercial-ShareAlike 4.0,4.0,16:00,https://www.xeno-canto.org/413345,leasan/XC413345.ogg
leasan,[],['flight call'],39.4733,-77.4345,Calidris minutilla,Least Sandpiper,Andy Wilson,Creative Commons Attribution-NonCommercial-ShareAlike 4.0,3.0,00:30,https://www.xeno-canto.org/414345,leasan/XC414345.ogg
leasan,[],['flight call'],39.4733,-77.4345,Calidris minutilla,Least Sandpiper,Andy Wilson,Creative Commons Attribution-NonCommercial-ShareAlike 4.0,3.0,23:27,https://www.xeno-canto.org/416444,leasan/XC416444.ogg
leasan,[],"['""Chuff"" call', 'call']",47.0755,-122.7129,Calidris minutilla,Least Sandpiper,Rachel Hudson,Creative Commons Attribution-NonCommercial-ShareAlike 4.0,4.0,13:00,https://www.xeno-canto.org/431175,leasan/XC431175.ogg
leasan,[],['call'],42.758,-70.801,Calidris minutilla,Least Sandpiper,Phil Brown,Creative Commons Attribution-NonCommercial-ShareAlike 4.0,4.5,09:30,https://www.xeno-canto.org/433086,leasan/XC433086.ogg
leasan,[],['flight call'],28.229,-80.813,Calidris minutilla,Least Sandpiper,Paul Marvin,Creative Commons Attribution-NonCommercial-ShareAlike 4.0,4.0,09:36,https://www.xeno-canto.org/451870,leasan/XC451870.ogg
leasan,[],['call'],33.3607,-111.7343,Calidris minutilla,Least Sandpiper,Paul Marvin,Creative Commons Attribution-NonCommercial-ShareAlike 4.0,4.0,10:58,https://www.xeno-canto.org/452511,leasan/XC452511.ogg
leasan,[],['flight call'],26.5878,-99.1487,Calidris minutilla,Least Sandpiper,Paul Marvin,Creative Commons Attribution-NonCommercial-ShareAlike 4.0,5.0,10:22,https://www.xeno-canto.org/453003,leasan/XC453003.ogg
leasan,[],['flight call'],40.6052,-74.2495,Calidris minutilla,Least Sandpiper,William Whitehead,Creative Commons Attribution-NonCommercial-ShareAlike 4.0,4.0,16:30,https://www.xeno-canto.org/474335,leasan/XC474335.ogg
leasan,[],['call'],40.6052,-74.2495,Calidris minutilla,Least Sandpiper,William Whitehead,Creative Commons Attribution-NonCommercial-ShareAlike 4.0,4.0,07:00,https://www.xeno-canto.org/475683,leasan/XC475683.ogg
leasan,['bknsti'],['call'],32.2324,-109.8252,Calidris minutilla,Least Sandpiper,Phoenix Birder,Creative Commons Attribution-NonCommercial-ShareAlike 4.0,4.5,06:54,https://www.xeno-canto.org/493321,leasan/XC493321.ogg
leasan,[],['flight call'],43.3388,-70.5506,Calidris minutilla,Least Sandpiper,Will Sweet,Creative Commons Attribution-NonCommercial-ShareAlike 4.0,4.0,18:30,https://www.xeno-canto.org/494401,leasan/XC494401.ogg
leasan,[],['flight call'],40.451,-73.996,Calidris minutilla,Least Sandpiper,William Whitehead,Creative Commons Attribution-NonCommercial-ShareAlike 4.0,3.0,08:30,https://www.xeno-canto.org/494943,leasan/XC494943.ogg
leasan,[],"['breet', 'call']",35.3882,-120.8653,Calidris minutilla,Least Sandpiper,Thomas G. Graves,Creative Commons Attribution-NonCommercial-ShareAlike 4.0,5.0,10:34,https://www.xeno-canto.org/495764,leasan/XC495764.ogg
leasan,[],['call'],35.3882,-120.8653,Calidris minutilla,Least Sandpiper,Thomas G. Graves,Creative Commons Attribution-NonCommercial-ShareAlike 4.0,5.0,10:28,https://www.xeno-canto.org/496351,leasan/XC496351.ogg
leasan,[],"['Nocturnal Flight call', 'flight call']",25.6258,-109.0296,Calidris minutilla,Least Sandpiper,Manuel Grosselet,Creative Commons Attribution-NonCommercial-ShareAlike 4.0,4.0,01:30,https://www.xeno-canto.org/498130,leasan/XC498130.ogg
leasan,[],"['Nocturnal Flight call', 'flight call']",25.6258,-109.0296,Calidris minutilla,Least Sandpiper,Manuel Grosselet,Creative Commons Attribution-NonCommercial-ShareAlike 4.0,4.0,01:30,https://www.xeno-canto.org/498131,leasan/XC498131.ogg
leasan,[],"['adult', 'call', 'sex uncertain']",33.3613,-111.7325,Calidris minutilla,Least Sandpiper,Phoenix Birder,Creative Commons Attribution-NonCommercial-ShareAlike 4.0,4.0,09:39,https://www.xeno-canto.org/511510,leasan/XC511510.ogg
leasan,[],"['call', 'flight call', 'sex uncertain']",25.6036,-109.0521,Calidris minutilla,Least Sandpiper,Isain Contreras Rodríguez,Creative Commons Attribution-NonCommercial-ShareAlike 4.0,5.0,08:30,https://www.xeno-canto.org/531648,leasan/XC531648.ogg
leasan,[],"['call', 'flight call', 'sex uncertain']",25.6036,-109.0521,Calidris minutilla,Least Sandpiper,Isain Contreras Rodríguez,Creative Commons Attribution-NonCommercial-ShareAlike 4.0,5.0,08:30,https://www.xeno-canto.org/531649,leasan/XC531649.ogg
leasan,[],"['call', 'flight call', 'life stage uncertain', 'sex uncertain']",25.6602,-109.0033,Calidris minutilla,Least Sandpiper,Manuel Grosselet,Creative Commons Attribution-NonCommercial-ShareAlike 4.0,3.5,11:00,https://www.xeno-canto.org/533411,leasan/XC533411.ogg
leasan,[],"['call', 'flight call', 'life stage uncertain', 'sex uncertain']",25.6602,-109.0033,Calidris minutilla,Least Sandpiper,Manuel Grosselet,Creative Commons Attribution-NonCommercial-ShareAlike 4.0,3.5,11:00,https://www.xeno-canto.org/533412,leasan/XC533412.ogg
leasan,[],['call'],35.912,-84.5101,Calidris minutilla,Least Sandpiper,Mike Nelson,Creative Commons Attribution-NonCommercial-ShareAlike 3.0,3.0,10:30am,https://www.xeno-canto.org/53850,leasan/XC53850.ogg
leasan,[],['call'],45.6123,-122.7352,Calidris minutilla,Least Sandpiper,Thomas Magarian,Creative Commons Attribution-NonCommercial-ShareAlike 4.0,0.0,14:25,https://www.xeno-canto.org/545876,leasan/XC545876.ogg
leasan,[],['call'],45.6123,-122.7352,Calidris minutilla,Least Sandpiper,Thomas Magarian,Creative Commons Attribution-NonCommercial-ShareAlike 4.0,0.0,14:30,https://www.xeno-canto.org/545877,leasan/XC545877.ogg
leasan,[],['call'],45.6123,-122.7352,Calidris minutilla,Least Sandpiper,Thomas Magarian,Creative Commons Attribution-NonCommercial-ShareAlike 4.0,0.0,14:35,https://www.xeno-canto.org/545878,leasan/XC545878.ogg
leasan,[],['call'],35.912,-84.5101,Calidris minutilla,Least Sandpiper,Mike Nelson,Creative Commons Attribution-NonCommercial-ShareAlike 3.0,3.0,10:00am,https://www.xeno-canto.org/56428,leasan/XC56428.ogg
leasan,[],"['adult', 'call', 'sex uncertain']",35.3217,-120.8686,Calidris minutilla,Least Sandpiper,Thomas G. Graves,Creative Commons Attribution-NonCommercial-ShareAlike 4.0,4.0,17:01,https://www.xeno-canto.org/599573,leasan/XC599573.ogg
leasan,[],['call'],35.5587,-84.1326,Calidris minutilla,Least Sandpiper,Mike Nelson,Creative Commons Attribution-NonCommercial-ShareAlike 3.0,2.5,7:45am,https://www.xeno-canto.org/60064,leasan/XC60064.ogg
leasan,[],['call'],19.2743,-99.0566,Calidris minutilla,Least Sandpiper,Isain Contreras Rodríguez,Creative Commons Attribution-NonCommercial-ShareAlike 4.0,4.0,07:30,https://www.xeno-canto.org/607843,leasan/XC607843.ogg
leasan,[],['call'],17.0425,-96.5162,Calidris minutilla,Least Sandpiper,Manuel Grosselet,Creative Commons Attribution-NonCommercial-ShareAlike 4.0,4.0,09:30,https://www.xeno-canto.org/620783,leasan/XC620783.ogg
leasan,[],['call'],15.669,-96.5732,Calidris minutilla,Least Sandpiper,Manuel Grosselet,Creative Commons Attribution-NonCommercial-ShareAlike 4.0,5.0,10:00,https://www.xeno-canto.org/623993,leasan/XC623993.ogg
leasan,[],"['flight call', 'interaction']",44.2587,-68.3409,Calidris minutilla,Least Sandpiper,Paul Driver,Creative Commons Attribution-NonCommercial-ShareAlike 4.0,4.0,06:30,https://www.xeno-canto.org/664099,leasan/XC664099.ogg
leasan,[],"['flight call', 'interaction']",44.2587,-68.3409,Calidris minutilla,Least Sandpiper,Paul Driver,Creative Commons Attribution-NonCommercial-ShareAlike 4.0,4.0,06:41,https://www.xeno-canto.org/664100,leasan/XC664100.ogg
leater1,['laugul'],['song'],28.1916,-82.787,Sternula antillarum,Least Tern,Mike Nelson,Creative Commons Attribution-NonCommercial-ShareAlike 3.0,3.5,07:30,https://www.xeno-canto.org/130762,leater1/XC130762.ogg
leater1,['laugul'],['song'],28.1916,-82.787,Sternula antillarum,Least Tern,Mike Nelson,Creative Commons Attribution-NonCommercial-ShareAlike 3.0,3.5,07:30,https://www.xeno-canto.org/130763,leater1/XC130763.ogg
leater1,[],['call'],33.8438,-78.6105,Sternula antillarum,Least Tern,Bernard BOUSQUET,Creative Commons Attribution-NonCommercial-ShareAlike 3.0,4.0,09:00,https://www.xeno-canto.org/140816,leater1/XC140816.ogg
leater1,[],"['call', 'flight call']",41.621,-69.968,Sternula antillarum,Least Tern,Daniel Parker,Creative Commons Attribution-NonCommercial-ShareAlike 3.0,1.5,12:40,https://www.xeno-canto.org/141285,leater1/XC141285.ogg
leater1,[],['juvenile'],28.6812,-80.6943,Sternula antillarum,Least Tern,Paul Marvin,Creative Commons Attribution-NonCommercial-ShareAlike 3.0,5.0,11:18,https://www.xeno-canto.org/143770,leater1/XC143770.ogg
leater1,[],"['call', 'juvenile']",28.6812,-80.6943,Sternula antillarum,Least Tern,Paul Marvin,Creative Commons Attribution-NonCommercial-ShareAlike 3.0,5.0,09:50,https://www.xeno-canto.org/143771,leater1/XC143771.ogg
leater1,[],"['call', 'juvenile']",28.6812,-80.6943,Sternula antillarum,Least Tern,Paul Marvin,Creative Commons Attribution-NonCommercial-ShareAlike 3.0,5.0,10:21,https://www.xeno-canto.org/143772,leater1/XC143772.ogg
leater1,[],"['call', 'juvenile']",28.6812,-80.6943,Sternula antillarum,Least Tern,Paul Marvin,Creative Commons Attribution-NonCommercial-ShareAlike 3.0,5.0,10:21,https://www.xeno-canto.org/143773,leater1/XC143773.ogg
leater1,[],['juvenile'],28.6812,-80.6943,Sternula antillarum,Least Tern,Paul Marvin,Creative Commons Attribution-NonCommercial-ShareAlike 3.0,5.0,10:21,https://www.xeno-canto.org/143774,leater1/XC143774.ogg
leater1,[],['call'],28.6812,-80.6943,Sternula antillarum,Least Tern,Paul Marvin,Creative Commons Attribution-NonCommercial-ShareAlike 3.0,5.0,11:26,https://www.xeno-canto.org/143775,leater1/XC143775.ogg
leater1,[],['call'],28.6812,-80.6943,Sternula antillarum,Least Tern,Paul Marvin,Creative Commons Attribution-NonCommercial-ShareAlike 3.0,5.0,11:30,https://www.xeno-canto.org/143776,leater1/XC143776.ogg
leater1,[],"['call', 'juvenile']",28.6812,-80.6943,Sternula antillarum,Least Tern,Paul Marvin,Creative Commons Attribution-NonCommercial-ShareAlike 3.0,5.0,09:57,https://www.xeno-canto.org/143777,leater1/XC143777.ogg
leater1,[],"['call', 'juvenile']",28.6812,-80.6943,Sternula antillarum,Least Tern,Paul Marvin,Creative Commons Attribution-NonCommercial-ShareAlike 3.0,5.0,10:21,https://www.xeno-canto.org/143778,leater1/XC143778.ogg
leater1,[],['call'],28.6812,-80.6943,Sternula antillarum,Least Tern,Paul Marvin,Creative Commons Attribution-NonCommercial-ShareAlike 3.0,5.0,10:08,https://www.xeno-canto.org/143779,leater1/XC143779.ogg
leater1,[],['call'],28.6812,-80.6943,Sternula antillarum,Least Tern,Paul Marvin,Creative Commons Attribution-NonCommercial-ShareAlike 3.0,5.0,10:08,https://www.xeno-canto.org/143780,leater1/XC143780.ogg
leater1,[],['flight call'],24.711,-81.0982,Sternula antillarum,Least Tern,Paul Marvin,Creative Commons Attribution-NonCommercial-ShareAlike 3.0,4.0,08:59,https://www.xeno-canto.org/145818,leater1/XC145818.ogg
leater1,[],['flight call'],24.711,-81.0982,Sternula antillarum,Least Tern,Paul Marvin,Creative Commons Attribution-NonCommercial-ShareAlike 3.0,4.0,09:38,https://www.xeno-canto.org/145820,leater1/XC145820.ogg
leater1,[],['flight call'],24.711,-81.0982,Sternula antillarum,Least Tern,Paul Marvin,Creative Commons Attribution-NonCommercial-ShareAlike 3.0,4.0,12:38,https://www.xeno-canto.org/145821,leater1/XC145821.ogg
leater1,[],"['aggressive calls', 'flight call']",32.5593,-117.1316,Sternula antillarum,Least Tern,Paul Marvin,Creative Commons Attribution-NonCommercial-ShareAlike 3.0,4.0,10:40,https://www.xeno-canto.org/161322,leater1/XC161322.ogg
leater1,[],['flight call'],28.6781,-80.7717,Sternula antillarum,Least Tern,Paul Marvin,Creative Commons Attribution-NonCommercial-ShareAlike 3.0,4.0,09:34,https://www.xeno-canto.org/161323,leater1/XC161323.ogg
leater1,[],['flight call'],28.2267,-80.7645,Sternula antillarum,Least Tern,Paul Marvin,Creative Commons Attribution-NonCommercial-ShareAlike 4.0,5.0,10:04,https://www.xeno-canto.org/177285,leater1/XC177285.ogg
leater1,[],['flight call'],28.2267,-80.7645,Sternula antillarum,Least Tern,Paul Marvin,Creative Commons Attribution-NonCommercial-ShareAlike 4.0,2.5,10:06,https://www.xeno-canto.org/177286,leater1/XC177286.ogg
leater1,[],['flight call'],28.2267,-80.7645,Sternula antillarum,Least Tern,Paul Marvin,Creative Commons Attribution-NonCommercial-ShareAlike 4.0,4.0,13:44,https://www.xeno-canto.org/177287,leater1/XC177287.ogg
leater1,[],['flight call'],28.2267,-80.7645,Sternula antillarum,Least Tern,Paul Marvin,Creative Commons Attribution-NonCommercial-ShareAlike 4.0,4.0,10:44,https://www.xeno-canto.org/177288,leater1/XC177288.ogg
leater1,[],['flight call'],28.2267,-80.7645,Sternula antillarum,Least Tern,Paul Marvin,Creative Commons Attribution-NonCommercial-ShareAlike 4.0,3.5,10:47,https://www.xeno-canto.org/177289,leater1/XC177289.ogg
leater1,[],['flight call'],28.2267,-80.7645,Sternula antillarum,Least Tern,Paul Marvin,Creative Commons Attribution-NonCommercial-ShareAlike 4.0,5.0,13:43,https://www.xeno-canto.org/177290,leater1/XC177290.ogg
leater1,[],"['flight call', 'splash']",28.2267,-80.7645,Sternula antillarum,Least Tern,Paul Marvin,Creative Commons Attribution-NonCommercial-ShareAlike 4.0,5.0,09:59,https://www.xeno-canto.org/177293,leater1/XC177293.ogg
leater1,"['bknsti', 'comgal1']",['flight call'],28.2267,-80.7645,Sternula antillarum,Least Tern,Paul Marvin,Creative Commons Attribution-NonCommercial-ShareAlike 4.0,3.5,08:16,https://www.xeno-canto.org/177294,leater1/XC177294.ogg
leater1,[],['flight call'],16.4258,-86.3321,Sternula antillarum,Least Tern,Oliver Komar,Creative Commons Attribution-NonCommercial-ShareAlike 4.0,4.0,08:00,https://www.xeno-canto.org/185207,leater1/XC185207.ogg
leater1,[],['flight call'],28.2267,-80.7645,Sternula antillarum,Least Tern,Paul Marvin,Creative Commons Attribution-NonCommercial-ShareAlike 4.0,4.0,09:17,https://www.xeno-canto.org/192336,leater1/XC192336.ogg
leater1,[],['flight call'],28.2267,-80.7645,Sternula antillarum,Least Tern,Paul Marvin,Creative Commons Attribution-NonCommercial-ShareAlike 4.0,4.0,09:21,https://www.xeno-canto.org/192337,leater1/XC192337.ogg
leater1,[],"['call', 'flight call']",-0.888,-46.6546,Sternula antillarum,Least Tern,Alex Lees,Creative Commons Attribution-NonCommercial-ShareAlike 4.0,3.0,11:00,https://www.xeno-canto.org/196047,leater1/XC196047.ogg
leater1,[],['flight call'],24.711,-81.0982,Sternula antillarum,Least Tern,Paul Marvin,Creative Commons Attribution-NonCommercial-ShareAlike 4.0,2.5,07:54,https://www.xeno-canto.org/197292,leater1/XC197292.ogg
leater1,[],['flight call'],24.711,-81.0982,Sternula antillarum,Least Tern,Paul Marvin,Creative Commons Attribution-NonCommercial-ShareAlike 4.0,2.5,07:07,https://www.xeno-canto.org/197293,leater1/XC197293.ogg
leater1,[],['juvenile'],26.4796,-80.1419,Sternula antillarum,Least Tern,Paul Marvin,Creative Commons Attribution-NonCommercial-ShareAlike 4.0,4.0,13:54,https://www.xeno-canto.org/197294,leater1/XC197294.ogg
leater1,[],['flight call'],24.711,-81.0982,Sternula antillarum,Least Tern,Paul Marvin,Creative Commons Attribution-NonCommercial-ShareAlike 4.0,4.0,07:14,https://www.xeno-canto.org/197295,leater1/XC197295.ogg
leater1,[],['flight call'],24.711,-81.0982,Sternula antillarum,Least Tern,Paul Marvin,Creative Commons Attribution-NonCommercial-ShareAlike 4.0,4.0,07:09,https://www.xeno-canto.org/197296,leater1/XC197296.ogg
leater1,['laugul'],['call'],29.7589,-93.5804,Sternula antillarum,Least Tern,Dan Lane,Creative Commons Attribution-NonCommercial-ShareAlike 4.0,3.5,10:00,https://www.xeno-canto.org/237731,leater1/XC237731.ogg
leater1,['laugul'],['call'],29.7589,-93.5804,Sternula antillarum,Least Tern,Dan Lane,Creative Commons Attribution-NonCommercial-ShareAlike 4.0,3.5,10:00,https://www.xeno-canto.org/237735,leater1/XC237735.ogg
leater1,['norcar'],"['Courtship calls', 'call', 'flight call']",41.3584,-71.6379,Sternula antillarum,Least Tern,Dylan Pedro,Creative Commons Attribution-NonCommercial-ShareAlike 4.0,4.5,16:00,https://www.xeno-canto.org/244404,leater1/XC244404.ogg
leater1,[],"['alarm call', 'flight call']",34.6016,-76.531,Sternula antillarum,Least Tern,Paul Marvin,Creative Commons Attribution-NonCommercial-ShareAlike 4.0,5.0,10:33,https://www.xeno-canto.org/269621,leater1/XC269621.ogg
leater1,[],"['alarm call', 'flight call']",34.6016,-76.531,Sternula antillarum,Least Tern,Paul Marvin,Creative Commons Attribution-NonCommercial-ShareAlike 4.0,5.0,10:17,https://www.xeno-canto.org/269622,leater1/XC269622.ogg
leater1,[],['alarm call'],34.6016,-76.531,Sternula antillarum,Least Tern,Paul Marvin,Creative Commons Attribution-NonCommercial-ShareAlike 4.0,4.0,10:18,https://www.xeno-canto.org/269779,leater1/XC269779.ogg
leater1,[],"['alarm call', 'flight call']",34.6016,-76.531,Sternula antillarum,Least Tern,Paul Marvin,Creative Commons Attribution-NonCommercial-ShareAlike 4.0,4.0,10:29,https://www.xeno-canto.org/269781,leater1/XC269781.ogg
leater1,[],"['alarm call', 'flight call']",34.6016,-76.531,Sternula antillarum,Least Tern,Paul Marvin,Creative Commons Attribution-NonCommercial-ShareAlike 4.0,4.0,10:37,https://www.xeno-canto.org/269785,leater1/XC269785.ogg
leater1,[],['alarm call'],34.6016,-76.531,Sternula antillarum,Least Tern,Paul Marvin,Creative Commons Attribution-NonCommercial-ShareAlike 4.0,5.0,10:16,https://www.xeno-canto.org/269789,leater1/XC269789.ogg
leater1,[],['alarm call'],34.6016,-76.531,Sternula antillarum,Least Tern,Paul Marvin,Creative Commons Attribution-NonCommercial-ShareAlike 4.0,5.0,10:22,https://www.xeno-canto.org/269795,leater1/XC269795.ogg
leater1,[],['flight call'],34.6016,-76.531,Sternula antillarum,Least Tern,Paul Marvin,Creative Commons Attribution-NonCommercial-ShareAlike 4.0,3.5,10:43,https://www.xeno-canto.org/269797,leater1/XC269797.ogg
leater1,[],"['alarm call', 'flight call']",34.6016,-76.531,Sternula antillarum,Least Tern,Paul Marvin,Creative Commons Attribution-NonCommercial-ShareAlike 4.0,5.0,10:42,https://www.xeno-canto.org/269799,leater1/XC269799.ogg
leater1,[],['flight call'],34.6016,-76.531,Sternula antillarum,Least Tern,Paul Marvin,Creative Commons Attribution-NonCommercial-ShareAlike 4.0,4.0,11:02,https://www.xeno-canto.org/269800,leater1/XC269800.ogg
leater1,[],"['flight call', 'juvenile']",35.7096,-75.4986,Sternula antillarum,Least Tern,Paul Marvin,Creative Commons Attribution-NonCommercial-ShareAlike 4.0,4.0,15:28,https://www.xeno-canto.org/269900,leater1/XC269900.ogg
leater1,[],['call'],35.7096,-75.4986,Sternula antillarum,Least Tern,Paul Marvin,Creative Commons Attribution-NonCommercial-ShareAlike 4.0,3.0,14:23,https://www.xeno-canto.org/269901,leater1/XC269901.ogg
leater1,[],['flight call'],32.564,-117.1256,Sternula antillarum,Least Tern,Paul Marvin,Creative Commons Attribution-NonCommercial-ShareAlike 4.0,4.0,08:51,https://www.xeno-canto.org/302838,leater1/XC302838.ogg
leater1,[],"['alarm call', 'call']",32.7651,-117.2458,Sternula antillarum,Least Tern,Joshua Jaeger,Creative Commons Attribution-NonCommercial-ShareAlike 4.0,3.5,12:38,https://www.xeno-canto.org/318813,leater1/XC318813.ogg
leater1,[],['flight call'],27.9154,-81.5622,Sternula antillarum,Least Tern,Daniel Estabrooks,Creative Commons Attribution-NonCommercial-ShareAlike 4.0,3.0,20:00,https://www.xeno-canto.org/410872,leater1/XC410872.ogg
leater1,[],['canto em voo'],-3.544222,-38.813917,Sternula antillarum,Least Tern,Caio Brito,Creative Commons Attribution-NonCommercial-ShareAlike 4.0,3.0,09:40,https://www.xeno-canto.org/427973,leater1/XC427973.ogg
leater1,[],"['alarm call', 'call', 'flight call']",42.758,-70.801,Sternula antillarum,Least Tern,Phil Brown,Creative Commons Attribution-NonCommercial-ShareAlike 4.0,4.5,08:30,https://www.xeno-canto.org/433085,leater1/XC433085.ogg
leater1,[],['call'],27.7664,-82.7704,Sternula antillarum,Least Tern,David Darrell-Lambert,Creative Commons Attribution-NonCommercial-ShareAlike 4.0,4.0,12:00,https://www.xeno-canto.org/447803,leater1/XC447803.ogg
leater1,[],['call'],27.8832,-110.5822,Sternula antillarum,Least Tern,Richard E. Webster,Creative Commons Attribution-NonCommercial-ShareAlike 4.0,4.0,11:21,https://www.xeno-canto.org/449573,leater1/XC449573.ogg
leater1,[],['call'],-34.913,-54.872,Sternula antillarum,Least Tern,Bernabe Lopez-Lanus,Creative Commons Attribution-NonCommercial-ShareAlike 3.0,2.0,am,https://www.xeno-canto.org/45152,leater1/XC45152.ogg
leater1,['houfin'],"['LETE diving into water', 'call']",37.8908,-122.323,Sternula antillarum,Least Tern,Denise Wight,Creative Commons Attribution-NonCommercial-ShareAlike 4.0,2.5,13:00,https://www.xeno-canto.org/471306,leater1/XC471306.ogg
leater1,[],"['call', 'flight call']",43.3339,-70.5423,Sternula antillarum,Least Tern,Will Sweet,Creative Commons Attribution-NonCommercial-ShareAlike 4.0,4.0,07:30,https://www.xeno-canto.org/494407,leater1/XC494407.ogg
leater1,[],"['adult', 'call', 'flight call']",25.6602,-109.0033,Sternula antillarum,Least Tern,Isain Contreras Rodríguez,Creative Commons Attribution-NonCommercial-ShareAlike 4.0,5.0,09:00,https://www.xeno-canto.org/547292,leater1/XC547292.ogg
leater1,[],"['adult', 'call', 'flight call']",25.6602,-109.0033,Sternula antillarum,Least Tern,Isain Contreras Rodríguez,Creative Commons Attribution-NonCommercial-ShareAlike 4.0,5.0,09:00,https://www.xeno-canto.org/547294,leater1/XC547294.ogg
leater1,[],"['adult', 'call', 'flight call']",25.6602,-109.0033,Sternula antillarum,Least Tern,Isain Contreras Rodríguez,Creative Commons Attribution-NonCommercial-ShareAlike 4.0,5.0,09:00,https://www.xeno-canto.org/547295,leater1/XC547295.ogg
leater1,[],"['adult', 'call', 'flight call']",25.6602,-109.0033,Sternula antillarum,Least Tern,Isain Contreras Rodríguez,Creative Commons Attribution-NonCommercial-ShareAlike 4.0,5.0,09:00,https://www.xeno-canto.org/547296,leater1/XC547296.ogg
leater1,[],"['adult', 'call', 'flight call']",25.6602,-109.0033,Sternula antillarum,Least Tern,Isain Contreras Rodríguez,Creative Commons Attribution-NonCommercial-ShareAlike 4.0,5.0,09:00,https://www.xeno-canto.org/551097,leater1/XC551097.ogg
leater1,[],['flight call'],32.6185,-117.1029,Sternula antillarum,Least Tern,Paul Marvin,Creative Commons Attribution-NonCommercial-ShareAlike 4.0,4.0,06:20,https://www.xeno-canto.org/558046,leater1/XC558046.ogg
leater1,[],['flight call'],32.6185,-117.1029,Sternula antillarum,Least Tern,Paul Marvin,Creative Commons Attribution-NonCommercial-ShareAlike 4.0,4.5,06:32,https://www.xeno-canto.org/558050,leater1/XC558050.ogg
leater1,[],"['adult', 'flight call']",32.6185,-117.1029,Sternula antillarum,Least Tern,Paul Marvin,Creative Commons Attribution-NonCommercial-ShareAlike 4.0,5.0,07:08,https://www.xeno-canto.org/558333,leater1/XC558333.ogg
leater1,[],['song'],40.451,-73.996,Sternula antillarum,Least Tern,William Whitehead,Creative Commons Attribution-NonCommercial-ShareAlike 4.0,5.0,07:00,https://www.xeno-canto.org/558668,leater1/XC558668.ogg
leater1,[],['flight call'],32.6185,-117.1029,Sternula antillarum,Least Tern,Paul Marvin,Creative Commons Attribution-NonCommercial-ShareAlike 4.0,5.0,06:47,https://www.xeno-canto.org/562631,leater1/XC562631.ogg
leater1,[],['flight call'],32.6185,-117.1029,Sternula antillarum,Least Tern,Paul Marvin,Creative Commons Attribution-NonCommercial-ShareAlike 4.0,4.0,07:36,https://www.xeno-canto.org/563173,leater1/XC563173.ogg
leater1,[],"['adult', 'call', 'flight call', 'sex uncertain']",25.62,-109.0686,Sternula antillarum,Least Tern,Isain Contreras Rodríguez,Creative Commons Attribution-NonCommercial-ShareAlike 4.0,5.0,08:00,https://www.xeno-canto.org/564261,leater1/XC564261.ogg
leater1,[],['song'],40.451,-73.996,Sternula antillarum,Least Tern,William Whitehead,Creative Commons Attribution-NonCommercial-ShareAlike 4.0,4.0,08:00,https://www.xeno-canto.org/565497,leater1/XC565497.ogg
leater1,[],['song'],40.451,-73.996,Sternula antillarum,Least Tern,William Whitehead,Creative Commons Attribution-NonCommercial-ShareAlike 4.0,4.0,08:00,https://www.xeno-canto.org/565498,leater1/XC565498.ogg
leater1,[],"['Bark', 'Ki-Deek', 'Screech', 'call']",40.451,-73.996,Sternula antillarum,Least Tern,William Whitehead,Creative Commons Attribution-NonCommercial-ShareAlike 4.0,5.0,08:00,https://www.xeno-canto.org/565499,leater1/XC565499.ogg
leater1,[],"['Screech', 'call']",40.451,-73.996,Sternula antillarum,Least Tern,William Whitehead,Creative Commons Attribution-NonCommercial-ShareAlike 4.0,5.0,08:00,https://www.xeno-canto.org/565501,leater1/XC565501.ogg
leater1,[],"['Screech', 'call']",40.451,-73.996,Sternula antillarum,Least Tern,William Whitehead,Creative Commons Attribution-NonCommercial-ShareAlike 4.0,5.0,08:00,https://www.xeno-canto.org/565505,leater1/XC565505.ogg
leater1,[],['flight call'],32.6185,-117.1029,Sternula antillarum,Least Tern,Paul Marvin,Creative Commons Attribution-NonCommercial-ShareAlike 4.0,5.0,06:32,https://www.xeno-canto.org/566532,leater1/XC566532.ogg
leater1,[],"['adult', 'flight call', 'sex uncertain']",25.6783,-108.9659,Sternula antillarum,Least Tern,Isain Contreras Rodríguez,Creative Commons Attribution-NonCommercial-ShareAlike 4.0,5.0,08:00,https://www.xeno-canto.org/566604,leater1/XC566604.ogg
leater1,[],"['adult', 'flight call', 'sex uncertain']",25.6783,-108.9659,Sternula antillarum,Least Tern,Isain Contreras Rodríguez,Creative Commons Attribution-NonCommercial-ShareAlike 4.0,5.0,08:00,https://www.xeno-canto.org/566605,leater1/XC566605.ogg
leater1,[],"['adult', 'flight call']",25.6783,-108.9659,Sternula antillarum,Least Tern,Isain Contreras Rodríguez,Creative Commons Attribution-NonCommercial-ShareAlike 4.0,5.0,07:00,https://www.xeno-canto.org/567135,leater1/XC567135.ogg
leater1,[],"['adult', 'flight call']",25.6783,-108.9659,Sternula antillarum,Least Tern,Isain Contreras Rodríguez,Creative Commons Attribution-NonCommercial-ShareAlike 4.0,5.0,07:00,https://www.xeno-canto.org/567137,leater1/XC567137.ogg
leater1,[],"['adult', 'flight call']",25.6783,-108.9659,Sternula antillarum,Least Tern,Isain Contreras Rodríguez,Creative Commons Attribution-NonCommercial-ShareAlike 4.0,5.0,07:00,https://www.xeno-canto.org/567139,leater1/XC567139.ogg
leater1,[],"['alarm call', 'flight call']",25.6783,-108.9659,Sternula antillarum,Least Tern,Manuel Grosselet,Creative Commons Attribution-NonCommercial-ShareAlike 4.0,5.0,08:00,https://www.xeno-canto.org/572054,leater1/XC572054.ogg
leater1,[],"['adult', 'alarm call', 'flight call']",25.6783,-108.9659,Sternula antillarum,Least Tern,Manuel Grosselet,Creative Commons Attribution-NonCommercial-ShareAlike 4.0,4.5,08:00,https://www.xeno-canto.org/572055,leater1/XC572055.ogg
leater1,[],"['adult', 'alarm call', 'flight call']",25.6783,-108.9659,Sternula antillarum,Least Tern,Manuel Grosselet,Creative Commons Attribution-NonCommercial-ShareAlike 4.0,5.0,08:00,https://www.xeno-canto.org/572056,leater1/XC572056.ogg
leater1,[],"['adult', 'alarm call', 'flight call']",25.6783,-108.9659,Sternula antillarum,Least Tern,Manuel Grosselet,Creative Commons Attribution-NonCommercial-ShareAlike 4.0,4.5,08:00,https://www.xeno-canto.org/572057,leater1/XC572057.ogg
leater1,[],"['adult', 'alarm call', 'call', 'female', 'male']",40.1784,-74.0218,Sternula antillarum,Least Tern,William Whitehead,Creative Commons Attribution-NonCommercial-ShareAlike 4.0,5.0,09:00,https://www.xeno-canto.org/573222,leater1/XC573222.ogg
leater1,[],"['Screech', 'adult', 'alarm call', 'sex uncertain']",40.1784,-74.0218,Sternula antillarum,Least Tern,William Whitehead,Creative Commons Attribution-NonCommercial-ShareAlike 4.0,5.0,09:00,https://www.xeno-canto.org/573223,leater1/XC573223.ogg
leater1,[],"['adult', 'call', 'sex uncertain']",42.8987,-70.8125,Sternula antillarum,Least Tern,Christopher McPherson,Creative Commons Attribution-NonCommercial-ShareAlike 4.0,4.0,08:30,https://www.xeno-canto.org/601506,leater1/XC601506.ogg
leater1,[],"['call', 'two birds in flight']",37.9077,-75.3626,Sternula antillarum,Least Tern,Paul Driver,Creative Commons Attribution-NonCommercial-ShareAlike 4.0,5.0,08:16,https://www.xeno-canto.org/651123,leater1/XC651123.ogg
leater1,[],"['adult', 'flight call', 'male']",53.5057,-6.1161,Sternula antillarum,Least Tern,Paul Lynch,Creative Commons Attribution-NonCommercial-ShareAlike 4.0,4.5,11:10,https://www.xeno-canto.org/659700,leater1/XC659700.ogg
leater1,[],"['adult', 'flight call', 'male']",53.502,-6.1134,Sternula antillarum,Least Tern,Paul Lynch,Creative Commons Attribution-NonCommercial-ShareAlike 4.0,4.5,11:10,https://www.xeno-canto.org/659701,leater1/XC659701.ogg
leater1,[],"['adult', 'alarm call', 'call', 'sex uncertain']",31.6953,-114.5142,Sternula antillarum,Least Tern,Richard E. Webster,Creative Commons Attribution-NonCommercial-ShareAlike 4.0,5.0,15:27,https://www.xeno-canto.org/662337,leater1/XC662337.ogg
leater1,[],"['adult', 'call', 'sex uncertain']",31.6953,-114.5142,Sternula antillarum,Least Tern,Richard E. Webster,Creative Commons Attribution-NonCommercial-ShareAlike 4.0,5.0,15:29,https://www.xeno-canto.org/662338,leater1/XC662338.ogg
leater1,[],"['adult', 'flight call', 'male']",53.5057,-6.1161,Sternula antillarum,Least Tern,Paul Lynch,Creative Commons Attribution-NonCommercial-ShareAlike 4.0,4.5,09:00,https://www.xeno-canto.org/665638,leater1/XC665638.ogg
leater1,[],"['adult', 'flight call', 'male']",53.5057,-6.1161,Sternula antillarum,Least Tern,Paul Lynch,Creative Commons Attribution-NonCommercial-ShareAlike 4.0,4.5,09:00,https://www.xeno-canto.org/665639,leater1/XC665639.ogg
lessca,[],['call'],50.4963,-120.8023,Aythya affinis,Lesser Scaup,Ian Cruickshank,Creative Commons Attribution-NonCommercial-ShareAlike 4.0,3.0,10:00,https://www.xeno-canto.org/171848,lessca/XC171848.ogg
lessca,['wesmea'],"['female', 'flight call']",48.4183,-107.6657,Aythya affinis,Lesser Scaup,Paul Marvin,Creative Commons Attribution-NonCommercial-ShareAlike 4.0,3.5,22:18,https://www.xeno-canto.org/284599,lessca/XC284599.ogg
lessca,[],"['female', 'flight call']",48.4183,-107.6657,Aythya affinis,Lesser Scaup,Paul Marvin,Creative Commons Attribution-NonCommercial-ShareAlike 4.0,3.5,08:40,https://www.xeno-canto.org/284601,lessca/XC284601.ogg
lessca,[],"['male', 'song']",48.2961,-112.2648,Aythya affinis,Lesser Scaup,Thomas Magarian,Creative Commons Attribution-NonCommercial-ShareAlike 4.0,0.0,11:05,https://www.xeno-canto.org/334315,lessca/XC334315.ogg
lessca,[],['song'],48.2961,-112.2648,Aythya affinis,Lesser Scaup,Thomas Magarian,Creative Commons Attribution-NonCommercial-ShareAlike 4.0,0.0,11:06,https://www.xeno-canto.org/347797,lessca/XC347797.ogg
lessca,['pibgre'],"['adult', 'sex uncertain', 'wingbeats']",40.1756,-115.4798,Aythya affinis,Lesser Scaup,Richard E. Webster,Creative Commons Attribution-NonCommercial-ShareAlike 4.0,3.5,10:40,https://www.xeno-canto.org/574653,lessca/XC574653.ogg
lessca,[],['call'],30.462,-91.186,Aythya affinis,Lesser Scaup,Daniel Lane,Creative Commons Attribution-NonCommercial-ShareAlike 3.0,2.5,14:00,https://www.xeno-canto.org/66134,lessca/XC66134.ogg
lesyel,"['houspa', 'whfibi']",['call'],30.065,-92.789,Tringa flavipes,Lesser Yellowlegs,Dan Lane,Creative Commons Attribution-NonCommercial-ShareAlike 3.0,3.5,09:30,https://www.xeno-canto.org/113923,lesyel/XC113923.ogg
lesyel,[],['call'],-19.8189,-40.2739,Tringa flavipes,Lesser Yellowlegs,Noé Eiterer,Creative Commons Attribution-NonCommercial-ShareAlike 3.0,4.0,15:30,https://www.xeno-canto.org/124386,lesyel/XC124386.ogg
lesyel,[],['call'],18.0024,-94.5653,Tringa flavipes,Lesser Yellowlegs,Manuel Grosselet,Creative Commons Attribution-NonCommercial-ShareAlike 3.0,3.0,07:30,https://www.xeno-canto.org/124878,lesyel/XC124878.ogg
lesyel,[],['call'],33.8438,-78.6105,Tringa flavipes,Lesser Yellowlegs,Bernard BOUSQUET,Creative Commons Attribution-NonCommercial-ShareAlike 3.0,3.0,08:30,https://www.xeno-canto.org/141036,lesyel/XC141036.ogg
lesyel,[],['call'],28.6812,-80.6943,Tringa flavipes,Lesser Yellowlegs,Paul Marvin,Creative Commons Attribution-NonCommercial-ShareAlike 3.0,5.0,09:23,https://www.xeno-canto.org/143740,lesyel/XC143740.ogg
lesyel,[],['flight call'],28.6812,-80.6943,Tringa flavipes,Lesser Yellowlegs,Paul Marvin,Creative Commons Attribution-NonCommercial-ShareAlike 3.0,4.0,09:20,https://www.xeno-canto.org/143741,lesyel/XC143741.ogg
lesyel,[],['call'],28.6812,-80.6943,Tringa flavipes,Lesser Yellowlegs,Paul Marvin,Creative Commons Attribution-NonCommercial-ShareAlike 3.0,4.0,09:29,https://www.xeno-canto.org/143742,lesyel/XC143742.ogg
lesyel,[],['flight call'],28.6812,-80.6943,Tringa flavipes,Lesser Yellowlegs,Paul Marvin,Creative Commons Attribution-NonCommercial-ShareAlike 3.0,4.0,09:31,https://www.xeno-canto.org/143745,lesyel/XC143745.ogg
lesyel,[],['call'],46.8256,-64.9102,Tringa flavipes,Lesser Yellowlegs,Martin St-Michel,Creative Commons Attribution-NonCommercial-ShareAlike 3.0,5.0,08:31,https://www.xeno-canto.org/145021,lesyel/XC145021.ogg
lesyel,[],['flight call'],28.6812,-80.6943,Tringa flavipes,Lesser Yellowlegs,Paul Marvin,Creative Commons Attribution-NonCommercial-ShareAlike 3.0,5.0,12:38,https://www.xeno-canto.org/145822,lesyel/XC145822.ogg
lesyel,[],['alarm call'],63.441,-150.854,Tringa flavipes,Lesser Yellowlegs,Davyd Betchkal,Creative Commons Attribution-NonCommercial-ShareAlike 3.0,5.0,21:41,https://www.xeno-canto.org/147744,lesyel/XC147744.ogg
lesyel,[],['call'],63.441,-150.854,Tringa flavipes,Lesser Yellowlegs,Davyd Betchkal,Creative Commons Attribution-NonCommercial-ShareAlike 3.0,3.0,09:45,https://www.xeno-canto.org/147745,lesyel/XC147745.ogg
lesyel,[],['call'],63.441,-150.854,Tringa flavipes,Lesser Yellowlegs,Davyd Betchkal,Creative Commons Attribution-NonCommercial-ShareAlike 3.0,4.0,09:26,https://www.xeno-canto.org/147746,lesyel/XC147746.ogg
lesyel,[],['flight call'],46.8867,-70.8527,Tringa flavipes,Lesser Yellowlegs,Martin St-Michel,Creative Commons Attribution-NonCommercial-ShareAlike 3.0,4.0,09:30,https://www.xeno-canto.org/149943,lesyel/XC149943.ogg
lesyel,['bknsti'],['call'],-17.4084,-66.1376,Tringa flavipes,Lesser Yellowlegs,Dan Lane,Creative Commons Attribution-NonCommercial-ShareAlike 3.0,3.5,16:30,https://www.xeno-canto.org/149987,lesyel/XC149987.ogg
lesyel,[],['flight call'],-10.7054,-73.7509,Tringa flavipes,Lesser Yellowlegs,Herman van Oosten,Creative Commons Attribution-NonCommercial-ShareAlike 3.0,4.0,16:43,https://www.xeno-canto.org/152423,lesyel/XC152423.ogg
lesyel,[],['call'],56.7264,-111.3803,Tringa flavipes,Lesser Yellowlegs,Dugan Maynard,Creative Commons Attribution-NonCommercial-ShareAlike 3.0,3.5,05:00,https://www.xeno-canto.org/154794,lesyel/XC154794.ogg
lesyel,[],['flight call'],28.6812,-80.6943,Tringa flavipes,Lesser Yellowlegs,Paul Marvin,Creative Commons Attribution-NonCommercial-ShareAlike 3.0,4.0,10:34,https://www.xeno-canto.org/161324,lesyel/XC161324.ogg
lesyel,[],['flight call'],28.6812,-80.6943,Tringa flavipes,Lesser Yellowlegs,Paul Marvin,Creative Commons Attribution-NonCommercial-ShareAlike 3.0,5.0,11:01,https://www.xeno-canto.org/161325,lesyel/XC161325.ogg
lesyel,[],['flight call'],28.6812,-80.6943,Tringa flavipes,Lesser Yellowlegs,Paul Marvin,Creative Commons Attribution-NonCommercial-ShareAlike 3.0,5.0,11:18,https://www.xeno-canto.org/161326,lesyel/XC161326.ogg
lesyel,[],['call'],28.6812,-80.6943,Tringa flavipes,Lesser Yellowlegs,Paul Marvin,Creative Commons Attribution-NonCommercial-ShareAlike 3.0,5.0,10:58,https://www.xeno-canto.org/161327,lesyel/XC161327.ogg
lesyel,[],['call'],28.6812,-80.6943,Tringa flavipes,Lesser Yellowlegs,Paul Marvin,Creative Commons Attribution-NonCommercial-ShareAlike 3.0,4.0,11:20,https://www.xeno-canto.org/161328,lesyel/XC161328.ogg
lesyel,[],['call'],28.6812,-80.6943,Tringa flavipes,Lesser Yellowlegs,Paul Marvin,Creative Commons Attribution-NonCommercial-ShareAlike 3.0,5.0,10:21,https://www.xeno-canto.org/161329,lesyel/XC161329.ogg
lesyel,[],['call'],28.6812,-80.6943,Tringa flavipes,Lesser Yellowlegs,Paul Marvin,Creative Commons Attribution-NonCommercial-ShareAlike 3.0,4.0,09:28,https://www.xeno-canto.org/161330,lesyel/XC161330.ogg
lesyel,[],['call'],28.6812,-80.6943,Tringa flavipes,Lesser Yellowlegs,Paul Marvin,Creative Commons Attribution-NonCommercial-ShareAlike 3.0,5.0,11:06,https://www.xeno-canto.org/161331,lesyel/XC161331.ogg
lesyel,[],['call'],28.6812,-80.6943,Tringa flavipes,Lesser Yellowlegs,Paul Marvin,Creative Commons Attribution-NonCommercial-ShareAlike 3.0,5.0,11:21,https://www.xeno-canto.org/161332,lesyel/XC161332.ogg
lesyel,[],['flight call'],-12.115,-77.042,Tringa flavipes,Lesser Yellowlegs,Niels Krabbe,Creative Commons Attribution-NonCommercial-ShareAlike 3.0,4.0,?,https://www.xeno-canto.org/16179,lesyel/XC16179.ogg
lesyel,['cangoo'],['call'],41.61422,-83.17215,Tringa flavipes,Lesser Yellowlegs,Allen T. Chartier,Creative Commons Attribution-NonCommercial-ShareAlike 3.0,3.5,?,https://www.xeno-canto.org/17047,lesyel/XC17047.ogg
lesyel,[],['call'],41.61422,-83.17215,Tringa flavipes,Lesser Yellowlegs,Allen T. Chartier,Creative Commons Attribution-NonCommercial-ShareAlike 3.0,3.5,?,https://www.xeno-canto.org/17048,lesyel/XC17048.ogg
lesyel,['cangoo'],['call'],41.61422,-83.17215,Tringa flavipes,Lesser Yellowlegs,Allen T. Chartier,Creative Commons Attribution-NonCommercial-ShareAlike 3.0,3.5,?,https://www.xeno-canto.org/17049,lesyel/XC17049.ogg
lesyel,[],['call'],41.61422,-83.17215,Tringa flavipes,Lesser Yellowlegs,Allen T. Chartier,Creative Commons Attribution-NonCommercial-ShareAlike 3.0,3.5,?,https://www.xeno-canto.org/17050,lesyel/XC17050.ogg
lesyel,[],"['call', 'song']",41.61422,-83.17215,Tringa flavipes,Lesser Yellowlegs,Allen T. Chartier,Creative Commons Attribution-NonCommercial-ShareAlike 3.0,4.0,?,https://www.xeno-canto.org/17051,lesyel/XC17051.ogg
lesyel,"['houspa', 'leasan', 'norcar']",['call'],30.415,-91.179,Tringa flavipes,Lesser Yellowlegs,Dan Lane,Creative Commons Attribution-NonCommercial-ShareAlike 4.0,3.5,12:00,https://www.xeno-canto.org/175549,lesyel/XC175549.ogg
lesyel,[],"['flight call', 'song']",-26.7144,-49.4833,Tringa flavipes,Lesser Yellowlegs,Douglas Meyer,Creative Commons Attribution-NonCommercial-ShareAlike 4.0,4.0,16:14,https://www.xeno-canto.org/176524,lesyel/XC176524.ogg
lesyel,[],['flight call'],49.0802,-125.7755,Tringa flavipes,Lesser Yellowlegs,Ian Cruickshank,Creative Commons Attribution-NonCommercial-ShareAlike 4.0,5.0,09:00,https://www.xeno-canto.org/179714,lesyel/XC179714.ogg
lesyel,[],['flight chase call'],56.0796,-121.1704,Tringa flavipes,Lesser Yellowlegs,Richard E. Webster,Creative Commons Attribution-NonCommercial-ShareAlike 4.0,3.5,20:54,https://www.xeno-canto.org/190137,lesyel/XC190137.ogg
lesyel,[],['call'],10.193,-64.671,Tringa flavipes,Lesser Yellowlegs,Thore Noernberg,Creative Commons Attribution-NonCommercial-ShareAlike 4.0,4.0,06:30,https://www.xeno-canto.org/193162,lesyel/XC193162.ogg
lesyel,[],['call'],50.824,-1.2481,Tringa flavipes,Lesser Yellowlegs,David Darrell-Lambert,Creative Commons Attribution-NonCommercial-ShareAlike 4.0,4.0,16:30,https://www.xeno-canto.org/196349,lesyel/XC196349.ogg
lesyel,[],['call'],-32.1503,-52.7364,Tringa flavipes,Lesser Yellowlegs,Fernando Jacobs,Creative Commons Attribution-NonCommercial-ShareAlike 4.0,3.0,00:00,https://www.xeno-canto.org/200410,lesyel/XC200410.ogg
lesyel,[],['call'],68.4274,-149.3554,Tringa flavipes,Lesser Yellowlegs,Andrew Spencer,Creative Commons Attribution-NonCommercial-ShareAlike 4.0,5.0,09:40,https://www.xeno-canto.org/203603,lesyel/XC203603.ogg
lesyel,[],"['call', 'flight call']",63.7867,-151.6166,Tringa flavipes,Lesser Yellowlegs,Davyd Betchkal,Creative Commons Attribution-NonCommercial-ShareAlike 4.0,4.0,14:31,https://www.xeno-canto.org/207804,lesyel/XC207804.ogg
lesyel,[],['call'],-22.9334,-42.2334,Tringa flavipes,Lesser Yellowlegs,Jeremy Minns,Creative Commons Attribution-NonCommercial-ShareAlike 4.0,4.0,07:40,https://www.xeno-canto.org/218182,lesyel/XC218182.ogg
lesyel,[],['flight calls'],-0.614,-78.475,Tringa flavipes,Lesser Yellowlegs,Niels Krabbe,Creative Commons Attribution-NonCommercial-ShareAlike 3.0,4.0,?,https://www.xeno-canto.org/239100,lesyel/XC239100.ogg
lesyel,[],['flight calls'],-0.614,-78.475,Tringa flavipes,Lesser Yellowlegs,Niels Krabbe,Creative Commons Attribution-NonCommercial-ShareAlike 3.0,4.0,?,https://www.xeno-canto.org/239101,lesyel/XC239101.ogg
lesyel,['laugul'],['alarm call'],29.7776,-93.2776,Tringa flavipes,Lesser Yellowlegs,Dan Lane,Creative Commons Attribution-NonCommercial-ShareAlike 4.0,3.5,18:30,https://www.xeno-canto.org/239633,lesyel/XC239633.ogg
lesyel,[],"['alarm call,flight call']",14.0009,-86.9908,Tringa flavipes,Lesser Yellowlegs,Oliver Komar,Creative Commons Attribution-NonCommercial-ShareAlike 4.0,2.5,08:00,https://www.xeno-canto.org/252885,lesyel/XC252885.ogg
lesyel,[],['flight calls'],-0.518,-76.379,Tringa flavipes,Lesser Yellowlegs,John V. Moore,Creative Commons Attribution-NonCommercial-ShareAlike 4.0,4.0,?,https://www.xeno-canto.org/257509,lesyel/XC257509.ogg
lesyel,[],['flight calls'],-0.614,-78.475,Tringa flavipes,Lesser Yellowlegs,John V. Moore,Creative Commons Attribution-NonCommercial-ShareAlike 4.0,4.0,?,https://www.xeno-canto.org/257510,lesyel/XC257510.ogg
lesyel,[],['calls'],0.083,-80.05,Tringa flavipes,Lesser Yellowlegs,John V. Moore,Creative Commons Attribution-NonCommercial-ShareAlike 4.0,3.5,?,https://www.xeno-canto.org/257511,lesyel/XC257511.ogg
lesyel,[],['flight calls'],0.083,-80.05,Tringa flavipes,Lesser Yellowlegs,John V. Moore,Creative Commons Attribution-NonCommercial-ShareAlike 4.0,4.0,?,https://www.xeno-canto.org/257512,lesyel/XC257512.ogg
lesyel,[],['alarm calls'],0.083,-80.05,Tringa flavipes,Lesser Yellowlegs,John V. Moore,Creative Commons Attribution-NonCommercial-ShareAlike 4.0,4.0,?,https://www.xeno-canto.org/257513,lesyel/XC257513.ogg
lesyel,[],['flight calls'],0.199,-78.23,Tringa flavipes,Lesser Yellowlegs,Olaf Jahn,Creative Commons Attribution-NonCommercial-ShareAlike 4.0,3.0,?,https://www.xeno-canto.org/261574,lesyel/XC261574.ogg
lesyel,[],['call'],18.0024,-94.5653,Tringa flavipes,Lesser Yellowlegs,Manuel Grosselet,Creative Commons Attribution-NonCommercial-ShareAlike 4.0,3.5,07:30,https://www.xeno-canto.org/264114,lesyel/XC264114.ogg
lesyel,[],['flight call'],18.0024,-94.5653,Tringa flavipes,Lesser Yellowlegs,Manuel Grosselet,Creative Commons Attribution-NonCommercial-ShareAlike 4.0,3.5,07:30,https://www.xeno-canto.org/264963,lesyel/XC264963.ogg
lesyel,[],['call'],40.349,-75.4336,Tringa flavipes,Lesser Yellowlegs,Paul Driver,Creative Commons Attribution-NonCommercial-ShareAlike 4.0,5.0,18:20,https://www.xeno-canto.org/269771,lesyel/XC269771.ogg
lesyel,[],['call'],40.349,-75.4336,Tringa flavipes,Lesser Yellowlegs,Paul Driver,Creative Commons Attribution-NonCommercial-ShareAlike 4.0,5.0,18:50,https://www.xeno-canto.org/269772,lesyel/XC269772.ogg
lesyel,[],['song'],63.0692,-151.007,Tringa flavipes,Lesser Yellowlegs,Jesse Fagan,Creative Commons Attribution-NonCommercial-ShareAlike 4.0,3.5,10:00,https://www.xeno-canto.org/277718,lesyel/XC277718.ogg
lesyel,[],"['alarm call', 'call']",61.124,-151.1033,Tringa flavipes,Lesser Yellowlegs,Garrett MacDonald,Creative Commons Attribution-NonCommercial-ShareAlike 4.0,4.0,13:00,https://www.xeno-canto.org/283635,lesyel/XC283635.ogg
lesyel,[],['call'],0.213,-78.214,Tringa flavipes,Lesser Yellowlegs,Patricio Mena Valenzuela,Creative Commons Attribution-NonCommercial-ShareAlike 4.0,3.5,09:45,https://www.xeno-canto.org/287592,lesyel/XC287592.ogg
lesyel,[],['call'],41.8426,-88.2206,Tringa flavipes,Lesser Yellowlegs,Matt Wistrand,Creative Commons Attribution-NonCommercial-ShareAlike 4.0,3.0,17:28,https://www.xeno-canto.org/313628,lesyel/XC313628.ogg
lesyel,[],['flight call'],4.7303,-74.1405,Tringa flavipes,Lesser Yellowlegs,Nick Komar,Creative Commons Attribution-NonCommercial-ShareAlike 4.0,3.5,08:10,https://www.xeno-canto.org/318772,lesyel/XC318772.ogg
lesyel,['bknsti'],['call'],28.2267,-80.7645,Tringa flavipes,Lesser Yellowlegs,Paul Marvin,Creative Commons Attribution-NonCommercial-ShareAlike 4.0,3.5,09:10,https://www.xeno-canto.org/321895,lesyel/XC321895.ogg
lesyel,['bknsti'],['call'],28.2267,-80.7645,Tringa flavipes,Lesser Yellowlegs,Paul Marvin,Creative Commons Attribution-NonCommercial-ShareAlike 4.0,3.5,08:22,https://www.xeno-canto.org/321898,lesyel/XC321898.ogg
lesyel,['bknsti'],['flight call'],28.2267,-80.7645,Tringa flavipes,Lesser Yellowlegs,Paul Marvin,Creative Commons Attribution-NonCommercial-ShareAlike 4.0,3.5,08:32,https://www.xeno-canto.org/321900,lesyel/XC321900.ogg
lesyel,"['bknsti', 'leater1', 'lobdow', 'norcar']",['call'],28.2267,-80.7645,Tringa flavipes,Lesser Yellowlegs,Paul Marvin,Creative Commons Attribution-NonCommercial-ShareAlike 4.0,3.5,09:54,https://www.xeno-canto.org/321903,lesyel/XC321903.ogg
lesyel,['bknsti'],['call'],28.2267,-80.7645,Tringa flavipes,Lesser Yellowlegs,Paul Marvin,Creative Commons Attribution-NonCommercial-ShareAlike 4.0,3.5,09:06,https://www.xeno-canto.org/321907,lesyel/XC321907.ogg
lesyel,[],['call'],28.2267,-80.7645,Tringa flavipes,Lesser Yellowlegs,Paul Marvin,Creative Commons Attribution-NonCommercial-ShareAlike 4.0,3.5,09:07,https://www.xeno-canto.org/321910,lesyel/XC321910.ogg
lesyel,['bknsti'],"['call', 'flight call']",28.2267,-80.7645,Tringa flavipes,Lesser Yellowlegs,Paul Marvin,Creative Commons Attribution-NonCommercial-ShareAlike 4.0,3.5,11:49,https://www.xeno-canto.org/321915,lesyel/XC321915.ogg
lesyel,['bknsti'],['flight call'],28.2267,-80.7645,Tringa flavipes,Lesser Yellowlegs,Paul Marvin,Creative Commons Attribution-NonCommercial-ShareAlike 4.0,3.5,08:58,https://www.xeno-canto.org/321921,lesyel/XC321921.ogg
lesyel,['bknsti'],['flight call'],28.2267,-80.7645,Tringa flavipes,Lesser Yellowlegs,Paul Marvin,Creative Commons Attribution-NonCommercial-ShareAlike 4.0,3.5,08:14,https://www.xeno-canto.org/321924,lesyel/XC321924.ogg
lesyel,['bknsti'],['call'],28.2267,-80.7645,Tringa flavipes,Lesser Yellowlegs,Paul Marvin,Creative Commons Attribution-NonCommercial-ShareAlike 4.0,3.5,08:59,https://www.xeno-canto.org/321946,lesyel/XC321946.ogg
lesyel,[],['flight call'],28.2267,-80.7645,Tringa flavipes,Lesser Yellowlegs,Paul Marvin,Creative Commons Attribution-NonCommercial-ShareAlike 4.0,3.5,08:20,https://www.xeno-canto.org/321947,lesyel/XC321947.ogg
lesyel,[],['call'],28.2267,-80.7645,Tringa flavipes,Lesser Yellowlegs,Paul Marvin,Creative Commons Attribution-NonCommercial-ShareAlike 4.0,3.5,11:43,https://www.xeno-canto.org/321948,lesyel/XC321948.ogg
lesyel,['bknsti'],"['call', 'flight call']",28.2267,-80.7645,Tringa flavipes,Lesser Yellowlegs,Paul Marvin,Creative Commons Attribution-NonCommercial-ShareAlike 4.0,3.5,11:58,https://www.xeno-canto.org/321949,lesyel/XC321949.ogg
lesyel,[],['flight call'],28.2267,-80.7645,Tringa flavipes,Lesser Yellowlegs,Paul Marvin,Creative Commons Attribution-NonCommercial-ShareAlike 4.0,4.5,08:47,https://www.xeno-canto.org/321951,lesyel/XC321951.ogg
lesyel,[],['flight call'],28.2267,-80.7645,Tringa flavipes,Lesser Yellowlegs,Paul Marvin,Creative Commons Attribution-NonCommercial-ShareAlike 4.0,3.5,09:26,https://www.xeno-canto.org/321952,lesyel/XC321952.ogg
lesyel,['lobdow'],['call'],28.2267,-80.7645,Tringa flavipes,Lesser Yellowlegs,Paul Marvin,Creative Commons Attribution-NonCommercial-ShareAlike 4.0,3.5,09:22,https://www.xeno-canto.org/321953,lesyel/XC321953.ogg
lesyel,[],['call'],28.2267,-80.7645,Tringa flavipes,Lesser Yellowlegs,Paul Marvin,Creative Commons Attribution-NonCommercial-ShareAlike 4.0,3.5,07:32,https://www.xeno-canto.org/321955,lesyel/XC321955.ogg
lesyel,[],['alarm call'],-22.3001,-66.1001,Tringa flavipes,Lesser Yellowlegs,Niels Krabbe,Creative Commons Attribution-NonCommercial-ShareAlike 3.0,4.0,x,https://www.xeno-canto.org/32294,lesyel/XC32294.ogg
lesyel,[],['flight call'],-22.3501,-66.1334,Tringa flavipes,Lesser Yellowlegs,Niels Krabbe,Creative Commons Attribution-NonCommercial-ShareAlike 3.0,4.0,x,https://www.xeno-canto.org/32295,lesyel/XC32295.ogg
lesyel,[],['alarm call'],-22.6667,-65.7001,Tringa flavipes,Lesser Yellowlegs,Niels Krabbe,Creative Commons Attribution-NonCommercial-ShareAlike 3.0,5.0,11:25,https://www.xeno-canto.org/32296,lesyel/XC32296.ogg
lesyel,[],"['call', 'flight call']",-26.7166,-49.4856,Tringa flavipes,Lesser Yellowlegs,Douglas Meyer,Creative Commons Attribution-NonCommercial-ShareAlike 4.0,4.0,16:49,https://www.xeno-canto.org/323486,lesyel/XC323486.ogg
lesyel,[],['alarm call'],17.7419,-91.5762,Tringa flavipes,Lesser Yellowlegs,Uriel Mtnez,Creative Commons Attribution-NonCommercial-ShareAlike 4.0,4.0,11:00,https://www.xeno-canto.org/344795,lesyel/XC344795.ogg
lesyel,[],['flight call'],10.5257,-75.469,Tringa flavipes,Lesser Yellowlegs,Nick Komar,Creative Commons Attribution-NonCommercial-ShareAlike 4.0,2.5,06:20,https://www.xeno-canto.org/346178,lesyel/XC346178.ogg
lesyel,[],['alarm call'],10.5257,-75.469,Tringa flavipes,Lesser Yellowlegs,Nick Komar,Creative Commons Attribution-NonCommercial-ShareAlike 4.0,3.5,06:20,https://www.xeno-canto.org/346179,lesyel/XC346179.ogg
lesyel,[],['flight call'],-22.9241,-45.5622,Tringa flavipes,Lesser Yellowlegs,GABRIEL LEITE,Creative Commons Attribution-NonCommercial-ShareAlike 4.0,4.0,07:30,https://www.xeno-canto.org/349236,lesyel/XC349236.ogg
lesyel,[],['call'],-23.9571,-52.1851,Tringa flavipes,Lesser Yellowlegs,Luiz C.  Silva,Creative Commons Attribution-NonCommercial-ShareAlike 4.0,4.0,07:30,https://www.xeno-canto.org/350125,lesyel/XC350125.ogg
lesyel,[],"['call', 'song']",-23.8715,-46.3979,Tringa flavipes,Lesser Yellowlegs,Robson Silva e Silva,Creative Commons Attribution-NonCommercial-ShareAlike 4.0,5.0,07:30,https://www.xeno-canto.org/361046,lesyel/XC361046.ogg
lesyel,[],['flight call'],10.7959,-85.6708,Tringa flavipes,Lesser Yellowlegs,Albert Lastukhin,Creative Commons Attribution-NonCommercial-ShareAlike 4.0,2.5,06:30,https://www.xeno-canto.org/376108,lesyel/XC376108.ogg
lesyel,[],['song'],9.9813,-69.5325,Tringa flavipes,Lesser Yellowlegs,Albert Lastukhin,Creative Commons Attribution-NonCommercial-ShareAlike 4.0,2.5,06:30,https://www.xeno-canto.org/385251,lesyel/XC385251.ogg
lesyel,[],['call'],9.9813,-69.5325,Tringa flavipes,Lesser Yellowlegs,Albert Lastukhin,Creative Commons Attribution-NonCommercial-ShareAlike 4.0,3.0,07:30,https://www.xeno-canto.org/385358,lesyel/XC385358.ogg
lesyel,[],['call'],-9.955,-67.8639,Tringa flavipes,Lesser Yellowlegs,Edson Guilherme,Creative Commons Attribution-NonCommercial-ShareAlike 4.0,3.0,15:55,https://www.xeno-canto.org/389441,lesyel/XC389441.ogg
lesyel,[],['song'],13.0174,-87.1519,Tringa flavipes,Lesser Yellowlegs,Alfonso Auerbach,Creative Commons Attribution-NonCommercial-ShareAlike 4.0,2.5,17:30,https://www.xeno-canto.org/398760,lesyel/XC398760.ogg
lesyel,[],['flight song'],28.666,-81.0674,Tringa flavipes,Lesser Yellowlegs,Paul Marvin,Creative Commons Attribution-NonCommercial-ShareAlike 4.0,4.0,09:33,https://www.xeno-canto.org/406226,lesyel/XC406226.ogg
lesyel,[],['call'],28.6328,-80.7717,Tringa flavipes,Lesser Yellowlegs,Paul Marvin,Creative Commons Attribution-NonCommercial-ShareAlike 4.0,4.0,10:46,https://www.xeno-canto.org/406315,lesyel/XC406315.ogg
lesyel,[],['call'],28.229,-80.813,Tringa flavipes,Lesser Yellowlegs,Paul Marvin,Creative Commons Attribution-NonCommercial-ShareAlike 4.0,5.0,08:17,https://www.xeno-canto.org/408114,lesyel/XC408114.ogg
lesyel,[],['song'],-16.5728,-49.3122,Tringa flavipes,Lesser Yellowlegs,JAYRSON ARAUJO DE OLIVEIRA,Creative Commons Attribution-NonCommercial-ShareAlike 4.0,4.0,08:21,https://www.xeno-canto.org/415532,lesyel/XC415532.ogg
lesyel,[],"['call', 'song']",62.4039,-139.7626,Tringa flavipes,Lesser Yellowlegs,Logan McLeod,Creative Commons Attribution-NonCommercial-ShareAlike 4.0,3.5,6:15,https://www.xeno-canto.org/434004,lesyel/XC434004.ogg
lesyel,[],"['call', 'female', 'male']",-38.5545,-68.4716,Tringa flavipes,Lesser Yellowlegs,Rosendo Fraga,Creative Commons Attribution-NonCommercial-ShareAlike 4.0,0.0,09:00,https://www.xeno-canto.org/441892,lesyel/XC441892.ogg
lesyel,[],['flight call'],-14.625,-49.0051,Tringa flavipes,Lesser Yellowlegs,JAYRSON ARAUJO DE OLIVEIRA,Creative Commons Attribution-NonCommercial-ShareAlike 4.0,3.0,9:37,https://www.xeno-canto.org/443424,lesyel/XC443424.ogg
lesyel,[],['flight call'],-16.5728,-49.3122,Tringa flavipes,Lesser Yellowlegs,JAYRSON ARAUJO DE OLIVEIRA,Creative Commons Attribution-NonCommercial-ShareAlike 4.0,5.0,18:10,https://www.xeno-canto.org/444160,lesyel/XC444160.ogg
lesyel,[],"['call', 'flight call']",28.229,-80.813,Tringa flavipes,Lesser Yellowlegs,Paul Marvin,Creative Commons Attribution-NonCommercial-ShareAlike 4.0,4.0,08:15,https://www.xeno-canto.org/451492,lesyel/XC451492.ogg
lesyel,[],['call'],28.229,-80.813,Tringa flavipes,Lesser Yellowlegs,Paul Marvin,Creative Commons Attribution-NonCommercial-ShareAlike 4.0,3.0,09:13,https://www.xeno-canto.org/451526,lesyel/XC451526.ogg
lesyel,[],['call'],28.229,-80.813,Tringa flavipes,Lesser Yellowlegs,Paul Marvin,Creative Commons Attribution-NonCommercial-ShareAlike 4.0,4.5,08:52,https://www.xeno-canto.org/451590,lesyel/XC451590.ogg
lesyel,['leasan'],['call'],28.229,-80.813,Tringa flavipes,Lesser Yellowlegs,Paul Marvin,Creative Commons Attribution-NonCommercial-ShareAlike 4.0,3.5,09:14,https://www.xeno-canto.org/451605,lesyel/XC451605.ogg
lesyel,[],"['call', 'flight call']",28.229,-80.813,Tringa flavipes,Lesser Yellowlegs,Paul Marvin,Creative Commons Attribution-NonCommercial-ShareAlike 4.0,5.0,09:22,https://www.xeno-canto.org/451876,lesyel/XC451876.ogg
lesyel,[],['flight call'],28.229,-80.813,Tringa flavipes,Lesser Yellowlegs,Paul Marvin,Creative Commons Attribution-NonCommercial-ShareAlike 4.0,4.5,09:32,https://www.xeno-canto.org/451877,lesyel/XC451877.ogg
lesyel,[],['call'],28.229,-80.813,Tringa flavipes,Lesser Yellowlegs,Paul Marvin,Creative Commons Attribution-NonCommercial-ShareAlike 4.0,5.0,09:24,https://www.xeno-canto.org/451878,lesyel/XC451878.ogg
lesyel,[],['call'],14.754,-17.411,Tringa flavipes,Lesser Yellowlegs,Bram Piot,Creative Commons Attribution-NonCommercial-ShareAlike 4.0,3.5,10:00,https://www.xeno-canto.org/453975,lesyel/XC453975.ogg
lesyel,[],['call'],14.754,-17.411,Tringa flavipes,Lesser Yellowlegs,Bram Piot,Creative Commons Attribution-NonCommercial-ShareAlike 4.0,3.5,10:00,https://www.xeno-canto.org/454571,lesyel/XC454571.ogg
lesyel,[],"['alarm call', 'call']",-34.4802,-72.0233,Tringa flavipes,Lesser Yellowlegs,Cristian Pinto,Creative Commons Attribution-NonCommercial-ShareAlike 4.0,5.0,06:00,https://www.xeno-canto.org/458982,lesyel/XC458982.ogg
lesyel,[],['call'],28.608,-80.7335,Tringa flavipes,Lesser Yellowlegs,Paul Marvin,Creative Commons Attribution-NonCommercial-ShareAlike 4.0,3.5,07:53,https://www.xeno-canto.org/461523,lesyel/XC461523.ogg
lesyel,[],['call'],28.608,-80.7335,Tringa flavipes,Lesser Yellowlegs,Paul Marvin,Creative Commons Attribution-NonCommercial-ShareAlike 4.0,4.5,07:44,https://www.xeno-canto.org/461526,lesyel/XC461526.ogg
lesyel,[],['flight call'],-31.2892,-51.0912,Tringa flavipes,Lesser Yellowlegs,Ricardo Gagliardi,Creative Commons Attribution-NonCommercial-ShareAlike 4.0,0.0,11:20,https://www.xeno-canto.org/471311,lesyel/XC471311.ogg
lesyel,[],['flight call'],-22.4203,-65.9926,Tringa flavipes,Lesser Yellowlegs,Niels Krabbe,Creative Commons Attribution-NonCommercial-ShareAlike 3.0,3.0,.,https://www.xeno-canto.org/47136,lesyel/XC47136.ogg
lesyel,[],"['call', 'flight call']",47.581,8.237,Tringa flavipes,Lesser Yellowlegs,David Marques,Creative Commons Attribution-NonCommercial-ShareAlike 4.0,4.0,17:27,https://www.xeno-canto.org/472359,lesyel/XC472359.ogg
lesyel,[],['call'],-14.9501,-70.4334,Tringa flavipes,Lesser Yellowlegs,Niels Krabbe,Creative Commons Attribution-NonCommercial-ShareAlike 3.0,4.0,.,https://www.xeno-canto.org/47271,lesyel/XC47271.ogg
lesyel,[],['flight call'],-11.877,-77.154,Tringa flavipes,Lesser Yellowlegs,Niels Krabbe,Creative Commons Attribution-NonCommercial-ShareAlike 3.0,3.0,.,https://www.xeno-canto.org/47272,lesyel/XC47272.ogg
lesyel,[],['flight call'],43.3487,4.8518,Tringa flavipes,Lesser Yellowlegs,Stanislas Wroza,Creative Commons Attribution-NonCommercial-ShareAlike 4.0,2.0,9:00,https://www.xeno-canto.org/473163,lesyel/XC473163.ogg
lesyel,[],['call'],42.0416,-82.5138,Tringa flavipes,Lesser Yellowlegs,David Darrell-Lambert,Creative Commons Attribution-NonCommercial-ShareAlike 4.0,5.0,19:00,https://www.xeno-canto.org/476892,lesyel/XC476892.ogg
lesyel,[],['Alarm call'],-30.583027,-59.948959,Tringa flavipes,Lesser Yellowlegs,Bernabe Lopez-Lanus,Creative Commons Attribution-NonCommercial-ShareAlike 3.0,5.0,?,https://www.xeno-canto.org/48598,lesyel/XC48598.ogg
lesyel,['bknsti'],['alarm call'],19.4525,-98.9896,Tringa flavipes,Lesser Yellowlegs,Manuel Grosselet,Creative Commons Attribution-NonCommercial-ShareAlike 4.0,4.5,10:30,https://www.xeno-canto.org/488340,lesyel/XC488340.ogg
lesyel,['bknsti'],['alarm call'],19.4525,-98.9896,Tringa flavipes,Lesser Yellowlegs,Manuel Grosselet,Creative Commons Attribution-NonCommercial-ShareAlike 4.0,4.5,10:30,https://www.xeno-canto.org/488341,lesyel/XC488341.ogg
lesyel,[],['alarm call'],19.4525,-98.9896,Tringa flavipes,Lesser Yellowlegs,Manuel Grosselet,Creative Commons Attribution-NonCommercial-ShareAlike 4.0,4.5,10:30,https://www.xeno-canto.org/488343,lesyel/XC488343.ogg
lesyel,[],['flight call'],14.4846,-87.9977,Tringa flavipes,Lesser Yellowlegs,Alfonso Auerbach,Creative Commons Attribution-NonCommercial-ShareAlike 4.0,2.0,08:30,https://www.xeno-canto.org/488496,lesyel/XC488496.ogg
lesyel,[],['flight call'],25.7324,-109.0271,Tringa flavipes,Lesser Yellowlegs,Manuel Grosselet,Creative Commons Attribution-NonCommercial-ShareAlike 4.0,3.0,21:30,https://www.xeno-canto.org/490951,lesyel/XC490951.ogg
lesyel,[],"['adult', 'call']",-31.2595,-50.9729,Tringa flavipes,Lesser Yellowlegs,GABRIEL LEITE,Creative Commons Attribution-NonCommercial-ShareAlike 4.0,4.0,07:00,https://www.xeno-canto.org/510859,lesyel/XC510859.ogg
lesyel,[],['alarm call'],25.6602,-109.0033,Tringa flavipes,Lesser Yellowlegs,Manuel Grosselet,Creative Commons Attribution-NonCommercial-ShareAlike 4.0,5.0,12:30,https://www.xeno-canto.org/520048,lesyel/XC520048.ogg
lesyel,[],['song'],-22.193127,-63.94455,Tringa flavipes,Lesser Yellowlegs,Bernabe Lopez-Lanus,Creative Commons Attribution-NonCommercial-ShareAlike 3.0,4.0,?:?,https://www.xeno-canto.org/52670,lesyel/XC52670.ogg
lesyel,[],['alarm call'],58.208,-155.96103,Tringa flavipes,Lesser Yellowlegs,"Betchkal, Davyd; Peterson,  Robert",Creative Commons Attribution-NonCommercial-ShareAlike 4.0,2.0,20:51:07,https://www.xeno-canto.org/535244,lesyel/XC535244.ogg
lesyel,[],['alarm call'],58.208,-155.96103,Tringa flavipes,Lesser Yellowlegs,"Betchkal, Davyd; Peterson,  Robert",Creative Commons Attribution-NonCommercial-ShareAlike 4.0,2.0,21:37:50,https://www.xeno-canto.org/535245,lesyel/XC535245.ogg
lesyel,[],['call'],58.208,-155.96103,Tringa flavipes,Lesser Yellowlegs,"Betchkal, Davyd; Peterson,  Robert",Creative Commons Attribution-NonCommercial-ShareAlike 4.0,2.0,23:47:05,https://www.xeno-canto.org/535246,lesyel/XC535246.ogg
lesyel,[],['alarm call'],58.208,-155.96103,Tringa flavipes,Lesser Yellowlegs,"Betchkal, Davyd; Peterson,  Robert",Creative Commons Attribution-NonCommercial-ShareAlike 4.0,2.5,11:23:40,https://www.xeno-canto.org/535247,lesyel/XC535247.ogg
lesyel,[],['alarm call'],58.208,-155.96103,Tringa flavipes,Lesser Yellowlegs,"Betchkal, Davyd; Peterson,  Robert",Creative Commons Attribution-NonCommercial-ShareAlike 4.0,3.0,19:18:57,https://www.xeno-canto.org/535248,lesyel/XC535248.ogg
lesyel,['mallar3'],"['adult', 'call', 'sex uncertain']",38.9381,-74.9446,Tringa flavipes,Lesser Yellowlegs,Sue Riffe,Creative Commons Attribution-NonCommercial-ShareAlike 4.0,3.5,15:57,https://www.xeno-canto.org/536889,lesyel/XC536889.ogg
lesyel,[],['call'],35.912,-84.5101,Tringa flavipes,Lesser Yellowlegs,Mike Nelson,Creative Commons Attribution-NonCommercial-ShareAlike 3.0,4.0,10:00am,https://www.xeno-canto.org/53851,lesyel/XC53851.ogg
lesyel,[],['call'],42.1806,-82.7903,Tringa flavipes,Lesser Yellowlegs,Mark Nenadov,Creative Commons Attribution-NonCommercial-ShareAlike 4.0,0.0,06:50,https://www.xeno-canto.org/552633,lesyel/XC552633.ogg
lesyel,[],['alarm call'],43.5047,-70.3116,Tringa flavipes,Lesser Yellowlegs,Parker Davis,Creative Commons Attribution-NonCommercial-ShareAlike 4.0,5.0,14:00,https://www.xeno-canto.org/566205,lesyel/XC566205.ogg
lesyel,[],"['alarm call', 'call']",-18.4142,-70.3222,Tringa flavipes,Lesser Yellowlegs,Cristian Pinto,Creative Commons Attribution-NonCommercial-ShareAlike 4.0,5.0,07:44,https://www.xeno-canto.org/580871,lesyel/XC580871.ogg
lesyel,[],"['call', 'flight call']",-18.4142,-70.3222,Tringa flavipes,Lesser Yellowlegs,Cristian Pinto,Creative Commons Attribution-NonCommercial-ShareAlike 4.0,5.0,07:44,https://www.xeno-canto.org/580872,lesyel/XC580872.ogg
lesyel,[],"['adult', 'alarm call', 'sex uncertain']",68.3748,-149.3206,Tringa flavipes,Lesser Yellowlegs,"Seth Beaudreault, Toolik Field Station",Creative Commons Attribution-NonCommercial-ShareAlike 4.0,4.0,08:00,https://www.xeno-canto.org/589936,lesyel/XC589936.ogg
lesyel,['bknsti'],"['alarm call', 'song']",-31.2349,-60.5156,Tringa flavipes,Lesser Yellowlegs,Rodrigo E. Lorenzón,Creative Commons Attribution-NonCommercial-ShareAlike 4.0,3.5,19:00,https://www.xeno-canto.org/597891,lesyel/XC597891.ogg
lesyel,[],"['adult', 'flight call', 'sex uncertain']",-16.5728,-49.3122,Tringa flavipes,Lesser Yellowlegs,JAYRSON ARAUJO DE OLIVEIRA,Creative Commons Attribution-NonCommercial-ShareAlike 4.0,4.0,7:41,https://www.xeno-canto.org/599535,lesyel/XC599535.ogg
lesyel,[],"['alarm call', 'flight call', 'juvenile', 'sex uncertain']",51.3847,0.8861,Tringa flavipes,Lesser Yellowlegs,Josh Jones,Creative Commons Attribution-NonCommercial-ShareAlike 4.0,4.0,14:30,https://www.xeno-canto.org/601621,lesyel/XC601621.ogg
lesyel,['bknsti'],"['call', 'flight call', 'song']",-22.9434,-43.0763,Tringa flavipes,Lesser Yellowlegs,Ricardo José Mitidieri,Creative Commons Attribution-NonCommercial-ShareAlike 4.0,3.5,06:30,https://www.xeno-canto.org/602384,lesyel/XC602384.ogg
lesyel,['bknsti'],['call'],-22.9434,-43.0763,Tringa flavipes,Lesser Yellowlegs,Ricardo José Mitidieri,Creative Commons Attribution-NonCommercial-ShareAlike 4.0,3.5,06:30,https://www.xeno-canto.org/602406,lesyel/XC602406.ogg
lesyel,[],['alarm call'],46.4275,-63.1725,Tringa flavipes,Lesser Yellowlegs,Ray Cooke,Creative Commons Attribution-NonCommercial-ShareAlike 4.0,4.0,06:40,https://www.xeno-canto.org/606778,lesyel/XC606778.ogg
lesyel,[],['call'],-23.8839,-64.4678,Tringa flavipes,Lesser Yellowlegs,Mike Nelson,Creative Commons Attribution-NonCommercial-ShareAlike 3.0,4.0,2:15pm,https://www.xeno-canto.org/61313,lesyel/XC61313.ogg
lesyel,[],['flight call'],-31.3434,-51.0492,Tringa flavipes,Lesser Yellowlegs,Jeremy Minns,Creative Commons Attribution-NonCommercial-ShareAlike 3.0,4.0,05:00,https://www.xeno-canto.org/85449,lesyel/XC85449.ogg
lobdow,[],['call'],46.9459,-124.1499,Limnodromus scolopaceus,Long-billed Dowitcher,Tayler Brooks,Creative Commons Attribution-NonCommercial-ShareAlike 3.0,5.0,12:30,https://www.xeno-canto.org/113146,lobdow/XC113146.ogg
lobdow,[],['alarm call'],46.9459,-124.1499,Limnodromus scolopaceus,Long-billed Dowitcher,Tayler Brooks,Creative Commons Attribution-NonCommercial-ShareAlike 3.0,4.0,12:30,https://www.xeno-canto.org/113147,lobdow/XC113147.ogg
lobdow,[],['call'],46.9459,-124.1499,Limnodromus scolopaceus,Long-billed Dowitcher,Tayler Brooks,Creative Commons Attribution-NonCommercial-ShareAlike 3.0,4.0,12:30,https://www.xeno-canto.org/113148,lobdow/XC113148.ogg
lobdow,"['leasan', 'lesyel']","['call', 'flight call']",30.347,-91.218,Limnodromus scolopaceus,Long-billed Dowitcher,Dan Lane,Creative Commons Attribution-NonCommercial-ShareAlike 3.0,3.5,11:30,https://www.xeno-canto.org/113388,lobdow/XC113388.ogg
lobdow,['dunlin'],['call'],64.4669,-164.7537,Limnodromus scolopaceus,Long-billed Dowitcher,Andrew Spencer,Creative Commons Attribution-NonCommercial-ShareAlike 3.0,4.5,00:40,https://www.xeno-canto.org/141705,lobdow/XC141705.ogg
lobdow,['dunlin'],['call'],64.4669,-164.7537,Limnodromus scolopaceus,Long-billed Dowitcher,Andrew Spencer,Creative Commons Attribution-NonCommercial-ShareAlike 3.0,4.5,00:40,https://www.xeno-canto.org/141706,lobdow/XC141706.ogg
lobdow,[],['song'],71.2435,-156.6335,Limnodromus scolopaceus,Long-billed Dowitcher,Andrew Spencer,Creative Commons Attribution-NonCommercial-ShareAlike 3.0,5.0,00:55,https://www.xeno-canto.org/141737,lobdow/XC141737.ogg
lobdow,[],['song'],71.251,-156.7719,Limnodromus scolopaceus,Long-billed Dowitcher,Andrew Spencer,Creative Commons Attribution-NonCommercial-ShareAlike 3.0,5.0,23:45,https://www.xeno-canto.org/141738,lobdow/XC141738.ogg
lobdow,[],['song'],71.251,-156.7719,Limnodromus scolopaceus,Long-billed Dowitcher,Andrew Spencer,Creative Commons Attribution-NonCommercial-ShareAlike 3.0,5.0,01:00,https://www.xeno-canto.org/141739,lobdow/XC141739.ogg
lobdow,[],"['call', 'flight call']",28.2267,-80.7645,Limnodromus scolopaceus,Long-billed Dowitcher,Paul Marvin,Creative Commons Attribution-NonCommercial-ShareAlike 3.0,4.0,09:30,https://www.xeno-canto.org/161341,lobdow/XC161341.ogg
lobdow,[],['flight call'],28.2267,-80.7645,Limnodromus scolopaceus,Long-billed Dowitcher,Paul Marvin,Creative Commons Attribution-NonCommercial-ShareAlike 3.0,4.0,08:47,https://www.xeno-canto.org/161342,lobdow/XC161342.ogg
lobdow,[],['flight call'],28.2267,-80.7645,Limnodromus scolopaceus,Long-billed Dowitcher,Paul Marvin,Creative Commons Attribution-NonCommercial-ShareAlike 3.0,4.0,09:38,https://www.xeno-canto.org/161343,lobdow/XC161343.ogg
lobdow,[],['call'],28.2267,-80.7645,Limnodromus scolopaceus,Long-billed Dowitcher,Paul Marvin,Creative Commons Attribution-NonCommercial-ShareAlike 3.0,4.0,09:25,https://www.xeno-canto.org/161344,lobdow/XC161344.ogg
lobdow,[],"['call', 'song']",28.2267,-80.7645,Limnodromus scolopaceus,Long-billed Dowitcher,Paul Marvin,Creative Commons Attribution-NonCommercial-ShareAlike 3.0,4.0,07:32,https://www.xeno-canto.org/161345,lobdow/XC161345.ogg
lobdow,[],['call'],28.2267,-80.7645,Limnodromus scolopaceus,Long-billed Dowitcher,Paul Marvin,Creative Commons Attribution-NonCommercial-ShareAlike 3.0,4.0,10:58,https://www.xeno-canto.org/162029,lobdow/XC162029.ogg
lobdow,[],"['call', 'song']",28.2267,-80.7645,Limnodromus scolopaceus,Long-billed Dowitcher,Paul Marvin,Creative Commons Attribution-NonCommercial-ShareAlike 3.0,4.0,09:32,https://www.xeno-canto.org/162031,lobdow/XC162031.ogg
lobdow,[],"['call', 'flight call']",35.0307,-120.6205,Limnodromus scolopaceus,Long-billed Dowitcher,Thomas G. Graves,Creative Commons Attribution-NonCommercial-ShareAlike 4.0,5.0,07:44,https://www.xeno-canto.org/178011,lobdow/XC178011.ogg
lobdow,[],"['call', 'flight call']",35.0307,-120.6205,Limnodromus scolopaceus,Long-billed Dowitcher,Thomas G. Graves,Creative Commons Attribution-NonCommercial-ShareAlike 4.0,4.5,7:57,https://www.xeno-canto.org/178012,lobdow/XC178012.ogg
lobdow,[],['call'],35.0307,-120.6205,Limnodromus scolopaceus,Long-billed Dowitcher,Thomas G. Graves,Creative Commons Attribution-NonCommercial-ShareAlike 4.0,3.5,08:00,https://www.xeno-canto.org/178013,lobdow/XC178013.ogg
lobdow,['mallar3'],"['call', 'flight call']",35.0307,-120.6205,Limnodromus scolopaceus,Long-billed Dowitcher,Thomas G. Graves,Creative Commons Attribution-NonCommercial-ShareAlike 4.0,3.5,9:44,https://www.xeno-canto.org/178196,lobdow/XC178196.ogg
lobdow,[],['flight call'],49.0802,-125.7755,Limnodromus scolopaceus,Long-billed Dowitcher,Ian Cruickshank,Creative Commons Attribution-NonCommercial-ShareAlike 4.0,4.0,08:00,https://www.xeno-canto.org/182165,lobdow/XC182165.ogg
lobdow,['leasan'],['flight call'],13.435,-87.487,Limnodromus scolopaceus,Long-billed Dowitcher,Oliver Komar,Creative Commons Attribution-NonCommercial-ShareAlike 4.0,3.5,10:00,https://www.xeno-canto.org/185295,lobdow/XC185295.ogg
lobdow,['cintea'],['call'],35.0307,-120.6205,Limnodromus scolopaceus,Long-billed Dowitcher,Thomas G. Graves,Creative Commons Attribution-NonCommercial-ShareAlike 4.0,3.5,8:34,https://www.xeno-canto.org/201409,lobdow/XC201409.ogg
lobdow,[],['call'],35.0307,-120.6205,Limnodromus scolopaceus,Long-billed Dowitcher,Thomas G. Graves,Creative Commons Attribution-NonCommercial-ShareAlike 4.0,4.5,8:40,https://www.xeno-canto.org/201413,lobdow/XC201413.ogg
lobdow,[],['call'],70.0824,-148.5458,Limnodromus scolopaceus,Long-billed Dowitcher,Andrew Spencer,Creative Commons Attribution-NonCommercial-ShareAlike 4.0,5.0,18:30,https://www.xeno-canto.org/203536,lobdow/XC203536.ogg
lobdow,[],['call'],70.0824,-148.5458,Limnodromus scolopaceus,Long-billed Dowitcher,Andrew Spencer,Creative Commons Attribution-NonCommercial-ShareAlike 4.0,5.0,20:00,https://www.xeno-canto.org/203537,lobdow/XC203537.ogg
lobdow,[],['call'],70.0824,-148.5458,Limnodromus scolopaceus,Long-billed Dowitcher,Andrew Spencer,Creative Commons Attribution-NonCommercial-ShareAlike 4.0,5.0,20:00,https://www.xeno-canto.org/203538,lobdow/XC203538.ogg
lobdow,[],['call'],70.0824,-148.5458,Limnodromus scolopaceus,Long-billed Dowitcher,Andrew Spencer,Creative Commons Attribution-NonCommercial-ShareAlike 4.0,5.0,20:00,https://www.xeno-canto.org/203540,lobdow/XC203540.ogg
lobdow,[],"['alarm call', 'call', 'flight call']",32.1245,-93.4773,Limnodromus scolopaceus,Long-billed Dowitcher,Terry Davis,Creative Commons Attribution-NonCommercial-ShareAlike 4.0,4.0,11:30,https://www.xeno-canto.org/209842,lobdow/XC209842.ogg
lobdow,['norcar'],"['alarm call', 'call', 'flight call']",32.1245,-93.4773,Limnodromus scolopaceus,Long-billed Dowitcher,Terry Davis,Creative Commons Attribution-NonCommercial-ShareAlike 4.0,3.5,11:30,https://www.xeno-canto.org/209843,lobdow/XC209843.ogg
lobdow,['lesyel'],"['call', 'flight call']",28.2267,-80.7645,Limnodromus scolopaceus,Long-billed Dowitcher,Paul Marvin,Creative Commons Attribution-NonCommercial-ShareAlike 4.0,2.5,08:30,https://www.xeno-canto.org/221572,lobdow/XC221572.ogg
lobdow,['bknsti'],['flight call'],28.2267,-80.7645,Limnodromus scolopaceus,Long-billed Dowitcher,Paul Marvin,Creative Commons Attribution-NonCommercial-ShareAlike 4.0,3.5,08:07,https://www.xeno-canto.org/221577,lobdow/XC221577.ogg
lobdow,['bknsti'],"['call', 'song']",28.2267,-80.7645,Limnodromus scolopaceus,Long-billed Dowitcher,Paul Marvin,Creative Commons Attribution-NonCommercial-ShareAlike 4.0,3.5,08:47,https://www.xeno-canto.org/221579,lobdow/XC221579.ogg
lobdow,['lesyel'],"['call', 'song']",28.2267,-80.7645,Limnodromus scolopaceus,Long-billed Dowitcher,Paul Marvin,Creative Commons Attribution-NonCommercial-ShareAlike 4.0,2.5,07:38,https://www.xeno-canto.org/221584,lobdow/XC221584.ogg
lobdow,"['bknsti', 'lesyel']","['call', 'song']",28.2267,-80.7645,Limnodromus scolopaceus,Long-billed Dowitcher,Paul Marvin,Creative Commons Attribution-NonCommercial-ShareAlike 4.0,2.5,07:53,https://www.xeno-canto.org/221588,lobdow/XC221588.ogg
lobdow,"['bknsti', 'lesyel']","['call', 'song']",28.2267,-80.7645,Limnodromus scolopaceus,Long-billed Dowitcher,Paul Marvin,Creative Commons Attribution-NonCommercial-ShareAlike 4.0,3.5,07:53,https://www.xeno-canto.org/221591,lobdow/XC221591.ogg
lobdow,[],['flight call'],28.2267,-80.7645,Limnodromus scolopaceus,Long-billed Dowitcher,Paul Marvin,Creative Commons Attribution-NonCommercial-ShareAlike 4.0,4.0,08:06,https://www.xeno-canto.org/221594,lobdow/XC221594.ogg
lobdow,['comgal1'],['flight call'],30.1487,-92.7658,Limnodromus scolopaceus,Long-billed Dowitcher,Dan Lane,Creative Commons Attribution-NonCommercial-ShareAlike 4.0,3.5,10:00,https://www.xeno-canto.org/239631,lobdow/XC239631.ogg
lobdow,[],['call'],41.3703,-71.5804,Limnodromus scolopaceus,Long-billed Dowitcher,Tom Auer,Creative Commons Attribution-NonCommercial-ShareAlike 4.0,4.0,08:45,https://www.xeno-canto.org/284014,lobdow/XC284014.ogg
lobdow,['cangoo'],['call'],41.3703,-71.5804,Limnodromus scolopaceus,Long-billed Dowitcher,Tom Auer,Creative Commons Attribution-NonCommercial-ShareAlike 4.0,3.5,08:45,https://www.xeno-canto.org/284015,lobdow/XC284015.ogg
lobdow,[],"['call', 'flight call']",34.6194,136.5381,Limnodromus scolopaceus,Long-billed Dowitcher,Anon Torimi,Creative Commons Attribution-NonCommercial-ShareAlike 4.0,3.0,10:00,https://www.xeno-canto.org/303483,lobdow/XC303483.ogg
lobdow,[],['call'],19.462,-98.9683,Limnodromus scolopaceus,Long-billed Dowitcher,Manuel Grosselet,Creative Commons Attribution-NonCommercial-ShareAlike 4.0,4.0,18:00,https://www.xeno-canto.org/311073,lobdow/XC311073.ogg
lobdow,['moudov'],['flight call'],28.2563,-96.7946,Limnodromus scolopaceus,Long-billed Dowitcher,Brian Henderson,Creative Commons Attribution-NonCommercial-ShareAlike 4.0,3.5,19:00,https://www.xeno-canto.org/312734,lobdow/XC312734.ogg
lobdow,[],['call'],38.586,-121.637,Limnodromus scolopaceus,Long-billed Dowitcher,Steve Hampton,Creative Commons Attribution-NonCommercial-ShareAlike 4.0,5.0,20:00,https://www.xeno-canto.org/328441,lobdow/XC328441.ogg
lobdow,[],['call'],41.7396,-88.168,Limnodromus scolopaceus,Long-billed Dowitcher,Matt Wistrand,Creative Commons Attribution-NonCommercial-ShareAlike 4.0,3.5,07:58,https://www.xeno-canto.org/336513,lobdow/XC336513.ogg
lobdow,[],"['call', 'juvenile']",40.5574,-104.9671,Limnodromus scolopaceus,Long-billed Dowitcher,Nick Komar,Creative Commons Attribution-NonCommercial-ShareAlike 4.0,5.0,13:30,https://www.xeno-canto.org/339636,lobdow/XC339636.ogg
lobdow,[],"['alarm call', 'call']",19.1341,72.9616,Limnodromus scolopaceus,Long-billed Dowitcher,pradnyavant mane,Creative Commons Attribution-NonCommercial-ShareAlike 4.0,0.0,06:00,https://www.xeno-canto.org/351823,lobdow/XC351823.ogg
lobdow,[],"['alarm call', 'call']",19.1348,72.9611,Limnodromus scolopaceus,Long-billed Dowitcher,Sushant more,Creative Commons Attribution-NonCommercial-ShareAlike 4.0,3.5,06:00,https://www.xeno-canto.org/351899,lobdow/XC351899.ogg
lobdow,[],['call'],10.0421,-84.912,Limnodromus scolopaceus,Long-billed Dowitcher,Albert Lastukhin,Creative Commons Attribution-NonCommercial-ShareAlike 4.0,4.0,22:30,https://www.xeno-canto.org/383318,lobdow/XC383318.ogg
lobdow,[],['call'],70.9409,147.9749,Limnodromus scolopaceus,Long-billed Dowitcher,Sunny,Creative Commons Attribution-NonCommercial-ShareAlike 4.0,5.0,15:00,https://www.xeno-canto.org/396637,lobdow/XC396637.ogg
lobdow,[],"['call', 'song']",71.2973,-156.7737,Limnodromus scolopaceus,Long-billed Dowitcher,Patrik Åberg,Creative Commons Attribution-NonCommercial-ShareAlike 4.0,5.0,22:54,https://www.xeno-canto.org/406398,lobdow/XC406398.ogg
lobdow,['redpha1'],['call'],71.2973,-156.7737,Limnodromus scolopaceus,Long-billed Dowitcher,Patrik Åberg,Creative Commons Attribution-NonCommercial-ShareAlike 4.0,4.5,07:51,https://www.xeno-canto.org/406399,lobdow/XC406399.ogg
lobdow,[],['call'],71.2973,-156.7737,Limnodromus scolopaceus,Long-billed Dowitcher,Patrik Åberg,Creative Commons Attribution-NonCommercial-ShareAlike 4.0,5.0,08:03,https://www.xeno-canto.org/406400,lobdow/XC406400.ogg
lobdow,[],['call'],71.2973,-156.7737,Limnodromus scolopaceus,Long-billed Dowitcher,Patrik Åberg,Creative Commons Attribution-NonCommercial-ShareAlike 4.0,5.0,07:53,https://www.xeno-canto.org/406401,lobdow/XC406401.ogg
lobdow,[],['song'],71.2973,-156.7737,Limnodromus scolopaceus,Long-billed Dowitcher,Patrik Åberg,Creative Commons Attribution-NonCommercial-ShareAlike 4.0,4.5,22:42,https://www.xeno-canto.org/406402,lobdow/XC406402.ogg
lobdow,[],['song'],71.2973,-156.7737,Limnodromus scolopaceus,Long-billed Dowitcher,Patrik Åberg,Creative Commons Attribution-NonCommercial-ShareAlike 4.0,5.0,22:44,https://www.xeno-canto.org/406403,lobdow/XC406403.ogg
lobdow,[],['song'],71.2973,-156.7737,Limnodromus scolopaceus,Long-billed Dowitcher,Patrik Åberg,Creative Commons Attribution-NonCommercial-ShareAlike 4.0,4.5,22:50,https://www.xeno-canto.org/406404,lobdow/XC406404.ogg
lobdow,[],['song'],71.2973,-156.7737,Limnodromus scolopaceus,Long-billed Dowitcher,Patrik Åberg,Creative Commons Attribution-NonCommercial-ShareAlike 4.0,5.0,23:13,https://www.xeno-canto.org/406405,lobdow/XC406405.ogg
lobdow,[],['song'],71.2973,-156.7737,Limnodromus scolopaceus,Long-billed Dowitcher,Patrik Åberg,Creative Commons Attribution-NonCommercial-ShareAlike 4.0,5.0,08:20,https://www.xeno-canto.org/406406,lobdow/XC406406.ogg
lobdow,[],['flushed call'],71.2973,-156.7737,Limnodromus scolopaceus,Long-billed Dowitcher,Patrik Åberg,Creative Commons Attribution-NonCommercial-ShareAlike 4.0,5.0,03:43,https://www.xeno-canto.org/406407,lobdow/XC406407.ogg
lobdow,[],['flight call'],32.6185,-117.1029,Limnodromus scolopaceus,Long-billed Dowitcher,Paul Marvin,Creative Commons Attribution-NonCommercial-ShareAlike 4.0,4.0,06:59,https://www.xeno-canto.org/448940,lobdow/XC448940.ogg
lobdow,[],"['call', 'flight call']",28.229,-80.813,Limnodromus scolopaceus,Long-billed Dowitcher,Paul Marvin,Creative Commons Attribution-NonCommercial-ShareAlike 4.0,3.5,08:35,https://www.xeno-canto.org/451720,lobdow/XC451720.ogg
lobdow,[],['call'],33.3607,-111.7343,Limnodromus scolopaceus,Long-billed Dowitcher,Paul Marvin,Creative Commons Attribution-NonCommercial-ShareAlike 4.0,4.0,10:54,https://www.xeno-canto.org/452504,lobdow/XC452504.ogg
lobdow,[],"['flight call', 'flight song']",26.1253,-97.9532,Limnodromus scolopaceus,Long-billed Dowitcher,Paul Marvin,Creative Commons Attribution-NonCommercial-ShareAlike 4.0,5.0,06:42,https://www.xeno-canto.org/452766,lobdow/XC452766.ogg
lobdow,[],['flight call'],26.0737,-98.1442,Limnodromus scolopaceus,Long-billed Dowitcher,Paul Marvin,Creative Commons Attribution-NonCommercial-ShareAlike 4.0,3.5,09:18,https://www.xeno-canto.org/453190,lobdow/XC453190.ogg
lobdow,[],['alarm call'],25.7324,-109.0271,Limnodromus scolopaceus,Long-billed Dowitcher,Manuel Grosselet,Creative Commons Attribution-NonCommercial-ShareAlike 4.0,4.5,07:30,https://www.xeno-canto.org/490402,lobdow/XC490402.ogg
lobdow,[],['alarm call'],25.7324,-109.0271,Limnodromus scolopaceus,Long-billed Dowitcher,Manuel Grosselet,Creative Commons Attribution-NonCommercial-ShareAlike 4.0,5.0,07:30,https://www.xeno-canto.org/490403,lobdow/XC490403.ogg
lobdow,[],['alarm call'],25.7324,-109.0271,Limnodromus scolopaceus,Long-billed Dowitcher,Manuel Grosselet,Creative Commons Attribution-NonCommercial-ShareAlike 4.0,5.0,07:30,https://www.xeno-canto.org/490404,lobdow/XC490404.ogg
lobdow,[],['alarm call'],25.7324,-109.0271,Limnodromus scolopaceus,Long-billed Dowitcher,Manuel Grosselet,Creative Commons Attribution-NonCommercial-ShareAlike 4.0,5.0,08:00,https://www.xeno-canto.org/490405,lobdow/XC490405.ogg
lobdow,[],"['alarm call', 'call']",25.7324,-109.0271,Limnodromus scolopaceus,Long-billed Dowitcher,Manuel Grosselet,Creative Commons Attribution-NonCommercial-ShareAlike 4.0,4.5,08:30,https://www.xeno-canto.org/490406,lobdow/XC490406.ogg
lobdow,['bknsti'],"['alarm call', 'call']",25.7324,-109.0271,Limnodromus scolopaceus,Long-billed Dowitcher,Manuel Grosselet,Creative Commons Attribution-NonCommercial-ShareAlike 4.0,4.5,08:30,https://www.xeno-canto.org/490407,lobdow/XC490407.ogg
lobdow,[],"['alarm call', 'call']",25.7324,-109.0271,Limnodromus scolopaceus,Long-billed Dowitcher,Manuel Grosselet,Creative Commons Attribution-NonCommercial-ShareAlike 4.0,5.0,09:00,https://www.xeno-canto.org/490408,lobdow/XC490408.ogg
lobdow,[],"['alarm call', 'call']",19.1341,72.9616,Limnodromus scolopaceus,Long-billed Dowitcher,pradnyavant mane,Creative Commons Attribution-NonCommercial-ShareAlike 4.0,0.0,16:30,https://www.xeno-canto.org/490812,lobdow/XC490812.ogg
lobdow,[],"['flight call', 'nocturnal flight call']",25.7324,-109.0271,Limnodromus scolopaceus,Long-billed Dowitcher,Manuel Grosselet,Creative Commons Attribution-NonCommercial-ShareAlike 4.0,3.0,20:30,https://www.xeno-canto.org/491752,lobdow/XC491752.ogg
lobdow,[],"['alarm call', 'call', 'flight call']",25.7324,-109.0271,Limnodromus scolopaceus,Long-billed Dowitcher,Isain Contreras Rodríguez,Creative Commons Attribution-NonCommercial-ShareAlike 4.0,4.0,07:30,https://www.xeno-canto.org/492241,lobdow/XC492241.ogg
lobdow,[],['flight call'],1.1023,-79.1481,Limnodromus scolopaceus,Long-billed Dowitcher,Roger Ahlman,Creative Commons Attribution-NonCommercial-ShareAlike 4.0,4.0,07:00,https://www.xeno-canto.org/506073,lobdow/XC506073.ogg
lobdow,[],"['adult', 'call']",49.2427,-122.9355,Limnodromus scolopaceus,Long-billed Dowitcher,Sunny Tseng,Creative Commons Attribution-NonCommercial-ShareAlike 4.0,4.0,09:00,https://www.xeno-canto.org/509711,lobdow/XC509711.ogg
lobdow,[],['nocturnal flight call'],44.0918,-123.1373,Limnodromus scolopaceus,Long-billed Dowitcher,Richard Hoyer,Creative Commons Attribution-NonCommercial-ShareAlike 4.0,2.5,04:45,https://www.xeno-canto.org/559831,lobdow/XC559831.ogg
lobdow,[],"['adult', 'call']",19.2726,-98.9868,Limnodromus scolopaceus,Long-billed Dowitcher,Isain Contreras Rodríguez,Creative Commons Attribution-NonCommercial-ShareAlike 4.0,4.0,08:30,https://www.xeno-canto.org/583611,lobdow/XC583611.ogg
lobdow,[],"['adult', 'alarm call', 'call']",19.2726,-98.9868,Limnodromus scolopaceus,Long-billed Dowitcher,Isain Contreras Rodríguez,Creative Commons Attribution-NonCommercial-ShareAlike 4.0,4.0,08:30,https://www.xeno-canto.org/583612,lobdow/XC583612.ogg
lobdow,['moudov'],"['adult', 'call', 'sex uncertain']",31.5633,-109.716,Limnodromus scolopaceus,Long-billed Dowitcher,Richard E. Webster,Creative Commons Attribution-NonCommercial-ShareAlike 4.0,3.5,17:41,https://www.xeno-canto.org/583803,lobdow/XC583803.ogg
lobdow,[],['call'],17.9266,-94.4922,Limnodromus scolopaceus,Long-billed Dowitcher,Manuel Grosselet,Creative Commons Attribution-NonCommercial-ShareAlike 4.0,3.5,12:00,https://www.xeno-canto.org/617775,lobdow/XC617775.ogg
lobdow,[],['call'],32.564,-117.1256,Limnodromus scolopaceus,Long-billed Dowitcher,Paul Marvin,Creative Commons Attribution-NonCommercial-ShareAlike 4.0,4.0,09:15,https://www.xeno-canto.org/635265,lobdow/XC635265.ogg
lotjae,[],['call'],63.7414,-149.5832,Stercorarius longicaudus,Long-tailed Jaeger,Davyd Betchkal,Creative Commons Attribution-NonCommercial-ShareAlike 3.0,5.0,20:08,https://www.xeno-canto.org/113635,lotjae/XC113635.ogg
lotjae,[],['call'],63.7414,-149.5832,Stercorarius longicaudus,Long-tailed Jaeger,Davyd Betchkal,Creative Commons Attribution-NonCommercial-ShareAlike 3.0,4.5,11:07,https://www.xeno-canto.org/113636,lotjae/XC113636.ogg
lotjae,[],['call'],64.6972,-138.4384,Stercorarius longicaudus,Long-tailed Jaeger,Andrew Spencer,Creative Commons Attribution-NonCommercial-ShareAlike 4.0,5.0,10:00,https://www.xeno-canto.org/181616,lotjae/XC181616.ogg
lotjae,[],['alarm call'],65.9847,16.0421,Stercorarius longicaudus,Long-tailed Jaeger,Rob van Bemmelen,Creative Commons Attribution-NonCommercial-ShareAlike 4.0,5.0,12:00,https://www.xeno-canto.org/198125,lotjae/XC198125.ogg
lotjae,[],['alarm call'],65.998,15.918,Stercorarius longicaudus,Long-tailed Jaeger,Rob van Bemmelen,Creative Commons Attribution-NonCommercial-ShareAlike 4.0,5.0,12:00,https://www.xeno-canto.org/198127,lotjae/XC198127.ogg
lotjae,[],['begging call'],65.998,15.918,Stercorarius longicaudus,Long-tailed Jaeger,Rob van Bemmelen,Creative Commons Attribution-NonCommercial-ShareAlike 4.0,5.0,21:00,https://www.xeno-canto.org/202897,lotjae/XC202897.ogg
lotjae,[],['call'],70.0824,-148.5458,Stercorarius longicaudus,Long-tailed Jaeger,Andrew Spencer,Creative Commons Attribution-NonCommercial-ShareAlike 4.0,5.0,18:00,https://www.xeno-canto.org/203576,lotjae/XC203576.ogg
lotjae,[],['call'],70.0824,-148.5458,Stercorarius longicaudus,Long-tailed Jaeger,Andrew Spencer,Creative Commons Attribution-NonCommercial-ShareAlike 4.0,5.0,18:00,https://www.xeno-canto.org/203578,lotjae/XC203578.ogg
lotjae,[],['call'],64.6972,-138.4384,Stercorarius longicaudus,Long-tailed Jaeger,Andrew Spencer,Creative Commons Attribution-NonCommercial-ShareAlike 4.0,5.0,10:00,https://www.xeno-canto.org/203617,lotjae/XC203617.ogg
lotjae,[],['call'],64.6972,-138.4384,Stercorarius longicaudus,Long-tailed Jaeger,Andrew Spencer,Creative Commons Attribution-NonCommercial-ShareAlike 4.0,5.0,10:00,https://www.xeno-canto.org/203619,lotjae/XC203619.ogg
lotjae,[],"['alarm call', 'flight call']",68.6501,19.8152,Stercorarius longicaudus,Long-tailed Jaeger,Stein Ø. Nilsen,Creative Commons Attribution-NonCommercial-ShareAlike 4.0,4.0,08:00,https://www.xeno-canto.org/210601,lotjae/XC210601.ogg
lotjae,[],['call'],68.6501,19.8152,Stercorarius longicaudus,Long-tailed Jaeger,Stein Ø. Nilsen,Creative Commons Attribution-NonCommercial-ShareAlike 4.0,5.0,08:00,https://www.xeno-canto.org/210605,lotjae/XC210605.ogg
lotjae,[],['call'],63.7414,-149.5832,Stercorarius longicaudus,Long-tailed Jaeger,Davyd Betchkal,Creative Commons Attribution-NonCommercial-ShareAlike 4.0,4.0,03:27,https://www.xeno-canto.org/243972,lotjae/XC243972.ogg
lotjae,[],['call'],68.0501,24.0,Stercorarius longicaudus,Long-tailed Jaeger,Niels Krabbe,Creative Commons Attribution-NonCommercial-ShareAlike 3.0,5.0,xx:xx,https://www.xeno-canto.org/25144,lotjae/XC25144.ogg
lotjae,[],['alarm near chick'],68.0501,24.0,Stercorarius longicaudus,Long-tailed Jaeger,Niels Krabbe,Creative Commons Attribution-NonCommercial-ShareAlike 3.0,4.0,xx:xx,https://www.xeno-canto.org/25145,lotjae/XC25145.ogg
lotjae,[],['calls by 3 adults on a raid'],68.2667,23.8167,Stercorarius longicaudus,Long-tailed Jaeger,Niels Krabbe,Creative Commons Attribution-NonCommercial-ShareAlike 3.0,4.0,xx:xx,https://www.xeno-canto.org/25169,lotjae/XC25169.ogg
lotjae,[],['calls by pair'],67.5167,17.5334,Stercorarius longicaudus,Long-tailed Jaeger,Niels Krabbe,Creative Commons Attribution-NonCommercial-ShareAlike 3.0,4.0,xx:xx,https://www.xeno-canto.org/25180,lotjae/XC25180.ogg
lotjae,[],['call'],67.5167,17.5334,Stercorarius longicaudus,Long-tailed Jaeger,Niels Krabbe,Creative Commons Attribution-NonCommercial-ShareAlike 3.0,3.5,xx:xx,https://www.xeno-canto.org/25282,lotjae/XC25282.ogg
lotjae,[],['call'],70.1443,30.1673,Stercorarius longicaudus,Long-tailed Jaeger,Tomek Tumiel,Creative Commons Attribution-NonCommercial-ShareAlike 4.0,4.0,21:00,https://www.xeno-canto.org/260308,lotjae/XC260308.ogg
lotjae,[],['allarmcall'],68.3728,18.6987,Stercorarius longicaudus,Long-tailed Jaeger,Patrik Åberg,Creative Commons Attribution-NonCommercial-ShareAlike 3.0,5.0,xx:xx,https://www.xeno-canto.org/26683,lotjae/XC26683.ogg
lotjae,[],['alarm call'],65.9932,16.0251,Stercorarius longicaudus,Long-tailed Jaeger,Guido O. Keijl,Creative Commons Attribution-NonCommercial-ShareAlike 4.0,3.5,15:00,https://www.xeno-canto.org/291528,lotjae/XC291528.ogg
lotjae,[],['alarm call'],65.9931,16.0279,Stercorarius longicaudus,Long-tailed Jaeger,Guido O. Keijl,Creative Commons Attribution-NonCommercial-ShareAlike 4.0,5.0,15:00,https://www.xeno-canto.org/291529,lotjae/XC291529.ogg
lotjae,[],"['alarm call', 'call']",65.9836,16.0533,Stercorarius longicaudus,Long-tailed Jaeger,Guido O. Keijl,Creative Commons Attribution-NonCommercial-ShareAlike 4.0,4.0,12:30,https://www.xeno-canto.org/291531,lotjae/XC291531.ogg
lotjae,[],['alarm call'],65.9849,16.0435,Stercorarius longicaudus,Long-tailed Jaeger,Guido O. Keijl,Creative Commons Attribution-NonCommercial-ShareAlike 4.0,5.0,12:30,https://www.xeno-canto.org/291532,lotjae/XC291532.ogg
lotjae,[],['call'],62.8406,12.767,Stercorarius longicaudus,Long-tailed Jaeger,Mikael Litsgård,Creative Commons Attribution-NonCommercial-ShareAlike 4.0,4.0,21:43,https://www.xeno-canto.org/294731,lotjae/XC294731.ogg
lotjae,[],['call'],62.8406,12.767,Stercorarius longicaudus,Long-tailed Jaeger,Mikael Litsgård,Creative Commons Attribution-NonCommercial-ShareAlike 4.0,5.0,21:44,https://www.xeno-canto.org/294735,lotjae/XC294735.ogg
lotjae,[],['alarm call'],65.8346,16.3518,Stercorarius longicaudus,Long-tailed Jaeger,Rob van Bemmelen,Creative Commons Attribution-NonCommercial-ShareAlike 4.0,4.5,16:00,https://www.xeno-canto.org/325500,lotjae/XC325500.ogg
lotjae,[],['song'],69.4406,26.1125,Stercorarius longicaudus,Long-tailed Jaeger,Tero Linjama,Creative Commons Attribution-NonCommercial-ShareAlike 4.0,5.0,07:00,https://www.xeno-canto.org/342927,lotjae/XC342927.ogg
lotjae,[],['alarm call'],69.4406,26.1125,Stercorarius longicaudus,Long-tailed Jaeger,Tero Linjama,Creative Commons Attribution-NonCommercial-ShareAlike 4.0,5.0,07:00,https://www.xeno-canto.org/342928,lotjae/XC342928.ogg
lotjae,[],"['call', 'flight call']",68.835,19.761,Stercorarius longicaudus,Long-tailed Jaeger,Stein Ø. Nilsen,Creative Commons Attribution-NonCommercial-ShareAlike 4.0,5.0,06:30,https://www.xeno-canto.org/378339,lotjae/XC378339.ogg
lotjae,[],['flight call'],68.835,19.761,Stercorarius longicaudus,Long-tailed Jaeger,Stein Ø. Nilsen,Creative Commons Attribution-NonCommercial-ShareAlike 4.0,4.5,06:30,https://www.xeno-canto.org/378340,lotjae/XC378340.ogg
lotjae,[],['alarm call'],64.7887,178.7489,Stercorarius longicaudus,Long-tailed Jaeger,Jens Kirkeby,Creative Commons Attribution-NonCommercial-ShareAlike 4.0,4.5,09:30,https://www.xeno-canto.org/382131,lotjae/XC382131.ogg
lotjae,[],['song'],64.7887,178.7489,Stercorarius longicaudus,Long-tailed Jaeger,Jens Kirkeby,Creative Commons Attribution-NonCommercial-ShareAlike 4.0,5.0,09:30,https://www.xeno-canto.org/382371,lotjae/XC382371.ogg
lotjae,[],['call'],64.5601,-165.4718,Stercorarius longicaudus,Long-tailed Jaeger,Steve Hampton,Creative Commons Attribution-NonCommercial-ShareAlike 4.0,4.0,09:30,https://www.xeno-canto.org/420224,lotjae/XC420224.ogg
lotjae,[],"['call', 'song']",68.835,19.761,Stercorarius longicaudus,Long-tailed Jaeger,Stein Ø. Nilsen,Creative Commons Attribution-NonCommercial-ShareAlike 4.0,5.0,09:30,https://www.xeno-canto.org/431676,lotjae/XC431676.ogg
lotjae,[],"['call', 'song']",70.4695,23.9162,Stercorarius longicaudus,Long-tailed Jaeger,Karl-Birger Strann,Creative Commons Attribution-NonCommercial-ShareAlike 4.0,5.0,13:30,https://www.xeno-canto.org/443536,lotjae/XC443536.ogg
lotjae,[],['alarm call'],66.0665,16.2398,Stercorarius longicaudus,Long-tailed Jaeger,Lars Edenius,Creative Commons Attribution-NonCommercial-ShareAlike 4.0,3.0,18:00,https://www.xeno-canto.org/455580,lotjae/XC455580.ogg
lotjae,[],['alarm call'],66.0665,16.2398,Stercorarius longicaudus,Long-tailed Jaeger,Lars Edenius,Creative Commons Attribution-NonCommercial-ShareAlike 4.0,4.0,18:00,https://www.xeno-canto.org/455581,lotjae/XC455581.ogg
lotjae,[],"['adult', 'call']",70.8512,147.9008,Stercorarius longicaudus,Long-tailed Jaeger,Sergei Sleptsov,Creative Commons Attribution-NonCommercial-ShareAlike 4.0,5.0,15:30,https://www.xeno-canto.org/504992,lotjae/XC504992.ogg
lotjae,[],"['adult', 'call', 'song']",66.749,15.9642,Stercorarius longicaudus,Long-tailed Jaeger,Hans Norelius,Creative Commons Attribution-NonCommercial-ShareAlike 4.0,0.0,18:30,https://www.xeno-canto.org/571263,lotjae/XC571263.ogg
lotjae,[],['call'],66.0665,16.2398,Stercorarius longicaudus,Long-tailed Jaeger,Lars Edenius,Creative Commons Attribution-NonCommercial-ShareAlike 4.0,4.0,06:00,https://www.xeno-canto.org/571279,lotjae/XC571279.ogg
lotjae,[],['call'],66.0665,16.2398,Stercorarius longicaudus,Long-tailed Jaeger,Lars Edenius,Creative Commons Attribution-NonCommercial-ShareAlike 4.0,4.0,06:00,https://www.xeno-canto.org/571280,lotjae/XC571280.ogg
lotjae,[],"['adult', 'alarm call', 'sex uncertain']",59.9242,-1.2907,Stercorarius longicaudus,Long-tailed Jaeger,Glen Tyler,Creative Commons Attribution-NonCommercial-ShareAlike 4.0,5.0,17:30,https://www.xeno-canto.org/577495,lotjae/XC577495.ogg
lotjae,[],"['adult', 'call']",59.9263,-1.2811,Stercorarius longicaudus,Long-tailed Jaeger,Andrew Harrop,Creative Commons Attribution-NonCommercial-ShareAlike 4.0,4.0,09:00,https://www.xeno-canto.org/583393,lotjae/XC583393.ogg
madpet,[],['call'],32.7167,-16.9334,Pterodroma madeira,Zino's Petrel,Benjamin Steffen,Creative Commons Attribution-NonCommercial-ShareAlike 3.0,4.0,23:00,https://www.xeno-canto.org/145490,madpet/XC145490.ogg
madpet,[],"['call', 'song']",32.7167,-16.9334,Pterodroma madeira,Zino's Petrel,Johannes Fischer,Creative Commons Attribution-NonCommercial-ShareAlike 4.0,3.0,00:30,https://www.xeno-canto.org/176654,madpet/XC176654.ogg
madpet,[],"['call', 'female', 'flight call', 'male', 'song']",32.74,-16.938,Pterodroma madeira,Zino's Petrel,Lars Lachmann,Creative Commons Attribution-NonCommercial-ShareAlike 4.0,4.0,23:31,https://www.xeno-canto.org/189891,madpet/XC189891.ogg
madpet,[],['song'],32.6928,-16.8974,Pterodroma madeira,Zino's Petrel,David Darrell-Lambert,Creative Commons Attribution-NonCommercial-ShareAlike 4.0,3.0,22:00,https://www.xeno-canto.org/196533,madpet/XC196533.ogg
madpet,[],['flight call'],32.7167,-16.9334,Pterodroma madeira,Zino's Petrel,James Bradley,Creative Commons Attribution-NonCommercial-ShareAlike 4.0,3.0,23:30,https://www.xeno-canto.org/297171,madpet/XC297171.ogg
madpet,[],"['call', 'female', 'male']",32.739,-16.9357,Pterodroma madeira,Zino's Petrel,Cedric Mroczko,Creative Commons Attribution-NonCommercial-ShareAlike 4.0,3.0,22:15,https://www.xeno-canto.org/316557,madpet/XC316557.ogg
madpet,[],['alarm call'],32.739,-16.9357,Pterodroma madeira,Zino's Petrel,Cedric Mroczko,Creative Commons Attribution-NonCommercial-ShareAlike 4.0,4.0,22:35,https://www.xeno-canto.org/316560,madpet/XC316560.ogg
madpet,[],['call'],32.739,-16.9357,Pterodroma madeira,Zino's Petrel,Cedric Mroczko,Creative Commons Attribution-NonCommercial-ShareAlike 4.0,4.0,22:35,https://www.xeno-canto.org/316561,madpet/XC316561.ogg
madpet,[],['call'],32.739,-16.9357,Pterodroma madeira,Zino's Petrel,Cedric Mroczko,Creative Commons Attribution-NonCommercial-ShareAlike 4.0,4.0,22:35,https://www.xeno-canto.org/316563,madpet/XC316563.ogg
madpet,[],"['call', 'female', 'male', 'wing noise']",32.739,-16.9357,Pterodroma madeira,Zino's Petrel,Cedric Mroczko,Creative Commons Attribution-NonCommercial-ShareAlike 4.0,3.0,22:45,https://www.xeno-canto.org/316564,madpet/XC316564.ogg
madpet,[],['call'],32.739,-16.9357,Pterodroma madeira,Zino's Petrel,Cedric Mroczko,Creative Commons Attribution-NonCommercial-ShareAlike 4.0,4.0,22:45,https://www.xeno-canto.org/316566,madpet/XC316566.ogg
madpet,[],['alarm call'],32.739,-16.9357,Pterodroma madeira,Zino's Petrel,Cedric Mroczko,Creative Commons Attribution-NonCommercial-ShareAlike 4.0,4.0,22:50,https://www.xeno-canto.org/316567,madpet/XC316567.ogg
madpet,[],['call'],32.739,-16.9357,Pterodroma madeira,Zino's Petrel,Cedric Mroczko,Creative Commons Attribution-NonCommercial-ShareAlike 4.0,4.0,22:55,https://www.xeno-canto.org/316568,madpet/XC316568.ogg
madpet,[],['call'],32.739,-16.9357,Pterodroma madeira,Zino's Petrel,Cedric Mroczko,Creative Commons Attribution-NonCommercial-ShareAlike 4.0,4.0,23:00,https://www.xeno-canto.org/316569,madpet/XC316569.ogg
madpet,[],['call'],32.739,-16.9357,Pterodroma madeira,Zino's Petrel,Cedric Mroczko,Creative Commons Attribution-NonCommercial-ShareAlike 4.0,4.0,23:10,https://www.xeno-canto.org/316573,madpet/XC316573.ogg
madpet,[],"['call', 'female', 'male']",32.739,-16.9357,Pterodroma madeira,Zino's Petrel,Cedric Mroczko,Creative Commons Attribution-NonCommercial-ShareAlike 4.0,3.0,23:10,https://www.xeno-canto.org/316577,madpet/XC316577.ogg
madpet,[],"['call', 'female', 'male']",32.739,-16.9357,Pterodroma madeira,Zino's Petrel,Cedric Mroczko,Creative Commons Attribution-NonCommercial-ShareAlike 4.0,3.0,23:15,https://www.xeno-canto.org/316581,madpet/XC316581.ogg
madpet,[],"['call', 'female', 'male']",32.739,-16.9357,Pterodroma madeira,Zino's Petrel,Cedric Mroczko,Creative Commons Attribution-NonCommercial-ShareAlike 4.0,3.0,23:15,https://www.xeno-canto.org/316582,madpet/XC316582.ogg
madpet,[],['song'],32.74,-16.938,Pterodroma madeira,Zino's Petrel,Marcel Gil Velasco,Creative Commons Attribution-NonCommercial-ShareAlike 4.0,0.0,23:00,https://www.xeno-canto.org/461964,madpet/XC461964.ogg
magpet1,[],"['call', 'female', 'male']",-44.09,-176.6322,Pterodroma magentae,Magenta Petrel,David Boyle,Creative Commons Attribution-NonCommercial-ShareAlike 4.0,4.0,02:30,https://www.xeno-canto.org/331793,magpet1/XC331793.ogg
magpet1,[],"['call', 'female', 'male']",-44.09,-176.6322,Pterodroma magentae,Magenta Petrel,David Boyle,Creative Commons Attribution-NonCommercial-ShareAlike 4.0,4.0,02:30,https://www.xeno-canto.org/331794,magpet1/XC331794.ogg
magpet1,[],"['adult', 'call', 'female']",-44.073,-176.602,Pterodroma magentae,Magenta Petrel,David Boyle,Creative Commons Attribution-NonCommercial-ShareAlike 4.0,5.0,22:00,https://www.xeno-canto.org/505781,magpet1/XC505781.ogg
magpet1,[],"['call', 'female', 'male']",-44.09,-176.6322,Pterodroma magentae,Magenta Petrel,David Boyle,Creative Commons Attribution-NonCommercial-ShareAlike 4.0,5.0,00:30,https://www.xeno-canto.org/512837,magpet1/XC512837.ogg
magpet1,[],"['adult', 'duet', 'female', 'male', 'song']",-44.09,-176.6322,Pterodroma magentae,Magenta Petrel,David Boyle,Creative Commons Attribution-NonCommercial-ShareAlike 4.0,5.0,23:00,https://www.xeno-canto.org/598434,magpet1/XC598434.ogg
magpet1,[],"['adult', 'flight call', 'male']",-44.09,-176.6322,Pterodroma magentae,Magenta Petrel,David Boyle,Creative Commons Attribution-NonCommercial-ShareAlike 4.0,4.0,02:30,https://www.xeno-canto.org/654118,magpet1/XC654118.ogg
magpet1,[],"['call', 'flight call', 'male']",-44.09,-176.6322,Pterodroma magentae,Magenta Petrel,David Boyle,Creative Commons Attribution-NonCommercial-ShareAlike 4.0,4.0,03:30,https://www.xeno-canto.org/654391,magpet1/XC654391.ogg
magpet1,[],"['call', 'female', 'flight call', 'male']",-44.09,-176.6322,Pterodroma magentae,Magenta Petrel,David Boyle,Creative Commons Attribution-NonCommercial-ShareAlike 4.0,4.0,03:00,https://www.xeno-canto.org/654397,magpet1/XC654397.ogg
magpet1,[],"['call', 'flight call', 'male']",-44.09,-176.6322,Pterodroma magentae,Magenta Petrel,David Boyle,Creative Commons Attribution-NonCommercial-ShareAlike 4.0,5.0,00:30,https://www.xeno-canto.org/654402,magpet1/XC654402.ogg
magpet1,[],"['adult', 'call', 'female', 'flight call', 'male']",-44.09,-176.6322,Pterodroma magentae,Magenta Petrel,David Boyle,Creative Commons Attribution-NonCommercial-ShareAlike 4.0,4.5,00:30,https://www.xeno-canto.org/654403,magpet1/XC654403.ogg
magpet1,[],"['adult', 'call', 'male']",-44.067,-176.5965,Pterodroma magentae,Magenta Petrel,David Boyle,Creative Commons Attribution-NonCommercial-ShareAlike 4.0,4.0,00:00,https://www.xeno-canto.org/654404,magpet1/XC654404.ogg
magpet1,[],"['adult', 'sex uncertain']",-44.09,-176.6322,Pterodroma magentae,Magenta Petrel,David Boyle,Creative Commons Attribution-NonCommercial-ShareAlike 4.0,5.0,19:00,https://www.xeno-canto.org/654412,magpet1/XC654412.ogg
magpet1,[],"['adult', 'alarm call', 'call', 'female', 'male']",-44.09,-176.6322,Pterodroma magentae,Magenta Petrel,David Boyle,Creative Commons Attribution-NonCommercial-ShareAlike 4.0,5.0,03:30,https://www.xeno-canto.org/654418,magpet1/XC654418.ogg
magpet1,[],"['adult', 'duet', 'female', 'male']",-44.09,-176.6322,Pterodroma magentae,Magenta Petrel,David Boyle,Creative Commons Attribution-NonCommercial-ShareAlike 4.0,5.0,01:30,https://www.xeno-canto.org/654420,magpet1/XC654420.ogg
magpet1,[],"['adult', 'alarm call']",-44.09,-176.6322,Pterodroma magentae,Magenta Petrel,David Boyle,Creative Commons Attribution-NonCommercial-ShareAlike 4.0,5.0,01:30,https://www.xeno-canto.org/654422,magpet1/XC654422.ogg
magpet1,[],"['adult', 'call', 'male']",-44.09,-176.6322,Pterodroma magentae,Magenta Petrel,David Boyle,Creative Commons Attribution-NonCommercial-ShareAlike 4.0,4.5,23:30,https://www.xeno-canto.org/654425,magpet1/XC654425.ogg
mallar3,[],['alarm call'],48.416,16.976,Anas platyrhynchos,Mallard,Rudo Jureček,Creative Commons Attribution-NonCommercial-ShareAlike 4.0,4.5,6:57,https://www.xeno-canto.org/104614,mallar3/XC104614.ogg
mallar3,[],['alarm call'],48.416,16.976,Anas platyrhynchos,Mallard,Rudo Jureček,Creative Commons Attribution-NonCommercial-ShareAlike 4.0,5.0,7:02,https://www.xeno-canto.org/104615,mallar3/XC104615.ogg
mallar3,[],['call'],58.2765,14.2763,Anas platyrhynchos,Mallard,Patrik Åberg,Creative Commons Attribution-NonCommercial-ShareAlike 3.0,4.5,03:58,https://www.xeno-canto.org/110314,mallar3/XC110314.ogg
mallar3,[],"['call', 'male']",58.5731,14.2489,Anas platyrhynchos,Mallard,Patrik Åberg,Creative Commons Attribution-NonCommercial-ShareAlike 3.0,4.5,21:25,https://www.xeno-canto.org/112680,mallar3/XC112680.ogg
mallar3,[],"['female', 'male', 'song']",52.476,21.0738,Anas platyrhynchos,Mallard,Jarek Matusiak,Creative Commons Attribution-NonCommercial-ShareAlike 3.0,5.0,10:00,https://www.xeno-canto.org/113587,mallar3/XC113587.ogg
mallar3,[],['Call'],42.3167,-83.2378,Anas platyrhynchos,Mallard,Allen T. Chartier,Creative Commons Attribution-NonCommercial-ShareAlike 3.0,1.0,?,https://www.xeno-canto.org/11461,mallar3/XC11461.ogg
mallar3,[],['Calls of group'],42.3473,-82.9753,Anas platyrhynchos,Mallard,Allen T. Chartier,Creative Commons Attribution-NonCommercial-ShareAlike 3.0,3.0,?,https://www.xeno-canto.org/11494,mallar3/XC11494.ogg
mallar3,[],['Call'],42.3473,-82.9753,Anas platyrhynchos,Mallard,Allen T. Chartier,Creative Commons Attribution-NonCommercial-ShareAlike 3.0,2.0,?,https://www.xeno-canto.org/11495,mallar3/XC11495.ogg
mallar3,[],"['call', 'female', 'male']",41.1088,-73.8388,Anas platyrhynchos,Mallard,Daniel Parker,Creative Commons Attribution-NonCommercial-ShareAlike 3.0,3.0,16:00,https://www.xeno-canto.org/116081,mallar3/XC116081.ogg
mallar3,[],"['call', 'male']",41.1088,-73.8388,Anas platyrhynchos,Mallard,Daniel Parker,Creative Commons Attribution-NonCommercial-ShareAlike 3.0,1.0,16:30,https://www.xeno-canto.org/116082,mallar3/XC116082.ogg
mallar3,[],"['alarm call', 'female', 'male']",39.2518,-75.4527,Anas platyrhynchos,Mallard,Daniel Parker,Creative Commons Attribution-NonCommercial-ShareAlike 3.0,2.0,16:50,https://www.xeno-canto.org/116083,mallar3/XC116083.ogg
mallar3,[],"['call', 'flight call']",21.599,71.2055,Anas platyrhynchos,Mallard,vir joshi,Creative Commons Attribution-NonCommercial-ShareAlike 3.0,4.0,11:00,https://www.xeno-canto.org/122883,mallar3/XC122883.ogg
mallar3,[],['alarm call'],52.3247,6.7908,Anas platyrhynchos,Mallard,Timo Roeke,Creative Commons Attribution-NonCommercial-ShareAlike 3.0,5.0,09:00,https://www.xeno-canto.org/123501,mallar3/XC123501.ogg
mallar3,[],['call'],52.637,13.4986,Anas platyrhynchos,Mallard,Lars Lachmann,Creative Commons Attribution-NonCommercial-ShareAlike 3.0,4.0,08:28,https://www.xeno-canto.org/127149,mallar3/XC127149.ogg
mallar3,[],"['male', 'song']",52.3427,20.927,Anas platyrhynchos,Mallard,Jarek Matusiak,Creative Commons Attribution-NonCommercial-ShareAlike 3.0,5.0,12:20,https://www.xeno-canto.org/127375,mallar3/XC127375.ogg
mallar3,['skylar'],['flight call'],54.577,11.9226,Anas platyrhynchos,Mallard,Louis A. Hansen,Creative Commons Attribution-NonCommercial-ShareAlike 3.0,3.5,05:36,https://www.xeno-canto.org/127564,mallar3/XC127564.ogg
mallar3,[],"['flight call', 'male']",52.1882,21.0731,Anas platyrhynchos,Mallard,Jarek Matusiak,Creative Commons Attribution-NonCommercial-ShareAlike 3.0,4.5,11:00,https://www.xeno-canto.org/128369,mallar3/XC128369.ogg
mallar3,['pibgre'],"['alarm call', 'call', 'female', 'male']",47.069,-70.7935,Anas platyrhynchos,Mallard,Martin St-Michel,Creative Commons Attribution-NonCommercial-ShareAlike 3.0,3.5,07:57,https://www.xeno-canto.org/131955,mallar3/XC131955.ogg
mallar3,[],"['alarm call', 'female', 'flight call']",56.0889,47.542,Anas platyrhynchos,Mallard,Albert Lastukhin,Creative Commons Attribution-NonCommercial-ShareAlike 3.0,3.0,01:30,https://www.xeno-canto.org/133448,mallar3/XC133448.ogg
mallar3,[],['flight call'],48.3062,10.9337,Anas platyrhynchos,Mallard,Buhl Johannes,Creative Commons Attribution-NonCommercial-ShareAlike 3.0,3.0,08:30,https://www.xeno-canto.org/134139,mallar3/XC134139.ogg
mallar3,[],"['call', 'female', 'male']",43.3874,-0.3335,Anas platyrhynchos,Mallard,Bernard BOUSQUET,Creative Commons Attribution-NonCommercial-ShareAlike 3.0,3.5,09:00,https://www.xeno-canto.org/140460,mallar3/XC140460.ogg
mallar3,[],"['call', 'male']",43.3874,-0.3335,Anas platyrhynchos,Mallard,Bernard BOUSQUET,Creative Commons Attribution-NonCommercial-ShareAlike 3.0,3.5,09:30,https://www.xeno-canto.org/140461,mallar3/XC140461.ogg
mallar3,[],"['call', 'juvenile']",47.8107,9.0334,Anas platyrhynchos,Mallard,Matthias Hemprich,Creative Commons Attribution-NonCommercial-ShareAlike 3.0,5.0,17:30,https://www.xeno-canto.org/142907,mallar3/XC142907.ogg
mallar3,[],"['female', 'flight call', 'male', 'wing sounds']",41.2042,-73.8861,Anas platyrhynchos,Mallard,Daniel Parker,Creative Commons Attribution-NonCommercial-ShareAlike 3.0,4.0,15:00,https://www.xeno-canto.org/144367,mallar3/XC144367.ogg
mallar3,[],['flight call'],55.6539,47.1405,Anas platyrhynchos,Mallard,Albert Lastukhin,Creative Commons Attribution-NonCommercial-ShareAlike 3.0,3.0,06:00,https://www.xeno-canto.org/145732,mallar3/XC145732.ogg
mallar3,[],['call'],56.7264,-111.3803,Anas platyrhynchos,Mallard,Dugan Maynard,Creative Commons Attribution-NonCommercial-ShareAlike 3.0,2.5,06:30,https://www.xeno-canto.org/149686,mallar3/XC149686.ogg
mallar3,[],"['agresion', 'male', 'song']",52.0697,21.2041,Anas platyrhynchos,Mallard,Jarek Matusiak,Creative Commons Attribution-NonCommercial-ShareAlike 3.0,5.0,14:17,https://www.xeno-canto.org/152640,mallar3/XC152640.ogg
mallar3,[],['call'],56.7264,-111.3803,Anas platyrhynchos,Mallard,Dugan Maynard,Creative Commons Attribution-NonCommercial-ShareAlike 3.0,3.0,22:00,https://www.xeno-canto.org/153857,mallar3/XC153857.ogg
mallar3,[],['call'],56.7264,-111.3803,Anas platyrhynchos,Mallard,Dugan Maynard,Creative Commons Attribution-NonCommercial-ShareAlike 3.0,1.5,22:00,https://www.xeno-canto.org/153861,mallar3/XC153861.ogg
mallar3,[],"['call', 'female']",56.1283,47.4026,Anas platyrhynchos,Mallard,Albert Lastukhin,Creative Commons Attribution-NonCommercial-ShareAlike 3.0,3.0,11:30,https://www.xeno-canto.org/154254,mallar3/XC154254.ogg
mallar3,[],"['call', 'female', 'male']",44.645,-1.0337,Anas platyrhynchos,Mallard,Nicole Bouglouan,Creative Commons Attribution-NonCommercial-ShareAlike 3.0,4.0,12:00,https://www.xeno-canto.org/155907,mallar3/XC155907.ogg
mallar3,[],"['flight call', 'male']",44.4094,66.2769,Anas platyrhynchos,Mallard,Albert Lastukhin,Creative Commons Attribution-NonCommercial-ShareAlike 4.0,3.0,05:00,https://www.xeno-canto.org/183095,mallar3/XC183095.ogg
mallar3,[],"['call', 'female']",56.1211,47.5042,Anas platyrhynchos,Mallard,Albert Lastukhin,Creative Commons Attribution-NonCommercial-ShareAlike 4.0,3.0,09:30,https://www.xeno-canto.org/187172,mallar3/XC187172.ogg
mallar3,[],"['alarm call', 'female']",56.3996,47.7878,Anas platyrhynchos,Mallard,Albert Lastukhin,Creative Commons Attribution-NonCommercial-ShareAlike 4.0,4.0,11:30,https://www.xeno-canto.org/187581,mallar3/XC187581.ogg
mallar3,[],"['Wing-beats', 'alarm call', 'flight call']",-43.5314,172.6223,Anas platyrhynchos,Mallard,Paul Scofield,Creative Commons Attribution-NonCommercial-ShareAlike 4.0,2.0,13:00,https://www.xeno-canto.org/188558,mallar3/XC188558.ogg
mallar3,[],"['alarm call', 'female']",55.0203,47.8093,Anas platyrhynchos,Mallard,Albert Lastukhin,Creative Commons Attribution-NonCommercial-ShareAlike 4.0,4.0,05:30,https://www.xeno-canto.org/189880,mallar3/XC189880.ogg
mallar3,[],"['call', 'female']",55.0205,47.8061,Anas platyrhynchos,Mallard,Albert Lastukhin,Creative Commons Attribution-NonCommercial-ShareAlike 4.0,3.0,05:00,https://www.xeno-canto.org/189939,mallar3/XC189939.ogg
mallar3,[],"['call', 'female', 'male']",58.5731,14.2489,Anas platyrhynchos,Mallard,Patrik Åberg,Creative Commons Attribution-NonCommercial-ShareAlike 4.0,5.0,08:17,https://www.xeno-canto.org/196990,mallar3/XC196990.ogg
mallar3,[],['alarm call'],48.3447,10.9154,Anas platyrhynchos,Mallard,Buhl Johannes,Creative Commons Attribution-NonCommercial-ShareAlike 4.0,2.0,09:00,https://www.xeno-canto.org/197326,mallar3/XC197326.ogg
mallar3,[],['call'],43.9543,-78.1674,Anas platyrhynchos,Mallard,Iain,Creative Commons Attribution-NonCommercial-ShareAlike 4.0,2.0,08:30,https://www.xeno-canto.org/203467,mallar3/XC203467.ogg
mallar3,[],['call'],35.5603,135.1611,Anas platyrhynchos,Mallard,Anon Torimi,Creative Commons Attribution-NonCommercial-ShareAlike 4.0,3.0,13:00,https://www.xeno-canto.org/203752,mallar3/XC203752.ogg
mallar3,[],['call'],35.5603,135.1611,Anas platyrhynchos,Mallard,Anon Torimi,Creative Commons Attribution-NonCommercial-ShareAlike 4.0,4.0,13:30,https://www.xeno-canto.org/203795,mallar3/XC203795.ogg
mallar3,[],"['call', 'female', 'male', 'song']",61.8648,28.896,Anas platyrhynchos,Mallard,Eetu Paljakka,Creative Commons Attribution-NonCommercial-ShareAlike 4.0,4.5,12:53,https://www.xeno-canto.org/207216,mallar3/XC207216.ogg
mallar3,['cangoo'],"['call', 'water splashing']",50.7303,-1.1484,Anas platyrhynchos,Mallard,Eetu Paljakka,Creative Commons Attribution-NonCommercial-ShareAlike 4.0,4.5,12:13,https://www.xeno-canto.org/208506,mallar3/XC208506.ogg
mallar3,[],['call'],61.8646,28.8968,Anas platyrhynchos,Mallard,Eetu Paljakka,Creative Commons Attribution-NonCommercial-ShareAlike 4.0,4.5,13:16,https://www.xeno-canto.org/209086,mallar3/XC209086.ogg
mallar3,[],['song'],45.5138,-73.5347,Anas platyrhynchos,Mallard,Maxime Aubert,Creative Commons Attribution-NonCommercial-ShareAlike 4.0,3.0,10:30,https://www.xeno-canto.org/216532,mallar3/XC216532.ogg
mallar3,[],"['call', 'female']",56.1564,48.4904,Anas platyrhynchos,Mallard,Albert Lastukhin,Creative Commons Attribution-NonCommercial-ShareAlike 4.0,4.0,06:00,https://www.xeno-canto.org/217663,mallar3/XC217663.ogg
mallar3,[],"['call', 'female', 'male']",56.1564,48.4904,Anas platyrhynchos,Mallard,Albert Lastukhin,Creative Commons Attribution-NonCommercial-ShareAlike 4.0,4.0,06:00,https://www.xeno-canto.org/217664,mallar3/XC217664.ogg
mallar3,[],"['call', 'male']",58.4213,26.2352,Anas platyrhynchos,Mallard,Uku Paal,Creative Commons Attribution-NonCommercial-ShareAlike 4.0,4.5,05:30,https://www.xeno-canto.org/219333,mallar3/XC219333.ogg
mallar3,[],"['alarm call', 'flight call']",56.2053,48.7851,Anas platyrhynchos,Mallard,Albert Lastukhin,Creative Commons Attribution-NonCommercial-ShareAlike 4.0,4.0,20:30,https://www.xeno-canto.org/234891,mallar3/XC234891.ogg
mallar3,[],['call'],4.6001,-74.1501,Anas platyrhynchos,Mallard,Myornis,Creative Commons Attribution-NonCommercial-ShareAlike 3.0,3.5,11:00,https://www.xeno-canto.org/23520,mallar3/XC23520.ogg
mallar3,[],['call'],4.6001,-74.1501,Anas platyrhynchos,Mallard,Myornis,Creative Commons Attribution-NonCommercial-ShareAlike 3.0,3.0,11:00,https://www.xeno-canto.org/23521,mallar3/XC23521.ogg
mallar3,[],['call'],4.6001,-74.1501,Anas platyrhynchos,Mallard,Myornis,Creative Commons Attribution-NonCommercial-ShareAlike 3.0,2.5,11:00,https://www.xeno-canto.org/23523,mallar3/XC23523.ogg
mallar3,[],['call'],4.6001,-74.1501,Anas platyrhynchos,Mallard,Myornis,Creative Commons Attribution-NonCommercial-ShareAlike 3.0,2.5,11:00,https://www.xeno-canto.org/23524,mallar3/XC23524.ogg
mallar3,['gnwtea'],"['female', 'flight call', 'male']",60.09,24.4872,Anas platyrhynchos,Mallard,Eetu Paljakka,Creative Commons Attribution-NonCommercial-ShareAlike 4.0,4.5,15:11,https://www.xeno-canto.org/237222,mallar3/XC237222.ogg
mallar3,[],['call'],60.3471,18.2579,Anas platyrhynchos,Mallard,Teet Sirotkin,Creative Commons Attribution-NonCommercial-ShareAlike 4.0,5.0,00:50,https://www.xeno-canto.org/237697,mallar3/XC237697.ogg
mallar3,[],"['call', 'male']",69.6591,18.9353,Anas platyrhynchos,Mallard,Stein Ø. Nilsen,Creative Commons Attribution-NonCommercial-ShareAlike 4.0,5.0,06:00,https://www.xeno-canto.org/246537,mallar3/XC246537.ogg
mallar3,[],['call'],48.9186,9.1694,Anas platyrhynchos,Mallard,Christoph Randler,Creative Commons Attribution-NonCommercial-ShareAlike 4.0,4.0,16:00,https://www.xeno-canto.org/249273,mallar3/XC249273.ogg
mallar3,[],['call'],55.7001,12.3001,Anas platyrhynchos,Mallard,Niels Krabbe,Creative Commons Attribution-NonCommercial-ShareAlike 3.0,3.0,xx:xx,https://www.xeno-canto.org/25611,mallar3/XC25611.ogg
mallar3,[],['calls of flushed female'],55.6834,11.5667,Anas platyrhynchos,Mallard,Niels Krabbe,Creative Commons Attribution-NonCommercial-ShareAlike 3.0,5.0,xx.xx,https://www.xeno-canto.org/25717,mallar3/XC25717.ogg
mallar3,[],['alarm from water'],55.7834,12.5667,Anas platyrhynchos,Mallard,Niels Krabbe,Creative Commons Attribution-NonCommercial-ShareAlike 3.0,4.0,xx:xx,https://www.xeno-canto.org/25746,mallar3/XC25746.ogg
mallar3,[],"['alarm call', 'female']",37.3533,-5.8855,Anas platyrhynchos,Mallard,José Carlos Sires,Creative Commons Attribution-NonCommercial-ShareAlike 4.0,4.0,?,https://www.xeno-canto.org/260284,mallar3/XC260284.ogg
mallar3,[],"['alarm call', 'female', 'juvenile']",55.8697,48.0544,Anas platyrhynchos,Mallard,Albert Lastukhin,Creative Commons Attribution-NonCommercial-ShareAlike 4.0,2.5,06:00,https://www.xeno-canto.org/262842,mallar3/XC262842.ogg
mallar3,[],['call'],51.5765,7.2215,Anas platyrhynchos,Mallard,Timo Tschentscher,Creative Commons Attribution-NonCommercial-ShareAlike 4.0,4.5,15:17,https://www.xeno-canto.org/265972,mallar3/XC265972.ogg
mallar3,[],['call'],44.2051,132.4161,Anas platyrhynchos,Mallard,Albert Lastukhin,Creative Commons Attribution-NonCommercial-ShareAlike 4.0,4.0,07:30,https://www.xeno-canto.org/266808,mallar3/XC266808.ogg
mallar3,[],"['flight call', 'male']",37.2072,-6.1784,Anas platyrhynchos,Mallard,José Carlos Sires,Creative Commons Attribution-NonCommercial-ShareAlike 4.0,3.0,?,https://www.xeno-canto.org/267183,mallar3/XC267183.ogg
mallar3,[],['call'],58.5731,14.2489,Anas platyrhynchos,Mallard,Patrik Åberg,Creative Commons Attribution-NonCommercial-ShareAlike 3.0,5.0,?,https://www.xeno-canto.org/26967,mallar3/XC26967.ogg
mallar3,[],['call'],58.5731,14.2489,Anas platyrhynchos,Mallard,Patrik Åberg,Creative Commons Attribution-NonCommercial-ShareAlike 3.0,4.0,?,https://www.xeno-canto.org/26968,mallar3/XC26968.ogg
mallar3,[],['call'],58.3714,14.1395,Anas platyrhynchos,Mallard,Patrik Åberg,Creative Commons Attribution-NonCommercial-ShareAlike 3.0,5.0,?,https://www.xeno-canto.org/26970,mallar3/XC26970.ogg
mallar3,[],['call'],49.2359,-122.8029,Anas platyrhynchos,Mallard,Manuel Grosselet,Creative Commons Attribution-NonCommercial-ShareAlike 4.0,4.0,07:30,https://www.xeno-canto.org/278351,mallar3/XC278351.ogg
mallar3,[],"['call', 'male']",37.1893,-5.9122,Anas platyrhynchos,Mallard,José Carlos Sires,Creative Commons Attribution-NonCommercial-ShareAlike 4.0,4.0,?,https://www.xeno-canto.org/282915,mallar3/XC282915.ogg
mallar3,[],"['call', 'female', 'male']",37.3533,-5.8855,Anas platyrhynchos,Mallard,José Carlos Sires,Creative Commons Attribution-NonCommercial-ShareAlike 4.0,4.0,?,https://www.xeno-canto.org/285139,mallar3/XC285139.ogg
mallar3,[],['flight call'],50.4612,3.677,Anas platyrhynchos,Mallard,Jérémy Simar,Creative Commons Attribution-NonCommercial-ShareAlike 4.0,5.0,08:30,https://www.xeno-canto.org/285222,mallar3/XC285222.ogg
mallar3,[],['song'],50.9418,10.0089,Anas platyrhynchos,Mallard,brickegickel,Creative Commons Attribution-NonCommercial-ShareAlike 4.0,4.0,10:00,https://www.xeno-canto.org/287835,mallar3/XC287835.ogg
mallar3,[],"['flight call', 'incl wingbeats']",51.94,5.9038,Anas platyrhynchos,Mallard,Joost van Bruggen,Creative Commons Attribution-NonCommercial-ShareAlike 4.0,3.0,02:10,https://www.xeno-canto.org/288117,mallar3/XC288117.ogg
mallar3,[],"['female', 'flight call']",47.132,7.2335,Anas platyrhynchos,Mallard,Lüthi Thomas,Creative Commons Attribution-NonCommercial-ShareAlike 4.0,4.0,14:05,https://www.xeno-canto.org/288231,mallar3/XC288231.ogg
mallar3,[],['wings'],52.4598,21.0669,Anas platyrhynchos,Mallard,Jarek Matusiak,Creative Commons Attribution-NonCommercial-ShareAlike 4.0,5.0,17:20,https://www.xeno-canto.org/288687,mallar3/XC288687.ogg
mallar3,[],"['call', 'flight call']",35.4221,136.2015,Anas platyrhynchos,Mallard,Anon Torimi,Creative Commons Attribution-NonCommercial-ShareAlike 4.0,3.5,13:30,https://www.xeno-canto.org/289898,mallar3/XC289898.ogg
mallar3,[],"['call', 'female']",37.3533,-5.8855,Anas platyrhynchos,Mallard,José Carlos Sires,Creative Commons Attribution-NonCommercial-ShareAlike 4.0,3.0,?,https://www.xeno-canto.org/291133,mallar3/XC291133.ogg
mallar3,[],"['call', 'female']",37.3533,-5.8855,Anas platyrhynchos,Mallard,José Carlos Sires,Creative Commons Attribution-NonCommercial-ShareAlike 4.0,3.0,?,https://www.xeno-canto.org/291134,mallar3/XC291134.ogg
mallar3,[],"['call', 'female']",57.6923,18.3513,Anas platyrhynchos,Mallard,Mikael Litsgård,Creative Commons Attribution-NonCommercial-ShareAlike 4.0,3.5,03:44,https://www.xeno-canto.org/292066,mallar3/XC292066.ogg
mallar3,[],"['call', 'female', 'male']",37.2072,-6.1784,Anas platyrhynchos,Mallard,José Carlos Sires,Creative Commons Attribution-NonCommercial-ShareAlike 4.0,3.0,?,https://www.xeno-canto.org/292138,mallar3/XC292138.ogg
mallar3,[],"['flight call', 'wingbeats']",51.94,5.9038,Anas platyrhynchos,Mallard,Joost van Bruggen,Creative Commons Attribution-NonCommercial-ShareAlike 4.0,4.0,01:30,https://www.xeno-canto.org/293958,mallar3/XC293958.ogg
mallar3,[],['call'],32.1055,130.2736,Anas platyrhynchos,Mallard,Ross Gallardy,Creative Commons Attribution-NonCommercial-ShareAlike 4.0,4.0,10:00,https://www.xeno-canto.org/294836,mallar3/XC294836.ogg
mallar3,[],"['call', 'male']",42.5008,24.3642,Anas platyrhynchos,Mallard,Nikolay Sariev,Creative Commons Attribution-NonCommercial-ShareAlike 4.0,3.0,16:09,https://www.xeno-canto.org/294974,mallar3/XC294974.ogg
mallar3,[],"['call', 'female']",42.5008,24.3642,Anas platyrhynchos,Mallard,Nikolay Sariev,Creative Commons Attribution-NonCommercial-ShareAlike 4.0,4.0,15:50,https://www.xeno-canto.org/294975,mallar3/XC294975.ogg
mallar3,[],"['call', 'female']",37.3979,-6.2258,Anas platyrhynchos,Mallard,José Carlos Sires,Creative Commons Attribution-NonCommercial-ShareAlike 4.0,3.0,?,https://www.xeno-canto.org/296267,mallar3/XC296267.ogg
mallar3,[],['calls'],61.8648,28.896,Anas platyrhynchos,Mallard,Eetu Paljakka,Creative Commons Attribution-NonCommercial-ShareAlike 4.0,5.0,13:50,https://www.xeno-canto.org/297302,mallar3/XC297302.ogg
mallar3,[],['calls'],61.8648,28.896,Anas platyrhynchos,Mallard,Eetu Paljakka,Creative Commons Attribution-NonCommercial-ShareAlike 4.0,5.0,13:50,https://www.xeno-canto.org/297303,mallar3/XC297303.ogg
mallar3,[],['calls'],61.8648,28.896,Anas platyrhynchos,Mallard,Eetu Paljakka,Creative Commons Attribution-NonCommercial-ShareAlike 4.0,4.5,13:50,https://www.xeno-canto.org/297304,mallar3/XC297304.ogg
mallar3,[],['call'],49.9448,18.8904,Anas platyrhynchos,Mallard,Szymon Pławecki,Creative Commons Attribution-NonCommercial-ShareAlike 4.0,3.5,09:00,https://www.xeno-canto.org/297789,mallar3/XC297789.ogg
mallar3,[],"['call', 'female', 'juvenile']",46.5095,3.3278,Anas platyrhynchos,Mallard,Timo Tschentscher,Creative Commons Attribution-NonCommercial-ShareAlike 4.0,4.5,20:00,https://www.xeno-canto.org/298011,mallar3/XC298011.ogg
mallar3,[],['call'],47.294,-1.537,Anas platyrhynchos,Mallard,Manuel Grosselet,Creative Commons Attribution-NonCommercial-ShareAlike 4.0,3.5,08:00,https://www.xeno-canto.org/298114,mallar3/XC298114.ogg
mallar3,[],"['flight call', 'song']",48.2981,10.9178,Anas platyrhynchos,Mallard,johannes buhl,Creative Commons Attribution-NonCommercial-ShareAlike 4.0,3.0,17:00,https://www.xeno-canto.org/298238,mallar3/XC298238.ogg
mallar3,[],['call'],42.6251,-83.3203,Anas platyrhynchos,Mallard,Antonio Xeira,Creative Commons Attribution-NonCommercial-ShareAlike 4.0,4.0,14:00,https://www.xeno-canto.org/298758,mallar3/XC298758.ogg
mallar3,[],['call'],47.2856,-1.567,Anas platyrhynchos,Mallard,Manuel Grosselet,Creative Commons Attribution-NonCommercial-ShareAlike 4.0,4.0,09:30,https://www.xeno-canto.org/298819,mallar3/XC298819.ogg
mallar3,[],['flight call'],47.2856,-1.567,Anas platyrhynchos,Mallard,Manuel Grosselet,Creative Commons Attribution-NonCommercial-ShareAlike 4.0,5.0,09:30,https://www.xeno-canto.org/298822,mallar3/XC298822.ogg
mallar3,[],['call'],47.2856,-1.567,Anas platyrhynchos,Mallard,Manuel Grosselet,Creative Commons Attribution-NonCommercial-ShareAlike 4.0,4.0,09:30,https://www.xeno-canto.org/298823,mallar3/XC298823.ogg
mallar3,[],['call'],47.2856,-1.567,Anas platyrhynchos,Mallard,Manuel Grosselet,Creative Commons Attribution-NonCommercial-ShareAlike 4.0,5.0,09:30,https://www.xeno-canto.org/298826,mallar3/XC298826.ogg
mallar3,[],"['call', 'female']",37.0951,-6.0386,Anas platyrhynchos,Mallard,José Carlos Sires,Creative Commons Attribution-NonCommercial-ShareAlike 4.0,4.0,?,https://www.xeno-canto.org/299322,mallar3/XC299322.ogg
mallar3,[],"['female', 'flight call']",37.0951,-6.0386,Anas platyrhynchos,Mallard,José Carlos Sires,Creative Commons Attribution-NonCommercial-ShareAlike 4.0,3.0,?,https://www.xeno-canto.org/301573,mallar3/XC301573.ogg
mallar3,[],"['call', 'male']",46.9753,7.0553,Anas platyrhynchos,Mallard,Jerome Fischer,Creative Commons Attribution-NonCommercial-ShareAlike 4.0,3.5,07:45,https://www.xeno-canto.org/303041,mallar3/XC303041.ogg
mallar3,[],['call'],47.6801,-122.256,Anas platyrhynchos,Mallard,Bruce Lagerquist,Creative Commons Attribution-NonCommercial-ShareAlike 4.0,4.0,08:30,https://www.xeno-canto.org/303509,mallar3/XC303509.ogg
mallar3,[],['call'],37.2057,-6.1713,Anas platyrhynchos,Mallard,Carlos W.,Creative Commons Attribution-NonCommercial-ShareAlike 4.0,3.5,18:00,https://www.xeno-canto.org/303962,mallar3/XC303962.ogg
mallar3,[],"['female', 'song']",53.6871,21.4286,Anas platyrhynchos,Mallard,Jarek Matusiak,Creative Commons Attribution-NonCommercial-ShareAlike 4.0,5.0,14:00,https://www.xeno-canto.org/303989,mallar3/XC303989.ogg
mallar3,[],['male'],53.6871,21.4286,Anas platyrhynchos,Mallard,Jarek Matusiak,Creative Commons Attribution-NonCommercial-ShareAlike 4.0,5.0,14:00,https://www.xeno-canto.org/303991,mallar3/XC303991.ogg
mallar3,[],"['male', 'song']",53.6871,21.4286,Anas platyrhynchos,Mallard,Jarek Matusiak,Creative Commons Attribution-NonCommercial-ShareAlike 4.0,5.0,14:00,https://www.xeno-canto.org/304006,mallar3/XC304006.ogg
mallar3,[],['flight call'],49.9747,18.9181,Anas platyrhynchos,Mallard,Szymon Pławecki,Creative Commons Attribution-NonCommercial-ShareAlike 4.0,2.0,08:30,https://www.xeno-canto.org/305100,mallar3/XC305100.ogg
mallar3,[],['song'],33.0789,-117.0618,Anas platyrhynchos,Mallard,Nick Komar,Creative Commons Attribution-NonCommercial-ShareAlike 4.0,4.0,14:00,https://www.xeno-canto.org/306130,mallar3/XC306130.ogg
mallar3,[],['call'],34.4842,-89.5949,Anas platyrhynchos,Mallard,J.R. Rigby,Creative Commons Attribution-NonCommercial-ShareAlike 4.0,4.0,10:00,https://www.xeno-canto.org/307763,mallar3/XC307763.ogg
mallar3,[],"['call', 'male']",49.9287,18.9319,Anas platyrhynchos,Mallard,Szymon Pławecki,Creative Commons Attribution-NonCommercial-ShareAlike 4.0,2.0,08:00,https://www.xeno-canto.org/307939,mallar3/XC307939.ogg
mallar3,[],"['female', 'flight call']",33.2215,-115.5825,Anas platyrhynchos,Mallard,Paul Marvin,Creative Commons Attribution-NonCommercial-ShareAlike 4.0,3.5,16:58,https://www.xeno-canto.org/308018,mallar3/XC308018.ogg
mallar3,[],['flight call'],60.09,24.4872,Anas platyrhynchos,Mallard,Eetu Paljakka,Creative Commons Attribution-NonCommercial-ShareAlike 4.0,3.5,16:34,https://www.xeno-canto.org/309256,mallar3/XC309256.ogg
mallar3,[],"['alarm call', 'call', 'female', 'male']",36.3312,-82.4429,Anas platyrhynchos,Mallard,David Lugo,Creative Commons Attribution-NonCommercial-ShareAlike 4.0,4.0,10:00,https://www.xeno-canto.org/309269,mallar3/XC309269.ogg
mallar3,[],['call'],58.1766,25.9771,Anas platyrhynchos,Mallard,Uku Paal,Creative Commons Attribution-NonCommercial-ShareAlike 4.0,3.0,19:30,https://www.xeno-canto.org/312306,mallar3/XC312306.ogg
mallar3,[],['flight call'],48.3062,10.9337,Anas platyrhynchos,Mallard,johannes buhl,Creative Commons Attribution-NonCommercial-ShareAlike 4.0,3.0,19:00,https://www.xeno-canto.org/313257,mallar3/XC313257.ogg
mallar3,[],"['female', 'flight call']",56.205,47.252,Anas platyrhynchos,Mallard,Albert Lastukhin,Creative Commons Attribution-NonCommercial-ShareAlike 4.0,4.0,19:30,https://www.xeno-canto.org/313345,mallar3/XC313345.ogg
mallar3,[],['call'],51.5436,0.5331,Anas platyrhynchos,Mallard,David Darrell-Lambert,Creative Commons Attribution-NonCommercial-ShareAlike 4.0,4.0,09:00,https://www.xeno-canto.org/323291,mallar3/XC323291.ogg
mallar3,[],"['call', 'juvenile']",56.0848,47.2619,Anas platyrhynchos,Mallard,Albert Lastukhin,Creative Commons Attribution-NonCommercial-ShareAlike 4.0,3.0,12:00,https://www.xeno-canto.org/324042,mallar3/XC324042.ogg
mallar3,[],"['male', 'song']",62.2485,25.7538,Anas platyrhynchos,Mallard,Tero Linjama,Creative Commons Attribution-NonCommercial-ShareAlike 4.0,5.0,07:00,https://www.xeno-canto.org/340598,mallar3/XC340598.ogg
mallar3,[],"['call', 'male']",62.2485,25.7538,Anas platyrhynchos,Mallard,Tero Linjama,Creative Commons Attribution-NonCommercial-ShareAlike 4.0,5.0,07:00,https://www.xeno-canto.org/340599,mallar3/XC340599.ogg
mallar3,[],['call'],61.8026,26.0474,Anas platyrhynchos,Mallard,Tero Linjama,Creative Commons Attribution-NonCommercial-ShareAlike 4.0,5.0,07:00,https://www.xeno-canto.org/340601,mallar3/XC340601.ogg
mallar3,[],"['call', 'juvenile']",58.5731,14.2489,Anas platyrhynchos,Mallard,Patrik Åberg,Creative Commons Attribution-NonCommercial-ShareAlike 4.0,4.0,11:52,https://www.xeno-canto.org/343370,mallar3/XC343370.ogg
mallar3,[],['call'],47.3627,-1.504,Anas platyrhynchos,Mallard,Olivier SWIFT,Creative Commons Attribution-NonCommercial-ShareAlike 4.0,4.0,08:00,https://www.xeno-canto.org/344389,mallar3/XC344389.ogg
mallar3,['gnwtea'],['call'],46.9291,7.4696,Anas platyrhynchos,Mallard,Jerome Fischer,Creative Commons Attribution-NonCommercial-ShareAlike 4.0,3.5,13:30,https://www.xeno-canto.org/345857,mallar3/XC345857.ogg
mallar3,[],"['call', 'male']",44.3137,9.3397,Anas platyrhynchos,Mallard,Andrea Simoncini,Creative Commons Attribution-NonCommercial-ShareAlike 4.0,3.0,11:00,https://www.xeno-canto.org/348244,mallar3/XC348244.ogg
mallar3,[],"['call', 'male']",46.977,7.0529,Anas platyrhynchos,Mallard,Jerome Fischer,Creative Commons Attribution-NonCommercial-ShareAlike 4.0,4.0,08:55,https://www.xeno-canto.org/348395,mallar3/XC348395.ogg
mallar3,[],"['male', 'song']",46.977,7.0529,Anas platyrhynchos,Mallard,Jerome Fischer,Creative Commons Attribution-NonCommercial-ShareAlike 4.0,3.5,08:55,https://www.xeno-canto.org/348396,mallar3/XC348396.ogg
mallar3,[],['calls'],60.1297,23.5432,Anas platyrhynchos,Mallard,Eetu Paljakka,Creative Commons Attribution-NonCommercial-ShareAlike 4.0,4.5,11:00,https://www.xeno-canto.org/351834,mallar3/XC351834.ogg
mallar3,[],['call'],41.5027,-7.637,Anas platyrhynchos,Mallard,Alexandre Moreira,Creative Commons Attribution-NonCommercial-ShareAlike 4.0,5.0,17:30,https://www.xeno-canto.org/357091,mallar3/XC357091.ogg
mallar3,[],['call'],43.6141,4.2724,Anas platyrhynchos,Mallard,Stanislas Wroza,Creative Commons Attribution-NonCommercial-ShareAlike 4.0,4.0,07:00,https://www.xeno-canto.org/357884,mallar3/XC357884.ogg
mallar3,[],"['call', 'female']",39.799,3.107,Anas platyrhynchos,Mallard,Jerome Fischer,Creative Commons Attribution-NonCommercial-ShareAlike 4.0,4.0,10:30,https://www.xeno-canto.org/358493,mallar3/XC358493.ogg
mallar3,[],['call'],40.0975,-75.4497,Anas platyrhynchos,Mallard,Thomas Magarian,Creative Commons Attribution-NonCommercial-ShareAlike 4.0,3.0,14:27,https://www.xeno-canto.org/359454,mallar3/XC359454.ogg
mallar3,[],['call'],40.0975,-75.4497,Anas platyrhynchos,Mallard,Thomas Magarian,Creative Commons Attribution-NonCommercial-ShareAlike 4.0,3.0,14:30,https://www.xeno-canto.org/359455,mallar3/XC359455.ogg
mallar3,[],"['call', 'flight call']",51.9612,5.8104,Anas platyrhynchos,Mallard,James Lidster,Creative Commons Attribution-NonCommercial-ShareAlike 4.0,3.0,23:20,https://www.xeno-canto.org/360300,mallar3/XC360300.ogg
mallar3,['bcnher'],['call'],39.3808,16.2529,Anas platyrhynchos,Mallard,Francesco Sottile,Creative Commons Attribution-NonCommercial-ShareAlike 4.0,4.5,06:58,https://www.xeno-canto.org/363819,mallar3/XC363819.ogg
mallar3,[],"['male', 'song']",52.964,0.605,Anas platyrhynchos,Mallard,GABRIEL LEITE,Creative Commons Attribution-NonCommercial-ShareAlike 4.0,4.0,08:00,https://www.xeno-canto.org/367038,mallar3/XC367038.ogg
mallar3,[],"['call', 'female']",41.5527,1.8753,Anas platyrhynchos,Mallard,Jordi Calvet,Creative Commons Attribution-NonCommercial-ShareAlike 4.0,3.5,13:30,https://www.xeno-canto.org/372992,mallar3/XC372992.ogg
mallar3,[],"['call', 'flight call', 'male']",41.5527,1.8753,Anas platyrhynchos,Mallard,Jordi Calvet,Creative Commons Attribution-NonCommercial-ShareAlike 4.0,4.0,13:30,https://www.xeno-canto.org/373228,mallar3/XC373228.ogg
mallar3,['moudov'],"['call', 'male']",35.3217,-120.842,Anas platyrhynchos,Mallard,Thomas G. Graves,Creative Commons Attribution-NonCommercial-ShareAlike 4.0,2.5,18:56,https://www.xeno-canto.org/373788,mallar3/XC373788.ogg
mallar3,[],['song'],57.39767,-5.502434,Anas platyrhynchos,Mallard,David Farrow,Creative Commons Attribution-NonCommercial-ShareAlike 3.0,4.0,?:?,https://www.xeno-canto.org/37508,mallar3/XC37508.ogg
mallar3,[],"['flight call', 'wingbeats']",51.94,5.9038,Anas platyrhynchos,Mallard,Joost van Bruggen,Creative Commons Attribution-NonCommercial-ShareAlike 4.0,4.0,03:47,https://www.xeno-canto.org/377229,mallar3/XC377229.ogg
mallar3,[],"['call', 'male']",57.4928,-4.2465,Anas platyrhynchos,Mallard,GABRIEL LEITE,Creative Commons Attribution-NonCommercial-ShareAlike 4.0,4.0,07:00,https://www.xeno-canto.org/378635,mallar3/XC378635.ogg
mallar3,[],['call'],51.4027,7.0082,Anas platyrhynchos,Mallard,Timo Tschentscher,Creative Commons Attribution-NonCommercial-ShareAlike 4.0,5.0,12:47,https://www.xeno-canto.org/380220,mallar3/XC380220.ogg
mallar3,[],['call'],48.5005,12.041,Anas platyrhynchos,Mallard,Antonio Xeira,Creative Commons Attribution-NonCommercial-ShareAlike 4.0,3.0,10:00,https://www.xeno-canto.org/389109,mallar3/XC389109.ogg
mallar3,[],['call'],-36.8053,175.4737,Anas platyrhynchos,Mallard,nick talbot,Creative Commons Attribution-NonCommercial-ShareAlike 4.0,4.0,12:20,https://www.xeno-canto.org/390377,mallar3/XC390377.ogg
mallar3,[],['call'],46.3725,0.8185,Anas platyrhynchos,Mallard,Jack Berteau,Creative Commons Attribution-NonCommercial-ShareAlike 4.0,5.0,17:00,https://www.xeno-canto.org/391012,mallar3/XC391012.ogg
mallar3,[],"['call', 'female']",45.6646,10.003,Anas platyrhynchos,Mallard,Francesco Sottile,Creative Commons Attribution-NonCommercial-ShareAlike 4.0,4.5,16:25,https://www.xeno-canto.org/391162,mallar3/XC391162.ogg
mallar3,[],"['call', 'female']",47.251,7.7051,Anas platyrhynchos,Mallard,Thomas Lüthi,Creative Commons Attribution-NonCommercial-ShareAlike 4.0,5.0,13:25,https://www.xeno-canto.org/392206,mallar3/XC392206.ogg
mallar3,[],['call'],54.577,11.9226,Anas platyrhynchos,Mallard,Louis A. Hansen,Creative Commons Attribution-NonCommercial-ShareAlike 4.0,4.0,09:21,https://www.xeno-canto.org/393212,mallar3/XC393212.ogg
mallar3,[],"['Wing beat', 'call', 'female', 'flight call']",54.577,11.9226,Anas platyrhynchos,Mallard,Louis A. Hansen,Creative Commons Attribution-NonCommercial-ShareAlike 4.0,3.0,09:24,https://www.xeno-canto.org/393216,mallar3/XC393216.ogg
mallar3,[],['call'],32.2789,-111.0223,Anas platyrhynchos,Mallard,Janine McCabe,Creative Commons Attribution-NonCommercial-ShareAlike 4.0,3.0,09:30,https://www.xeno-canto.org/398299,mallar3/XC398299.ogg
mallar3,[],"['female', 'flight call']",37.8844,-4.782,Anas platyrhynchos,Mallard,Esperanza Poveda,Creative Commons Attribution-NonCommercial-ShareAlike 4.0,4.0,?,https://www.xeno-canto.org/401457,mallar3/XC401457.ogg
mallar3,[],"['call', 'female']",49.0671,8.4324,Anas platyrhynchos,Mallard,brickegickel,Creative Commons Attribution-NonCommercial-ShareAlike 4.0,5.0,09:30,https://www.xeno-canto.org/405594,mallar3/XC405594.ogg
mallar3,['redjun'],['flight call'],49.634,26.2213,Anas platyrhynchos,Mallard,Ruslan Mazuryk,Creative Commons Attribution-NonCommercial-ShareAlike 4.0,2.5,13:28,https://www.xeno-canto.org/407099,mallar3/XC407099.ogg
mallar3,[],['flight call'],49.634,26.2213,Anas platyrhynchos,Mallard,Ruslan Mazuryk,Creative Commons Attribution-NonCommercial-ShareAlike 4.0,3.0,13:55,https://www.xeno-canto.org/407102,mallar3/XC407102.ogg
mallar3,[],['flight call'],46.982,7.2521,Anas platyrhynchos,Mallard,Jerome Fischer,Creative Commons Attribution-NonCommercial-ShareAlike 4.0,0.0,14:00,https://www.xeno-canto.org/407142,mallar3/XC407142.ogg
mallar3,[],"['call', 'male']",43.5992,1.3839,Anas platyrhynchos,Mallard,Olivier SWIFT,Creative Commons Attribution-NonCommercial-ShareAlike 4.0,4.0,10:00,https://www.xeno-canto.org/408209,mallar3/XC408209.ogg
mallar3,[],"['call', 'female', 'male']",63.6527,20.2939,Anas platyrhynchos,Mallard,Lars Edenius,Creative Commons Attribution-NonCommercial-ShareAlike 4.0,4.0,10:30,https://www.xeno-canto.org/411290,mallar3/XC411290.ogg
mallar3,[],"['call', 'feeding call']",37.4176,-5.9972,Anas platyrhynchos,Mallard,Stanislas Wroza,Creative Commons Attribution-NonCommercial-ShareAlike 4.0,5.0,10:00,https://www.xeno-canto.org/414631,mallar3/XC414631.ogg
mallar3,[],"['call', 'male']",56.4334,12.5667,Anas platyrhynchos,Mallard,Niels Krabbe,Creative Commons Attribution-NonCommercial-ShareAlike 4.0,4.0,22:30,https://www.xeno-canto.org/416171,mallar3/XC416171.ogg
mallar3,[],"['alarm call', 'call', 'female']",55.8269,37.4684,Anas platyrhynchos,Mallard,Alexandra Vasilevskaya,Creative Commons Attribution-NonCommercial-ShareAlike 4.0,4.0,12:30,https://www.xeno-canto.org/425089,mallar3/XC425089.ogg
mallar3,[],"['female', 'flight call', 'male']",47.9968,10.9636,Anas platyrhynchos,Mallard,Beatrix Saadi-Varchmin,Creative Commons Attribution-NonCommercial-ShareAlike 4.0,4.5,08:24,https://www.xeno-canto.org/431624,mallar3/XC431624.ogg
mallar3,[],"['call', 'female', 'male']",47.9968,10.9636,Anas platyrhynchos,Mallard,Beatrix Saadi-Varchmin,Creative Commons Attribution-NonCommercial-ShareAlike 4.0,4.5,12:00,https://www.xeno-canto.org/431626,mallar3/XC431626.ogg
mallar3,[],"['Calling for her friends', 'call']",54.3796,9.0868,Anas platyrhynchos,Mallard,Aladdin,Creative Commons Attribution-NonCommercial-ShareAlike 4.0,5.0,07:00,https://www.xeno-canto.org/433108,mallar3/XC433108.ogg
mallar3,[],['call'],42.2236,3.0968,Anas platyrhynchos,Mallard,Jordi Calvet,Creative Commons Attribution-NonCommercial-ShareAlike 4.0,0.0,09:00,https://www.xeno-canto.org/434684,mallar3/XC434684.ogg
mallar3,[],['call'],45.9518,5.0706,Anas platyrhynchos,Mallard,Vincent Pourchaire,Creative Commons Attribution-NonCommercial-ShareAlike 4.0,5.0,10:00,https://www.xeno-canto.org/434854,mallar3/XC434854.ogg
mallar3,[],"['call', 'male']",51.4213,5.4732,Anas platyrhynchos,Mallard,Jorge Leitão,Creative Commons Attribution-NonCommercial-ShareAlike 4.0,4.5,09:42,https://www.xeno-canto.org/435568,mallar3/XC435568.ogg
mallar3,[],['call'],51.4213,5.4732,Anas platyrhynchos,Mallard,Jorge Leitão,Creative Commons Attribution-NonCommercial-ShareAlike 4.0,4.0,18:51,https://www.xeno-canto.org/436206,mallar3/XC436206.ogg
mallar3,[],"['call', 'female']",51.4213,5.4732,Anas platyrhynchos,Mallard,Jorge Leitão,Creative Commons Attribution-NonCommercial-ShareAlike 4.0,4.0,17:29,https://www.xeno-canto.org/436331,mallar3/XC436331.ogg
mallar3,[],"['call', 'female', 'male']",51.4213,5.4732,Anas platyrhynchos,Mallard,Jorge Leitão,Creative Commons Attribution-NonCommercial-ShareAlike 4.0,4.5,11:12,https://www.xeno-canto.org/436407,mallar3/XC436407.ogg
mallar3,[],['female'],52.3652,9.7379,Anas platyrhynchos,Mallard,Andres Angulo ,Creative Commons Attribution-NonCommercial-ShareAlike 4.0,4.0,16:00,https://www.xeno-canto.org/437788,mallar3/XC437788.ogg
mallar3,[],"['call', 'female']",46.0879,5.6087,Anas platyrhynchos,Mallard,Vincent Pourchaire,Creative Commons Attribution-NonCommercial-ShareAlike 4.0,4.5,07:00,https://www.xeno-canto.org/438369,mallar3/XC438369.ogg
mallar3,[],"['alarm call', 'call', 'flight call']",41.681,0.9549,Anas platyrhynchos,Mallard,Jordi Calvet,Creative Commons Attribution-NonCommercial-ShareAlike 4.0,0.0,12:00,https://www.xeno-canto.org/440476,mallar3/XC440476.ogg
mallar3,[],['flight call'],52.0612,5.371,Anas platyrhynchos,Mallard,Aat Schaftenaar,Creative Commons Attribution-NonCommercial-ShareAlike 4.0,1.0,03:00,https://www.xeno-canto.org/440662,mallar3/XC440662.ogg
mallar3,[],"['flight call', 'som do bater das asas. - sound of beating of wings.']",37.1357,-7.6138,Anas platyrhynchos,Mallard,Nelson Conceição,Creative Commons Attribution-NonCommercial-ShareAlike 4.0,4.0,18:07,https://www.xeno-canto.org/441781,mallar3/XC441781.ogg
mallar3,[],"['flight call', 'som do bater das asas. - sound of beating of wings.']",37.1485,-7.5699,Anas platyrhynchos,Mallard,Nelson Conceição,Creative Commons Attribution-NonCommercial-ShareAlike 4.0,4.0,18:08,https://www.xeno-canto.org/441795,mallar3/XC441795.ogg
mallar3,[],['call'],63.7515,20.3103,Anas platyrhynchos,Mallard,Lars Edenius,Creative Commons Attribution-NonCommercial-ShareAlike 4.0,4.0,07:30,https://www.xeno-canto.org/442154,mallar3/XC442154.ogg
mallar3,[],"['flight call', 'wing beats']",52.0612,5.371,Anas platyrhynchos,Mallard,Aat Schaftenaar,Creative Commons Attribution-NonCommercial-ShareAlike 4.0,1.0,23:00,https://www.xeno-canto.org/443150,mallar3/XC443150.ogg
mallar3,[],['call'],48.9525,4.358,Anas platyrhynchos,Mallard,Thomas ARMAND,Creative Commons Attribution-NonCommercial-ShareAlike 4.0,4.0,16:00,https://www.xeno-canto.org/443650,mallar3/XC443650.ogg
mallar3,[],['call'],45.9509,5.0313,Anas platyrhynchos,Mallard,Vincent Pourchaire,Creative Commons Attribution-NonCommercial-ShareAlike 4.0,3.5,11:00,https://www.xeno-canto.org/447481,mallar3/XC447481.ogg
mallar3,[],"['call', 'male']",32.8462,-117.0039,Anas platyrhynchos,Mallard,Paul Marvin,Creative Commons Attribution-NonCommercial-ShareAlike 4.0,3.5,08:58,https://www.xeno-canto.org/448800,mallar3/XC448800.ogg
mallar3,[],"['call', 'flight call']",45.7861,5.0087,Anas platyrhynchos,Mallard,Vincent Pourchaire,Creative Commons Attribution-NonCommercial-ShareAlike 4.0,5.0,08:30,https://www.xeno-canto.org/449061,mallar3/XC449061.ogg
mallar3,[],['call'],37.169,-7.5069,Anas platyrhynchos,Mallard,Nelson Conceição,Creative Commons Attribution-NonCommercial-ShareAlike 4.0,4.0,16:51,https://www.xeno-canto.org/450257,mallar3/XC450257.ogg
mallar3,[],['call'],37.169,-7.5069,Anas platyrhynchos,Mallard,Nelson Conceição,Creative Commons Attribution-NonCommercial-ShareAlike 4.0,3.5,16:52,https://www.xeno-canto.org/450266,mallar3/XC450266.ogg
mallar3,[],['call'],37.169,-7.5069,Anas platyrhynchos,Mallard,Nelson Conceição,Creative Commons Attribution-NonCommercial-ShareAlike 4.0,3.0,16:56,https://www.xeno-canto.org/450270,mallar3/XC450270.ogg
mallar3,[],"['call', 'female']",32.5547,-117.0634,Anas platyrhynchos,Mallard,Paul Marvin,Creative Commons Attribution-NonCommercial-ShareAlike 4.0,4.0,08:26,https://www.xeno-canto.org/451005,mallar3/XC451005.ogg
mallar3,[],"['call', 'female', 'male']",46.8391,-71.2117,Anas platyrhynchos,Mallard,Diane Labarre,Creative Commons Attribution-NonCommercial-ShareAlike 4.0,4.0,10:30,https://www.xeno-canto.org/451854,mallar3/XC451854.ogg
mallar3,[],"['female', 'flight call']",31.4,-111.088,Anas platyrhynchos,Mallard,Paul Marvin,Creative Commons Attribution-NonCommercial-ShareAlike 4.0,4.0,07:54,https://www.xeno-canto.org/452178,mallar3/XC452178.ogg
mallar3,[],"['call', 'female']",33.3607,-111.7343,Anas platyrhynchos,Mallard,Paul Marvin,Creative Commons Attribution-NonCommercial-ShareAlike 4.0,3.5,12:30,https://www.xeno-canto.org/452514,mallar3/XC452514.ogg
mallar3,[],"['call', 'male']",32.6287,-116.923,Anas platyrhynchos,Mallard,Paul Marvin,Creative Commons Attribution-NonCommercial-ShareAlike 4.0,4.0,07:31,https://www.xeno-canto.org/453080,mallar3/XC453080.ogg
mallar3,[],"['call', 'female', 'male']",32.6287,-116.923,Anas platyrhynchos,Mallard,Paul Marvin,Creative Commons Attribution-NonCommercial-ShareAlike 4.0,4.0,06:25,https://www.xeno-canto.org/453105,mallar3/XC453105.ogg
mallar3,[],['call'],45.5482,-73.2119,Anas platyrhynchos,Mallard,Robert Allie,Creative Commons Attribution-NonCommercial-ShareAlike 4.0,4.0,16:30,https://www.xeno-canto.org/453189,mallar3/XC453189.ogg
mallar3,[],['call'],42.1104,-71.1785,Anas platyrhynchos,Mallard,Will Sweet,Creative Commons Attribution-NonCommercial-ShareAlike 4.0,4.0,16:30,https://www.xeno-canto.org/453926,mallar3/XC453926.ogg
mallar3,[],['call'],49.4254,8.6657,Anas platyrhynchos,Mallard,Jorge Leitão,Creative Commons Attribution-NonCommercial-ShareAlike 4.0,3.5,10:10,https://www.xeno-canto.org/455336,mallar3/XC455336.ogg
mallar3,[],['call'],51.6433,105.5224,Anas platyrhynchos,Mallard,Louis A. Hansen,Creative Commons Attribution-NonCommercial-ShareAlike 3.0,4.0,07:29,https://www.xeno-canto.org/455728,mallar3/XC455728.ogg
mallar3,[],"['call', 'landing on water', 'non-vocal']",53.3633,-1.4895,Anas platyrhynchos,Mallard,Dominic Garcia-Hall,Creative Commons Attribution-NonCommercial-ShareAlike 4.0,4.5,08:00,https://www.xeno-canto.org/459668,mallar3/XC459668.ogg
mallar3,[],['flight call'],37.1817,-7.5828,Anas platyrhynchos,Mallard,Nelson Conceição,Creative Commons Attribution-NonCommercial-ShareAlike 4.0,2.5,09:03,https://www.xeno-canto.org/459758,mallar3/XC459758.ogg
mallar3,[],"['call', 'male']",45.4758,10.9431,Anas platyrhynchos,Mallard,maudoc,Creative Commons Attribution-NonCommercial-ShareAlike 4.0,5.0,16:00,https://www.xeno-canto.org/460144,mallar3/XC460144.ogg
mallar3,[],['flight call'],37.1905,-7.5749,Anas platyrhynchos,Mallard,Nelson Conceição,Creative Commons Attribution-NonCommercial-ShareAlike 4.0,4.0,11:43,https://www.xeno-canto.org/460903,mallar3/XC460903.ogg
mallar3,[],['call'],47.5189,5.1459,Anas platyrhynchos,Mallard,Gerard OLIVIER,Creative Commons Attribution-NonCommercial-ShareAlike 4.0,5.0,08:00,https://www.xeno-canto.org/461763,mallar3/XC461763.ogg
mallar3,[],"['call', 'female']",52.6696,-0.7266,Anas platyrhynchos,Mallard,Andrew Harrop,Creative Commons Attribution-NonCommercial-ShareAlike 4.0,5.0,11:24,https://www.xeno-canto.org/462438,mallar3/XC462438.ogg
mallar3,[],"['flight call', 'male']",37.4594,-4.6262,Anas platyrhynchos,Mallard,Esperanza Poveda,Creative Commons Attribution-NonCommercial-ShareAlike 4.0,3.0,?,https://www.xeno-canto.org/462548,mallar3/XC462548.ogg
mallar3,[],"['call', 'female']",50.1212,19.0043,Anas platyrhynchos,Mallard,Ireneusz Oleksik,Creative Commons Attribution-NonCommercial-ShareAlike 4.0,3.5,06:30,https://www.xeno-canto.org/463188,mallar3/XC463188.ogg
mallar3,[],"['call', 'female', 'male']",45.1383,5.8629,Anas platyrhynchos,Mallard,Vincent Pourchaire,Creative Commons Attribution-NonCommercial-ShareAlike 4.0,5.0,08:30,https://www.xeno-canto.org/463475,mallar3/XC463475.ogg
mallar3,[],['flight call'],32.7013,34.9403,Anas platyrhynchos,Mallard,Manuel Grosselet,Creative Commons Attribution-NonCommercial-ShareAlike 4.0,3.0,11:00,https://www.xeno-canto.org/463498,mallar3/XC463498.ogg
mallar3,[],"['flight call', 'nocturnal flight call']",43.5352,-1.4475,Anas platyrhynchos,Mallard,Frédéric Cazaban,Creative Commons Attribution-NonCommercial-ShareAlike 4.0,4.0,02:30,https://www.xeno-canto.org/464708,mallar3/XC464708.ogg
mallar3,[],"['call', 'juvenile']",37.1905,-7.5749,Anas platyrhynchos,Mallard,Nelson Conceição,Creative Commons Attribution-NonCommercial-ShareAlike 4.0,4.0,17:17,https://www.xeno-canto.org/464831,mallar3/XC464831.ogg
mallar3,[],"['call', 'juvenile']",37.1905,-7.5749,Anas platyrhynchos,Mallard,Nelson Conceição,Creative Commons Attribution-NonCommercial-ShareAlike 4.0,3.5,17:18,https://www.xeno-canto.org/464838,mallar3/XC464838.ogg
mallar3,[],"['call', 'female', 'juvenile', 'male']",37.1905,-7.5749,Anas platyrhynchos,Mallard,Nelson Conceição,Creative Commons Attribution-NonCommercial-ShareAlike 4.0,4.0,17:20,https://www.xeno-canto.org/464841,mallar3/XC464841.ogg
mallar3,[],['flight call'],37.1281,-7.6199,Anas platyrhynchos,Mallard,Nelson Conceição,Creative Commons Attribution-NonCommercial-ShareAlike 4.0,4.0,19:09,https://www.xeno-canto.org/464872,mallar3/XC464872.ogg
mallar3,[],"['call', 'female']",51.4213,5.4732,Anas platyrhynchos,Mallard,Jorge Leitão,Creative Commons Attribution-NonCommercial-ShareAlike 4.0,0.0,09:06,https://www.xeno-canto.org/466043,mallar3/XC466043.ogg
mallar3,[],"['female call', 'clucks', 'male call']",-43.488,172.69,Anas platyrhynchos,Mallard,Daniel Lane,Creative Commons Attribution-NonCommercial-ShareAlike 3.0,4.5,12:30,https://www.xeno-canto.org/46613,mallar3/XC46613.ogg
mallar3,[],['male display and call'],-43.488,172.69,Anas platyrhynchos,Mallard,Daniel Lane,Creative Commons Attribution-NonCommercial-ShareAlike 3.0,4.5,12:30,https://www.xeno-canto.org/46614,mallar3/XC46614.ogg
mallar3,[],['female'],51.4213,5.4732,Anas platyrhynchos,Mallard,Jorge Leitão,Creative Commons Attribution-NonCommercial-ShareAlike 4.0,0.0,17:28,https://www.xeno-canto.org/466181,mallar3/XC466181.ogg
mallar3,[],['flight call'],52.1468,5.3788,Anas platyrhynchos,Mallard,Gerda van Deelen,Creative Commons Attribution-NonCommercial-ShareAlike 4.0,3.0,23:22,https://www.xeno-canto.org/467275,mallar3/XC467275.ogg
mallar3,[],['flight call'],50.1191,18.9721,Anas platyrhynchos,Mallard,Ireneusz Oleksik,Creative Commons Attribution-NonCommercial-ShareAlike 4.0,4.0,04:08,https://www.xeno-canto.org/467786,mallar3/XC467786.ogg
mallar3,[],"['flight call', 'wingbeats']",50.1191,18.9721,Anas platyrhynchos,Mallard,Ireneusz Oleksik,Creative Commons Attribution-NonCommercial-ShareAlike 4.0,4.0,00:38,https://www.xeno-canto.org/468420,mallar3/XC468420.ogg
mallar3,[],"['call', 'male']",50.1213,18.9683,Anas platyrhynchos,Mallard,Ireneusz Oleksik,Creative Commons Attribution-NonCommercial-ShareAlike 4.0,5.0,14:15,https://www.xeno-canto.org/471017,mallar3/XC471017.ogg
mallar3,[],"['female', 'flight call']",50.1213,18.9683,Anas platyrhynchos,Mallard,Ireneusz Oleksik,Creative Commons Attribution-NonCommercial-ShareAlike 4.0,4.5,07:28,https://www.xeno-canto.org/473567,mallar3/XC473567.ogg
mallar3,[],['flight call'],78.1971,15.8497,Anas platyrhynchos,Mallard,Stein Ø. Nilsen,Creative Commons Attribution-NonCommercial-ShareAlike 4.0,5.0,04:30,https://www.xeno-canto.org/481640,mallar3/XC481640.ogg
mallar3,[],['call'],37.1357,-7.6138,Anas platyrhynchos,Mallard,Nelson Conceição,Creative Commons Attribution-NonCommercial-ShareAlike 4.0,3.0,21:31,https://www.xeno-canto.org/481641,mallar3/XC481641.ogg
mallar3,[],"['call', 'flight call']",65.1878,19.6687,Anas platyrhynchos,Mallard,Lars Edenius,Creative Commons Attribution-NonCommercial-ShareAlike 4.0,4.5,06:00,https://www.xeno-canto.org/483898,mallar3/XC483898.ogg
mallar3,[],['call'],39.8737,-8.8523,Anas platyrhynchos,Mallard,João Tomás,Creative Commons Attribution-NonCommercial-ShareAlike 4.0,3.5,07:30,https://www.xeno-canto.org/485249,mallar3/XC485249.ogg
mallar3,[],['call'],33.4758,-112.0889,Anas platyrhynchos,Mallard,Phoenix Birder,Creative Commons Attribution-NonCommercial-ShareAlike 4.0,3.0,05:49,https://www.xeno-canto.org/489754,mallar3/XC489754.ogg
mallar3,[],"['call', 'juvenile']",52.6904,-0.7217,Anas platyrhynchos,Mallard,Andrew Harrop,Creative Commons Attribution-NonCommercial-ShareAlike 4.0,4.0,13:00,https://www.xeno-canto.org/491655,mallar3/XC491655.ogg
mallar3,[],"['flight call', 'male']",56.6954,46.9404,Anas platyrhynchos,Mallard,Albert Lastukhin,Creative Commons Attribution-NonCommercial-ShareAlike 4.0,2.5,16:30,https://www.xeno-canto.org/493120,mallar3/XC493120.ogg
mallar3,[],"['female', 'flight call']",56.6954,46.9404,Anas platyrhynchos,Mallard,Albert Lastukhin,Creative Commons Attribution-NonCommercial-ShareAlike 4.0,2.5,16:30,https://www.xeno-canto.org/493121,mallar3/XC493121.ogg
mallar3,[],['call'],51.8096,16.6488,Anas platyrhynchos,Mallard,Grzegorz Lorek,Creative Commons Attribution-NonCommercial-ShareAlike 4.0,3.0,23:57,https://www.xeno-canto.org/494211,mallar3/XC494211.ogg
mallar3,[],['autumn call'],56.084,47.2571,Anas platyrhynchos,Mallard,Albert Lastukhin,Creative Commons Attribution-NonCommercial-ShareAlike 4.0,5.0,22:30,https://www.xeno-canto.org/495820,mallar3/XC495820.ogg
mallar3,[],['autumn call'],56.084,47.2571,Anas platyrhynchos,Mallard,Albert Lastukhin,Creative Commons Attribution-NonCommercial-ShareAlike 4.0,5.0,22:30,https://www.xeno-canto.org/495822,mallar3/XC495822.ogg
mallar3,[],['autumn call'],56.084,47.2571,Anas platyrhynchos,Mallard,Albert Lastukhin,Creative Commons Attribution-NonCommercial-ShareAlike 4.0,5.0,22:30,https://www.xeno-canto.org/495823,mallar3/XC495823.ogg
mallar3,[],['autumn call'],56.084,47.2571,Anas platyrhynchos,Mallard,Albert Lastukhin,Creative Commons Attribution-NonCommercial-ShareAlike 4.0,5.0,22:30,https://www.xeno-canto.org/495824,mallar3/XC495824.ogg
mallar3,[],['flight call'],56.084,47.2571,Anas platyrhynchos,Mallard,Albert Lastukhin,Creative Commons Attribution-NonCommercial-ShareAlike 4.0,4.0,22:30,https://www.xeno-canto.org/495826,mallar3/XC495826.ogg
mallar3,[],['flight call'],56.084,47.2571,Anas platyrhynchos,Mallard,Albert Lastukhin,Creative Commons Attribution-NonCommercial-ShareAlike 4.0,5.0,22:30,https://www.xeno-canto.org/495827,mallar3/XC495827.ogg
mallar3,[],['quiet-call'],56.084,47.2571,Anas platyrhynchos,Mallard,Albert Lastukhin,Creative Commons Attribution-NonCommercial-ShareAlike 4.0,4.0,22:30,https://www.xeno-canto.org/495828,mallar3/XC495828.ogg
mallar3,[],['quiet-call'],56.084,47.2571,Anas platyrhynchos,Mallard,Albert Lastukhin,Creative Commons Attribution-NonCommercial-ShareAlike 4.0,4.0,22:30,https://www.xeno-canto.org/495830,mallar3/XC495830.ogg
mallar3,[],['quiet-call'],56.084,47.2571,Anas platyrhynchos,Mallard,Albert Lastukhin,Creative Commons Attribution-NonCommercial-ShareAlike 4.0,4.0,22:30,https://www.xeno-canto.org/495831,mallar3/XC495831.ogg
mallar3,[],['alarm call'],56.084,47.2571,Anas platyrhynchos,Mallard,Albert Lastukhin,Creative Commons Attribution-NonCommercial-ShareAlike 4.0,4.0,22:30,https://www.xeno-canto.org/495832,mallar3/XC495832.ogg
mallar3,[],['call'],56.084,47.2571,Anas platyrhynchos,Mallard,Albert Lastukhin,Creative Commons Attribution-NonCommercial-ShareAlike 4.0,5.0,04:00,https://www.xeno-canto.org/495835,mallar3/XC495835.ogg
mallar3,[],['flight call'],56.084,47.2571,Anas platyrhynchos,Mallard,Albert Lastukhin,Creative Commons Attribution-NonCommercial-ShareAlike 4.0,5.0,04:00,https://www.xeno-canto.org/495837,mallar3/XC495837.ogg
mallar3,[],['call'],51.8096,16.6488,Anas platyrhynchos,Mallard,Grzegorz Lorek,Creative Commons Attribution-NonCommercial-ShareAlike 4.0,0.0,21:17,https://www.xeno-canto.org/496515,mallar3/XC496515.ogg
mallar3,[],"['flight call', 'wing beats']",48.8306,2.1999,Anas platyrhynchos,Mallard,Stanislas Wroza,Creative Commons Attribution-NonCommercial-ShareAlike 4.0,4.0,07:00,https://www.xeno-canto.org/496587,mallar3/XC496587.ogg
mallar3,[],"['flight call', 'nocturnal flight call']",60.2357,25.0058,Anas platyrhynchos,Mallard,Juha Saari,Creative Commons Attribution-NonCommercial-ShareAlike 4.0,0.0,23:09,https://www.xeno-canto.org/496759,mallar3/XC496759.ogg
mallar3,[],['call'],49.4507,0.3218,Anas platyrhynchos,Mallard,Olivier SWIFT,Creative Commons Attribution-NonCommercial-ShareAlike 4.0,5.0,22:00,https://www.xeno-canto.org/497809,mallar3/XC497809.ogg
mallar3,[],"['call', 'flight call']",63.6679,20.0337,Anas platyrhynchos,Mallard,Lars Edenius,Creative Commons Attribution-NonCommercial-ShareAlike 4.0,5.0,16:00,https://www.xeno-canto.org/497824,mallar3/XC497824.ogg
mallar3,[],"['flight call', 'nocturnal flight call']",51.9839,5.3368,Anas platyrhynchos,Mallard,Peter van Vlaardingen,Creative Commons Attribution-NonCommercial-ShareAlike 4.0,4.0,2:23,https://www.xeno-canto.org/499786,mallar3/XC499786.ogg
mallar3,[],"['call', 'female', 'nocturnal']",37.1178,-8.6828,Anas platyrhynchos,Mallard,Jorge Leitão,Creative Commons Attribution-NonCommercial-ShareAlike 4.0,0.0,19:36,https://www.xeno-canto.org/500766,mallar3/XC500766.ogg
mallar3,[],['flight call'],53.9299,-2.9833,Anas platyrhynchos,Mallard,Chris Batty,Creative Commons Attribution-NonCommercial-ShareAlike 4.0,2.5,00:30,https://www.xeno-canto.org/501147,mallar3/XC501147.ogg
mallar3,[],['flight call'],53.9299,-2.9833,Anas platyrhynchos,Mallard,Chris Batty,Creative Commons Attribution-NonCommercial-ShareAlike 4.0,3.0,03:10,https://www.xeno-canto.org/501148,mallar3/XC501148.ogg
mallar3,[],['flight call'],53.9299,-2.9833,Anas platyrhynchos,Mallard,Chris Batty,Creative Commons Attribution-NonCommercial-ShareAlike 4.0,3.0,00:04,https://www.xeno-canto.org/501149,mallar3/XC501149.ogg
mallar3,[],['flight call'],53.9299,-2.9833,Anas platyrhynchos,Mallard,Chris Batty,Creative Commons Attribution-NonCommercial-ShareAlike 4.0,2.5,23:47,https://www.xeno-canto.org/501151,mallar3/XC501151.ogg
mallar3,[],['flight call'],53.9299,-2.9833,Anas platyrhynchos,Mallard,Chris Batty,Creative Commons Attribution-NonCommercial-ShareAlike 4.0,3.0,03:35,https://www.xeno-canto.org/501152,mallar3/XC501152.ogg
mallar3,[],['flight call'],53.9299,-2.9833,Anas platyrhynchos,Mallard,Chris Batty,Creative Commons Attribution-NonCommercial-ShareAlike 4.0,3.0,04:13,https://www.xeno-canto.org/501154,mallar3/XC501154.ogg
mallar3,[],['flight call'],53.9299,-2.9833,Anas platyrhynchos,Mallard,Chris Batty,Creative Commons Attribution-NonCommercial-ShareAlike 4.0,2.5,21:54,https://www.xeno-canto.org/501155,mallar3/XC501155.ogg
mallar3,[],['call'],58.7678,23.4532,Anas platyrhynchos,Mallard,Tarvo Valker,Creative Commons Attribution-NonCommercial-ShareAlike 4.0,3.0,22:00,https://www.xeno-canto.org/501602,mallar3/XC501602.ogg
mallar3,[],['flight call'],37.1379,-7.6303,Anas platyrhynchos,Mallard,Nelson Conceição,Creative Commons Attribution-NonCommercial-ShareAlike 4.0,4.0,04:03,https://www.xeno-canto.org/501752,mallar3/XC501752.ogg
mallar3,[],['call'],64.191,21.113,Anas platyrhynchos,Mallard,Alan Dalton,Creative Commons Attribution-NonCommercial-ShareAlike 4.0,5.0,05:30,https://www.xeno-canto.org/502172,mallar3/XC502172.ogg
mallar3,['gnwtea'],"['adult', 'call', 'sex uncertain']",45.9513,5.031,Anas platyrhynchos,Mallard,Vincent Pourchaire,Creative Commons Attribution-NonCommercial-ShareAlike 4.0,4.5,08:30,https://www.xeno-canto.org/503885,mallar3/XC503885.ogg
mallar3,[],['call'],43.6035,1.3786,Anas platyrhynchos,Mallard,Olivier SWIFT,Creative Commons Attribution-NonCommercial-ShareAlike 4.0,3.5,10:12,https://www.xeno-canto.org/503954,mallar3/XC503954.ogg
mallar3,[],['nocturnal flight call'],58.3749,26.6876,Anas platyrhynchos,Mallard,Uku Paal,Creative Commons Attribution-NonCommercial-ShareAlike 4.0,1.5,20:30,https://www.xeno-canto.org/504781,mallar3/XC504781.ogg
mallar3,[],"['call', 'female']",55.9423,-3.2471,Anas platyrhynchos,Mallard,Andrew Harrop,Creative Commons Attribution-NonCommercial-ShareAlike 4.0,5.0,08:00,https://www.xeno-canto.org/505291,mallar3/XC505291.ogg
mallar3,[],"['adult', 'call', 'flight call', 'male', 'sex uncertain']",41.681,0.9549,Anas platyrhynchos,Mallard,Jordi Calvet,Creative Commons Attribution-NonCommercial-ShareAlike 4.0,4.5,10:30,https://www.xeno-canto.org/505439,mallar3/XC505439.ogg
mallar3,[],['call'],37.1959,-7.5225,Anas platyrhynchos,Mallard,Nelson Conceição,Creative Commons Attribution-NonCommercial-ShareAlike 4.0,2.5,17:08,https://www.xeno-canto.org/508333,mallar3/XC508333.ogg
mallar3,[],"['adult', 'call', 'female', 'male']",50.1213,18.9683,Anas platyrhynchos,Mallard,Ireneusz Oleksik,Creative Commons Attribution-NonCommercial-ShareAlike 4.0,5.0,13:08,https://www.xeno-canto.org/509514,mallar3/XC509514.ogg
mallar3,[],"['adult', 'call', 'female', 'male']",33.3634,-111.7341,Anas platyrhynchos,Mallard,Phoenix Birder,Creative Commons Attribution-NonCommercial-ShareAlike 4.0,4.0,10:26,https://www.xeno-canto.org/511471,mallar3/XC511471.ogg
mallar3,[],"['Chuckle', 'adult', 'call', 'female']",40.6745,-74.3152,Anas platyrhynchos,Mallard,William Whitehead,Creative Commons Attribution-NonCommercial-ShareAlike 4.0,5.0,07:00,https://www.xeno-canto.org/511953,mallar3/XC511953.ogg
mallar3,[],"['Hee', 'adult', 'call', 'male']",40.6745,-74.3152,Anas platyrhynchos,Mallard,William Whitehead,Creative Commons Attribution-NonCommercial-ShareAlike 4.0,4.0,07:00,https://www.xeno-canto.org/511954,mallar3/XC511954.ogg
mallar3,[],"['adult', 'bird is flying out of the water (wings sound)', 'flight call']",53.4275,22.513,Anas platyrhynchos,Mallard,Romuald Mikusek,Creative Commons Attribution-NonCommercial-ShareAlike 4.0,4.0,20:30,https://www.xeno-canto.org/512003,mallar3/XC512003.ogg
mallar3,['skylar'],['call'],36.9163,54.0413,Anas platyrhynchos,Mallard,Cedric Mroczko,Creative Commons Attribution-NonCommercial-ShareAlike 4.0,2.5,12:00,https://www.xeno-canto.org/512082,mallar3/XC512082.ogg
mallar3,[],"['call', 'female', 'male', 'song']",52.4376,21.0233,Anas platyrhynchos,Mallard,Jarek Matusiak,Creative Commons Attribution-NonCommercial-ShareAlike 4.0,5.0,15:00,https://www.xeno-canto.org/512909,mallar3/XC512909.ogg
mallar3,[],['call'],50.8776,19.7493,Anas platyrhynchos,Mallard,Grzegorz Kaczorowski,Creative Commons Attribution-NonCommercial-ShareAlike 4.0,4.0,16:00,https://www.xeno-canto.org/513046,mallar3/XC513046.ogg
mallar3,[],"['flight call', 'nocturnal flight call']",54.1818,-0.3203,Anas platyrhynchos,Mallard,Will Scott,Creative Commons Attribution-NonCommercial-ShareAlike 4.0,4.0,22:52,https://www.xeno-canto.org/514863,mallar3/XC514863.ogg
mallar3,[],"['call', 'female']",48.8433,2.361,Anas platyrhynchos,Mallard,Marie-Lan Taÿ Pamart,Creative Commons Attribution-ShareAlike 4.0,5.0,12:00,https://www.xeno-canto.org/518422,mallar3/XC518422.ogg
mallar3,[],"['female', 'flight call']",48.7027,2.1156,Anas platyrhynchos,Mallard,Stanislas Wroza,Creative Commons Attribution-NonCommercial-ShareAlike 4.0,5.0,08:30,https://www.xeno-canto.org/519495,mallar3/XC519495.ogg
mallar3,[],"['adult', 'call', 'female', 'male']",58.2948,13.5507,Anas platyrhynchos,Mallard,Leif Arvidsson,Creative Commons Attribution-NonCommercial-ShareAlike 4.0,4.0,00:00,https://www.xeno-canto.org/520114,mallar3/XC520114.ogg
mallar3,[],"['male', 'song']",50.1213,18.9683,Anas platyrhynchos,Mallard,Ireneusz Oleksik,Creative Commons Attribution-NonCommercial-ShareAlike 4.0,5.0,09:50,https://www.xeno-canto.org/521562,mallar3/XC521562.ogg
mallar3,[],['call'],40.476,-74.2676,Anas platyrhynchos,Mallard,William Whitehead,Creative Commons Attribution-NonCommercial-ShareAlike 4.0,4.0,10:00,https://www.xeno-canto.org/522286,mallar3/XC522286.ogg
mallar3,[],['flight call'],48.7027,2.1156,Anas platyrhynchos,Mallard,Stanislas Wroza,Creative Commons Attribution-NonCommercial-ShareAlike 4.0,3.0,08:00,https://www.xeno-canto.org/522605,mallar3/XC522605.ogg
mallar3,[],['nocturnal flight call'],50.1191,18.9721,Anas platyrhynchos,Mallard,Ireneusz Oleksik,Creative Commons Attribution-NonCommercial-ShareAlike 4.0,3.0,17:10,https://www.xeno-canto.org/522622,mallar3/XC522622.ogg
mallar3,[],"['female', 'flight call']",43.923,2.1856,Anas platyrhynchos,Mallard,Cedric Mroczko,Creative Commons Attribution-NonCommercial-ShareAlike 4.0,4.0,13:00,https://www.xeno-canto.org/522742,mallar3/XC522742.ogg
mallar3,[],"['female', 'flight call', 'male']",43.923,2.1856,Anas platyrhynchos,Mallard,Cedric Mroczko,Creative Commons Attribution-NonCommercial-ShareAlike 4.0,4.0,13:00,https://www.xeno-canto.org/522743,mallar3/XC522743.ogg
mallar3,[],"['adult', 'flight call', 'male']",70.1843,19.8821,Anas platyrhynchos,Mallard,Stein Ø. Nilsen,Creative Commons Attribution-NonCommercial-ShareAlike 4.0,4.5,06:00,https://www.xeno-canto.org/523626,mallar3/XC523626.ogg
mallar3,[],['flight call'],43.9217,2.1871,Anas platyrhynchos,Mallard,Yoann Blanchon,Creative Commons Attribution-NonCommercial-ShareAlike 4.0,4.0,13:30,https://www.xeno-canto.org/525288,mallar3/XC525288.ogg
mallar3,[],['flight call'],43.923,2.1856,Anas platyrhynchos,Mallard,Yoann Blanchon,Creative Commons Attribution-NonCommercial-ShareAlike 4.0,5.0,13:00,https://www.xeno-canto.org/525303,mallar3/XC525303.ogg
mallar3,[],['call'],35.329,-120.4782,Anas platyrhynchos,Mallard,Thomas G. Graves,Creative Commons Attribution-NonCommercial-ShareAlike 4.0,2.5,8:16,https://www.xeno-canto.org/527667,mallar3/XC527667.ogg
mallar3,[],"['adult', 'call']",35.329,-120.4782,Anas platyrhynchos,Mallard,Thomas G. Graves,Creative Commons Attribution-NonCommercial-ShareAlike 4.0,3.5,8:37,https://www.xeno-canto.org/527676,mallar3/XC527676.ogg
mallar3,[],"['adult', 'alarm call', 'female', 'flight call']",68.4634,16.6459,Anas platyrhynchos,Mallard,Stein Ø. Nilsen,Creative Commons Attribution-NonCommercial-ShareAlike 4.0,3.5,12:30,https://www.xeno-canto.org/528280,mallar3/XC528280.ogg
mallar3,[],['call'],51.9612,5.8104,Anas platyrhynchos,Mallard,James Lidster,Creative Commons Attribution-NonCommercial-ShareAlike 4.0,3.0,23:20,https://www.xeno-canto.org/528290,mallar3/XC528290.ogg
mallar3,[],"['Wingbeats', 'call', 'excitement calls', 'female', 'male']",60.2095,25.1088,Anas platyrhynchos,Mallard,Hannu Varkki,Creative Commons Attribution-NonCommercial-ShareAlike 4.0,4.0,11:15,https://www.xeno-canto.org/529013,mallar3/XC529013.ogg
mallar3,[],"['alarm call', 'male']",40.6052,-74.2495,Anas platyrhynchos,Mallard,William Whitehead,Creative Commons Attribution-NonCommercial-ShareAlike 4.0,5.0,07:30,https://www.xeno-canto.org/530119,mallar3/XC530119.ogg
mallar3,[],"['adult', 'flight call']",49.2775,-123.1453,Anas platyrhynchos,Mallard,Sunny Tseng,Creative Commons Attribution-NonCommercial-ShareAlike 4.0,4.0,11:30,https://www.xeno-canto.org/531508,mallar3/XC531508.ogg
mallar3,[],['nocturnal flight call'],60.2357,25.0058,Anas platyrhynchos,Mallard,Juha Saari,Creative Commons Attribution-NonCommercial-ShareAlike 4.0,4.0,02:23,https://www.xeno-canto.org/533822,mallar3/XC533822.ogg
mallar3,[],"['call', 'female']",32.884,-116.8204,Anas platyrhynchos,Mallard,Paul Marvin,Creative Commons Attribution-NonCommercial-ShareAlike 4.0,5.0,08:19,https://www.xeno-canto.org/534192,mallar3/XC534192.ogg
mallar3,[],"['adult', 'call', 'male']",50.1212,19.0043,Anas platyrhynchos,Mallard,Ireneusz Oleksik,Creative Commons Attribution-NonCommercial-ShareAlike 4.0,3.5,11:15,https://www.xeno-canto.org/534220,mallar3/XC534220.ogg
mallar3,[],"['Short Quack', 'adult', 'call', 'female']",40.5874,-74.2621,Anas platyrhynchos,Mallard,William Whitehead,Creative Commons Attribution-NonCommercial-ShareAlike 4.0,3.5,07:30,https://www.xeno-canto.org/534402,mallar3/XC534402.ogg
mallar3,[],"['nocturnal flight call', 'wingbeats']",52.3857,-1.7909,Anas platyrhynchos,Mallard,John Sirrett,Creative Commons Attribution-NonCommercial-ShareAlike 4.0,3.5,02:30,https://www.xeno-canto.org/534648,mallar3/XC534648.ogg
mallar3,[],"['flight call', 'nocturnal flight call']",48.7027,2.1156,Anas platyrhynchos,Mallard,Stanislas Wroza,Creative Commons Attribution-NonCommercial-ShareAlike 4.0,4.0,19:30,https://www.xeno-canto.org/534726,mallar3/XC534726.ogg
mallar3,[],"['flight call', 'nocturnal flight call']",48.7027,2.1156,Anas platyrhynchos,Mallard,Stanislas Wroza,Creative Commons Attribution-NonCommercial-ShareAlike 4.0,0.0,19:30,https://www.xeno-canto.org/534727,mallar3/XC534727.ogg
mallar3,[],"['flight call', 'nocturnal flight call']",48.7027,2.1156,Anas platyrhynchos,Mallard,Stanislas Wroza,Creative Commons Attribution-NonCommercial-ShareAlike 4.0,4.0,19:30,https://www.xeno-canto.org/534728,mallar3/XC534728.ogg
mallar3,[],['call'],48.7027,2.1156,Anas platyrhynchos,Mallard,Stanislas Wroza,Creative Commons Attribution-NonCommercial-ShareAlike 4.0,4.0,19:30,https://www.xeno-canto.org/534735,mallar3/XC534735.ogg
mallar3,[],['call'],48.7027,2.1156,Anas platyrhynchos,Mallard,Stanislas Wroza,Creative Commons Attribution-NonCommercial-ShareAlike 4.0,4.0,19:30,https://www.xeno-canto.org/534736,mallar3/XC534736.ogg
mallar3,[],['call'],48.7027,2.1156,Anas platyrhynchos,Mallard,Stanislas Wroza,Creative Commons Attribution-NonCommercial-ShareAlike 4.0,4.0,19:30,https://www.xeno-canto.org/534737,mallar3/XC534737.ogg
mallar3,[],['call'],48.7027,2.1156,Anas platyrhynchos,Mallard,Stanislas Wroza,Creative Commons Attribution-NonCommercial-ShareAlike 4.0,4.0,19:30,https://www.xeno-canto.org/534738,mallar3/XC534738.ogg
mallar3,[],"['flight call', 'male']",48.8205,2.1781,Anas platyrhynchos,Mallard,Stanislas Wroza,Creative Commons Attribution-NonCommercial-ShareAlike 4.0,4.0,06:30,https://www.xeno-canto.org/536048,mallar3/XC536048.ogg
mallar3,[],"['nocturnal flight call', 'wingbeats']",53.4697,9.7893,Anas platyrhynchos,Mallard,Lars Burnus,Creative Commons Attribution-NonCommercial-ShareAlike 4.0,2.0,23:40,https://www.xeno-canto.org/536604,mallar3/XC536604.ogg
mallar3,[],"['adult', 'call', 'female', 'male']",38.9381,-74.9446,Anas platyrhynchos,Mallard,Sue Riffe,Creative Commons Attribution-NonCommercial-ShareAlike 4.0,4.0,14:20,https://www.xeno-canto.org/536894,mallar3/XC536894.ogg
mallar3,[],"['adult', 'call', 'female', 'male', 'song']",38.9381,-74.9446,Anas platyrhynchos,Mallard,Sue Riffe,Creative Commons Attribution-NonCommercial-ShareAlike 4.0,4.0,14:20,https://www.xeno-canto.org/536895,mallar3/XC536895.ogg
mallar3,['mallar3'],"['adult', 'call', 'female']",23.8274,120.8011,Anas platyrhynchos,Mallard,Chie-Jen Jerome Ko,Creative Commons Attribution-NonCommercial-ShareAlike 4.0,3.5,08:44,https://www.xeno-canto.org/536943,mallar3/XC536943.ogg
mallar3,[],"['adult', 'alarm call', 'female']",52.0115,4.9127,Anas platyrhynchos,Mallard,Albert Noorlander,Creative Commons Attribution-NonCommercial-ShareAlike 4.0,5.0,19:15,https://www.xeno-canto.org/538206,mallar3/XC538206.ogg
mallar3,[],['call'],36.3078,-84.2189,Anas platyrhynchos,Mallard,Mike Nelson,Creative Commons Attribution-NonCommercial-ShareAlike 3.0,3.0,12:30pm,https://www.xeno-canto.org/53854,mallar3/XC53854.ogg
mallar3,[],"['adult', 'call', 'female']",51.139,4.9939,Anas platyrhynchos,Mallard,Niels Van Doninck,Creative Commons Attribution-NonCommercial-ShareAlike 4.0,4.5,11:00,https://www.xeno-canto.org/538704,mallar3/XC538704.ogg
mallar3,[],"['adult', 'female', 'flight call', 'male']",50.1213,18.9683,Anas platyrhynchos,Mallard,Ireneusz Oleksik,Creative Commons Attribution-NonCommercial-ShareAlike 4.0,3.5,07:20,https://www.xeno-canto.org/539134,mallar3/XC539134.ogg
mallar3,[],"['adult', 'male', 'nocturnal flight call']",43.3578,-4.0893,Anas platyrhynchos,Mallard,Gonzalo Pardo de Santayana,Creative Commons Attribution-NonCommercial-ShareAlike 4.0,4.0,01:25,https://www.xeno-canto.org/539330,mallar3/XC539330.ogg
mallar3,[],['nocturnal flight call'],47.9189,-2.2797,Anas platyrhynchos,Mallard,Gaëtan Mineau,Creative Commons Attribution-NonCommercial-ShareAlike 4.0,4.0,05:00,https://www.xeno-canto.org/539454,mallar3/XC539454.ogg
mallar3,[],['nocturnal flight call'],60.2357,25.0058,Anas platyrhynchos,Mallard,Juha Saari,Creative Commons Attribution-NonCommercial-ShareAlike 4.0,4.0,00:55,https://www.xeno-canto.org/539617,mallar3/XC539617.ogg
mallar3,[],"['call', 'female', 'male']",60.4664,25.0828,Anas platyrhynchos,Mallard,Juha Honkala,Creative Commons Attribution-NonCommercial-ShareAlike 4.0,5.0,10:30,https://www.xeno-canto.org/540531,mallar3/XC540531.ogg
mallar3,[],"['aberrant', 'nocturnal flight call']",47.9189,-2.2797,Anas platyrhynchos,Mallard,Gaëtan Mineau,Creative Commons Attribution-NonCommercial-ShareAlike 4.0,4.0,21:30,https://www.xeno-canto.org/540958,mallar3/XC540958.ogg
mallar3,[],"['flight call', 'nocturnal flight call']",43.633,3.8975,Anas platyrhynchos,Mallard,Cédric PEIGNOT,Creative Commons Attribution-NonCommercial-ShareAlike 4.0,2.0,04:30,https://www.xeno-canto.org/541173,mallar3/XC541173.ogg
mallar3,[],"['call', 'female', 'flight call']",52.2671,20.4603,Anas platyrhynchos,Mallard,Jarek Matusiak,Creative Commons Attribution-NonCommercial-ShareAlike 4.0,5.0,23:00,https://www.xeno-canto.org/541812,mallar3/XC541812.ogg
mallar3,[],"['call', 'female', 'flight call', 'male']",52.2671,20.4603,Anas platyrhynchos,Mallard,Jarek Matusiak,Creative Commons Attribution-NonCommercial-ShareAlike 4.0,5.0,23:00,https://www.xeno-canto.org/541821,mallar3/XC541821.ogg
mallar3,[],"['call', 'female', 'male']",52.2671,20.4603,Anas platyrhynchos,Mallard,Jarek Matusiak,Creative Commons Attribution-NonCommercial-ShareAlike 4.0,5.0,23:00,https://www.xeno-canto.org/541822,mallar3/XC541822.ogg
mallar3,[],"['call', 'female', 'flight call', 'male', 'wings']",52.2671,20.4603,Anas platyrhynchos,Mallard,Jarek Matusiak,Creative Commons Attribution-NonCommercial-ShareAlike 4.0,5.0,23:00,https://www.xeno-canto.org/541824,mallar3/XC541824.ogg
mallar3,[],"['call', 'flight call']",44.111,4.7185,Anas platyrhynchos,Mallard,Charlie Bodin,Creative Commons Attribution-NonCommercial-ShareAlike 4.0,4.0,10:00,https://www.xeno-canto.org/542418,mallar3/XC542418.ogg
mallar3,[],['nocturnal flight call'],45.8271,1.293,Anas platyrhynchos,Mallard,MERCIER Christophe,Creative Commons Attribution-NonCommercial-ShareAlike 4.0,2.0,01:27,https://www.xeno-canto.org/542436,mallar3/XC542436.ogg
mallar3,[],"['flight call', 'nocturnal flight call']",44.8584,4.949,Anas platyrhynchos,Mallard,Adrien CHARBONNEAU,Creative Commons Attribution-NonCommercial-ShareAlike 4.0,4.0,01:48,https://www.xeno-canto.org/542843,mallar3/XC542843.ogg
mallar3,[],"['female', 'flight call', 'male', 'nocturnal flight call']",48.845,1.9989,Anas platyrhynchos,Mallard,Stanislas Wroza,Creative Commons Attribution-NonCommercial-ShareAlike 4.0,4.0,03:00,https://www.xeno-canto.org/542919,mallar3/XC542919.ogg
mallar3,[],"['female', 'flight call', 'male', 'nocturnal flight call']",48.845,1.9989,Anas platyrhynchos,Mallard,Stanislas Wroza,Creative Commons Attribution-NonCommercial-ShareAlike 4.0,3.0,03:00,https://www.xeno-canto.org/542922,mallar3/XC542922.ogg
mallar3,[],['nocturnal flight call'],51.5121,4.4359,Anas platyrhynchos,Mallard,Ad Hilders,Creative Commons Attribution-NonCommercial-ShareAlike 4.0,3.0,00:42,https://www.xeno-canto.org/543175,mallar3/XC543175.ogg
mallar3,[],"['male', 'nocturnal flight call']",49.6682,-1.4283,Anas platyrhynchos,Mallard,Alain Verneau,Creative Commons Attribution-NonCommercial-ShareAlike 4.0,4.0,01:30,https://www.xeno-canto.org/543795,mallar3/XC543795.ogg
mallar3,[],['nocturnal flight call'],51.0406,3.713,Anas platyrhynchos,Mallard,Koen Lepla,Creative Commons Attribution-NonCommercial-ShareAlike 4.0,3.0,02:00,https://www.xeno-canto.org/543887,mallar3/XC543887.ogg
mallar3,[],"['Wing beat', 'nocturnal flight call']",47.9189,-2.2797,Anas platyrhynchos,Mallard,Gaëtan Mineau,Creative Commons Attribution-NonCommercial-ShareAlike 4.0,3.0,00:00,https://www.xeno-canto.org/545309,mallar3/XC545309.ogg
mallar3,[],['nocturnal flight call'],41.2243,1.7254,Anas platyrhynchos,Mallard,Sergi,Creative Commons Attribution-NonCommercial-ShareAlike 4.0,2.0,01:53,https://www.xeno-canto.org/545821,mallar3/XC545821.ogg
mallar3,[],['nocturnal flight call'],50.7193,3.2228,Anas platyrhynchos,Mallard,Nicolas Selosse,Creative Commons Attribution-NonCommercial-ShareAlike 4.0,4.0,00:30,https://www.xeno-canto.org/546295,mallar3/XC546295.ogg
mallar3,[],"['female', 'male', 'nocturnal flight call']",51.1724,4.3357,Anas platyrhynchos,Mallard,Joachim Pintens,Creative Commons Attribution-NonCommercial-ShareAlike 4.0,4.0,23:30,https://www.xeno-canto.org/546299,mallar3/XC546299.ogg
mallar3,[],"['call', 'nocturnal flight call', 'wingbeats']",50.7542,4.5672,Anas platyrhynchos,Mallard,Frederik Fluyt,Creative Commons Attribution-NonCommercial-ShareAlike 4.0,3.0,23:30,https://www.xeno-canto.org/548463,mallar3/XC548463.ogg
mallar3,[],"['female', 'flight call', 'wing beats']",50.112,18.9462,Anas platyrhynchos,Mallard,Ireneusz Oleksik,Creative Commons Attribution-NonCommercial-ShareAlike 4.0,5.0,20:36,https://www.xeno-canto.org/548878,mallar3/XC548878.ogg
mallar3,[],"['adult', 'call', 'female', 'nocturnal flight call']",55.3718,46.4186,Anas platyrhynchos,Mallard,Albert Lastukhin,Creative Commons Attribution-NonCommercial-ShareAlike 4.0,5.0,19:00,https://www.xeno-canto.org/550124,mallar3/XC550124.ogg
mallar3,[],"['call', 'male', 'walking']",48.8659,1.9428,Anas platyrhynchos,Mallard,Stanislas Wroza,Creative Commons Attribution-NonCommercial-ShareAlike 4.0,4.0,07:00,https://www.xeno-canto.org/550749,mallar3/XC550749.ogg
mallar3,[],['wingbeats'],58.3748,26.3807,Anas platyrhynchos,Mallard,Uku Paal,Creative Commons Attribution-NonCommercial-ShareAlike 4.0,3.0,21:30,https://www.xeno-canto.org/552047,mallar3/XC552047.ogg
mallar3,[],['nocturnal flight call'],47.6568,7.4228,Anas platyrhynchos,Mallard,Martin Grienenberger,Creative Commons Attribution-NonCommercial-ShareAlike 4.0,4.0,03:52,https://www.xeno-canto.org/552667,mallar3/XC552667.ogg
mallar3,[],"['flight call', 'nocturnal flight call']",48.7429,2.1591,Anas platyrhynchos,Mallard,Stanislas Wroza,Creative Commons Attribution-NonCommercial-ShareAlike 4.0,0.0,01:00,https://www.xeno-canto.org/553742,mallar3/XC553742.ogg
mallar3,[],"['flight call', 'male']",50.4626,3.6729,Anas platyrhynchos,Mallard,Alain Malengreau,Creative Commons Attribution-NonCommercial-ShareAlike 4.0,5.0,18:30,https://www.xeno-canto.org/553878,mallar3/XC553878.ogg
mallar3,[],"['adult', 'call']",51.1328,4.994,Anas platyrhynchos,Mallard,Niels Van Doninck,Creative Commons Attribution-NonCommercial-ShareAlike 4.0,4.5,21:25,https://www.xeno-canto.org/554058,mallar3/XC554058.ogg
mallar3,[],"['alarm call', 'male']",44.0861,2.2244,Anas platyrhynchos,Mallard,Olivier SWIFT,Creative Commons Attribution-NonCommercial-ShareAlike 4.0,3.5,08:36,https://www.xeno-canto.org/554370,mallar3/XC554370.ogg
mallar3,[],['nocturnal flight call'],44.8584,4.949,Anas platyrhynchos,Mallard,Adrien CHARBONNEAU,Creative Commons Attribution-NonCommercial-ShareAlike 4.0,0.0,01:36,https://www.xeno-canto.org/555336,mallar3/XC555336.ogg
mallar3,[],"['alarm call', 'female']",48.8205,2.1781,Anas platyrhynchos,Mallard,Stanislas Wroza,Creative Commons Attribution-NonCommercial-ShareAlike 4.0,5.0,07:00,https://www.xeno-canto.org/556901,mallar3/XC556901.ogg
mallar3,[],"['alarm call', 'female']",48.8205,2.1781,Anas platyrhynchos,Mallard,Stanislas Wroza,Creative Commons Attribution-NonCommercial-ShareAlike 4.0,5.0,07:00,https://www.xeno-canto.org/556906,mallar3/XC556906.ogg
mallar3,[],"['""ti-di""', 'flight call', 'nocturnal flight call']",48.845,1.9989,Anas platyrhynchos,Mallard,Stanislas Wroza,Creative Commons Attribution-NonCommercial-ShareAlike 4.0,0.0,02:00,https://www.xeno-canto.org/557182,mallar3/XC557182.ogg
mallar3,[],"['flight call', 'nocturnal flight call']",48.845,1.9989,Anas platyrhynchos,Mallard,Stanislas Wroza,Creative Commons Attribution-NonCommercial-ShareAlike 4.0,5.0,02:00,https://www.xeno-canto.org/557183,mallar3/XC557183.ogg
mallar3,[],"['flight call', 'male', 'nocturnal flight call']",48.845,1.9989,Anas platyrhynchos,Mallard,Stanislas Wroza,Creative Commons Attribution-NonCommercial-ShareAlike 4.0,0.0,02:00,https://www.xeno-canto.org/557184,mallar3/XC557184.ogg
mallar3,[],['nocturnal flight call'],44.8584,4.949,Anas platyrhynchos,Mallard,Adrien CHARBONNEAU,Creative Commons Attribution-NonCommercial-ShareAlike 4.0,0.0,00:28,https://www.xeno-canto.org/557294,mallar3/XC557294.ogg
mallar3,[],"['female', 'flight call', 'nocturnal flight call', 'wing beats']",51.9839,5.3368,Anas platyrhynchos,Mallard,Peter van Vlaardingen,Creative Commons Attribution-NonCommercial-ShareAlike 4.0,3.0,00:22,https://www.xeno-canto.org/560160,mallar3/XC560160.ogg
mallar3,[],"['adult', 'call', 'female']",38.5192,-6.118,Anas platyrhynchos,Mallard,Eduardo Realinho,Creative Commons Attribution-NonCommercial-ShareAlike 4.0,3.5,10:30,https://www.xeno-canto.org/562313,mallar3/XC562313.ogg
mallar3,"['cangoo', 'eurwig', 'gnwtea']","['call', 'female']",60.2146,25.01,Anas platyrhynchos,Mallard,Hannu Varkki,Creative Commons Attribution-NonCommercial-ShareAlike 4.0,4.5,05:00,https://www.xeno-canto.org/564170,mallar3/XC564170.ogg
mallar3,[],['flight call'],39.6216,-0.2614,Anas platyrhynchos,Mallard,jesus carrion,Creative Commons Attribution-NonCommercial-ShareAlike 4.0,4.5,21:38,https://www.xeno-canto.org/568207,mallar3/XC568207.ogg
mallar3,[],"['call', 'life stage uncertain', 'sex uncertain']",48.2741,10.8188,Anas platyrhynchos,Mallard,johannes buhl,Creative Commons Attribution-NonCommercial-ShareAlike 4.0,2.0,04:30,https://www.xeno-canto.org/568309,mallar3/XC568309.ogg
mallar3,[],['nocturnal flight call'],39.6216,-0.2614,Anas platyrhynchos,Mallard,jesus carrion,Creative Commons Attribution-NonCommercial-ShareAlike 4.0,3.0,05:48,https://www.xeno-canto.org/569984,mallar3/XC569984.ogg
mallar3,[],['flight call'],39.6216,-0.2614,Anas platyrhynchos,Mallard,jesus carrion,Creative Commons Attribution-NonCommercial-ShareAlike 4.0,4.0,07:47,https://www.xeno-canto.org/569986,mallar3/XC569986.ogg
mallar3,[],['call'],39.6216,-0.2614,Anas platyrhynchos,Mallard,jesus carrion,Creative Commons Attribution-NonCommercial-ShareAlike 4.0,3.5,09:11,https://www.xeno-canto.org/571428,mallar3/XC571428.ogg
mallar3,[],"['call', 'life stage uncertain', 'sex uncertain']",51.8865,-8.4876,Anas platyrhynchos,Mallard,Mr Mark Shorten,Creative Commons Attribution-NonCommercial-ShareAlike 4.0,3.5,11:00,https://www.xeno-canto.org/572541,mallar3/XC572541.ogg
mallar3,[],"['call', 'female', 'juvenile', 'male']",51.4213,5.4732,Anas platyrhynchos,Mallard,Jorge Leitão,Creative Commons Attribution-NonCommercial-ShareAlike 4.0,0.0,16:30,https://www.xeno-canto.org/573759,mallar3/XC573759.ogg
mallar3,[],['flight call'],60.5145,27.2754,Anas platyrhynchos,Mallard,Eetu Paljakka,Creative Commons Attribution-NonCommercial-ShareAlike 4.0,0.0,02:00,https://www.xeno-canto.org/573929,mallar3/XC573929.ogg
mallar3,[],['flight call'],60.5145,27.2754,Anas platyrhynchos,Mallard,Eetu Paljakka,Creative Commons Attribution-NonCommercial-ShareAlike 4.0,0.0,02:00,https://www.xeno-canto.org/573932,mallar3/XC573932.ogg
mallar3,[],"['call', 'life stage uncertain', 'sex uncertain']",52.404,17.0372,Anas platyrhynchos,Mallard,Sławomir Karpicki-Ignatowski,Creative Commons Attribution-NonCommercial-ShareAlike 4.0,3.0,11:30,https://www.xeno-canto.org/580400,mallar3/XC580400.ogg
mallar3,[],['uncertain'],45.9369,-0.6959,Anas platyrhynchos,Mallard,gianni enselme,Creative Commons Attribution-NonCommercial-ShareAlike 4.0,5.0,21:30,https://www.xeno-canto.org/583765,mallar3/XC583765.ogg
mallar3,[],"['flight call', 'sex uncertain']",40.7618,-3.7786,Anas platyrhynchos,Mallard,Oscar Vilches Mendoza,Creative Commons Attribution-NonCommercial-ShareAlike 4.0,2.5,06:00,https://www.xeno-canto.org/584158,mallar3/XC584158.ogg
mallar3,[],"['call', 'life stage uncertain', 'sex uncertain']",50.1072,18.9371,Anas platyrhynchos,Mallard,Ireneusz Oleksik,Creative Commons Attribution-NonCommercial-ShareAlike 4.0,2.5,19:55,https://www.xeno-canto.org/585459,mallar3/XC585459.ogg
mallar3,[],"['call', 'life stage uncertain', 'sex uncertain']",50.1072,18.9371,Anas platyrhynchos,Mallard,Ireneusz Oleksik,Creative Commons Attribution-NonCommercial-ShareAlike 4.0,3.5,20:00,https://www.xeno-canto.org/585461,mallar3/XC585461.ogg
mallar3,[],['nocturnal flight call'],42.340284,2.48002,Anas platyrhynchos,Mallard,Oriol Baena,Creative Commons Attribution-NonCommercial-ShareAlike 3.0,3.0,21:10,https://www.xeno-canto.org/587833,mallar3/XC587833.ogg
mallar3,[],"['flight call', 'life stage uncertain', 'sex uncertain']",41.098,1.1598,Anas platyrhynchos,Mallard,Sidney M,Creative Commons Attribution-NonCommercial-ShareAlike 4.0,4.0,07:30,https://www.xeno-canto.org/589775,mallar3/XC589775.ogg
mallar3,[],['call'],48.7043,-2.9878,Anas platyrhynchos,Mallard,LE ROY Renaud,Creative Commons Attribution-NonCommercial-ShareAlike 4.0,3.0,01:00,https://www.xeno-canto.org/592036,mallar3/XC592036.ogg
mallar3,[],['nocturnal flight call'],53.5342,8.6032,Anas platyrhynchos,Mallard,Franck Hollander,Creative Commons Attribution-NonCommercial-ShareAlike 4.0,3.0,00:30,https://www.xeno-canto.org/595773,mallar3/XC595773.ogg
mallar3,[],['call'],23.8264,120.8024,Anas platyrhynchos,Mallard,Sunny Tseng,Creative Commons Attribution-NonCommercial-ShareAlike 4.0,5.0,08:00,https://www.xeno-canto.org/597129,mallar3/XC597129.ogg
mallar3,[],['call'],23.8264,120.8024,Anas platyrhynchos,Mallard,Sunny Tseng,Creative Commons Attribution-NonCommercial-ShareAlike 4.0,5.0,08:00,https://www.xeno-canto.org/597130,mallar3/XC597130.ogg
mallar3,[],"['flight call', 'male']",52.9734,0.5641,Anas platyrhynchos,Mallard,Calum Mckellar,Creative Commons Attribution-NonCommercial-ShareAlike 4.0,5.0,13:35,https://www.xeno-canto.org/597270,mallar3/XC597270.ogg
mallar3,[],['flight call'],51.8962,-8.5237,Anas platyrhynchos,Mallard,Mr Mark Shorten,Creative Commons Attribution-NonCommercial-ShareAlike 4.0,5.0,03:30,https://www.xeno-canto.org/598061,mallar3/XC598061.ogg
mallar3,[],['call'],50.709,15.9351,Anas platyrhynchos,Mallard,Romuald Mikusek,Creative Commons Attribution-NonCommercial-ShareAlike 4.0,5.0,05:45,https://www.xeno-canto.org/598280,mallar3/XC598280.ogg
mallar3,[],['call'],50.709,15.9351,Anas platyrhynchos,Mallard,Romuald Mikusek,Creative Commons Attribution-NonCommercial-ShareAlike 4.0,5.0,05:50,https://www.xeno-canto.org/598281,mallar3/XC598281.ogg
mallar3,[],['call'],51.3921,3.483,Anas platyrhynchos,Mallard,Ad Hilders,Creative Commons Attribution-NonCommercial-ShareAlike 4.0,3.0,23:16,https://www.xeno-canto.org/599748,mallar3/XC599748.ogg
mallar3,[],['call'],51.3921,3.483,Anas platyrhynchos,Mallard,Ad Hilders,Creative Commons Attribution-NonCommercial-ShareAlike 4.0,3.0,01:21,https://www.xeno-canto.org/599756,mallar3/XC599756.ogg
mallar3,[],['call'],51.3921,3.483,Anas platyrhynchos,Mallard,Ad Hilders,Creative Commons Attribution-NonCommercial-ShareAlike 4.0,3.0,04:06,https://www.xeno-canto.org/599760,mallar3/XC599760.ogg
mallar3,[],"['call', 'female']",46.5701,0.3261,Anas platyrhynchos,Mallard,Sophie Neill,Creative Commons Attribution-NonCommercial-ShareAlike 4.0,5.0,18:00,https://www.xeno-canto.org/600591,mallar3/XC600591.ogg
mallar3,[],['call'],51.3921,3.483,Anas platyrhynchos,Mallard,Ad Hilders,Creative Commons Attribution-NonCommercial-ShareAlike 4.0,3.0,23:07,https://www.xeno-canto.org/601597,mallar3/XC601597.ogg
mallar3,[],['call'],51.3921,3.483,Anas platyrhynchos,Mallard,Ad Hilders,Creative Commons Attribution-NonCommercial-ShareAlike 4.0,3.0,01:02,https://www.xeno-canto.org/601600,mallar3/XC601600.ogg
mallar3,[],['call'],51.3921,3.483,Anas platyrhynchos,Mallard,Ad Hilders,Creative Commons Attribution-NonCommercial-ShareAlike 4.0,3.0,06:41,https://www.xeno-canto.org/601607,mallar3/XC601607.ogg
mallar3,[],['call'],51.3921,3.483,Anas platyrhynchos,Mallard,Ad Hilders,Creative Commons Attribution-NonCommercial-ShareAlike 4.0,3.0,06:57,https://www.xeno-canto.org/601609,mallar3/XC601609.ogg
mallar3,['norcar'],"['adult', 'call', 'male']",42.7052,-71.615,Anas platyrhynchos,Mallard,Christopher McPherson,Creative Commons Attribution-NonCommercial-ShareAlike 4.0,3.5,12:30,https://www.xeno-canto.org/601748,mallar3/XC601748.ogg
mallar3,[],['nocturnal flight call'],41.9919,1.5099,Anas platyrhynchos,Mallard,Lluís Brotons,Creative Commons Attribution-NonCommercial-ShareAlike 4.0,3.0,22:30,https://www.xeno-canto.org/602695,mallar3/XC602695.ogg
mallar3,[],['call'],60.2357,25.0058,Anas platyrhynchos,Mallard,Juha Saari,Creative Commons Attribution-NonCommercial-ShareAlike 4.0,5.0,19:39,https://www.xeno-canto.org/602904,mallar3/XC602904.ogg
mallar3,[],['nocturnal flight call'],51.3626,4.4419,Anas platyrhynchos,Mallard,Bram Vogels,Creative Commons Attribution-NonCommercial-ShareAlike 4.0,4.0,02:00,https://www.xeno-canto.org/603041,mallar3/XC603041.ogg
mallar3,[],"['adult', 'call', 'female', 'male']",56.1464,-3.9211,Anas platyrhynchos,Mallard,Paul Howden-Leach,Creative Commons Attribution-NonCommercial-ShareAlike 4.0,4.0,16:30,https://www.xeno-canto.org/603344,mallar3/XC603344.ogg
mallar3,[],"['adult', 'alarm call', 'call', 'female', 'male']",56.1464,-3.9211,Anas platyrhynchos,Mallard,Paul Howden-Leach,Creative Commons Attribution-NonCommercial-ShareAlike 4.0,4.0,17:00,https://www.xeno-canto.org/603346,mallar3/XC603346.ogg
mallar3,[],"['adult', 'call', 'female', 'male']",53.349,-1.7476,Anas platyrhynchos,Mallard,Paul Howden-Leach,Creative Commons Attribution-NonCommercial-ShareAlike 4.0,4.0,16:30,https://www.xeno-canto.org/603347,mallar3/XC603347.ogg
mallar3,[],"['adult', 'call', 'female', 'male']",49.0986,-123.1796,Anas platyrhynchos,Mallard,Peter Ward and Ken Hall,Creative Commons Attribution-NonCommercial-ShareAlike 4.0,4.5,10:00,https://www.xeno-canto.org/603723,mallar3/XC603723.ogg
mallar3,"['moudov', 'norpin']","['adult', 'audible wingbeats', 'call', 'sex uncertain']",32.084,-109.051,Anas platyrhynchos,Mallard,Richard E. Webster,Creative Commons Attribution-NonCommercial-ShareAlike 4.0,4.5,08:00,https://www.xeno-canto.org/607324,mallar3/XC607324.ogg
mallar3,[],['call'],52.1864,0.164,Anas platyrhynchos,Mallard,Ramya,Creative Commons Attribution-NonCommercial-ShareAlike 4.0,5.0,06:30,https://www.xeno-canto.org/610913,mallar3/XC610913.ogg
mallar3,[],"['call', 'female']",34.9534,135.7386,Anas platyrhynchos,Mallard,Anon Torimi,Creative Commons Attribution-NonCommercial-ShareAlike 4.0,3.5,09:55,https://www.xeno-canto.org/611836,mallar3/XC611836.ogg
mallar3,[],"['adult', 'call', 'female', 'male']",41.0499,-4.8133,Anas platyrhynchos,Mallard,Javier García Sáez,Creative Commons Attribution-NonCommercial-ShareAlike 4.0,5.0,18:00,https://www.xeno-canto.org/613118,mallar3/XC613118.ogg
mallar3,[],"['adult', 'call', 'female', 'male']",23.827,120.8015,Anas platyrhynchos,Mallard,Jerome Chie-Jen Ko,Creative Commons Attribution-NonCommercial-ShareAlike 4.0,4.5,08:52,https://www.xeno-canto.org/613457,mallar3/XC613457.ogg
mallar3,[],"['adult', 'alarm call', 'female']",-19.5655,169.3146,Anas platyrhynchos,Mallard,Dominik Maximilián Ramík,Creative Commons Attribution-NonCommercial-ShareAlike 4.0,5.0,06:00,https://www.xeno-canto.org/614591,mallar3/XC614591.ogg
mallar3,[],"['call', 'quacking']",48.7027,2.1156,Anas platyrhynchos,Mallard,Stanislas Wroza,Creative Commons Attribution-NonCommercial-ShareAlike 4.0,5.0,18:00,https://www.xeno-canto.org/615307,mallar3/XC615307.ogg
mallar3,[],"['alarm call', 'call', 'female', 'male', 'various calls']",48.7027,2.1156,Anas platyrhynchos,Mallard,Stanislas Wroza,Creative Commons Attribution-NonCommercial-ShareAlike 4.0,5.0,18:00,https://www.xeno-canto.org/615310,mallar3/XC615310.ogg
mallar3,[],"['call', 'female', 'laughter']",48.7027,2.1156,Anas platyrhynchos,Mallard,Stanislas Wroza,Creative Commons Attribution-NonCommercial-ShareAlike 4.0,5.0,18:00,https://www.xeno-canto.org/615311,mallar3/XC615311.ogg
mallar3,[],"['call', 'female', 'laughter']",48.7027,2.1156,Anas platyrhynchos,Mallard,Stanislas Wroza,Creative Commons Attribution-NonCommercial-ShareAlike 4.0,5.0,18:00,https://www.xeno-canto.org/615312,mallar3/XC615312.ogg
mallar3,[],"['call', 'female', 'flight call', 'male']",48.7027,2.1156,Anas platyrhynchos,Mallard,Stanislas Wroza,Creative Commons Attribution-NonCommercial-ShareAlike 4.0,5.0,08:00,https://www.xeno-canto.org/616021,mallar3/XC616021.ogg
mallar3,[],['call'],41.5564,1.8551,Anas platyrhynchos,Mallard,Jordi Calvet,Creative Commons Attribution-NonCommercial-ShareAlike 4.0,3.0,17:00,https://www.xeno-canto.org/616443,mallar3/XC616443.ogg
mallar3,[],"['flap wings', 'flight call']",39.6216,-0.2614,Anas platyrhynchos,Mallard,jesus carrion,Creative Commons Attribution-NonCommercial-ShareAlike 4.0,4.5,09:32,https://www.xeno-canto.org/616764,mallar3/XC616764.ogg
mallar3,[],['nocturnal flight call'],41.9919,1.5099,Anas platyrhynchos,Mallard,Lluís Brotons,Creative Commons Attribution-NonCommercial-ShareAlike 4.0,3.0,05:00,https://www.xeno-canto.org/617417,mallar3/XC617417.ogg
mallar3,[],['call'],51.8603,-8.2672,Anas platyrhynchos,Mallard,Irish Wildlife Sounds,Creative Commons Attribution-NonCommercial-ShareAlike 4.0,4.0,07:00,https://www.xeno-canto.org/618162,mallar3/XC618162.ogg
mallar3,[],"['call', 'female']",52.0062,4.8962,Anas platyrhynchos,Mallard,Albert Noorlander,Creative Commons Attribution-NonCommercial-ShareAlike 4.0,3.0,08:12,https://www.xeno-canto.org/618394,mallar3/XC618394.ogg
mallar3,[],"['adult', 'male', 'song']",52.5135,21.0734,Anas platyrhynchos,Mallard,Jarek Matusiak,Creative Commons Attribution-NonCommercial-ShareAlike 4.0,5.0,11:00,https://www.xeno-canto.org/618581,mallar3/XC618581.ogg
mallar3,[],"['People talking', 'nocturnal flight call']",41.9919,1.5099,Anas platyrhynchos,Mallard,Lluís Brotons,Creative Commons Attribution-NonCommercial-ShareAlike 4.0,2.0,01:00,https://www.xeno-canto.org/618673,mallar3/XC618673.ogg
mallar3,[],['call'],51.9528,4.9913,Anas platyrhynchos,Mallard,Albert Noorlander,Creative Commons Attribution-NonCommercial-ShareAlike 4.0,5.0,9:00,https://www.xeno-canto.org/619938,mallar3/XC619938.ogg
mallar3,[],"['call', 'life stage uncertain', 'sex uncertain']",51.8061,16.6513,Anas platyrhynchos,Mallard,Grzegorz Lorek,Creative Commons Attribution-NonCommercial-ShareAlike 4.0,5.0,19:40,https://www.xeno-canto.org/622859,mallar3/XC622859.ogg
mallar3,[],['call'],44.4244,8.8025,Anas platyrhynchos,Mallard,Luca Forneris,Creative Commons Attribution-NonCommercial-ShareAlike 4.0,4.0,06:02,https://www.xeno-canto.org/622981,mallar3/XC622981.ogg
mallar3,[],"['flight call', 'nocturnal flight call']",54.1818,-0.3203,Anas platyrhynchos,Mallard,Will Scott,Creative Commons Attribution-NonCommercial-ShareAlike 4.0,4.0,22:10,https://www.xeno-canto.org/623712,mallar3/XC623712.ogg
mallar3,[],"['call', 'male']",51.8585,-8.2699,Anas platyrhynchos,Mallard,Irish Wildlife Sounds,Creative Commons Attribution-NonCommercial-ShareAlike 4.0,5.0,9:00,https://www.xeno-canto.org/623914,mallar3/XC623914.ogg
mallar3,[],['nocturnal flight call'],41.9919,1.5099,Anas platyrhynchos,Mallard,Lluís Brotons,Creative Commons Attribution-NonCommercial-ShareAlike 4.0,4.0,22:00,https://www.xeno-canto.org/624203,mallar3/XC624203.ogg
mallar3,[],"['adult', 'female', 'flight call']",39.4709,-8.0205,Anas platyrhynchos,Mallard,Paulo Alves,Creative Commons Attribution-NonCommercial-ShareAlike 4.0,3.5,12:30,https://www.xeno-canto.org/624399,mallar3/XC624399.ogg
mallar3,[],"['call', 'male']",52.4099,-1.4177,Anas platyrhynchos,Mallard,Nikolay Sariev,Creative Commons Attribution-NonCommercial-ShareAlike 4.0,4.5,16:34,https://www.xeno-canto.org/625682,mallar3/XC625682.ogg
mallar3,[],"['call', 'male']",52.4471,-1.4666,Anas platyrhynchos,Mallard,Nikolay Sariev,Creative Commons Attribution-NonCommercial-ShareAlike 4.0,4.5,15:54,https://www.xeno-canto.org/625689,mallar3/XC625689.ogg
mallar3,['cangoo'],"['call', 'female', 'male']",52.4471,-1.4666,Anas platyrhynchos,Mallard,Nikolay Sariev,Creative Commons Attribution-NonCommercial-ShareAlike 4.0,4.5,14:31,https://www.xeno-canto.org/625699,mallar3/XC625699.ogg
mallar3,[],"['call', 'female', 'male']",52.4471,-1.4666,Anas platyrhynchos,Mallard,Nikolay Sariev,Creative Commons Attribution-NonCommercial-ShareAlike 4.0,4.5,14:28,https://www.xeno-canto.org/625701,mallar3/XC625701.ogg
mallar3,[],['call'],46.3329,0.8119,Anas platyrhynchos,Mallard,Olivier SWIFT,Creative Commons Attribution-NonCommercial-ShareAlike 4.0,5.0,22:05,https://www.xeno-canto.org/625717,mallar3/XC625717.ogg
mallar3,[],['call'],46.3329,0.8119,Anas platyrhynchos,Mallard,Olivier SWIFT,Creative Commons Attribution-NonCommercial-ShareAlike 4.0,5.0,22:21,https://www.xeno-canto.org/625718,mallar3/XC625718.ogg
mallar3,[],['nocturnal flight call'],51.6077,-0.1944,Anas platyrhynchos,Mallard,Samuel Levy,Creative Commons Attribution-NonCommercial-ShareAlike 4.0,4.0,00:30,https://www.xeno-canto.org/626020,mallar3/XC626020.ogg
mallar3,[],['nocturnal flight call'],51.6077,-0.1944,Anas platyrhynchos,Mallard,Samuel Levy,Creative Commons Attribution-NonCommercial-ShareAlike 4.0,3.0,03:00,https://www.xeno-canto.org/626309,mallar3/XC626309.ogg
mallar3,[],"['call', 'female', 'male']",51.7629,-1.2504,Anas platyrhynchos,Mallard,Michał Jezierski,Creative Commons Attribution-NonCommercial-ShareAlike 4.0,5.0,13:33,https://www.xeno-canto.org/626325,mallar3/XC626325.ogg
mallar3,[],"['flight call', 'nocturnal flight call']",54.1818,-0.3203,Anas platyrhynchos,Mallard,Will Scott,Creative Commons Attribution-NonCommercial-ShareAlike 4.0,4.0,19:44,https://www.xeno-canto.org/627286,mallar3/XC627286.ogg
mallar3,[],"['adult', 'call', 'duet', 'female']",51.1198,17.055,Anas platyrhynchos,Mallard,Adrianna Muszyńska,Creative Commons Attribution-NonCommercial-ShareAlike 4.0,3.0,15:52,https://www.xeno-canto.org/627459,mallar3/XC627459.ogg
mallar3,[],['nocturnal flight call'],50.7542,4.5672,Anas platyrhynchos,Mallard,Frederik Fluyt,Creative Commons Attribution-NonCommercial-ShareAlike 4.0,5.0,22:15,https://www.xeno-canto.org/627558,mallar3/XC627558.ogg
mallar3,[],"['adult', 'call']",50.8562,17.4519,Anas platyrhynchos,Mallard,Adrianna Muszyńska,Creative Commons Attribution-NonCommercial-ShareAlike 4.0,3.5,9:55,https://www.xeno-canto.org/628140,mallar3/XC628140.ogg
mallar3,[],"['adult', 'call', 'duet', 'female', 'male']",51.12,17.0544,Anas platyrhynchos,Mallard,Adrianna Muszyńska,Creative Commons Attribution-NonCommercial-ShareAlike 4.0,1.5,10:27,https://www.xeno-canto.org/628146,mallar3/XC628146.ogg
mallar3,[],['nocturnal flight call'],41.4875,2.3653,Anas platyrhynchos,Mallard,Feliu López i Gelats,Creative Commons Attribution-NonCommercial-ShareAlike 4.0,5.0,03:00,https://www.xeno-canto.org/628151,mallar3/XC628151.ogg
mallar3,[],['nocturnal flight call'],51.6077,-0.1944,Anas platyrhynchos,Mallard,Samuel Levy,Creative Commons Attribution-NonCommercial-ShareAlike 4.0,3.0,01:13,https://www.xeno-canto.org/628518,mallar3/XC628518.ogg
mallar3,[],['nocturnal flight call'],53.5342,8.6032,Anas platyrhynchos,Mallard,Franck Hollander,Creative Commons Attribution-NonCommercial-ShareAlike 4.0,5.0,04:00,https://www.xeno-canto.org/628770,mallar3/XC628770.ogg
mallar3,[],"['call', 'female', 'life stage uncertain', 'male']",32.6287,-116.923,Anas platyrhynchos,Mallard,Paul Marvin,Creative Commons Attribution-NonCommercial-ShareAlike 4.0,3.5,07:52,https://www.xeno-canto.org/629277,mallar3/XC629277.ogg
mallar3,[],"['adult', 'female', 'flight call']",32.6287,-116.923,Anas platyrhynchos,Mallard,Paul Marvin,Creative Commons Attribution-NonCommercial-ShareAlike 4.0,5.0,08:00,https://www.xeno-canto.org/629278,mallar3/XC629278.ogg
mallar3,[],"['adult', 'long call', 'sex uncertain']",31.34,-109.273,Anas platyrhynchos,Mallard,Richard E. Webster,Creative Commons Attribution-NonCommercial-ShareAlike 4.0,3.5,13:06,https://www.xeno-canto.org/629297,mallar3/XC629297.ogg
mallar3,[],['nocturnal flight call'],51.6077,-0.1944,Anas platyrhynchos,Mallard,Samuel Levy,Creative Commons Attribution-NonCommercial-ShareAlike 4.0,3.0,19:10,https://www.xeno-canto.org/629471,mallar3/XC629471.ogg
mallar3,[],"['call', 'female', 'flight call', 'male']",52.4698,-1.4661,Anas platyrhynchos,Mallard,Nikolay Sariev,Creative Commons Attribution-NonCommercial-ShareAlike 4.0,4.5,17:51,https://www.xeno-canto.org/629899,mallar3/XC629899.ogg
mallar3,[],['flight call'],51.9892,4.4694,Anas platyrhynchos,Mallard,Susanne Kuijpers,Creative Commons Attribution-NonCommercial-ShareAlike 4.0,3.0,23:29,https://www.xeno-canto.org/630108,mallar3/XC630108.ogg
mallar3,[],"['Greylag goose wing flapping', 'adult', 'call', 'male']",57.0127,-6.2794,Anas platyrhynchos,Mallard,Sean Morris,Creative Commons Attribution-NonCommercial-ShareAlike 4.0,3.5,00:00,https://www.xeno-canto.org/630268,mallar3/XC630268.ogg
mallar3,[],"['adult', 'call', 'flight call', 'sex uncertain', 'wing beats']",51.7615,16.6382,Anas platyrhynchos,Mallard,Grzegorz Lorek,Creative Commons Attribution-NonCommercial-ShareAlike 4.0,2.5,14:00,https://www.xeno-canto.org/630656,mallar3/XC630656.ogg
mallar3,[],"['adult', 'call', 'flight call', 'landing on the water', 'sex uncertain', 'wing beats']",51.7615,16.6382,Anas platyrhynchos,Mallard,Grzegorz Lorek,Creative Commons Attribution-NonCommercial-ShareAlike 4.0,4.0,14:30,https://www.xeno-canto.org/630662,mallar3/XC630662.ogg
mallar3,[],"['adult', 'call', 'flight call', 'landing on the water', 'sex uncertain']",51.7615,16.6382,Anas platyrhynchos,Mallard,Grzegorz Lorek,Creative Commons Attribution-NonCommercial-ShareAlike 4.0,4.0,14:35,https://www.xeno-canto.org/630664,mallar3/XC630664.ogg
mallar3,[],"['adult', 'call', 'flight call', 'landing on the water', 'sex uncertain', 'wing beats']",51.7615,16.6382,Anas platyrhynchos,Mallard,Grzegorz Lorek,Creative Commons Attribution-NonCommercial-ShareAlike 4.0,4.0,14:40,https://www.xeno-canto.org/630666,mallar3/XC630666.ogg
mallar3,[],"['adult', 'call', 'flight call', 'male']",32.564,-117.1256,Anas platyrhynchos,Mallard,Paul Marvin,Creative Commons Attribution-NonCommercial-ShareAlike 4.0,4.0,07:53,https://www.xeno-canto.org/630772,mallar3/XC630772.ogg
mallar3,[],"['flight call', 'nocturnal flight call']",50.7542,4.5672,Anas platyrhynchos,Mallard,Frederik Fluyt,Creative Commons Attribution-NonCommercial-ShareAlike 4.0,4.0,02:00,https://www.xeno-canto.org/631460,mallar3/XC631460.ogg
mallar3,[],"['adult', 'flight call', 'sex uncertain']",51.9892,4.4694,Anas platyrhynchos,Mallard,Susanne Kuijpers,Creative Commons Attribution-NonCommercial-ShareAlike 4.0,4.5,04:25,https://www.xeno-canto.org/631555,mallar3/XC631555.ogg
mallar3,[],"['adult', 'flight call', 'nocturnal flight call', 'sex uncertain']",51.9892,4.4694,Anas platyrhynchos,Mallard,Susanne Kuijpers,Creative Commons Attribution-NonCommercial-ShareAlike 4.0,5.0,22:35,https://www.xeno-canto.org/631882,mallar3/XC631882.ogg
mallar3,[],['nocturnal flight call'],45.368,10.2179,Anas platyrhynchos,Mallard,Paolo Zucca,Creative Commons Attribution-NonCommercial-ShareAlike 4.0,3.0,01:30,https://www.xeno-canto.org/633453,mallar3/XC633453.ogg
mallar3,[],"['adult', 'call', 'female', 'flight call']",42.3524,-71.2164,Anas platyrhynchos,Mallard,Matthew Sabourin,Creative Commons Attribution-NonCommercial-ShareAlike 4.0,4.0,23:00,https://www.xeno-canto.org/633629,mallar3/XC633629.ogg
mallar3,[],['nocturnal flight call'],48.7043,-2.9878,Anas platyrhynchos,Mallard,LE ROY Renaud,Creative Commons Attribution-NonCommercial-ShareAlike 4.0,3.0,05:30,https://www.xeno-canto.org/634630,mallar3/XC634630.ogg
mallar3,[],['nocturnal flight call'],48.7043,-2.9878,Anas platyrhynchos,Mallard,LE ROY Renaud,Creative Commons Attribution-NonCommercial-ShareAlike 4.0,3.0,05:30,https://www.xeno-canto.org/634631,mallar3/XC634631.ogg
mallar3,[],['nocturnal flight call'],48.7043,-2.9878,Anas platyrhynchos,Mallard,LE ROY Renaud,Creative Commons Attribution-NonCommercial-ShareAlike 4.0,3.0,01:30,https://www.xeno-canto.org/634632,mallar3/XC634632.ogg
mallar3,[],"['adult', 'flight call', 'sex uncertain']",51.9892,4.4694,Anas platyrhynchos,Mallard,Susanne Kuijpers,Creative Commons Attribution-NonCommercial-ShareAlike 4.0,5.0,22:34,https://www.xeno-canto.org/635133,mallar3/XC635133.ogg
mallar3,[],"['adult', 'call', 'nocturnal flight call', 'sex uncertain']",51.9892,4.4694,Anas platyrhynchos,Mallard,Susanne Kuijpers,Creative Commons Attribution-NonCommercial-ShareAlike 4.0,5.0,03:51,https://www.xeno-canto.org/635430,mallar3/XC635430.ogg
mallar3,[],"['call', 'flight call', 'wingbeats']",50.6359,3.17,Anas platyrhynchos,Mallard,Adrien Mauss,Creative Commons Attribution-NonCommercial-ShareAlike 4.0,4.5,01:01,https://www.xeno-canto.org/635709,mallar3/XC635709.ogg
mallar3,['skylar'],"['female', 'flight call']",58.3015,26.7376,Anas platyrhynchos,Mallard,Uku Paal,Creative Commons Attribution-NonCommercial-ShareAlike 4.0,2.5,07:00,https://www.xeno-canto.org/635777,mallar3/XC635777.ogg
mallar3,[],"['call', 'female']",51.8503,-8.2943,Anas platyrhynchos,Mallard,Irish Wildlife Sounds,Creative Commons Attribution-NonCommercial-ShareAlike 4.0,5.0,9:00,https://www.xeno-canto.org/636132,mallar3/XC636132.ogg
mallar3,[],['call'],51.8585,-8.2699,Anas platyrhynchos,Mallard,Irish Wildlife Sounds,Creative Commons Attribution-NonCommercial-ShareAlike 4.0,5.0,9:00,https://www.xeno-canto.org/636187,mallar3/XC636187.ogg
mallar3,[],['call'],51.8585,-8.2699,Anas platyrhynchos,Mallard,Irish Wildlife Sounds,Creative Commons Attribution-NonCommercial-ShareAlike 4.0,5.0,3:00,https://www.xeno-canto.org/637537,mallar3/XC637537.ogg
mallar3,[],['nocturnal flight call'],51.3532,-0.1461,Anas platyrhynchos,Mallard,Arjun Dutta,Creative Commons Attribution-NonCommercial-ShareAlike 4.0,4.0,23:30,https://www.xeno-canto.org/638301,mallar3/XC638301.ogg
mallar3,[],['call'],45.9458,1.353,Anas platyrhynchos,Mallard,Maxence Fouillade,Creative Commons Attribution-NonCommercial-ShareAlike 4.0,4.5,20:00,https://www.xeno-canto.org/638695,mallar3/XC638695.ogg
mallar3,[],"['adult', 'call', 'male']",51.4768,-0.2351,Anas platyrhynchos,Mallard,Shailesh Patel,Creative Commons Attribution-NonCommercial-ShareAlike 4.0,5.0,07:00,https://www.xeno-canto.org/638715,mallar3/XC638715.ogg
mallar3,['gnwtea'],"['call', 'display', 'female', 'male']",60.2183,25.1208,Anas platyrhynchos,Mallard,Hannu Varkki,Creative Commons Attribution-NonCommercial-ShareAlike 4.0,4.5,08:20,https://www.xeno-canto.org/639716,mallar3/XC639716.ogg
mallar3,[],"['adult', 'flight call']",50.5796,-1.2984,Anas platyrhynchos,Mallard,Jon Sparshott,Creative Commons Attribution-NonCommercial-ShareAlike 4.0,1.5,08:55,https://www.xeno-canto.org/640634,mallar3/XC640634.ogg
mallar3,[],"['flight call', 'nocturnal flight call']",54.1818,-0.3203,Anas platyrhynchos,Mallard,Will Scott,Creative Commons Attribution-NonCommercial-ShareAlike 4.0,4.0,21:00,https://www.xeno-canto.org/640799,mallar3/XC640799.ogg
mallar3,[],"['call', 'nocturnal flight call']",48.6825,2.4771,Anas platyrhynchos,Mallard,julien Rochefort,Creative Commons Attribution-NonCommercial-ShareAlike 4.0,5.0,03:19,https://www.xeno-canto.org/641561,mallar3/XC641561.ogg
mallar3,[],"['flight call', 'nocturnal flight call']",43.3448,-1.8045,Anas platyrhynchos,Mallard,David Santamaría Urbano,Creative Commons Attribution-NonCommercial-ShareAlike 4.0,5.0,23:30,https://www.xeno-canto.org/643216,mallar3/XC643216.ogg
mallar3,[],['flight call'],63.501,19.4221,Anas platyrhynchos,Mallard,Lars Edenius,Creative Commons Attribution-NonCommercial-ShareAlike 4.0,5.0,22:00,https://www.xeno-canto.org/644228,mallar3/XC644228.ogg
mallar3,[],['flight call'],63.501,19.4221,Anas platyrhynchos,Mallard,Lars Edenius,Creative Commons Attribution-NonCommercial-ShareAlike 4.0,5.0,06:00,https://www.xeno-canto.org/644229,mallar3/XC644229.ogg
mallar3,['gnwtea'],['flight call'],63.4616,19.6267,Anas platyrhynchos,Mallard,Lars Edenius,Creative Commons Attribution-NonCommercial-ShareAlike 4.0,4.5,22:00,https://www.xeno-canto.org/644269,mallar3/XC644269.ogg
mallar3,[],"['call', 'female']",58.6397,16.7958,Anas platyrhynchos,Mallard,Hans Norelius,Creative Commons Attribution-NonCommercial-ShareAlike 4.0,3.0,03:57,https://www.xeno-canto.org/644434,mallar3/XC644434.ogg
mallar3,[],['flight call'],50.5146,3.4254,Anas platyrhynchos,Mallard,Bernard Collet,Creative Commons Attribution-NonCommercial-ShareAlike 4.0,4.0,11:11,https://www.xeno-canto.org/644630,mallar3/XC644630.ogg
mallar3,[],"['adult', 'female']",51.947,4.9996,Anas platyrhynchos,Mallard,Albert Noorlander,Creative Commons Attribution-NonCommercial-ShareAlike 4.0,4.0,10:45,https://www.xeno-canto.org/644695,mallar3/XC644695.ogg
mallar3,[],['call'],51.741,5.8035,Anas platyrhynchos,Mallard,Ad Hilders,Creative Commons Attribution-NonCommercial-ShareAlike 4.0,3.0,03:45,https://www.xeno-canto.org/646950,mallar3/XC646950.ogg
mallar3,[],['flight call'],49.9381,19.2249,Anas platyrhynchos,Mallard,Karol Łanocha,Creative Commons Attribution-NonCommercial-ShareAlike 4.0,3.0,18:40,https://www.xeno-canto.org/647885,mallar3/XC647885.ogg
mallar3,[],"['call', 'flight call']",51.664,5.5152,Anas platyrhynchos,Mallard,Ad Hilders,Creative Commons Attribution-NonCommercial-ShareAlike 4.0,3.0,22:08,https://www.xeno-canto.org/648249,mallar3/XC648249.ogg
mallar3,[],"['call', 'flight call']",51.664,5.5152,Anas platyrhynchos,Mallard,Ad Hilders,Creative Commons Attribution-NonCommercial-ShareAlike 4.0,3.0,22:32,https://www.xeno-canto.org/648250,mallar3/XC648250.ogg
mallar3,[],"['call', 'flight call']",51.664,5.5152,Anas platyrhynchos,Mallard,Ad Hilders,Creative Commons Attribution-NonCommercial-ShareAlike 4.0,3.0,00:42,https://www.xeno-canto.org/648255,mallar3/XC648255.ogg
mallar3,[],"['call', 'flight call']",51.664,5.5152,Anas platyrhynchos,Mallard,Ad Hilders,Creative Commons Attribution-NonCommercial-ShareAlike 4.0,3.0,01:47,https://www.xeno-canto.org/648258,mallar3/XC648258.ogg
mallar3,[],"['call', 'flight call']",51.664,5.5152,Anas platyrhynchos,Mallard,Ad Hilders,Creative Commons Attribution-NonCommercial-ShareAlike 4.0,3.0,01:56,https://www.xeno-canto.org/648259,mallar3/XC648259.ogg
mallar3,[],"['call', 'flight call']",51.664,5.5152,Anas platyrhynchos,Mallard,Ad Hilders,Creative Commons Attribution-NonCommercial-ShareAlike 4.0,3.0,02:55,https://www.xeno-canto.org/648265,mallar3/XC648265.ogg
mallar3,[],"['call', 'flight call']",51.664,5.5152,Anas platyrhynchos,Mallard,Ad Hilders,Creative Commons Attribution-NonCommercial-ShareAlike 4.0,3.0,04:49,https://www.xeno-canto.org/648293,mallar3/XC648293.ogg
mallar3,[],"['adult', 'flight call']",43.2392,-0.0517,Anas platyrhynchos,Mallard,Bernard BOUSQUET,Creative Commons Attribution-NonCommercial-ShareAlike 4.0,5.0,12:00,https://www.xeno-canto.org/648714,mallar3/XC648714.ogg
mallar3,[],"['adult', 'call', 'male']",52.0096,4.9051,Anas platyrhynchos,Mallard,Albert Noorlander,Creative Commons Attribution-NonCommercial-ShareAlike 4.0,5.0,09:45,https://www.xeno-canto.org/650944,mallar3/XC650944.ogg
mallar3,[],"['flight call', 'nocturnal flight call', 'wingbeats']",52.3559,4.9373,Anas platyrhynchos,Mallard,guus van duin,Creative Commons Attribution-NonCommercial-ShareAlike 4.0,4.0,03:40,https://www.xeno-canto.org/652421,mallar3/XC652421.ogg
mallar3,[],"['life stage uncertain', 'sex uncertain']",51.225,-2.978,Anas platyrhynchos,Mallard,Paul Bate,Creative Commons Attribution-NonCommercial-ShareAlike 4.0,2.5,04:00,https://www.xeno-canto.org/652514,mallar3/XC652514.ogg
mallar3,[],['call'],51.9991,4.1377,Anas platyrhynchos,Mallard,Ad Hilders,Creative Commons Attribution-NonCommercial-ShareAlike 4.0,3.0,06:41,https://www.xeno-canto.org/658170,mallar3/XC658170.ogg
mallar3,[],['call'],51.9991,4.1377,Anas platyrhynchos,Mallard,Ad Hilders,Creative Commons Attribution-NonCommercial-ShareAlike 4.0,3.0,21:02,https://www.xeno-canto.org/658197,mallar3/XC658197.ogg
mallar3,[],['call'],51.9991,4.1377,Anas platyrhynchos,Mallard,Ad Hilders,Creative Commons Attribution-NonCommercial-ShareAlike 4.0,3.0,06:22,https://www.xeno-canto.org/658220,mallar3/XC658220.ogg
mallar3,[],['call'],51.9991,4.1377,Anas platyrhynchos,Mallard,Ad Hilders,Creative Commons Attribution-NonCommercial-ShareAlike 4.0,3.0,06:35,https://www.xeno-canto.org/658221,mallar3/XC658221.ogg
mallar3,[],"['adult', 'call', 'male']",53.923,10.7032,Anas platyrhynchos,Mallard,Bartholomäus Dedersen,Creative Commons Attribution-NonCommercial-ShareAlike 4.0,5.0,14:30,https://www.xeno-canto.org/659518,mallar3/XC659518.ogg
mallar3,[],"['adult', 'call', 'female']",48.4637,-123.3755,Anas platyrhynchos,Mallard,Barry Edmonston,Creative Commons Attribution-NonCommercial-ShareAlike 4.0,5.0,17:00,https://www.xeno-canto.org/661079,mallar3/XC661079.ogg
mallar3,[],['call'],35.9328,126.7538,Anas platyrhynchos,Mallard,Byoungsoon Jang,Creative Commons Attribution-NonCommercial-ShareAlike 4.0,4.0,12:30,https://www.xeno-canto.org/661785,mallar3/XC661785.ogg
mallar3,[],"['call', 'life stage uncertain', 'sex uncertain']",55.6143,37.6789,Anas platyrhynchos,Mallard,Alexandra Vasilevskaya,Creative Commons Attribution-NonCommercial-ShareAlike 4.0,2.0,13:30,https://www.xeno-canto.org/664463,mallar3/XC664463.ogg
mallar3,[],"['Wing noise', 'call']",45.6123,-122.7352,Anas platyrhynchos,Mallard,Thomas Magarian,Creative Commons Attribution-NonCommercial-ShareAlike 4.0,4.0,14:58,https://www.xeno-canto.org/666547,mallar3/XC666547.ogg
masboo,[],"['call', 'female', 'male']",-15.8876,54.5191,Sula dactylatra,Masked Booby,Daniel Danckwerts,Creative Commons Attribution-NonCommercial-ShareAlike 4.0,4.0,11:00,https://www.xeno-canto.org/233857,masboo/XC233857.ogg
masboo,[],"['call', 'female', 'male']",-15.8876,54.5191,Sula dactylatra,Masked Booby,Daniel Danckwerts,Creative Commons Attribution-NonCommercial-ShareAlike 4.0,4.0,11:00,https://www.xeno-canto.org/233858,masboo/XC233858.ogg
masboo,[],"['call', 'female', 'male']",-15.8876,54.5191,Sula dactylatra,Masked Booby,Daniel Danckwerts,Creative Commons Attribution-NonCommercial-ShareAlike 4.0,4.0,11:00,https://www.xeno-canto.org/233859,masboo/XC233859.ogg
masboo,[],"['call', 'female', 'male']",-15.8876,54.5191,Sula dactylatra,Masked Booby,Daniel Danckwerts,Creative Commons Attribution-NonCommercial-ShareAlike 4.0,4.0,11:00,https://www.xeno-canto.org/233860,masboo/XC233860.ogg
masboo,[],"['call', 'female', 'male']",-15.8876,54.5191,Sula dactylatra,Masked Booby,Daniel Danckwerts,Creative Commons Attribution-NonCommercial-ShareAlike 4.0,4.0,11:00,https://www.xeno-canto.org/233861,masboo/XC233861.ogg
masboo,[],"['call', 'female', 'male']",-15.8876,54.5191,Sula dactylatra,Masked Booby,Daniel Danckwerts,Creative Commons Attribution-NonCommercial-ShareAlike 4.0,4.0,11:00,https://www.xeno-canto.org/233862,masboo/XC233862.ogg
masboo,[],"['call', 'female', 'male']",-15.8876,54.5191,Sula dactylatra,Masked Booby,Daniel Danckwerts,Creative Commons Attribution-NonCommercial-ShareAlike 4.0,4.0,11:00,https://www.xeno-canto.org/233863,masboo/XC233863.ogg
masboo,[],['Soundscape'],-15.8876,54.5191,Sula dactylatra,Masked Booby,Daniel Danckwerts,Creative Commons Attribution-NonCommercial-ShareAlike 4.0,4.0,11:00,https://www.xeno-canto.org/233864,masboo/XC233864.ogg
masboo,[],"['call', 'male']",-15.8876,54.5191,Sula dactylatra,Masked Booby,Daniel Danckwerts,Creative Commons Attribution-NonCommercial-ShareAlike 4.0,4.0,10:00,https://www.xeno-canto.org/233865,masboo/XC233865.ogg
masboo,[],"['begging call', 'call', 'female', 'juvenile', 'male']",-15.8876,54.5191,Sula dactylatra,Masked Booby,Daniel Danckwerts,Creative Commons Attribution-NonCommercial-ShareAlike 4.0,4.0,10:00,https://www.xeno-canto.org/233866,masboo/XC233866.ogg
masboo,[],"['begging call', 'call', 'female', 'juvenile', 'male']",-15.8876,54.5191,Sula dactylatra,Masked Booby,Daniel Danckwerts,Creative Commons Attribution-NonCommercial-ShareAlike 4.0,4.0,10:00,https://www.xeno-canto.org/233867,masboo/XC233867.ogg
masboo,[],"['begging call', 'call', 'female', 'juvenile', 'male']",-15.8876,54.5191,Sula dactylatra,Masked Booby,Daniel Danckwerts,Creative Commons Attribution-NonCommercial-ShareAlike 4.0,4.0,10:00,https://www.xeno-canto.org/233868,masboo/XC233868.ogg
masboo,[],"['begging call', 'call', 'female', 'juvenile', 'male']",-15.8876,54.5191,Sula dactylatra,Masked Booby,Daniel Danckwerts,Creative Commons Attribution-NonCommercial-ShareAlike 4.0,4.0,10:00,https://www.xeno-canto.org/233869,masboo/XC233869.ogg
masboo,[],"['begging call', 'call', 'female', 'juvenile', 'male']",-15.8876,54.5191,Sula dactylatra,Masked Booby,Daniel Danckwerts,Creative Commons Attribution-NonCommercial-ShareAlike 4.0,4.0,10:00,https://www.xeno-canto.org/233870,masboo/XC233870.ogg
masboo,[],"['begging call', 'call', 'female', 'juvenile', 'male']",-15.8876,54.5191,Sula dactylatra,Masked Booby,Daniel Danckwerts,Creative Commons Attribution-NonCommercial-ShareAlike 4.0,4.0,10:00,https://www.xeno-canto.org/233871,masboo/XC233871.ogg
masboo,[],"['begging call', 'call', 'female', 'juvenile', 'male']",-15.8876,54.5191,Sula dactylatra,Masked Booby,Daniel Danckwerts,Creative Commons Attribution-NonCommercial-ShareAlike 4.0,4.0,10:00,https://www.xeno-canto.org/233872,masboo/XC233872.ogg
masboo,[],['Soundscape'],-15.8876,54.5191,Sula dactylatra,Masked Booby,Daniel Danckwerts,Creative Commons Attribution-NonCommercial-ShareAlike 4.0,4.0,10:00,https://www.xeno-canto.org/233873,masboo/XC233873.ogg
masboo,[],"['call', 'female', 'male']",-15.8876,54.5191,Sula dactylatra,Masked Booby,Daniel Danckwerts,Creative Commons Attribution-NonCommercial-ShareAlike 4.0,4.0,16:00,https://www.xeno-canto.org/233874,masboo/XC233874.ogg
masboo,[],"['call', 'female', 'male']",-15.8876,54.5191,Sula dactylatra,Masked Booby,Daniel Danckwerts,Creative Commons Attribution-NonCommercial-ShareAlike 4.0,4.0,16:00,https://www.xeno-canto.org/233875,masboo/XC233875.ogg
masboo,[],"['call', 'female', 'male']",-15.8876,54.5191,Sula dactylatra,Masked Booby,Daniel Danckwerts,Creative Commons Attribution-NonCommercial-ShareAlike 4.0,4.0,16:00,https://www.xeno-canto.org/233876,masboo/XC233876.ogg
masboo,[],"['call', 'female', 'male']",-15.8876,54.5191,Sula dactylatra,Masked Booby,Daniel Danckwerts,Creative Commons Attribution-NonCommercial-ShareAlike 4.0,4.0,16:00,https://www.xeno-canto.org/233877,masboo/XC233877.ogg
masboo,[],"['call', 'female', 'male']",-15.8876,54.5191,Sula dactylatra,Masked Booby,Daniel Danckwerts,Creative Commons Attribution-NonCommercial-ShareAlike 4.0,4.0,16:00,https://www.xeno-canto.org/233878,masboo/XC233878.ogg
masboo,[],"['call', 'female', 'male']",-15.8876,54.5191,Sula dactylatra,Masked Booby,Daniel Danckwerts,Creative Commons Attribution-NonCommercial-ShareAlike 4.0,4.0,16:00,https://www.xeno-canto.org/233879,masboo/XC233879.ogg
masboo,[],"['call', 'female', 'male']",-15.8876,54.5191,Sula dactylatra,Masked Booby,Daniel Danckwerts,Creative Commons Attribution-NonCommercial-ShareAlike 4.0,4.0,16:00,https://www.xeno-canto.org/233880,masboo/XC233880.ogg
masboo,[],['song'],-3.85,-32.4167,Sula dactylatra,Masked Booby,JAYRSON ARAUJO DE OLIVEIRA,Creative Commons Attribution-NonCommercial-ShareAlike 4.0,5.0,7:57,https://www.xeno-canto.org/431271,masboo/XC431271.ogg
masboo,[],['call'],-29.0126,167.9619,Sula dactylatra,Masked Booby,Eric S. J. Tan,Creative Commons Attribution-NonCommercial-ShareAlike 4.0,5.0,16:30,https://www.xeno-canto.org/431820,masboo/XC431820.ogg
masboo,[],['call'],-29.0126,167.9619,Sula dactylatra,Masked Booby,Eric S. J. Tan,Creative Commons Attribution-NonCommercial-ShareAlike 4.0,5.0,16:30,https://www.xeno-canto.org/431821,masboo/XC431821.ogg
mauala,[],['call'],20.769,-156.237,Paroreomyza montana,Maui Alauahio,Thomas G. Graves,Creative Commons Attribution-NonCommercial-ShareAlike 4.0,4.0,16:23,https://www.xeno-canto.org/328226,mauala/XC328226.ogg
mauala,[],['call'],20.769,-156.237,Paroreomyza montana,Maui Alauahio,Ulf Elman,Creative Commons Attribution-NonCommercial-ShareAlike 4.0,4.0,12:29,https://www.xeno-canto.org/385058,mauala/XC385058.ogg
mauala,[],['call'],20.769,-156.237,Paroreomyza montana,Maui Alauahio,Todd Mark,Creative Commons Attribution-NonCommercial-ShareAlike 3.0,4.0,9:00,https://www.xeno-canto.org/75481,mauala/XC75481.ogg
maupar,"['apapan', 'iiwi']","['call', 'song']",20.7846,-156.2221,Pseudonestor xanthophrys,Maui Parrotbill,Brooks Rownd,Creative Commons Attribution-NonCommercial-ShareAlike 3.0,4.5,12:18,https://www.xeno-canto.org/123887,maupar/XC123887.ogg
merlin,[],['call'],47.795,-92.079,Falco columbarius,Merlin,Jonathon Jongsma,Creative Commons Attribution-ShareAlike 3.0,4.0,12:00,https://www.xeno-canto.org/101582,merlin/XC101582.ogg
merlin,[],"['alarm call', 'female', 'flight call']",69.542,18.444,Falco columbarius,Merlin,Stein Ø. Nilsen,Creative Commons Attribution-NonCommercial-ShareAlike 3.0,4.5,06:00,https://www.xeno-canto.org/137949,merlin/XC137949.ogg
merlin,[],"['alarm call', 'female', 'flight call']",69.542,18.444,Falco columbarius,Merlin,Stein Ø. Nilsen,Creative Commons Attribution-NonCommercial-ShareAlike 3.0,5.0,06:30,https://www.xeno-canto.org/137975,merlin/XC137975.ogg
merlin,[],['alarm call'],50.4594,70.0192,Falco columbarius,Merlin,Thijs Fijen,Creative Commons Attribution-NonCommercial-ShareAlike 3.0,4.0,18:00,https://www.xeno-canto.org/145139,merlin/XC145139.ogg
merlin,[],['alarm call'],50.4594,70.0192,Falco columbarius,Merlin,Thijs Fijen,Creative Commons Attribution-NonCommercial-ShareAlike 3.0,5.0,18:00,https://www.xeno-canto.org/145140,merlin/XC145140.ogg
merlin,[],['alarm call'],50.4594,70.0192,Falco columbarius,Merlin,Thijs Fijen,Creative Commons Attribution-NonCommercial-ShareAlike 3.0,5.0,18:00,https://www.xeno-canto.org/145141,merlin/XC145141.ogg
merlin,[],['alarm call'],50.4594,70.0192,Falco columbarius,Merlin,Thijs Fijen,Creative Commons Attribution-NonCommercial-ShareAlike 3.0,5.0,18:00,https://www.xeno-canto.org/145142,merlin/XC145142.ogg
merlin,[],"['call', 'juvenile']",51.641,-103.5359,Falco columbarius,Merlin,Ian Cruickshank,Creative Commons Attribution-NonCommercial-ShareAlike 3.0,4.0,15:30,https://www.xeno-canto.org/157463,merlin/XC157463.ogg
merlin,[],['alarm call'],62.0864,9.8014,Falco columbarius,Merlin,Elias A. Ryberg,Creative Commons Attribution-NonCommercial-ShareAlike 4.0,3.0,11:30,https://www.xeno-canto.org/172976,merlin/XC172976.ogg
merlin,[],['call'],19.2405,-99.4966,Falco columbarius,Merlin,Manuel Grosselet,Creative Commons Attribution-NonCommercial-ShareAlike 4.0,5.0,09:00,https://www.xeno-canto.org/175204,merlin/XC175204.ogg
merlin,[],['call'],69.5667,18.6001,Falco columbarius,Merlin,Stein Ø. Nilsen,Creative Commons Attribution-NonCommercial-ShareAlike 4.0,3.5,06:00,https://www.xeno-canto.org/176537,merlin/XC176537.ogg
merlin,['rinphe'],['alarm call'],44.4449,66.2821,Falco columbarius,Merlin,Albert Lastukhin,Creative Commons Attribution-NonCommercial-ShareAlike 4.0,2.5,07:00,https://www.xeno-canto.org/183106,merlin/XC183106.ogg
merlin,[],"['alarm call', 'call', 'female', 'male']",47.5755,-70.3932,Falco columbarius,Merlin,Martin St-Michel,Creative Commons Attribution-NonCommercial-ShareAlike 4.0,5.0,14:39,https://www.xeno-canto.org/186376,merlin/XC186376.ogg
merlin,[],['call'],61.124,-151.1033,Falco columbarius,Merlin,Garrett MacDonald,Creative Commons Attribution-NonCommercial-ShareAlike 4.0,4.0,12:06,https://www.xeno-canto.org/193658,merlin/XC193658.ogg
merlin,[],['call'],56.0883,-129.3039,Falco columbarius,Merlin,Richard E. Webster,Creative Commons Attribution-NonCommercial-ShareAlike 4.0,3.5,05:52,https://www.xeno-canto.org/195547,merlin/XC195547.ogg
merlin,[],['call'],56.0883,-129.3039,Falco columbarius,Merlin,Richard E. Webster,Creative Commons Attribution-NonCommercial-ShareAlike 4.0,3.5,05:52,https://www.xeno-canto.org/195548,merlin/XC195548.ogg
merlin,['bongul'],['call'],56.0883,-129.3039,Falco columbarius,Merlin,Richard E. Webster,Creative Commons Attribution-NonCommercial-ShareAlike 4.0,4.5,05:54,https://www.xeno-canto.org/195549,merlin/XC195549.ogg
merlin,['bongul'],['call'],56.0883,-129.3039,Falco columbarius,Merlin,Richard E. Webster,Creative Commons Attribution-NonCommercial-ShareAlike 4.0,4.5,05:57,https://www.xeno-canto.org/195550,merlin/XC195550.ogg
merlin,[],['call'],56.0883,-129.3039,Falco columbarius,Merlin,Richard E. Webster,Creative Commons Attribution-NonCommercial-ShareAlike 4.0,4.5,06:01,https://www.xeno-canto.org/195551,merlin/XC195551.ogg
merlin,[],['call'],56.0883,-129.3039,Falco columbarius,Merlin,Richard E. Webster,Creative Commons Attribution-NonCommercial-ShareAlike 4.0,3.5,06:03,https://www.xeno-canto.org/195552,merlin/XC195552.ogg
merlin,[],['call'],56.0883,-129.3039,Falco columbarius,Merlin,Richard E. Webster,Creative Commons Attribution-NonCommercial-ShareAlike 4.0,4.5,06:05,https://www.xeno-canto.org/195553,merlin/XC195553.ogg
merlin,[],['call'],56.0883,-129.3039,Falco columbarius,Merlin,Richard E. Webster,Creative Commons Attribution-NonCommercial-ShareAlike 4.0,3.5,06:11,https://www.xeno-canto.org/195554,merlin/XC195554.ogg
merlin,[],['call'],56.0883,-129.3039,Falco columbarius,Merlin,Richard E. Webster,Creative Commons Attribution-NonCommercial-ShareAlike 4.0,3.5,06:34,https://www.xeno-canto.org/195555,merlin/XC195555.ogg
merlin,[],['call'],56.0883,-129.3039,Falco columbarius,Merlin,Richard E. Webster,Creative Commons Attribution-NonCommercial-ShareAlike 4.0,4.5,06:40,https://www.xeno-canto.org/195556,merlin/XC195556.ogg
merlin,[],['call'],56.0883,-129.3039,Falco columbarius,Merlin,Richard E. Webster,Creative Commons Attribution-NonCommercial-ShareAlike 4.0,2.5,06:41,https://www.xeno-canto.org/195558,merlin/XC195558.ogg
merlin,[],['call'],47.0484,-122.995,Falco columbarius,Merlin,Micah Riegner,Creative Commons Attribution-NonCommercial-ShareAlike 4.0,4.0,14:30,https://www.xeno-canto.org/198635,merlin/XC198635.ogg
merlin,[],['call'],69.542,18.444,Falco columbarius,Merlin,Stein Ø. Nilsen,Creative Commons Attribution-NonCommercial-ShareAlike 4.0,4.0,07:00,https://www.xeno-canto.org/201354,merlin/XC201354.ogg
merlin,[],['call'],44.3211,-78.3264,Falco columbarius,Merlin,Iain,Creative Commons Attribution-NonCommercial-ShareAlike 4.0,1.5,07:30,https://www.xeno-canto.org/216630,merlin/XC216630.ogg
merlin,[],['call'],61.124,-151.1033,Falco columbarius,Merlin,Garrett MacDonald,Creative Commons Attribution-NonCommercial-ShareAlike 4.0,4.0,10:30,https://www.xeno-canto.org/283616,merlin/XC283616.ogg
merlin,[],['call'],40.7999,-124.1531,Falco columbarius,Merlin,Elias Aristides Elias,Creative Commons Attribution-NonCommercial-ShareAlike 4.0,3.0,08:23,https://www.xeno-canto.org/286682,merlin/XC286682.ogg
merlin,[],['call'],45.9768,-69.078,Falco columbarius,Merlin,Fraser Simpson,Creative Commons Attribution-NonCommercial-ShareAlike 4.0,5.0,12:57,https://www.xeno-canto.org/313348,merlin/XC313348.ogg
merlin,[],['call'],51.7259,-123.0067,Falco columbarius,Merlin,David Bradley,Creative Commons Attribution-NonCommercial-ShareAlike 4.0,4.5,08:00,https://www.xeno-canto.org/324188,merlin/XC324188.ogg
merlin,[],['alarm call'],42.4206,-72.0944,Falco columbarius,Merlin,Justin Lawson,Creative Commons Attribution-NonCommercial-ShareAlike 4.0,4.0,13:30,https://www.xeno-canto.org/326488,merlin/XC326488.ogg
merlin,[],['flight call'],58.7552,-94.1121,Falco columbarius,Merlin,Pritam Baruah,Creative Commons Attribution-NonCommercial-ShareAlike 4.0,5.0,12:00,https://www.xeno-canto.org/332445,merlin/XC332445.ogg
merlin,[],"['alarm call', 'flight call']",60.6426,11.1539,Falco columbarius,Merlin,Elias A. Ryberg,Creative Commons Attribution-NonCommercial-ShareAlike 4.0,0.5,17:45,https://www.xeno-canto.org/365406,merlin/XC365406.ogg
merlin,[],['call'],46.6562,-112.0365,Falco columbarius,Merlin,Thomas Magarian,Creative Commons Attribution-NonCommercial-ShareAlike 4.0,3.0,17:27,https://www.xeno-canto.org/371870,merlin/XC371870.ogg
merlin,[],['call'],46.6562,-112.0365,Falco columbarius,Merlin,Thomas Magarian,Creative Commons Attribution-NonCommercial-ShareAlike 4.0,4.0,17:31,https://www.xeno-canto.org/371871,merlin/XC371871.ogg
merlin,[],['call'],46.6562,-112.0365,Falco columbarius,Merlin,Thomas Magarian,Creative Commons Attribution-NonCommercial-ShareAlike 4.0,4.0,17:34,https://www.xeno-canto.org/371873,merlin/XC371873.ogg
merlin,[],['call'],46.6562,-112.0365,Falco columbarius,Merlin,Thomas Magarian,Creative Commons Attribution-NonCommercial-ShareAlike 4.0,4.0,17:40,https://www.xeno-canto.org/371874,merlin/XC371874.ogg
merlin,[],['call'],46.6562,-112.0365,Falco columbarius,Merlin,Thomas Magarian,Creative Commons Attribution-NonCommercial-ShareAlike 4.0,5.0,17:41,https://www.xeno-canto.org/371875,merlin/XC371875.ogg
merlin,[],['call'],46.6562,-112.0365,Falco columbarius,Merlin,Thomas Magarian,Creative Commons Attribution-NonCommercial-ShareAlike 4.0,5.0,17:43,https://www.xeno-canto.org/371876,merlin/XC371876.ogg
merlin,[],['call'],46.6562,-112.0365,Falco columbarius,Merlin,Thomas Magarian,Creative Commons Attribution-NonCommercial-ShareAlike 4.0,5.0,17:45,https://www.xeno-canto.org/371877,merlin/XC371877.ogg
merlin,[],"['alarm call', 'call']",53.3017,-60.3261,Falco columbarius,Merlin,Bronwen,Creative Commons Attribution-NonCommercial-ShareAlike 4.0,4.0,04:00,https://www.xeno-canto.org/379731,merlin/XC379731.ogg
merlin,[],"['alarm call', 'call']",53.3017,-60.3261,Falco columbarius,Merlin,Bronwen,Creative Commons Attribution-NonCommercial-ShareAlike 4.0,4.0,04:00,https://www.xeno-canto.org/379732,merlin/XC379732.ogg
merlin,[],['call'],47.657,-70.1522,Falco columbarius,Merlin,Simon Girard,Creative Commons Attribution-NonCommercial-ShareAlike 4.0,4.0,09:30,https://www.xeno-canto.org/381050,merlin/XC381050.ogg
merlin,[],"['alarm call', 'female', 'male']",69.3713,25.144,Falco columbarius,Merlin,Karl-Birger Strann,Creative Commons Attribution-NonCommercial-ShareAlike 4.0,4.0,17:00,https://www.xeno-canto.org/403176,merlin/XC403176.ogg
merlin,[],['Call from a male.'],53.567,-1.8697,Falco columbarius,Merlin,David Pennington,Creative Commons Attribution-NonCommercial-ShareAlike 4.0,3.0,11:00,https://www.xeno-canto.org/443915,merlin/XC443915.ogg
merlin,[],['call'],48.4673,-5.0894,Falco columbarius,Merlin,Stanislas Wroza,Creative Commons Attribution-NonCommercial-ShareAlike 4.0,0.0,09:00,https://www.xeno-canto.org/474563,merlin/XC474563.ogg
merlin,[],"['alarm call', 'call', 'female', 'male']",60.3013,-1.5369,Falco columbarius,Merlin,Andrew Harrop,Creative Commons Attribution-NonCommercial-ShareAlike 4.0,5.0,10:00,https://www.xeno-canto.org/481229,merlin/XC481229.ogg
merlin,[],['call'],63.9713,18.0553,Falco columbarius,Merlin,Lars Edenius,Creative Commons Attribution-NonCommercial-ShareAlike 4.0,5.0,06:00,https://www.xeno-canto.org/484598,merlin/XC484598.ogg
merlin,[],['call'],63.9713,18.0553,Falco columbarius,Merlin,Lars Edenius,Creative Commons Attribution-NonCommercial-ShareAlike 4.0,5.0,06:00,https://www.xeno-canto.org/484599,merlin/XC484599.ogg
merlin,[],['call'],63.9713,18.0553,Falco columbarius,Merlin,Lars Edenius,Creative Commons Attribution-NonCommercial-ShareAlike 4.0,5.0,05:00,https://www.xeno-canto.org/484823,merlin/XC484823.ogg
merlin,[],['call'],40.6052,-74.2495,Falco columbarius,Merlin,William Whitehead,Creative Commons Attribution-NonCommercial-ShareAlike 4.0,3.5,07:30,https://www.xeno-canto.org/499038,merlin/XC499038.ogg
merlin,[],['call'],40.5874,-74.2621,Falco columbarius,Merlin,William Whitehead,Creative Commons Attribution-NonCommercial-ShareAlike 4.0,5.0,07:00,https://www.xeno-canto.org/499793,merlin/XC499793.ogg
merlin,[],['call'],40.5874,-74.2621,Falco columbarius,Merlin,William Whitehead,Creative Commons Attribution-NonCommercial-ShareAlike 4.0,4.5,07:00,https://www.xeno-canto.org/499802,merlin/XC499802.ogg
merlin,[],['call'],67.12463,-154.33174,Falco columbarius,Merlin,"Betchkal, Davyd",Creative Commons Attribution-NonCommercial-ShareAlike 4.0,2.5,07:46:52,https://www.xeno-canto.org/535042,merlin/XC535042.ogg
merlin,[],['call'],67.20123,-154.53601,Falco columbarius,Merlin,"Betchkal, Davyd",Creative Commons Attribution-NonCommercial-ShareAlike 4.0,3.0,19:39:40,https://www.xeno-canto.org/535043,merlin/XC535043.ogg
merlin,[],['call'],58.60343,-155.84497,Falco columbarius,Merlin,"Betchkal, Davyd; Peterson,  Robert",Creative Commons Attribution-NonCommercial-ShareAlike 4.0,1.0,07:31:19,https://www.xeno-canto.org/535044,merlin/XC535044.ogg
merlin,[],"['adult', 'call', 'female', 'male']",47.9599,-122.2218,Falco columbarius,Merlin,Whitney Neufeld-Kaiser,Creative Commons Attribution-NonCommercial-ShareAlike 4.0,2.5,8:10,https://www.xeno-canto.org/549259,merlin/XC549259.ogg
merlin,[],"['adult', 'alarm call', 'female', 'juvenile']",60.2714,-1.4994,Falco columbarius,Merlin,Andrew Harrop,Creative Commons Attribution-NonCommercial-ShareAlike 4.0,5.0,09:30,https://www.xeno-canto.org/572978,merlin/XC572978.ogg
merlin,[],"['adult', 'call', 'juvenile']",40.1269,-85.675,Falco columbarius,Merlin,Don Gorney,Creative Commons Attribution-NonCommercial-ShareAlike 4.0,5.0,08:00,https://www.xeno-canto.org/583041,merlin/XC583041.ogg
merlin,[],"['adult', 'alarm call', 'call', 'male']",43.2049,-81.9621,Falco columbarius,Merlin,Scott Connop,Creative Commons Attribution-NonCommercial-ShareAlike 4.0,4.5,10:06,https://www.xeno-canto.org/585726,merlin/XC585726.ogg
merlin,[],"['call', 'juvenile', 'sex uncertain']",68.2413,-149.4265,Falco columbarius,Merlin,"Seth Beaudreault, Toolik Field Station",Creative Commons Attribution-NonCommercial-ShareAlike 4.0,4.0,09:00,https://www.xeno-canto.org/591354,merlin/XC591354.ogg
merlin,[],['alarm call'],59.8957,-1.347,Falco columbarius,Merlin,Andrew Harrop,Creative Commons Attribution-NonCommercial-ShareAlike 4.0,5.0,16:00,https://www.xeno-canto.org/597137,merlin/XC597137.ogg
merlin,[],"['adult', 'call', 'sex uncertain']",69.2088,-139.8382,Falco columbarius,Merlin,Logan McLeod,Creative Commons Attribution-NonCommercial-ShareAlike 4.0,4.0,07:15,https://www.xeno-canto.org/610279,merlin/XC610279.ogg
merlin,"['houfin', 'norcar']","['call', 'life stage uncertain', 'sex uncertain']",44.4818,-73.2091,Falco columbarius,Merlin,Jasper Barnes,Creative Commons Attribution-NonCommercial-ShareAlike 4.0,3.5,9:14,https://www.xeno-canto.org/637782,merlin/XC637782.ogg
merlin,[],"['adult', 'call', 'female']",42.0842,-79.2565,Falco columbarius,Merlin,Jim Berry,Creative Commons Attribution-NonCommercial-ShareAlike 4.0,5.0,09:30,https://www.xeno-canto.org/642023,merlin/XC642023.ogg
merlin,[],"['adult', 'call', 'sex uncertain']",57.0549,-6.3404,Falco columbarius,Merlin,Sean Morris,Creative Commons Attribution-NonCommercial-ShareAlike 4.0,3.0,09:00,https://www.xeno-canto.org/646218,merlin/XC646218.ogg
merlin,[],"['adult', 'call', 'flight call', 'sex uncertain']",57.0549,-6.3404,Falco columbarius,Merlin,Sean Morris,Creative Commons Attribution-NonCommercial-ShareAlike 4.0,2.5,09:07,https://www.xeno-canto.org/646219,merlin/XC646219.ogg
merlin,[],"['alarm call', 'female', 'flight call', 'male']",60.2714,-1.4994,Falco columbarius,Merlin,Andrew Harrop,Creative Commons Attribution-NonCommercial-ShareAlike 4.0,4.0,08:00,https://www.xeno-canto.org/652276,merlin/XC652276.ogg
merlin,[],"['adult', 'flight call', 'sex uncertain']",57.04,-6.333,Falco columbarius,Merlin,Sean Morris,Creative Commons Attribution-NonCommercial-ShareAlike 4.0,5.0,18:28,https://www.xeno-canto.org/658672,merlin/XC658672.ogg
merlin,[],['alarm call'],48.1164,-122.7748,Falco columbarius,Merlin,Steve Hampton,Creative Commons Attribution-NonCommercial-ShareAlike 4.0,4.5,08:00,https://www.xeno-canto.org/666136,merlin/XC666136.ogg
merlin,[],['alarm call'],48.1164,-122.7748,Falco columbarius,Merlin,Steve Hampton,Creative Commons Attribution-NonCommercial-ShareAlike 4.0,5.0,08:00,https://www.xeno-canto.org/666137,merlin/XC666137.ogg
merlin,[],['call'],47.795,-92.079,Falco columbarius,Merlin,Jonathon Jongsma,Creative Commons Attribution-ShareAlike 3.0,4.0,14:04,https://www.xeno-canto.org/77877,merlin/XC77877.ogg
mitpar,[],['flight call'],-13.152,-72.535,Psittacara mitratus,Mitred Parakeet,GABRIEL LEITE,Creative Commons Attribution-NonCommercial-ShareAlike 3.0,2.0,13:30,https://www.xeno-canto.org/121286,mitpar/XC121286.ogg
mitpar,[],['call'],25.661,-80.361,Psittacara mitratus,Mitred Parakeet,Mike Nelson,Creative Commons Attribution-NonCommercial-ShareAlike 3.0,4.0,09:00,https://www.xeno-canto.org/130933,mitpar/XC130933.ogg
mitpar,[],['call'],-6.6133,-77.811,Psittacara mitratus,Mitred Parakeet,Dan Lane,Creative Commons Attribution-NonCommercial-ShareAlike 3.0,4.0,12:30,https://www.xeno-canto.org/139420,mitpar/XC139420.ogg
mitpar,[],['call'],-6.5192,-77.8434,Psittacara mitratus,Mitred Parakeet,Dan Lane,Creative Commons Attribution-NonCommercial-ShareAlike 3.0,3.5,14:00,https://www.xeno-canto.org/139426,mitpar/XC139426.ogg
mitpar,[],['call'],-12.026,-74.849,Psittacara mitratus,Mitred Parakeet,Dan Lane,Creative Commons Attribution-NonCommercial-ShareAlike 3.0,4.0,06:30,https://www.xeno-canto.org/139471,mitpar/XC139471.ogg
mitpar,[],['call'],-12.026,-74.849,Psittacara mitratus,Mitred Parakeet,Dan Lane,Creative Commons Attribution-NonCommercial-ShareAlike 3.0,4.0,10:30,https://www.xeno-canto.org/139485,mitpar/XC139485.ogg
mitpar,[],['call'],-12.026,-74.849,Psittacara mitratus,Mitred Parakeet,Dan Lane,Creative Commons Attribution-NonCommercial-ShareAlike 3.0,4.0,11:00,https://www.xeno-canto.org/139486,mitpar/XC139486.ogg
mitpar,[],['call'],-12.026,-74.849,Psittacara mitratus,Mitred Parakeet,Dan Lane,Creative Commons Attribution-NonCommercial-ShareAlike 3.0,4.0,11:00,https://www.xeno-canto.org/139487,mitpar/XC139487.ogg
mitpar,[],['call'],-6.026,-78.401,Psittacara mitratus,Mitred Parakeet,Dan Lane,Creative Commons Attribution-NonCommercial-ShareAlike 3.0,3.0,09:00,https://www.xeno-canto.org/139506,mitpar/XC139506.ogg
mitpar,[],['call'],-13.1534,-72.5245,Psittacara mitratus,Mitred Parakeet,Dan Lane,Creative Commons Attribution-NonCommercial-ShareAlike 3.0,4.0,14:00,https://www.xeno-canto.org/139507,mitpar/XC139507.ogg
mitpar,[],['call'],-13.1534,-72.5245,Psittacara mitratus,Mitred Parakeet,Dan Lane,Creative Commons Attribution-NonCommercial-ShareAlike 3.0,4.0,14:00,https://www.xeno-canto.org/139508,mitpar/XC139508.ogg
mitpar,[],['call'],-18.102,-64.597,Psittacara mitratus,Mitred Parakeet,Dan Lane,Creative Commons Attribution-NonCommercial-ShareAlike 3.0,4.0,09:30,https://www.xeno-canto.org/139509,mitpar/XC139509.ogg
mitpar,[],['call'],-18.102,-64.597,Psittacara mitratus,Mitred Parakeet,Dan Lane,Creative Commons Attribution-NonCommercial-ShareAlike 3.0,4.0,10:00,https://www.xeno-canto.org/139510,mitpar/XC139510.ogg
mitpar,[],['call'],-12.037,-74.847,Psittacara mitratus,Mitred Parakeet,Dan Lane,Creative Commons Attribution-NonCommercial-ShareAlike 3.0,3.0,10:00,https://www.xeno-canto.org/139511,mitpar/XC139511.ogg
mitpar,[],['call'],-13.2362,-71.6051,Psittacara mitratus,Mitred Parakeet,Dan Lane,Creative Commons Attribution-NonCommercial-ShareAlike 3.0,4.0,12:30,https://www.xeno-canto.org/139512,mitpar/XC139512.ogg
mitpar,[],['call'],-13.2362,-71.6051,Psittacara mitratus,Mitred Parakeet,Dan Lane,Creative Commons Attribution-NonCommercial-ShareAlike 3.0,4.0,13:00,https://www.xeno-canto.org/139513,mitpar/XC139513.ogg
mitpar,[],['call'],-23.6834,-64.9001,Psittacara mitratus,Mitred Parakeet,Bernabe Lopez-Lanus,Creative Commons Attribution-NonCommercial-ShareAlike 3.0,3.0,11:00,https://www.xeno-canto.org/139609,mitpar/XC139609.ogg
mitpar,[],['call'],-23.6834,-64.9001,Psittacara mitratus,Mitred Parakeet,Bernabe Lopez-Lanus,Creative Commons Attribution-NonCommercial-ShareAlike 3.0,3.0,11:00,https://www.xeno-canto.org/139612,mitpar/XC139612.ogg
mitpar,[],['flight call'],-6.7083,-77.7967,Psittacara mitratus,Mitred Parakeet,Paul van Els,Creative Commons Attribution-NonCommercial-ShareAlike 3.0,4.0,13:00,https://www.xeno-canto.org/142282,mitpar/XC142282.ogg
mitpar,[],['flight call'],-6.7083,-77.7967,Psittacara mitratus,Mitred Parakeet,Paul van Els,Creative Commons Attribution-NonCommercial-ShareAlike 3.0,5.0,13:00,https://www.xeno-canto.org/142284,mitpar/XC142284.ogg
mitpar,[],['call'],-24.5284,-64.5675,Psittacara mitratus,Mitred Parakeet,Freddy Burgos Gallardo,Creative Commons Attribution-NonCommercial-ShareAlike 3.0,4.0,11:30,https://www.xeno-canto.org/144407,mitpar/XC144407.ogg
mitpar,[],['call'],-23.5834,-64.9001,Psittacara mitratus,Mitred Parakeet,Nick Athanas,Creative Commons Attribution-NonCommercial-ShareAlike 3.0,4.0,13:06,https://www.xeno-canto.org/14582,mitpar/XC14582.ogg
mitpar,[],['flight call'],-16.9306,-67.1764,Psittacara mitratus,Mitred Parakeet,Sjoerd Mayer,Creative Commons Attribution-NonCommercial-ShareAlike 3.0,4.5,8:10,https://www.xeno-canto.org/2041,mitpar/XC2041.ogg
mitpar,[],['flight call'],-16.8917,-67.1417,Psittacara mitratus,Mitred Parakeet,Sjoerd Mayer,Creative Commons Attribution-NonCommercial-ShareAlike 3.0,4.5,7:10,https://www.xeno-canto.org/2169,mitpar/XC2169.ogg
mitpar,[],"['Calls', 'perched', 'then flying off.']",-16.8917,-67.1417,Psittacara mitratus,Mitred Parakeet,Sjoerd Mayer,Creative Commons Attribution-NonCommercial-ShareAlike 3.0,4.5,7:40,https://www.xeno-canto.org/2174,mitpar/XC2174.ogg
mitpar,[],"['Calls', 'perched']",-16.8917,-67.1417,Psittacara mitratus,Mitred Parakeet,Sjoerd Mayer,Creative Commons Attribution-NonCommercial-ShareAlike 3.0,3.5,18:00,https://www.xeno-canto.org/2598,mitpar/XC2598.ogg
mitpar,[],['call'],-18.1109,-63.6027,Psittacara mitratus,Mitred Parakeet,Yoann BLANCHON,Creative Commons Attribution-NonCommercial-ShareAlike 4.0,4.0,09:30,https://www.xeno-canto.org/289838,mitpar/XC289838.ogg
mitpar,[],['feeding calls of flock'],-23.6834,-64.9167,Psittacara mitratus,Mitred Parakeet,Niels Krabbe,Creative Commons Attribution-NonCommercial-ShareAlike 3.0,5.0,17:00,https://www.xeno-canto.org/29115,mitpar/XC29115.ogg
mitpar,[],"['calls by pair perched on dead snag', 'possibly near nest']",-23.6834,-64.8834,Psittacara mitratus,Mitred Parakeet,Niels Krabbe,Creative Commons Attribution-NonCommercial-ShareAlike 3.0,5.0,18:05,https://www.xeno-canto.org/29116,mitpar/XC29116.ogg
mitpar,[],['calls by perched pair'],-23.6667,-64.9334,Psittacara mitratus,Mitred Parakeet,Niels Krabbe,Creative Commons Attribution-NonCommercial-ShareAlike 3.0,4.0,09:45,https://www.xeno-canto.org/29117,mitpar/XC29117.ogg
mitpar,[],['calls by perched pair'],-23.6667,-64.9334,Psittacara mitratus,Mitred Parakeet,Niels Krabbe,Creative Commons Attribution-NonCommercial-ShareAlike 3.0,4.0,06:55,https://www.xeno-canto.org/29118,mitpar/XC29118.ogg
mitpar,[],['call'],-16.8917,-67.1417,Psittacara mitratus,Mitred Parakeet,Ross Gallardy,Creative Commons Attribution-NonCommercial-ShareAlike 4.0,5.0,16:00,https://www.xeno-canto.org/296365,mitpar/XC296365.ogg
mitpar,[],['call'],-24.7317,-65.5024,Psittacara mitratus,Mitred Parakeet,Richard Dunn,Creative Commons Attribution-NonCommercial-ShareAlike 4.0,5.0,09:00,https://www.xeno-canto.org/346221,mitpar/XC346221.ogg
mitpar,[],"['call', 'flight call']",-17.7565,-63.1991,Psittacara mitratus,Mitred Parakeet,Guy Kirwan,Creative Commons Attribution-NonCommercial-ShareAlike 4.0,5.0,14:00,https://www.xeno-canto.org/350953,mitpar/XC350953.ogg
mitpar,[],"['call', 'flight call']",-17.7565,-63.1991,Psittacara mitratus,Mitred Parakeet,Guy Kirwan,Creative Commons Attribution-NonCommercial-ShareAlike 4.0,5.0,14:00,https://www.xeno-canto.org/350954,mitpar/XC350954.ogg
mitpar,[],['call'],-17.7565,-63.1991,Psittacara mitratus,Mitred Parakeet,Guy Kirwan,Creative Commons Attribution-NonCommercial-ShareAlike 4.0,5.0,17:30,https://www.xeno-canto.org/350956,mitpar/XC350956.ogg
mitpar,[],['call'],-17.7565,-63.1991,Psittacara mitratus,Mitred Parakeet,Guy Kirwan,Creative Commons Attribution-NonCommercial-ShareAlike 4.0,5.0,05:30,https://www.xeno-canto.org/350958,mitpar/XC350958.ogg
mitpar,[],['call'],-18.107,-63.599,Psittacara mitratus,Mitred Parakeet,Guy Kirwan,Creative Commons Attribution-NonCommercial-ShareAlike 4.0,3.5,06:30,https://www.xeno-canto.org/351187,mitpar/XC351187.ogg
mitpar,[],['call'],-24.879,-65.23,Psittacara mitratus,Mitred Parakeet,Niels Krabbe,Creative Commons Attribution-NonCommercial-ShareAlike 4.0,5.0,07:40,https://www.xeno-canto.org/399515,mitpar/XC399515.ogg
mitpar,[],['flight call'],-13.4632,-72.5423,Psittacara mitratus,Mitred Parakeet,Rolf A. de By,Creative Commons Attribution-NonCommercial-ShareAlike 4.0,4.5,06:54,https://www.xeno-canto.org/463198,mitpar/XC463198.ogg
mitpar,[],['flight call'],-13.4632,-72.5423,Psittacara mitratus,Mitred Parakeet,Rolf A. de By,Creative Commons Attribution-NonCommercial-ShareAlike 4.0,4.5,06:54,https://www.xeno-canto.org/463199,mitpar/XC463199.ogg
mitpar,[],['flight calls from flock'],-17.9334,-65.4001,Psittacara mitratus,Mitred Parakeet,Niels Krabbe,Creative Commons Attribution-NonCommercial-ShareAlike 3.0,5.0,.,https://www.xeno-canto.org/47084,mitpar/XC47084.ogg
mitpar,[],['flight calls from flock'],-17.8001,-65.5501,Psittacara mitratus,Mitred Parakeet,Niels Krabbe,Creative Commons Attribution-NonCommercial-ShareAlike 3.0,3.0,.,https://www.xeno-canto.org/47085,mitpar/XC47085.ogg
mitpar,[],['calls of 10 in flight'],-13.1667,-72.5501,Psittacara mitratus,Mitred Parakeet,Niels Krabbe,Creative Commons Attribution-NonCommercial-ShareAlike 3.0,3.5,.,https://www.xeno-canto.org/47204,mitpar/XC47204.ogg
mitpar,[],['call'],-23.7288,-64.8495,Psittacara mitratus,Mitred Parakeet,Mike Nelson,Creative Commons Attribution-NonCommercial-ShareAlike 3.0,5.0,3:00pm,https://www.xeno-canto.org/48500,mitpar/XC48500.ogg
mitpar,[],['call'],-22.193127,-63.94455,Psittacara mitratus,Mitred Parakeet,Bernabe Lopez-Lanus,Creative Commons Attribution-NonCommercial-ShareAlike 3.0,4.0,?:?,https://www.xeno-canto.org/51664,mitpar/XC51664.ogg
mitpar,[],['call'],-22.193127,-63.94455,Psittacara mitratus,Mitred Parakeet,Bernabe Lopez-Lanus,Creative Commons Attribution-NonCommercial-ShareAlike 3.0,4.0,?:?,https://www.xeno-canto.org/51665,mitpar/XC51665.ogg
mitpar,[],['call'],-22.193127,-63.94455,Psittacara mitratus,Mitred Parakeet,Bernabe Lopez-Lanus,Creative Commons Attribution-NonCommercial-ShareAlike 3.0,4.0,?:?,https://www.xeno-canto.org/51666,mitpar/XC51666.ogg
mitpar,[],['call'],-22.193127,-63.94455,Psittacara mitratus,Mitred Parakeet,Bernabe Lopez-Lanus,Creative Commons Attribution-NonCommercial-ShareAlike 3.0,4.0,?:?,https://www.xeno-canto.org/51667,mitpar/XC51667.ogg
mitpar,[],"['adult', 'call', 'sex uncertain']",47.5503,-122.2649,Psittacara mitratus,Mitred Parakeet,Whitney Neufeld-Kaiser,Creative Commons Attribution-NonCommercial-ShareAlike 4.0,4.5,08:00,https://www.xeno-canto.org/538052,mitpar/XC538052.ogg
mitpar,[],"['adult', 'call', 'female', 'juvenile', 'male']",25.6784,-80.4557,Psittacara mitratus,Mitred Parakeet,Sue Riffe,Creative Commons Attribution-NonCommercial-ShareAlike 4.0,5.0,15:45,https://www.xeno-canto.org/578512,mitpar/XC578512.ogg
mitpar,[],['Call'],-13.2989,-72.1189,Psittacara mitratus,Mitred Parakeet,Myornis,Creative Commons Attribution-NonCommercial-ShareAlike 3.0,2.5,xx:xx,https://www.xeno-canto.org/59464,mitpar/XC59464.ogg
mitpar,[],['Call'],-13.2989,-72.1189,Psittacara mitratus,Mitred Parakeet,Myornis,Creative Commons Attribution-NonCommercial-ShareAlike 3.0,3.0,xx:xx,https://www.xeno-canto.org/59465,mitpar/XC59465.ogg
mitpar,[],['flight call'],-13.2989,-72.1189,Psittacara mitratus,Mitred Parakeet,Myornis,Creative Commons Attribution-NonCommercial-ShareAlike 3.0,2.5,xx:xx,https://www.xeno-canto.org/59475,mitpar/XC59475.ogg
mitpar,[],['flight call'],-13.2989,-72.1189,Psittacara mitratus,Mitred Parakeet,Myornis,Creative Commons Attribution-NonCommercial-ShareAlike 3.0,2.5,xx:xx,https://www.xeno-canto.org/59476,mitpar/XC59476.ogg
mitpar,[],"['adult', 'call', 'female', 'flight call', 'male']",-24.7231,-65.5046,Psittacara mitratus,Mitred Parakeet,Rosendo Manuel Fraga,Creative Commons Attribution-NonCommercial-ShareAlike 4.0,5.0,10:30,https://www.xeno-canto.org/599244,mitpar/XC599244.ogg
mitpar,[],['flight call'],-18.1331,-63.8126,Psittacara mitratus,Mitred Parakeet,Dante Buzzetti,Creative Commons Attribution-NonCommercial-ShareAlike 4.0,4.0,11:47,https://www.xeno-canto.org/628870,mitpar/XC628870.ogg
mitpar,[],['call'],-18.1331,-63.8126,Psittacara mitratus,Mitred Parakeet,Dante Buzzetti,Creative Commons Attribution-NonCommercial-ShareAlike 4.0,4.0,12:40,https://www.xeno-canto.org/631874,mitpar/XC631874.ogg
mitpar,[],['flight call'],-18.1246,-63.805,Psittacara mitratus,Mitred Parakeet,Dante Buzzetti,Creative Commons Attribution-NonCommercial-ShareAlike 4.0,4.0,14:00,https://www.xeno-canto.org/631875,mitpar/XC631875.ogg
moudov,[],"['song', 'wing noise']",28.899,-81.808,Zenaida macroura,Mourning Dove,Andrew Spencer,Creative Commons Attribution-NonCommercial-ShareAlike 3.0,5.0,06:10,https://www.xeno-canto.org/109033,moudov/XC109033.ogg
moudov,[],['song'],39.698,-120.453,Zenaida macroura,Mourning Dove,Eric DeFonso,Creative Commons Attribution-NonCommercial-ShareAlike 3.0,4.0,06:44,https://www.xeno-canto.org/113829,moudov/XC113829.ogg
moudov,[],['call'],44.8298,-93.2462,Zenaida macroura,Mourning Dove,Jonathon Jongsma,Creative Commons Attribution-ShareAlike 3.0,3.5,08:16,https://www.xeno-canto.org/128006,moudov/XC128006.ogg
moudov,[],['call'],27.5597,-81.0127,Zenaida macroura,Mourning Dove,Mike Nelson,Creative Commons Attribution-NonCommercial-ShareAlike 3.0,3.5,10:00,https://www.xeno-canto.org/130936,moudov/XC130936.ogg
moudov,[],['call'],28.0649,-82.8278,Zenaida macroura,Mourning Dove,Mike Nelson,Creative Commons Attribution-NonCommercial-ShareAlike 3.0,3.5,08:00,https://www.xeno-canto.org/130937,moudov/XC130937.ogg
moudov,['houspa'],['song'],34.1966,-118.1334,Zenaida macroura,Mourning Dove,Eric DeFonso,Creative Commons Attribution-NonCommercial-ShareAlike 3.0,4.5,06:50,https://www.xeno-canto.org/131448,moudov/XC131448.ogg
moudov,[],['wing whirr'],39.6788,-120.3144,Zenaida macroura,Mourning Dove,Eric DeFonso,Creative Commons Attribution-NonCommercial-ShareAlike 3.0,4.0,07:07,https://www.xeno-canto.org/131560,moudov/XC131560.ogg
moudov,[],['call'],41.2042,-73.8861,Zenaida macroura,Mourning Dove,Daniel Parker,Creative Commons Attribution-NonCommercial-ShareAlike 3.0,2.5,9:00,https://www.xeno-canto.org/132681,moudov/XC132681.ogg
moudov,['houspa'],"['song', 'wing whistles']",40.043,-76.345,Zenaida macroura,Mourning Dove,Dan Lane,Creative Commons Attribution-NonCommercial-ShareAlike 3.0,3.5,10:30,https://www.xeno-canto.org/134188,moudov/XC134188.ogg
moudov,[],['nest-coo pair at potential nest-site'],40.1226,-75.0635,Zenaida macroura,Mourning Dove,Paul Driver,Creative Commons Attribution-NonCommercial-ShareAlike 3.0,4.0,09:00,https://www.xeno-canto.org/138056,moudov/XC138056.ogg
moudov,[],['song'],41.1267,-104.697,Zenaida macroura,Mourning Dove,GABRIEL LEITE,Creative Commons Attribution-NonCommercial-ShareAlike 3.0,4.0,08:30,https://www.xeno-canto.org/139840,moudov/XC139840.ogg
moudov,[],['song'],33.8438,-78.6105,Zenaida macroura,Mourning Dove,Bernard BOUSQUET,Creative Commons Attribution-NonCommercial-ShareAlike 3.0,3.5,08:30,https://www.xeno-canto.org/141215,moudov/XC141215.ogg
moudov,[],['song'],30.0801,-99.5027,Zenaida macroura,Mourning Dove,Mike Nelson,Creative Commons Attribution-NonCommercial-ShareAlike 3.0,4.0,13:30,https://www.xeno-canto.org/141497,moudov/XC141497.ogg
moudov,[],['song'],30.0801,-99.5027,Zenaida macroura,Mourning Dove,Mike Nelson,Creative Commons Attribution-NonCommercial-ShareAlike 3.0,4.0,14:00,https://www.xeno-canto.org/141498,moudov/XC141498.ogg
moudov,[],['song'],40.8881,-73.5851,Zenaida macroura,Mourning Dove,Albert & Max Lastukhin,Creative Commons Attribution-NonCommercial-ShareAlike 3.0,2.0,05:30,https://www.xeno-canto.org/142428,moudov/XC142428.ogg
moudov,[],['song'],31.9724,-109.3479,Zenaida macroura,Mourning Dove,Paul Marvin,Creative Commons Attribution-NonCommercial-ShareAlike 3.0,5.0,08:54,https://www.xeno-canto.org/153639,moudov/XC153639.ogg
moudov,[],"['song', 'wing sounds in flight']",32.6809,-116.8189,Zenaida macroura,Mourning Dove,Paul Marvin,Creative Commons Attribution-NonCommercial-ShareAlike 3.0,4.0,09:34,https://www.xeno-canto.org/153641,moudov/XC153641.ogg
moudov,[],['song'],30.1669,-85.0195,Zenaida macroura,Mourning Dove,Paul Marvin,Creative Commons Attribution-NonCommercial-ShareAlike 3.0,5.0,07:18,https://www.xeno-canto.org/153645,moudov/XC153645.ogg
moudov,[],['song'],30.8112,-85.2242,Zenaida macroura,Mourning Dove,Paul Marvin,Creative Commons Attribution-NonCommercial-ShareAlike 3.0,4.0,08:34,https://www.xeno-canto.org/153646,moudov/XC153646.ogg
moudov,[],"['song', 'wing sounds in flight']",24.696,-81.321,Zenaida macroura,Mourning Dove,Paul Marvin,Creative Commons Attribution-NonCommercial-ShareAlike 3.0,5.0,09:44,https://www.xeno-canto.org/153648,moudov/XC153648.ogg
moudov,[],['song'],28.5037,-80.9798,Zenaida macroura,Mourning Dove,Paul Marvin,Creative Commons Attribution-NonCommercial-ShareAlike 3.0,4.5,10:07,https://www.xeno-canto.org/153651,moudov/XC153651.ogg
moudov,[],['song'],44.8501,-67.1944,Zenaida macroura,Mourning Dove,Paul Marvin,Creative Commons Attribution-NonCommercial-ShareAlike 3.0,5.0,08:46,https://www.xeno-canto.org/153652,moudov/XC153652.ogg
moudov,[],['song'],29.8235,-99.5773,Zenaida macroura,Mourning Dove,Paul Marvin,Creative Commons Attribution-NonCommercial-ShareAlike 3.0,5.0,11:14,https://www.xeno-canto.org/153653,moudov/XC153653.ogg
moudov,[],['song'],44.5412,-72.8089,Zenaida macroura,Mourning Dove,Paul Marvin,Creative Commons Attribution-NonCommercial-ShareAlike 3.0,5.0,08:21,https://www.xeno-canto.org/153654,moudov/XC153654.ogg
moudov,['houfin'],['song'],41.1815,-73.8947,Zenaida macroura,Mourning Dove,Daniel Parker,Creative Commons Attribution-NonCommercial-ShareAlike 3.0,2.5,17:00,https://www.xeno-canto.org/161007,moudov/XC161007.ogg
moudov,[],['song'],41.1815,-73.8947,Zenaida macroura,Mourning Dove,Daniel Parker,Creative Commons Attribution-NonCommercial-ShareAlike 3.0,1.5,15:00,https://www.xeno-canto.org/161008,moudov/XC161008.ogg
moudov,[],['song'],51.7772,-103.5795,Zenaida macroura,Mourning Dove,Patrick Turgeon,Creative Commons Attribution-NonCommercial-ShareAlike 3.0,4.0,06:02,https://www.xeno-canto.org/164123,moudov/XC164123.ogg
moudov,"['houspa', 'ribgul']",['Song'],42.06393,-83.26104,Zenaida macroura,Mourning Dove,Allen T. Chartier,Creative Commons Attribution-NonCommercial-ShareAlike 3.0,2.5,?,https://www.xeno-canto.org/16936,moudov/XC16936.ogg
moudov,"['cangoo', 'rocpig']","['song', 'wing whistle']",40.0439,-105.1856,Zenaida macroura,Mourning Dove,Eric DeFonso,Creative Commons Attribution-NonCommercial-ShareAlike 4.0,3.5,08:32,https://www.xeno-canto.org/172439,moudov/XC172439.ogg
moudov,[],['wing noise'],28.3369,-80.6087,Zenaida macroura,Mourning Dove,Paul Marvin,Creative Commons Attribution-NonCommercial-ShareAlike 4.0,4.0,11:27,https://www.xeno-canto.org/177295,moudov/XC177295.ogg
moudov,[],"['song', 'wing whir']",35.0307,-120.6205,Zenaida macroura,Mourning Dove,Thomas G. Graves,Creative Commons Attribution-NonCommercial-ShareAlike 4.0,3.5,08:35,https://www.xeno-canto.org/178141,moudov/XC178141.ogg
moudov,[],"['call', 'song']",36.4744,-121.1864,Zenaida macroura,Mourning Dove,Thomas G. Graves,Creative Commons Attribution-NonCommercial-ShareAlike 4.0,2.5,10:47,https://www.xeno-canto.org/178531,moudov/XC178531.ogg
moudov,[],['flight call'],45.0287,-72.9243,Zenaida macroura,Mourning Dove,Martin St-Michel,Creative Commons Attribution-NonCommercial-ShareAlike 4.0,4.0,16:29,https://www.xeno-canto.org/179637,moudov/XC179637.ogg
moudov,[],['song'],45.0509,-72.8358,Zenaida macroura,Mourning Dove,Martin St-Michel,Creative Commons Attribution-NonCommercial-ShareAlike 4.0,5.0,04:40,https://www.xeno-canto.org/179721,moudov/XC179721.ogg
moudov,['norcar'],['song'],33.5488,-111.6431,Zenaida macroura,Mourning Dove,Tim Marquardt,Creative Commons Attribution-NonCommercial-ShareAlike 4.0,3.5,18:37,https://www.xeno-canto.org/183364,moudov/XC183364.ogg
moudov,[],"['Wing sound', 'male']",33.1972,-96.6398,Zenaida macroura,Mourning Dove,Brady S.,Creative Commons Attribution-NonCommercial-ShareAlike 4.0,4.0,8:00,https://www.xeno-canto.org/184581,moudov/XC184581.ogg
moudov,[],['nest-coo'],44.228,-68.312,Zenaida macroura,Mourning Dove,Paul Driver,Creative Commons Attribution-NonCommercial-ShareAlike 4.0,3.5,07:22,https://www.xeno-canto.org/187613,moudov/XC187613.ogg
moudov,['houfin'],"['song', 'wing sounds']",32.1999,-110.7666,Zenaida macroura,Mourning Dove,Dan Lane,Creative Commons Attribution-NonCommercial-ShareAlike 4.0,4.5,06:00,https://www.xeno-canto.org/196881,moudov/XC196881.ogg
moudov,[],['song'],40.0457,-105.1446,Zenaida macroura,Mourning Dove,Eric DeFonso,Creative Commons Attribution-NonCommercial-ShareAlike 4.0,4.5,05:42,https://www.xeno-canto.org/253387,moudov/XC253387.ogg
moudov,[],['song'],18.7915,-97.3204,Zenaida macroura,Mourning Dove,Manuel Grosselet,Creative Commons Attribution-NonCommercial-ShareAlike 4.0,4.0,08:00,https://www.xeno-canto.org/265409,moudov/XC265409.ogg
moudov,[],['song'],31.34,-109.273,Zenaida macroura,Mourning Dove,Richard E. Webster,Creative Commons Attribution-NonCommercial-ShareAlike 4.0,3.5,13:54,https://www.xeno-canto.org/268200,moudov/XC268200.ogg
moudov,['gamqua'],['song'],31.34,-109.273,Zenaida macroura,Mourning Dove,Richard E. Webster,Creative Commons Attribution-NonCommercial-ShareAlike 4.0,2.5,07:24,https://www.xeno-canto.org/268202,moudov/XC268202.ogg
moudov,['houfin'],['song'],31.906,-109.1543,Zenaida macroura,Mourning Dove,Richard E. Webster,Creative Commons Attribution-NonCommercial-ShareAlike 4.0,3.5,08:25,https://www.xeno-canto.org/268205,moudov/XC268205.ogg
moudov,['gamqua'],['song'],31.34,-109.273,Zenaida macroura,Mourning Dove,Richard E. Webster,Creative Commons Attribution-NonCommercial-ShareAlike 4.0,4.5,11:30,https://www.xeno-canto.org/268206,moudov/XC268206.ogg
moudov,['houfin'],['song'],31.34,-109.273,Zenaida macroura,Mourning Dove,Richard E. Webster,Creative Commons Attribution-NonCommercial-ShareAlike 4.0,4.5,09:10,https://www.xeno-canto.org/268207,moudov/XC268207.ogg
moudov,"['gamqua', 'moudov', 'normoc']",['song'],31.864,-109.047,Zenaida macroura,Mourning Dove,Richard E. Webster,Creative Commons Attribution-NonCommercial-ShareAlike 4.0,4.5,04:40,https://www.xeno-canto.org/268208,moudov/XC268208.ogg
moudov,['moudov'],['song'],31.872,-109.235,Zenaida macroura,Mourning Dove,Richard E. Webster,Creative Commons Attribution-NonCommercial-ShareAlike 4.0,4.5,05:03,https://www.xeno-canto.org/268209,moudov/XC268209.ogg
moudov,"['gamqua', 'houfin']",['song'],31.34,-109.273,Zenaida macroura,Mourning Dove,Richard E. Webster,Creative Commons Attribution-NonCommercial-ShareAlike 4.0,4.5,11:05,https://www.xeno-canto.org/268211,moudov/XC268211.ogg
moudov,"['houfin', 'normoc']",['song'],32.084,-109.051,Zenaida macroura,Mourning Dove,Richard E. Webster,Creative Commons Attribution-NonCommercial-ShareAlike 4.0,3.5,09:19,https://www.xeno-canto.org/268212,moudov/XC268212.ogg
moudov,[],['nest coo'],31.34,-109.273,Zenaida macroura,Mourning Dove,Richard E. Webster,Creative Commons Attribution-NonCommercial-ShareAlike 4.0,3.5,08:53,https://www.xeno-canto.org/268214,moudov/XC268214.ogg
moudov,"['gamqua', 'houfin']",['nest coo'],31.34,-109.273,Zenaida macroura,Mourning Dove,Richard E. Webster,Creative Commons Attribution-NonCommercial-ShareAlike 4.0,3.5,12:48,https://www.xeno-canto.org/268215,moudov/XC268215.ogg
moudov,"['houfin', 'moudov']",['nest coo'],31.34,-109.273,Zenaida macroura,Mourning Dove,Richard E. Webster,Creative Commons Attribution-NonCommercial-ShareAlike 4.0,4.5,08:42,https://www.xeno-canto.org/268216,moudov/XC268216.ogg
moudov,[],['call'],25.3922,-76.5648,Zenaida macroura,Mourning Dove,Jesse Fagan,Creative Commons Attribution-NonCommercial-ShareAlike 4.0,3.0,12:00,https://www.xeno-canto.org/277198,moudov/XC277198.ogg
moudov,[],['Wing noise in flight'],33.3672,-114.6766,Zenaida macroura,Mourning Dove,Eric Hough,Creative Commons Attribution-NonCommercial-ShareAlike 4.0,2.0,06:00,https://www.xeno-canto.org/282800,moudov/XC282800.ogg
moudov,['houfin'],['song'],32.6287,-116.923,Zenaida macroura,Mourning Dove,Paul Marvin,Creative Commons Attribution-NonCommercial-ShareAlike 4.0,3.5,08:57,https://www.xeno-canto.org/286962,moudov/XC286962.ogg
moudov,['houfin'],"['song', 'wing noise']",32.6287,-116.923,Zenaida macroura,Mourning Dove,Paul Marvin,Creative Commons Attribution-NonCommercial-ShareAlike 4.0,3.5,07:49,https://www.xeno-canto.org/286968,moudov/XC286968.ogg
moudov,[],['call'],56.7264,-111.3803,Zenaida macroura,Mourning Dove,Julie,Creative Commons Attribution-NonCommercial-ShareAlike 4.0,2.0,22:00,https://www.xeno-canto.org/295152,moudov/XC295152.ogg
moudov,[],['call'],56.7264,-111.3803,Zenaida macroura,Mourning Dove,Julie,Creative Commons Attribution-NonCommercial-ShareAlike 4.0,2.0,21:30,https://www.xeno-canto.org/295741,moudov/XC295741.ogg
moudov,[],['song'],23.848,-99.1151,Zenaida macroura,Mourning Dove,Manuel Grosselet,Creative Commons Attribution-NonCommercial-ShareAlike 4.0,4.0,14:30,https://www.xeno-canto.org/309695,moudov/XC309695.ogg
moudov,['houfin'],['Song'],43.1256,-82.6098,Zenaida macroura,Mourning Dove,Allen T. Chartier,Creative Commons Attribution-NonCommercial-ShareAlike 3.0,2.5,?,https://www.xeno-canto.org/31136,moudov/XC31136.ogg
moudov,['houfin'],['Song'],43.1256,-82.6098,Zenaida macroura,Mourning Dove,Allen T. Chartier,Creative Commons Attribution-NonCommercial-ShareAlike 3.0,2.5,?,https://www.xeno-canto.org/31137,moudov/XC31137.ogg
moudov,[],['Song'],43.1256,-82.6098,Zenaida macroura,Mourning Dove,Allen T. Chartier,Creative Commons Attribution-NonCommercial-ShareAlike 3.0,3.5,?,https://www.xeno-canto.org/31138,moudov/XC31138.ogg
moudov,[],"['Wing whir', 'song', 'wing flapping']",36.4744,-121.1864,Zenaida macroura,Mourning Dove,Thomas G. Graves,Creative Commons Attribution-NonCommercial-ShareAlike 4.0,3.5,10:10,https://www.xeno-canto.org/316787,moudov/XC316787.ogg
moudov,[],['song'],42.7865,-83.1459,Zenaida macroura,Mourning Dove,Antonio Xeira,Creative Commons Attribution-NonCommercial-ShareAlike 4.0,4.0,09:30,https://www.xeno-canto.org/318601,moudov/XC318601.ogg
moudov,[],['song'],41.0536,-73.5443,Zenaida macroura,Mourning Dove,Albert Lastukhin & Max Lastukhin ,Creative Commons Attribution-NonCommercial-ShareAlike 4.0,3.0,12:00,https://www.xeno-canto.org/325921,moudov/XC325921.ogg
moudov,[],['song'],41.0536,-73.5443,Zenaida macroura,Mourning Dove,Albert Lastukhin & Max Lastukhin ,Creative Commons Attribution-NonCommercial-ShareAlike 4.0,3.0,13:30,https://www.xeno-canto.org/325923,moudov/XC325923.ogg
moudov,"['houfin', 'normoc']",['song'],31.7216,-110.7209,Zenaida macroura,Mourning Dove,Nick Komar,Creative Commons Attribution-NonCommercial-ShareAlike 4.0,1.5,12:00,https://www.xeno-canto.org/326248,moudov/XC326248.ogg
moudov,[],['song'],42.7281,-83.199,Zenaida macroura,Mourning Dove,Antonio Xeira,Creative Commons Attribution-NonCommercial-ShareAlike 4.0,4.0,08:30,https://www.xeno-canto.org/329214,moudov/XC329214.ogg
moudov,[],['song'],48.635,-112.3305,Zenaida macroura,Mourning Dove,Thomas Magarian,Creative Commons Attribution-NonCommercial-ShareAlike 4.0,2.0,13:58,https://www.xeno-canto.org/349470,moudov/XC349470.ogg
moudov,[],['Wing noise'],48.635,-112.3305,Zenaida macroura,Mourning Dove,Thomas Magarian,Creative Commons Attribution-NonCommercial-ShareAlike 4.0,0.0,19:12,https://www.xeno-canto.org/349471,moudov/XC349471.ogg
moudov,[],['song'],34.2043,-118.1197,Zenaida macroura,Mourning Dove,Lance A. M. Benner,Creative Commons Attribution-NonCommercial-ShareAlike 4.0,0.0,08:50,https://www.xeno-canto.org/354052,moudov/XC354052.ogg
moudov,['houfin'],['song'],34.2043,-118.1197,Zenaida macroura,Mourning Dove,Lance A. M. Benner,Creative Commons Attribution-NonCommercial-ShareAlike 4.0,0.0,08:53,https://www.xeno-canto.org/354053,moudov/XC354053.ogg
moudov,[],"['male', 'song']",42.4462,-71.4134,Zenaida macroura,Mourning Dove,Melani Sleder,Creative Commons Attribution-NonCommercial-ShareAlike 4.0,2.0,08:30,https://www.xeno-canto.org/356774,moudov/XC356774.ogg
moudov,[],"['song', 'wingbeats']",26.5553,-98.068,Zenaida macroura,Mourning Dove,Dan Lane,Creative Commons Attribution-NonCommercial-ShareAlike 4.0,4.5,08:30,https://www.xeno-canto.org/368461,moudov/XC368461.ogg
moudov,[],['wingbeats'],26.5553,-98.068,Zenaida macroura,Mourning Dove,Dan Lane,Creative Commons Attribution-NonCommercial-ShareAlike 4.0,4.0,08:00,https://www.xeno-canto.org/368468,moudov/XC368468.ogg
moudov,[],['call'],22.518,-78.5189,Zenaida macroura,Mourning Dove,Barry Edmonston,Creative Commons Attribution-NonCommercial-ShareAlike 4.0,4.0,14:00,https://www.xeno-canto.org/379741,moudov/XC379741.ogg
moudov,[],['song'],25.7581,-98.7098,Zenaida macroura,Mourning Dove,Manuel Grosselet,Creative Commons Attribution-NonCommercial-ShareAlike 4.0,5.0,09:30,https://www.xeno-canto.org/381087,moudov/XC381087.ogg
moudov,[],['song'],25.7581,-98.7098,Zenaida macroura,Mourning Dove,Manuel Grosselet,Creative Commons Attribution-NonCommercial-ShareAlike 4.0,5.0,08:00,https://www.xeno-canto.org/381111,moudov/XC381111.ogg
moudov,[],['song'],25.7581,-98.7098,Zenaida macroura,Mourning Dove,Manuel Grosselet,Creative Commons Attribution-NonCommercial-ShareAlike 4.0,4.0,08:00,https://www.xeno-canto.org/381112,moudov/XC381112.ogg
moudov,[],['song'],30.6597,-104.1161,Zenaida macroura,Mourning Dove,Thomas Beverly,Creative Commons Attribution-NonCommercial-ShareAlike 4.0,0.0,16:00,https://www.xeno-canto.org/382741,moudov/XC382741.ogg
moudov,[],['song'],38.0266,-84.3217,Zenaida macroura,Mourning Dove,Antonio Xeira,Creative Commons Attribution-NonCommercial-ShareAlike 4.0,2.0,?,https://www.xeno-canto.org/384028,moudov/XC384028.ogg
moudov,[],"['Partial Coo', 'song']",42.7865,-83.1459,Zenaida macroura,Mourning Dove,Antonio Xeira,Creative Commons Attribution-NonCommercial-ShareAlike 4.0,4.0,09:00,https://www.xeno-canto.org/389084,moudov/XC389084.ogg
moudov,[],['Flight wings'],42.7865,-83.1459,Zenaida macroura,Mourning Dove,Antonio Xeira,Creative Commons Attribution-NonCommercial-ShareAlike 4.0,3.0,09:00,https://www.xeno-canto.org/390590,moudov/XC390590.ogg
moudov,[],['song'],44.2486,-83.4583,Zenaida macroura,Mourning Dove,Antonio Xeira,Creative Commons Attribution-NonCommercial-ShareAlike 4.0,4.0,?,https://www.xeno-canto.org/391151,moudov/XC391151.ogg
moudov,[],['Flying'],42.7865,-83.1459,Zenaida macroura,Mourning Dove,Antonio Xeira,Creative Commons Attribution-NonCommercial-ShareAlike 4.0,4.0,09:00,https://www.xeno-canto.org/404203,moudov/XC404203.ogg
moudov,[],['song'],42.0337,-79.4512,Zenaida macroura,Mourning Dove,Jim Berry,Creative Commons Attribution-NonCommercial-ShareAlike 4.0,5.0,10:30,https://www.xeno-canto.org/407859,moudov/XC407859.ogg
moudov,['norcar'],['call'],45.3854,-75.7571,Zenaida macroura,Mourning Dove,Dan Minor,Creative Commons Attribution-NonCommercial-ShareAlike 4.0,3.5,06:30,https://www.xeno-canto.org/412632,moudov/XC412632.ogg
moudov,[],['song'],42.3097,-76.5008,Zenaida macroura,Mourning Dove,GABRIEL LEITE,Creative Commons Attribution-NonCommercial-ShareAlike 4.0,3.0,08:00,https://www.xeno-canto.org/420888,moudov/XC420888.ogg
moudov,[],['song'],27.5691,-81.086,Zenaida macroura,Mourning Dove,Bruce Lagerquist,Creative Commons Attribution-NonCommercial-ShareAlike 4.0,4.5,06:30,https://www.xeno-canto.org/430095,moudov/XC430095.ogg
moudov,['houspa'],"['growl song', 'song']",27.1033,-109.4376,Zenaida macroura,Mourning Dove,Richard E. Webster,Creative Commons Attribution-NonCommercial-ShareAlike 4.0,3.5,13:45,https://www.xeno-canto.org/440853,moudov/XC440853.ogg
moudov,['norcar'],['song'],28.229,-80.813,Zenaida macroura,Mourning Dove,Paul Marvin,Creative Commons Attribution-NonCommercial-ShareAlike 4.0,4.5,10:07,https://www.xeno-canto.org/451819,moudov/XC451819.ogg
moudov,['norcar'],['song'],28.6869,-80.9271,Zenaida macroura,Mourning Dove,Paul Marvin,Creative Commons Attribution-NonCommercial-ShareAlike 4.0,3.5,07:41,https://www.xeno-canto.org/451916,moudov/XC451916.ogg
moudov,[],['song'],29.6689,-96.2668,Zenaida macroura,Mourning Dove,Paul Marvin,Creative Commons Attribution-NonCommercial-ShareAlike 4.0,3.5,09:08,https://www.xeno-canto.org/452603,moudov/XC452603.ogg
moudov,[],['song'],33.0174,-117.0248,Zenaida macroura,Mourning Dove,Paul Marvin,Creative Commons Attribution-NonCommercial-ShareAlike 4.0,3.5,07:20,https://www.xeno-canto.org/453070,moudov/XC453070.ogg
moudov,"['gamqua', 'houspa']",['song'],33.177,-115.6156,Zenaida macroura,Mourning Dove,Paul Marvin,Creative Commons Attribution-NonCommercial-ShareAlike 4.0,4.5,08:58,https://www.xeno-canto.org/459335,moudov/XC459335.ogg
moudov,[],"['song', 'wing sounds', 'short call']",18.0117,-67.0,Zenaida macroura,Mourning Dove,Daniel Lane,Creative Commons Attribution-NonCommercial-ShareAlike 3.0,4.5,16:15,https://www.xeno-canto.org/46669,moudov/XC46669.ogg
moudov,[],['wings'],41.9296,-82.5092,Zenaida macroura,Mourning Dove,David Darrell-Lambert,Creative Commons Attribution-NonCommercial-ShareAlike 4.0,5.0,16:30,https://www.xeno-canto.org/476933,moudov/XC476933.ogg
moudov,[],['song'],51.1645,-120.1254,Zenaida macroura,Mourning Dove,Sunny,Creative Commons Attribution-NonCommercial-ShareAlike 4.0,4.0,08:00,https://www.xeno-canto.org/493275,moudov/XC493275.ogg
moudov,"['bknsti', 'leasan']",['Wing beats'],32.2324,-109.8252,Zenaida macroura,Mourning Dove,Phoenix Birder,Creative Commons Attribution-NonCommercial-ShareAlike 4.0,4.5,06:54,https://www.xeno-canto.org/493300,moudov/XC493300.ogg
moudov,[],['Wingbeats'],31.815,-109.06,Zenaida macroura,Mourning Dove,Phoenix Birder,Creative Commons Attribution-NonCommercial-ShareAlike 4.0,4.5,17:29,https://www.xeno-canto.org/495471,moudov/XC495471.ogg
moudov,['cangoo'],"['Wing Whistle', 'flight call']",40.5874,-74.2621,Zenaida macroura,Mourning Dove,William Whitehead,Creative Commons Attribution-NonCommercial-ShareAlike 4.0,4.5,07:30,https://www.xeno-canto.org/518403,moudov/XC518403.ogg
moudov,[],"['sex uncertain', 'song']",14.3572,-87.6545,Zenaida macroura,Mourning Dove,Mario Reyes Jr,Creative Commons Attribution-NonCommercial-ShareAlike 4.0,2.5,06:30,https://www.xeno-canto.org/522348,moudov/XC522348.ogg
moudov,[],['song'],31.4312,-110.2366,Zenaida macroura,Mourning Dove,Jarrod Swackhamer,Creative Commons Attribution-NonCommercial-ShareAlike 4.0,0.0,11:30,https://www.xeno-canto.org/523306,moudov/XC523306.ogg
moudov,['houfin'],"['life stage uncertain', 'sex uncertain', 'song']",25.62,-109.0686,Zenaida macroura,Mourning Dove,Manuel Grosselet,Creative Commons Attribution-NonCommercial-ShareAlike 4.0,3.5,07:30,https://www.xeno-canto.org/534461,moudov/XC534461.ogg
moudov,"['norcar', 'normoc']",['song'],35.849,-84.151,Zenaida macroura,Mourning Dove,Mike Nelson,Creative Commons Attribution-NonCommercial-ShareAlike 3.0,3.5,8:30am,https://www.xeno-canto.org/53901,moudov/XC53901.ogg
moudov,['houfin'],['call'],34.0906,-117.7912,Zenaida macroura,Mourning Dove,Lance A. M. Benner,Creative Commons Attribution-NonCommercial-ShareAlike 4.0,0.0,13:03,https://www.xeno-canto.org/545012,moudov/XC545012.ogg
moudov,[],"['adult', 'sex uncertain', 'song']",39.7911,-93.5656,Zenaida macroura,Mourning Dove,Zeb Yoko,Creative Commons Attribution-NonCommercial-ShareAlike 4.0,3.5,09:30,https://www.xeno-canto.org/559693,moudov/XC559693.ogg
moudov,[],"['adult', 'sex uncertain', 'song']",31.9237,-81.0559,Zenaida macroura,Mourning Dove,Russ Wigh,Creative Commons Attribution-NonCommercial-ShareAlike 4.0,4.0,07:00,https://www.xeno-canto.org/562010,moudov/XC562010.ogg
moudov,[],['song'],44.8349,-93.374,Zenaida macroura,Mourning Dove,Michael Hurben,Creative Commons Attribution-NonCommercial-ShareAlike 4.0,3.0,08:00,https://www.xeno-canto.org/567994,moudov/XC567994.ogg
moudov,[],['call'],35.987,-87.145,Zenaida macroura,Mourning Dove,Brian Hendrix,Creative Commons Attribution-NonCommercial-ShareAlike 4.0,5.0,07:00,https://www.xeno-canto.org/572383,moudov/XC572383.ogg
moudov,[],"['life stage uncertain', 'sex uncertain', 'song']",37.3382,-121.8863,Zenaida macroura,Mourning Dove,Jim Hamilton,Creative Commons Attribution-NonCommercial-ShareAlike 4.0,0.0,05:30,https://www.xeno-canto.org/572594,moudov/XC572594.ogg
moudov,[],['song'],40.451,-73.996,Zenaida macroura,Mourning Dove,William Whitehead,Creative Commons Attribution-NonCommercial-ShareAlike 4.0,3.5,08:00,https://www.xeno-canto.org/574641,moudov/XC574641.ogg
moudov,[],"['life stage uncertain', 'sex uncertain', 'song']",14.3572,-87.6545,Zenaida macroura,Mourning Dove,Mario Reyes Jr,Creative Commons Attribution-NonCommercial-ShareAlike 4.0,3.5,07:00,https://www.xeno-canto.org/576068,moudov/XC576068.ogg
moudov,[],"['adult', 'sex uncertain', 'song']",14.3572,-87.6545,Zenaida macroura,Mourning Dove,Mario Reyes Jr,Creative Commons Attribution-NonCommercial-ShareAlike 4.0,4.5,07:00,https://www.xeno-canto.org/578752,moudov/XC578752.ogg
moudov,[],['song'],38.568,-121.763,Zenaida macroura,Mourning Dove,Steve Hampton,Creative Commons Attribution-NonCommercial-ShareAlike 4.0,5.0,06:00,https://www.xeno-canto.org/580701,moudov/XC580701.ogg
moudov,['gamqua'],"['adult', 'sex uncertain', 'song']",32.099,-113.2866,Zenaida macroura,Mourning Dove,Richard E. Webster,Creative Commons Attribution-NonCommercial-ShareAlike 4.0,3.5,06:31,https://www.xeno-canto.org/583573,moudov/XC583573.ogg
moudov,[],"['adult', 'male', 'song']",31.957,-109.173,Zenaida macroura,Mourning Dove,Richard E. Webster,Creative Commons Attribution-NonCommercial-ShareAlike 4.0,4.5,07:33,https://www.xeno-canto.org/583574,moudov/XC583574.ogg
moudov,[],"['adult', 'male', 'song']",31.957,-109.173,Zenaida macroura,Mourning Dove,Richard E. Webster,Creative Commons Attribution-NonCommercial-ShareAlike 4.0,4.5,07:54,https://www.xeno-canto.org/583575,moudov/XC583575.ogg
moudov,['normoc'],"['adult', 'male', 'song']",31.957,-109.173,Zenaida macroura,Mourning Dove,Richard E. Webster,Creative Commons Attribution-NonCommercial-ShareAlike 4.0,3.5,08:13,https://www.xeno-canto.org/583576,moudov/XC583576.ogg
moudov,"['houfin', 'moudov']","['adult', 'male', 'song']",32.084,-109.051,Zenaida macroura,Mourning Dove,Richard E. Webster,Creative Commons Attribution-NonCommercial-ShareAlike 4.0,4.5,07:52,https://www.xeno-canto.org/583577,moudov/XC583577.ogg
moudov,[],"['adult', 'male', 'song']",31.34,-109.273,Zenaida macroura,Mourning Dove,Richard E. Webster,Creative Commons Attribution-NonCommercial-ShareAlike 4.0,4.0,12:47,https://www.xeno-canto.org/583578,moudov/XC583578.ogg
moudov,[],"['adult', 'call', 'male']",31.34,-109.273,Zenaida macroura,Mourning Dove,Richard E. Webster,Creative Commons Attribution-NonCommercial-ShareAlike 4.0,3.5,09:10,https://www.xeno-canto.org/583579,moudov/XC583579.ogg
moudov,['normoc'],"['adult', 'call', 'male', 'song']",31.5633,-109.716,Zenaida macroura,Mourning Dove,Richard E. Webster,Creative Commons Attribution-NonCommercial-ShareAlike 4.0,4.5,05:01,https://www.xeno-canto.org/583580,moudov/XC583580.ogg
moudov,['gamqua'],"['life stage uncertain', 'sex uncertain', 'song', 'wingbeats']",32.084,-109.051,Zenaida macroura,Mourning Dove,Richard E. Webster,Creative Commons Attribution-NonCommercial-ShareAlike 4.0,3.5,07:44,https://www.xeno-canto.org/583581,moudov/XC583581.ogg
moudov,[],"['life stage uncertain', 'sex uncertain', 'song']",14.3569,-87.6542,Zenaida macroura,Mourning Dove,Mario Reyes Jr,Creative Commons Attribution-NonCommercial-ShareAlike 4.0,4.0,07:00,https://www.xeno-canto.org/586168,moudov/XC586168.ogg
moudov,[],['uncertain'],35.987,-87.145,Zenaida macroura,Mourning Dove,Brian Hendrix,Creative Commons Attribution-NonCommercial-ShareAlike 4.0,4.0,07:30,https://www.xeno-canto.org/590358,moudov/XC590358.ogg
moudov,[],"['life stage uncertain', 'sex uncertain', 'song']",42.7052,-71.615,Zenaida macroura,Mourning Dove,Christopher McPherson,Creative Commons Attribution-NonCommercial-ShareAlike 4.0,4.0,14:30,https://www.xeno-canto.org/599657,moudov/XC599657.ogg
moudov,[],"['adult', 'call', 'sex uncertain']",42.7134,-71.6445,Zenaida macroura,Mourning Dove,Christopher McPherson,Creative Commons Attribution-NonCommercial-ShareAlike 4.0,3.5,13:30,https://www.xeno-canto.org/601750,moudov/XC601750.ogg
moudov,[],['call'],47.5869,-119.3413,Zenaida macroura,Mourning Dove,Peter Ward and Ken Hall,Creative Commons Attribution-NonCommercial-ShareAlike 4.0,5.0,06:30,https://www.xeno-canto.org/613539,moudov/XC613539.ogg
moudov,[],"['adult', 'male', 'song']",31.957,-109.173,Zenaida macroura,Mourning Dove,Richard E. Webster,Creative Commons Attribution-NonCommercial-ShareAlike 4.0,4.5,07:21,https://www.xeno-canto.org/621374,moudov/XC621374.ogg
moudov,"['gamqua', 'normoc']","['adult', 'male', 'song']",32.7901,-108.997,Zenaida macroura,Mourning Dove,Richard E. Webster,Creative Commons Attribution-NonCommercial-ShareAlike 4.0,4.5,05:32,https://www.xeno-canto.org/621377,moudov/XC621377.ogg
moudov,[],"['adult', 'male', 'song']",32.5632,-109.7595,Zenaida macroura,Mourning Dove,Richard E. Webster,Creative Commons Attribution-NonCommercial-ShareAlike 4.0,4.5,05:04,https://www.xeno-canto.org/621378,moudov/XC621378.ogg
moudov,[],"['adult', 'male', 'song']",33.5212,-109.307,Zenaida macroura,Mourning Dove,Richard E. Webster,Creative Commons Attribution-NonCommercial-ShareAlike 4.0,3.5,09:38,https://www.xeno-canto.org/621382,moudov/XC621382.ogg
moudov,['houspa'],['song'],17.1733,-96.7706,Zenaida macroura,Mourning Dove,Manuel Grosselet,Creative Commons Attribution-NonCommercial-ShareAlike 4.0,3.5,08:00,https://www.xeno-canto.org/629259,moudov/XC629259.ogg
moudov,[],['call'],25.4999,-76.6343,Zenaida macroura,Mourning Dove,Thomas Ryder Payne,Creative Commons Attribution-NonCommercial-ShareAlike 4.0,5.0,07:00,https://www.xeno-canto.org/636552,moudov/XC636552.ogg
moudov,[],"['adult', 'call', 'sex uncertain', 'song']",42.7052,-71.615,Zenaida macroura,Mourning Dove,Christopher McPherson,Creative Commons Attribution-NonCommercial-ShareAlike 4.0,4.5,08:00,https://www.xeno-canto.org/638304,moudov/XC638304.ogg
moudov,[],"['adult', 'sex uncertain', 'song']",45.6123,-122.7352,Zenaida macroura,Mourning Dove,Thomas Magarian,Creative Commons Attribution-NonCommercial-ShareAlike 4.0,4.0,13:57,https://www.xeno-canto.org/661475,moudov/XC661475.ogg
moudov,[],"['adult', 'sex uncertain', 'song']",45.6123,-122.7352,Zenaida macroura,Mourning Dove,Thomas Magarian,Creative Commons Attribution-NonCommercial-ShareAlike 4.0,4.0,13:58,https://www.xeno-canto.org/661476,moudov/XC661476.ogg
moudov,[],"['adult', 'sex uncertain', 'song']",45.6123,-122.7352,Zenaida macroura,Mourning Dove,Thomas Magarian,Creative Commons Attribution-NonCommercial-ShareAlike 4.0,4.0,13:59,https://www.xeno-canto.org/661477,moudov/XC661477.ogg
moudov,['gamqua'],"['adult', 'call', 'male', 'song']",32.2003,-115.1111,Zenaida macroura,Mourning Dove,Richard E. Webster,Creative Commons Attribution-NonCommercial-ShareAlike 4.0,4.5,05:24,https://www.xeno-canto.org/661720,moudov/XC661720.ogg
moudov,['moudov'],"['adult', 'sex uncertain', 'wing sounds on flushing and flying again']",32.2003,-115.1111,Zenaida macroura,Mourning Dove,Richard E. Webster,Creative Commons Attribution-NonCommercial-ShareAlike 4.0,3.5,05:51,https://www.xeno-canto.org/661722,moudov/XC661722.ogg
moudov,[],['song'],35.8589,-84.0948,Zenaida macroura,Mourning Dove,Mike Nelson,Creative Commons Attribution-NonCommercial-ShareAlike 3.0,3.5,10:00am,https://www.xeno-canto.org/71560,moudov/XC71560.ogg
norcar,[],['song'],28.899,-81.808,Cardinalis cardinalis,Northern Cardinal,Andrew Spencer,Creative Commons Attribution-NonCommercial-ShareAlike 3.0,5.0,06:15,https://www.xeno-canto.org/109034,norcar/XC109034.ogg
norcar,[],['song'],28.899,-81.808,Cardinalis cardinalis,Northern Cardinal,Andrew Spencer,Creative Commons Attribution-NonCommercial-ShareAlike 3.0,5.0,06:15,https://www.xeno-canto.org/109035,norcar/XC109035.ogg
norcar,[],['call'],28.899,-81.808,Cardinalis cardinalis,Northern Cardinal,Andrew Spencer,Creative Commons Attribution-NonCommercial-ShareAlike 3.0,4.0,07:40,https://www.xeno-canto.org/109036,norcar/XC109036.ogg
norcar,['normoc'],['call'],35.8589,-84.0948,Cardinalis cardinalis,Northern Cardinal,Mike Nelson,Creative Commons Attribution-NonCommercial-ShareAlike 3.0,3.5,08:30,https://www.xeno-canto.org/110059,norcar/XC110059.ogg
norcar,[],"['call', 'male']",44.942,-93.259,Cardinalis cardinalis,Northern Cardinal,Jonathon Jongsma,Creative Commons Attribution-ShareAlike 3.0,5.0,08:56,https://www.xeno-canto.org/112830,norcar/XC112830.ogg
norcar,[],['call'],42.5306,-83.6709,Cardinalis cardinalis,Northern Cardinal,Allen T. Chartier,Creative Commons Attribution-NonCommercial-ShareAlike 3.0,2.5,?,https://www.xeno-canto.org/11502,norcar/XC11502.ogg
norcar,['houspa'],['Song'],42.5759,-82.8087,Cardinalis cardinalis,Northern Cardinal,Allen T. Chartier,Creative Commons Attribution-NonCommercial-ShareAlike 3.0,3.5,?,https://www.xeno-canto.org/11503,norcar/XC11503.ogg
norcar,[],['Song'],42.0778,-83.1995,Cardinalis cardinalis,Northern Cardinal,Allen T. Chartier,Creative Commons Attribution-NonCommercial-ShareAlike 3.0,4.5,?,https://www.xeno-canto.org/11846,norcar/XC11846.ogg
norcar,['houspa'],"['female', 'male', 'song']",44.942,-93.259,Cardinalis cardinalis,Northern Cardinal,Jonathon Jongsma,Creative Commons Attribution-ShareAlike 3.0,3.5,08:47,https://www.xeno-canto.org/121457,norcar/XC121457.ogg
norcar,['houspa'],['song'],44.942,-93.259,Cardinalis cardinalis,Northern Cardinal,Jonathon Jongsma,Creative Commons Attribution-ShareAlike 3.0,3.5,08:47,https://www.xeno-canto.org/121458,norcar/XC121458.ogg
norcar,[],['song'],36.1667,-86.7833,Cardinalis cardinalis,Northern Cardinal,Thomas G. Graves,Creative Commons Attribution-NonCommercial-ShareAlike 3.0,4.0,?,https://www.xeno-canto.org/124761,norcar/XC124761.ogg
norcar,[],['song'],36.1667,-86.7833,Cardinalis cardinalis,Northern Cardinal,Thomas G. Graves,Creative Commons Attribution-NonCommercial-ShareAlike 3.0,4.0,?,https://www.xeno-canto.org/125238,norcar/XC125238.ogg
norcar,[],['song'],44.942,-93.259,Cardinalis cardinalis,Northern Cardinal,Jonathon Jongsma,Creative Commons Attribution-ShareAlike 3.0,4.5,07:00,https://www.xeno-canto.org/125284,norcar/XC125284.ogg
norcar,[],['song'],28.1918,-82.7214,Cardinalis cardinalis,Northern Cardinal,Mike Nelson,Creative Commons Attribution-NonCommercial-ShareAlike 3.0,3.5,10:30,https://www.xeno-canto.org/130961,norcar/XC130961.ogg
norcar,[],['call'],28.1918,-82.7214,Cardinalis cardinalis,Northern Cardinal,Mike Nelson,Creative Commons Attribution-NonCommercial-ShareAlike 3.0,4.0,10:30,https://www.xeno-canto.org/130962,norcar/XC130962.ogg
norcar,[],['song'],28.1918,-82.7214,Cardinalis cardinalis,Northern Cardinal,Mike Nelson,Creative Commons Attribution-NonCommercial-ShareAlike 3.0,3.5,08:00,https://www.xeno-canto.org/130963,norcar/XC130963.ogg
norcar,[],['song'],28.1918,-82.7214,Cardinalis cardinalis,Northern Cardinal,Mike Nelson,Creative Commons Attribution-NonCommercial-ShareAlike 3.0,3.5,08:00,https://www.xeno-canto.org/130964,norcar/XC130964.ogg
norcar,[],['song'],27.5597,-81.0127,Cardinalis cardinalis,Northern Cardinal,Mike Nelson,Creative Commons Attribution-NonCommercial-ShareAlike 3.0,3.5,08:00,https://www.xeno-canto.org/130965,norcar/XC130965.ogg
norcar,[],['call'],27.6955,-81.4323,Cardinalis cardinalis,Northern Cardinal,Mike Nelson,Creative Commons Attribution-NonCommercial-ShareAlike 3.0,4.0,13:00,https://www.xeno-canto.org/130966,norcar/XC130966.ogg
norcar,[],['song'],28.0649,-82.8278,Cardinalis cardinalis,Northern Cardinal,Mike Nelson,Creative Commons Attribution-NonCommercial-ShareAlike 3.0,3.5,09:00,https://www.xeno-canto.org/130967,norcar/XC130967.ogg
norcar,['normoc'],"['female song', 'song']",30.4334,-91.1667,Cardinalis cardinalis,Northern Cardinal,Dan Lane,Creative Commons Attribution-NonCommercial-ShareAlike 3.0,3.5,07:30,https://www.xeno-canto.org/131898,norcar/XC131898.ogg
norcar,[],['song'],29.7833,-93.2517,Cardinalis cardinalis,Northern Cardinal,Dan Lane,Creative Commons Attribution-NonCommercial-ShareAlike 3.0,3.5,?,https://www.xeno-canto.org/134635,norcar/XC134635.ogg
norcar,['moudov'],['song'],31.6296,-81.2669,Cardinalis cardinalis,Northern Cardinal,Russ Wigh,Creative Commons Attribution-NonCommercial-ShareAlike 3.0,4.5,10:00,https://www.xeno-canto.org/137583,norcar/XC137583.ogg
norcar,[],"['male', 'song']",31.7244,-110.8805,Cardinalis cardinalis,Northern Cardinal,Bobby Wilcox,Creative Commons Attribution-NonCommercial-ShareAlike 3.0,3.5,08:15,https://www.xeno-canto.org/137650,norcar/XC137650.ogg
norcar,[],"['male-female duet', 'song']",40.0626,-75.1254,Cardinalis cardinalis,Northern Cardinal,Paul Driver,Creative Commons Attribution-NonCommercial-ShareAlike 3.0,5.0,07:30,https://www.xeno-canto.org/138075,norcar/XC138075.ogg
norcar,"['moudov', 'norcar']",['song'],31.9583,-81.0143,Cardinalis cardinalis,Northern Cardinal,Russ Wigh,Creative Commons Attribution-NonCommercial-ShareAlike 3.0,4.5,09:30,https://www.xeno-canto.org/140466,norcar/XC140466.ogg
norcar,[],['call'],40.8708,-73.5398,Cardinalis cardinalis,Northern Cardinal,Albert & Max Lastukhin,Creative Commons Attribution-NonCommercial-ShareAlike 3.0,2.5,19:00,https://www.xeno-canto.org/141210,norcar/XC141210.ogg
norcar,[],['song'],35.1084,-80.9483,Cardinalis cardinalis,Northern Cardinal,Bernard BOUSQUET,Creative Commons Attribution-NonCommercial-ShareAlike 3.0,4.0,08:00,https://www.xeno-canto.org/141212,norcar/XC141212.ogg
norcar,[],['call'],40.8708,-73.5398,Cardinalis cardinalis,Northern Cardinal,Albert Lastukhin,Creative Commons Attribution-NonCommercial-ShareAlike 3.0,3.0,18:30,https://www.xeno-canto.org/141268,norcar/XC141268.ogg
norcar,[],['song'],30.506,-97.9796,Cardinalis cardinalis,Northern Cardinal,Mike Nelson,Creative Commons Attribution-NonCommercial-ShareAlike 3.0,4.0,09:30,https://www.xeno-canto.org/141500,norcar/XC141500.ogg
norcar,[],['song'],30.0801,-99.5027,Cardinalis cardinalis,Northern Cardinal,Mike Nelson,Creative Commons Attribution-NonCommercial-ShareAlike 3.0,4.0,08:30,https://www.xeno-canto.org/141501,norcar/XC141501.ogg
norcar,[],['song'],29.8168,-99.5767,Cardinalis cardinalis,Northern Cardinal,Mike Nelson,Creative Commons Attribution-NonCommercial-ShareAlike 3.0,4.0,11:30,https://www.xeno-canto.org/141502,norcar/XC141502.ogg
norcar,[],['song'],30.0801,-99.5027,Cardinalis cardinalis,Northern Cardinal,Mike Nelson,Creative Commons Attribution-NonCommercial-ShareAlike 3.0,4.0,15:00,https://www.xeno-canto.org/141503,norcar/XC141503.ogg
norcar,[],"['juvenile', 'male']",40.0626,-75.1254,Cardinalis cardinalis,Northern Cardinal,Paul Driver,Creative Commons Attribution-NonCommercial-ShareAlike 3.0,4.0,07:00,https://www.xeno-canto.org/142116,norcar/XC142116.ogg
norcar,[],['call'],40.0631,-75.7314,Cardinalis cardinalis,Northern Cardinal,Amy Davis,Creative Commons Attribution-NonCommercial-ShareAlike 3.0,3.5,08:30,https://www.xeno-canto.org/142340,norcar/XC142340.ogg
norcar,['houspa'],['song'],40.8881,-73.5851,Cardinalis cardinalis,Northern Cardinal,Albert & Max Lastukhin,Creative Commons Attribution-NonCommercial-ShareAlike 3.0,2.5,05:30,https://www.xeno-canto.org/142436,norcar/XC142436.ogg
norcar,[],['call'],40.8881,-73.5851,Cardinalis cardinalis,Northern Cardinal,Albert & Max Lastukhin,Creative Commons Attribution-NonCommercial-ShareAlike 3.0,2.5,05:30,https://www.xeno-canto.org/142500,norcar/XC142500.ogg
norcar,[],"['male', 'song']",38.9678,-76.8089,Cardinalis cardinalis,Northern Cardinal,Amy Davis,Creative Commons Attribution-NonCommercial-ShareAlike 3.0,3.5,10:00,https://www.xeno-canto.org/142555,norcar/XC142555.ogg
norcar,[],['song'],28.6902,-80.7137,Cardinalis cardinalis,Northern Cardinal,Paul Marvin,Creative Commons Attribution-NonCommercial-ShareAlike 3.0,5.0,07:48,https://www.xeno-canto.org/143800,norcar/XC143800.ogg
norcar,[],"['call', 'juvenile']",28.6781,-80.7717,Cardinalis cardinalis,Northern Cardinal,Paul Marvin,Creative Commons Attribution-NonCommercial-ShareAlike 3.0,5.0,12:32,https://www.xeno-canto.org/143801,norcar/XC143801.ogg
norcar,[],"['call', 'juvenile']",28.6781,-80.7717,Cardinalis cardinalis,Northern Cardinal,Paul Marvin,Creative Commons Attribution-NonCommercial-ShareAlike 3.0,5.0,12:44,https://www.xeno-canto.org/143802,norcar/XC143802.ogg
norcar,[],"['call', 'juvenile']",28.6781,-80.7717,Cardinalis cardinalis,Northern Cardinal,Paul Marvin,Creative Commons Attribution-NonCommercial-ShareAlike 3.0,5.0,12:26,https://www.xeno-canto.org/143803,norcar/XC143803.ogg
norcar,[],"['call', 'juvenile']",28.6781,-80.7717,Cardinalis cardinalis,Northern Cardinal,Paul Marvin,Creative Commons Attribution-NonCommercial-ShareAlike 3.0,5.0,12:34,https://www.xeno-canto.org/143804,norcar/XC143804.ogg
norcar,[],['call'],33.9324,-112.6965,Cardinalis cardinalis,Northern Cardinal,Lauren Harter,Creative Commons Attribution-NonCommercial-ShareAlike 3.0,3.5,11:25,https://www.xeno-canto.org/144136,norcar/XC144136.ogg
norcar,[],['song'],32.7304,-114.6392,Cardinalis cardinalis,Northern Cardinal,Bobby Wilcox,Creative Commons Attribution-NonCommercial-ShareAlike 3.0,3.5,07:30,https://www.xeno-canto.org/144243,norcar/XC144243.ogg
norcar,[],['call'],24.696,-81.321,Cardinalis cardinalis,Northern Cardinal,Paul Marvin,Creative Commons Attribution-NonCommercial-ShareAlike 3.0,4.0,10:09,https://www.xeno-canto.org/145832,norcar/XC145832.ogg
norcar,[],"['call', 'female']",28.6456,-80.7199,Cardinalis cardinalis,Northern Cardinal,Paul Marvin,Creative Commons Attribution-NonCommercial-ShareAlike 3.0,3.5,09:04,https://www.xeno-canto.org/147474,norcar/XC147474.ogg
norcar,[],"['call', 'male', 'song']",41.5221,-70.668,Cardinalis cardinalis,Northern Cardinal,Mike Schanbacher,Creative Commons Attribution-NonCommercial-ShareAlike 3.0,4.0,10:00,https://www.xeno-canto.org/153540,norcar/XC153540.ogg
norcar,[],['song'],41.1987,-73.8832,Cardinalis cardinalis,Northern Cardinal,Daniel Parker,Creative Commons Attribution-NonCommercial-ShareAlike 3.0,3.0,11:00,https://www.xeno-canto.org/163303,norcar/XC163303.ogg
norcar,[],"['call', 'song']",41.1987,-73.8832,Cardinalis cardinalis,Northern Cardinal,Daniel Parker,Creative Commons Attribution-NonCommercial-ShareAlike 3.0,2.0,09:00,https://www.xeno-canto.org/163309,norcar/XC163309.ogg
norcar,[],['call'],41.1987,-73.8832,Cardinalis cardinalis,Northern Cardinal,Daniel Parker,Creative Commons Attribution-NonCommercial-ShareAlike 3.0,3.0,09:40,https://www.xeno-canto.org/163314,norcar/XC163314.ogg
norcar,[],['song'],41.1987,-73.8832,Cardinalis cardinalis,Northern Cardinal,Daniel Parker,Creative Commons Attribution-NonCommercial-ShareAlike 3.0,3.0,09:45,https://www.xeno-canto.org/163315,norcar/XC163315.ogg
norcar,[],"['call', 'song']",41.1987,-73.8832,Cardinalis cardinalis,Northern Cardinal,Daniel Parker,Creative Commons Attribution-NonCommercial-ShareAlike 3.0,3.0,09:50,https://www.xeno-canto.org/163317,norcar/XC163317.ogg
norcar,[],"['call', 'female']",34.7644,-111.8894,Cardinalis cardinalis,Northern Cardinal,Micah Riegner,Creative Commons Attribution-NonCommercial-ShareAlike 3.0,4.0,07:30,https://www.xeno-canto.org/163782,norcar/XC163782.ogg
norcar,['normoc'],"['call', 'male']",28.6456,-80.7199,Cardinalis cardinalis,Northern Cardinal,Paul Marvin,Creative Commons Attribution-NonCommercial-ShareAlike 3.0,3.5,08:58,https://www.xeno-canto.org/165343,norcar/XC165343.ogg
norcar,['osprey'],['song'],28.4927,-80.7246,Cardinalis cardinalis,Northern Cardinal,Paul Marvin,Creative Commons Attribution-NonCommercial-ShareAlike 3.0,4.5,08:41,https://www.xeno-canto.org/165345,norcar/XC165345.ogg
norcar,[],"['male', 'song']",28.4927,-80.7246,Cardinalis cardinalis,Northern Cardinal,Paul Marvin,Creative Commons Attribution-NonCommercial-ShareAlike 3.0,5.0,10:32,https://www.xeno-canto.org/165346,norcar/XC165346.ogg
norcar,[],['song'],28.5657,-80.9963,Cardinalis cardinalis,Northern Cardinal,Paul Marvin,Creative Commons Attribution-NonCommercial-ShareAlike 3.0,5.0,08:56,https://www.xeno-canto.org/166106,norcar/XC166106.ogg
norcar,[],"['male', 'song']",45.4079,-73.9295,Cardinalis cardinalis,Northern Cardinal,Patrick Turgeon,Creative Commons Attribution-NonCommercial-ShareAlike 3.0,3.5,16:39,https://www.xeno-canto.org/169075,norcar/XC169075.ogg
norcar,[],"['male', 'song']",45.4079,-73.9295,Cardinalis cardinalis,Northern Cardinal,Patrick Turgeon,Creative Commons Attribution-NonCommercial-ShareAlike 3.0,2.5,16:30,https://www.xeno-canto.org/169079,norcar/XC169079.ogg
norcar,[],"['female', 'song']",30.4334,-91.1667,Cardinalis cardinalis,Northern Cardinal,Dan Lane,Creative Commons Attribution-NonCommercial-ShareAlike 3.0,3.5,08:00,https://www.xeno-canto.org/170397,norcar/XC170397.ogg
norcar,[],['song'],30.4334,-91.1667,Cardinalis cardinalis,Northern Cardinal,Dan Lane,Creative Commons Attribution-NonCommercial-ShareAlike 3.0,3.5,08:00,https://www.xeno-canto.org/170399,norcar/XC170399.ogg
norcar,[],['song'],40.7582,-73.6469,Cardinalis cardinalis,Northern Cardinal,Avery Scott,Creative Commons Attribution-NonCommercial-ShareAlike 4.0,4.0,05:30,https://www.xeno-canto.org/171534,norcar/XC171534.ogg
norcar,['houfin'],"['male', 'song']",46.7752,-71.2467,Cardinalis cardinalis,Northern Cardinal,Martin St-Michel,Creative Commons Attribution-NonCommercial-ShareAlike 4.0,4.5,13:55,https://www.xeno-canto.org/172400,norcar/XC172400.ogg
norcar,['moudov'],"['male', 'song']",40.0374,-105.2916,Cardinalis cardinalis,Northern Cardinal,Eric DeFonso,Creative Commons Attribution-NonCommercial-ShareAlike 4.0,4.5,07:25,https://www.xeno-canto.org/172437,norcar/XC172437.ogg
norcar,[],['song'],44.5429,-92.8027,Cardinalis cardinalis,Northern Cardinal,Jonathon Jongsma,Creative Commons Attribution-ShareAlike 4.0,4.5,08:00,https://www.xeno-canto.org/175226,norcar/XC175226.ogg
norcar,[],['song'],53.5426,-113.4921,Cardinalis cardinalis,Northern Cardinal,Randy Dzenkiw,Creative Commons Attribution-NonCommercial-ShareAlike 4.0,2.5,10:00,https://www.xeno-canto.org/175553,norcar/XC175553.ogg
norcar,['norcar'],['alarm call'],31.9237,-81.0559,Cardinalis cardinalis,Northern Cardinal,Russ Wigh,Creative Commons Attribution-NonCommercial-ShareAlike 4.0,4.5,16:30,https://www.xeno-canto.org/177125,norcar/XC177125.ogg
norcar,[],['call'],41.1987,-73.8832,Cardinalis cardinalis,Northern Cardinal,Daniel Parker,Creative Commons Attribution-NonCommercial-ShareAlike 4.0,3.0,06:00,https://www.xeno-canto.org/177130,norcar/XC177130.ogg
norcar,[],['call'],41.1987,-73.8832,Cardinalis cardinalis,Northern Cardinal,Daniel Parker,Creative Commons Attribution-NonCommercial-ShareAlike 4.0,4.0,06:10,https://www.xeno-canto.org/177131,norcar/XC177131.ogg
norcar,[],['juvenile'],28.3369,-80.6087,Cardinalis cardinalis,Northern Cardinal,Paul Marvin,Creative Commons Attribution-NonCommercial-ShareAlike 4.0,4.0,10:01,https://www.xeno-canto.org/177296,norcar/XC177296.ogg
norcar,[],"['call', 'male']",25.9426,-80.1537,Cardinalis cardinalis,Northern Cardinal,Antonio Silveira,Creative Commons Attribution-NonCommercial-ShareAlike 4.0,3.0,09:00,https://www.xeno-canto.org/177573,norcar/XC177573.ogg
norcar,[],"['male', 'song']",25.9204,-80.1409,Cardinalis cardinalis,Northern Cardinal,Antonio Silveira,Creative Commons Attribution-NonCommercial-ShareAlike 4.0,3.0,09:00,https://www.xeno-canto.org/177577,norcar/XC177577.ogg
norcar,[],['song'],45.024,-73.075,Cardinalis cardinalis,Northern Cardinal,Martin St-Michel,Creative Commons Attribution-NonCommercial-ShareAlike 4.0,5.0,09:06,https://www.xeno-canto.org/179316,norcar/XC179316.ogg
norcar,[],['song'],41.6478,-91.557,Cardinalis cardinalis,Northern Cardinal,Bobby Wilcox,Creative Commons Attribution-NonCommercial-ShareAlike 4.0,3.0,08:30,https://www.xeno-canto.org/180280,norcar/XC180280.ogg
norcar,[],['song'],40.8918,-91.0756,Cardinalis cardinalis,Northern Cardinal,Bobby Wilcox,Creative Commons Attribution-NonCommercial-ShareAlike 4.0,1.5,07:30,https://www.xeno-canto.org/180282,norcar/XC180282.ogg
norcar,[],['song'],33.271,-112.7802,Cardinalis cardinalis,Northern Cardinal,Tim Marquardt,Creative Commons Attribution-NonCommercial-ShareAlike 4.0,4.5,17:16,https://www.xeno-canto.org/183008,norcar/XC183008.ogg
norcar,"['houfin', 'houspa', 'moudov', 'normoc']","['male', 'song']",33.1972,-96.6398,Cardinalis cardinalis,Northern Cardinal,Brady S.,Creative Commons Attribution-NonCommercial-ShareAlike 4.0,2.5,08:00,https://www.xeno-canto.org/184580,norcar/XC184580.ogg
norcar,[],['song'],33.8889,-111.4807,Cardinalis cardinalis,Northern Cardinal,Tim Marquardt,Creative Commons Attribution-NonCommercial-ShareAlike 4.0,4.5,07:36,https://www.xeno-canto.org/185240,norcar/XC185240.ogg
norcar,[],['juvenile'],40.1175,-75.0627,Cardinalis cardinalis,Northern Cardinal,Paul Driver,Creative Commons Attribution-NonCommercial-ShareAlike 4.0,4.0,07:15,https://www.xeno-canto.org/189285,norcar/XC189285.ogg
norcar,[],['Ticking call.'],41.2879,-73.7851,Cardinalis cardinalis,Northern Cardinal,Craig Brookes,Creative Commons Attribution-NonCommercial-ShareAlike 4.0,4.0,17:00,https://www.xeno-canto.org/189324,norcar/XC189324.ogg
norcar,[],"['begging call', 'juvenile']",41.1815,-73.8947,Cardinalis cardinalis,Northern Cardinal,Craig Brookes,Creative Commons Attribution-NonCommercial-ShareAlike 4.0,5.0,15:00,https://www.xeno-canto.org/190562,norcar/XC190562.ogg
norcar,[],"['call', 'female', 'flight call', 'male']",28.6456,-80.7199,Cardinalis cardinalis,Northern Cardinal,Paul Marvin,Creative Commons Attribution-NonCommercial-ShareAlike 4.0,5.0,09:14,https://www.xeno-canto.org/192422,norcar/XC192422.ogg
norcar,[],['song'],24.603,-81.5715,Cardinalis cardinalis,Northern Cardinal,Paul Marvin,Creative Commons Attribution-NonCommercial-ShareAlike 4.0,4.5,11:59,https://www.xeno-canto.org/196163,norcar/XC196163.ogg
norcar,[],['juvenile'],40.1226,-75.0635,Cardinalis cardinalis,Northern Cardinal,Paul Driver,Creative Commons Attribution-NonCommercial-ShareAlike 4.0,4.0,07:17,https://www.xeno-canto.org/196750,norcar/XC196750.ogg
norcar,['moudov'],"['male', 'song']",24.603,-81.5715,Cardinalis cardinalis,Northern Cardinal,Paul Marvin,Creative Commons Attribution-NonCommercial-ShareAlike 4.0,3.5,07:21,https://www.xeno-canto.org/197297,norcar/XC197297.ogg
norcar,[],"['call', 'male', 'song']",24.603,-81.5715,Cardinalis cardinalis,Northern Cardinal,Paul Marvin,Creative Commons Attribution-NonCommercial-ShareAlike 4.0,3.5,07:37,https://www.xeno-canto.org/197298,norcar/XC197298.ogg
norcar,[],['call'],44.3211,-78.3264,Cardinalis cardinalis,Northern Cardinal,Iain,Creative Commons Attribution-NonCommercial-ShareAlike 4.0,3.0,07:30,https://www.xeno-canto.org/199662,norcar/XC199662.ogg
norcar,[],['call'],40.8643,-73.6537,Cardinalis cardinalis,Northern Cardinal,Albert & Max Lastukhin,Creative Commons Attribution-NonCommercial-ShareAlike 4.0,4.0,18:00,https://www.xeno-canto.org/202181,norcar/XC202181.ogg
norcar,[],['call'],21.4007,-157.7898,Cardinalis cardinalis,Northern Cardinal,Ross Gallardy,Creative Commons Attribution-NonCommercial-ShareAlike 4.0,3.0,07:00,https://www.xeno-canto.org/203261,norcar/XC203261.ogg
norcar,[],"['alarm call', 'call', 'male']",21.3128,-157.7253,Cardinalis cardinalis,Northern Cardinal,Ross Gallardy,Creative Commons Attribution-NonCommercial-ShareAlike 4.0,5.0,09:00,https://www.xeno-canto.org/205824,norcar/XC205824.ogg
norcar,[],"['male', 'song']",21.2995,-157.7623,Cardinalis cardinalis,Northern Cardinal,Ross Gallardy,Creative Commons Attribution-NonCommercial-ShareAlike 4.0,5.0,10:00,https://www.xeno-canto.org/205836,norcar/XC205836.ogg
norcar,[],['song'],30.652,-96.1671,Cardinalis cardinalis,Northern Cardinal,Robert Benson,Creative Commons Attribution-NonCommercial-ShareAlike 4.0,4.0,08:30,https://www.xeno-canto.org/211157,norcar/XC211157.ogg
norcar,['moudov'],['song'],34.285,-114.069,Cardinalis cardinalis,Northern Cardinal,Lauren Harter,Creative Commons Attribution-NonCommercial-ShareAlike 4.0,0.5,08:30,https://www.xeno-canto.org/211630,norcar/XC211630.ogg
norcar,[],['song'],34.285,-114.069,Cardinalis cardinalis,Northern Cardinal,Lauren Harter,Creative Commons Attribution-NonCommercial-ShareAlike 4.0,3.5,07:00,https://www.xeno-canto.org/211631,norcar/XC211631.ogg
norcar,['moudov'],['song'],34.285,-114.069,Cardinalis cardinalis,Northern Cardinal,Lauren Harter,Creative Commons Attribution-NonCommercial-ShareAlike 4.0,2.5,07:10,https://www.xeno-canto.org/211632,norcar/XC211632.ogg
norcar,['moudov'],['song'],34.285,-114.069,Cardinalis cardinalis,Northern Cardinal,Lauren Harter,Creative Commons Attribution-NonCommercial-ShareAlike 4.0,4.5,07:15,https://www.xeno-canto.org/211633,norcar/XC211633.ogg
norcar,[],['song'],24.3667,-97.9984,Cardinalis cardinalis,Northern Cardinal,Oscar Ballesteors,Creative Commons Attribution-NonCommercial-ShareAlike 4.0,3.0,07:30,https://www.xeno-canto.org/213428,norcar/XC213428.ogg
norcar,['houspa'],['song'],40.7582,-73.6469,Cardinalis cardinalis,Northern Cardinal,Avery Scott,Creative Commons Attribution-NonCommercial-ShareAlike 4.0,2.5,01:30,https://www.xeno-canto.org/214436,norcar/XC214436.ogg
norcar,[],['song'],38.0872,-102.6207,Cardinalis cardinalis,Northern Cardinal,Ted Floyd,Creative Commons Attribution-NonCommercial-ShareAlike 4.0,4.0,08:39,https://www.xeno-canto.org/214446,norcar/XC214446.ogg
norcar,['houfin'],['song'],44.3211,-78.3264,Cardinalis cardinalis,Northern Cardinal,Iain,Creative Commons Attribution-NonCommercial-ShareAlike 4.0,1.5,8:00,https://www.xeno-canto.org/215243,norcar/XC215243.ogg
norcar,"['houfin', 'houspa', 'norcar', 'normoc']","['male', 'song']",32.5052,-93.7034,Cardinalis cardinalis,Northern Cardinal,Terry Davis,Creative Commons Attribution-NonCommercial-ShareAlike 4.0,1.5,14:28,https://www.xeno-canto.org/215874,norcar/XC215874.ogg
norcar,[],['song'],45.5138,-73.5347,Cardinalis cardinalis,Northern Cardinal,Maxime Aubert,Creative Commons Attribution-NonCommercial-ShareAlike 4.0,3.0,09:30,https://www.xeno-canto.org/216530,norcar/XC216530.ogg
norcar,[],['song'],39.1003,-93.1658,Cardinalis cardinalis,Northern Cardinal,Ethan Duke,Creative Commons Attribution-NonCommercial-ShareAlike 4.0,4.0,08:00,https://www.xeno-canto.org/232861,norcar/XC232861.ogg
norcar,[],['song'],45.5138,-73.5347,Cardinalis cardinalis,Northern Cardinal,Maxime Aubert,Creative Commons Attribution-NonCommercial-ShareAlike 4.0,3.0,10:00,https://www.xeno-canto.org/232919,norcar/XC232919.ogg
norcar,['moudov'],['song'],34.3007,-113.4803,Cardinalis cardinalis,Northern Cardinal,David Vander Pluym,Creative Commons Attribution-NonCommercial-ShareAlike 4.0,4.5,07:45,https://www.xeno-canto.org/233122,norcar/XC233122.ogg
norcar,['moudov'],['song'],34.3007,-113.4803,Cardinalis cardinalis,Northern Cardinal,David Vander Pluym,Creative Commons Attribution-NonCommercial-ShareAlike 4.0,4.5,07:45,https://www.xeno-canto.org/233123,norcar/XC233123.ogg
norcar,[],['song'],45.5138,-73.5347,Cardinalis cardinalis,Northern Cardinal,Maxime Aubert,Creative Commons Attribution-NonCommercial-ShareAlike 4.0,4.0,10:00,https://www.xeno-canto.org/233717,norcar/XC233717.ogg
norcar,[],"['male', 'song']",34.0276,-118.0543,Cardinalis cardinalis,Northern Cardinal,Philip Richardson,Creative Commons Attribution-NonCommercial-ShareAlike 4.0,4.0,10:30,https://www.xeno-canto.org/234222,norcar/XC234222.ogg
norcar,[],"['male', 'song']",29.6356,-95.6614,Cardinalis cardinalis,Northern Cardinal,Danny Zapata-Henao,Creative Commons Attribution-NonCommercial-ShareAlike 4.0,0.5,16:27,https://www.xeno-canto.org/234313,norcar/XC234313.ogg
norcar,['houspa'],['song'],41.1987,-73.8832,Cardinalis cardinalis,Northern Cardinal,Daniel Parker,Creative Commons Attribution-NonCommercial-ShareAlike 4.0,2.5,10:55,https://www.xeno-canto.org/234323,norcar/XC234323.ogg
norcar,[],"['male', 'song']",29.5918,-95.5898,Cardinalis cardinalis,Northern Cardinal,Danny Zapata-Henao,Creative Commons Attribution-NonCommercial-ShareAlike 4.0,3.0,12:14,https://www.xeno-canto.org/234663,norcar/XC234663.ogg
norcar,[],"['male', 'song']",29.594,-95.5878,Cardinalis cardinalis,Northern Cardinal,Danny Zapata-Henao,Creative Commons Attribution-NonCommercial-ShareAlike 4.0,3.5,12:30,https://www.xeno-canto.org/234666,norcar/XC234666.ogg
norcar,[],"['male', 'song']",29.5917,-95.5905,Cardinalis cardinalis,Northern Cardinal,Danny Zapata-Henao,Creative Commons Attribution-NonCommercial-ShareAlike 4.0,3.0,12:53,https://www.xeno-canto.org/234672,norcar/XC234672.ogg
norcar,['norcar'],"['male', 'song']",29.5982,-95.5887,Cardinalis cardinalis,Northern Cardinal,Danny Zapata-Henao,Creative Commons Attribution-NonCommercial-ShareAlike 4.0,4.5,9:44,https://www.xeno-canto.org/235432,norcar/XC235432.ogg
norcar,[],['song'],29.7617,-95.4446,Cardinalis cardinalis,Northern Cardinal,Danny Zapata-Henao,Creative Commons Attribution-NonCommercial-ShareAlike 4.0,4.0,11:22,https://www.xeno-canto.org/236005,norcar/XC236005.ogg
norcar,[],['song'],27.0165,-108.9464,Cardinalis cardinalis,Northern Cardinal,Scott Olmstead,Creative Commons Attribution-NonCommercial-ShareAlike 4.0,4.5,06:51,https://www.xeno-canto.org/236719,norcar/XC236719.ogg
norcar,['gamqua'],"['call', 'song']",34.0415,-112.1573,Cardinalis cardinalis,Northern Cardinal,David Vander Pluym,Creative Commons Attribution-NonCommercial-ShareAlike 4.0,2.5,17:30,https://www.xeno-canto.org/237430,norcar/XC237430.ogg
norcar,['gamqua'],['call'],34.0415,-112.1573,Cardinalis cardinalis,Northern Cardinal,David Vander Pluym,Creative Commons Attribution-NonCommercial-ShareAlike 4.0,2.5,17:30,https://www.xeno-canto.org/237431,norcar/XC237431.ogg
norcar,[],"['male', 'song']",34.3017,-113.4922,Cardinalis cardinalis,Northern Cardinal,Bobby Wilcox,Creative Commons Attribution-NonCommercial-ShareAlike 4.0,2.5,08:00,https://www.xeno-canto.org/240937,norcar/XC240937.ogg
norcar,['houspa'],"['male', 'song']",32.5052,-93.7034,Cardinalis cardinalis,Northern Cardinal,Terry Davis,Creative Commons Attribution-NonCommercial-ShareAlike 4.0,2.5,18:20,https://www.xeno-canto.org/254725,norcar/XC254725.ogg
norcar,[],['male'],19.3163,-99.1939,Cardinalis cardinalis,Northern Cardinal,Jonathan Morales Contreras,Creative Commons Attribution-NonCommercial-ShareAlike 4.0,4.0,08:30,https://www.xeno-canto.org/255470,norcar/XC255470.ogg
norcar,[],"['call', 'song']",40.4542,-79.924,Cardinalis cardinalis,Northern Cardinal,Aidan Place,Creative Commons Attribution-NonCommercial-ShareAlike 4.0,4.0,14:00,https://www.xeno-canto.org/263096,norcar/XC263096.ogg
norcar,[],"['female', 'song']",31.932,-109.191,Cardinalis cardinalis,Northern Cardinal,Richard E. Webster,Creative Commons Attribution-NonCommercial-ShareAlike 4.0,3.5,08:33,https://www.xeno-canto.org/266326,norcar/XC266326.ogg
norcar,['houfin'],['soft interaction calls'],31.906,-109.1543,Cardinalis cardinalis,Northern Cardinal,Richard E. Webster,Creative Commons Attribution-NonCommercial-ShareAlike 4.0,2.5,08:16,https://www.xeno-canto.org/266328,norcar/XC266328.ogg
norcar,"['gamqua', 'houfin']",['song'],31.906,-109.1543,Cardinalis cardinalis,Northern Cardinal,Richard E. Webster,Creative Commons Attribution-NonCommercial-ShareAlike 4.0,3.5,08:33,https://www.xeno-canto.org/266332,norcar/XC266332.ogg
norcar,['gamqua'],['song'],31.906,-109.1543,Cardinalis cardinalis,Northern Cardinal,Richard E. Webster,Creative Commons Attribution-NonCommercial-ShareAlike 4.0,3.5,18:37,https://www.xeno-canto.org/266333,norcar/XC266333.ogg
norcar,"['gamqua', 'moudov']",['song'],31.906,-109.1543,Cardinalis cardinalis,Northern Cardinal,Richard E. Webster,Creative Commons Attribution-NonCommercial-ShareAlike 4.0,3.5,05:21,https://www.xeno-canto.org/266335,norcar/XC266335.ogg
norcar,"['gamqua', 'houfin', 'moudov']",['song'],31.906,-109.1543,Cardinalis cardinalis,Northern Cardinal,Richard E. Webster,Creative Commons Attribution-NonCommercial-ShareAlike 4.0,3.5,05:06,https://www.xeno-canto.org/266337,norcar/XC266337.ogg
norcar,[],['song'],31.34,-109.273,Cardinalis cardinalis,Northern Cardinal,Richard E. Webster,Creative Commons Attribution-NonCommercial-ShareAlike 4.0,3.5,09:33,https://www.xeno-canto.org/266338,norcar/XC266338.ogg
norcar,['norcar'],"['call', 'song']",31.957,-109.173,Cardinalis cardinalis,Northern Cardinal,Richard E. Webster,Creative Commons Attribution-NonCommercial-ShareAlike 4.0,3.5,07:40,https://www.xeno-canto.org/266340,norcar/XC266340.ogg
norcar,[],"['call', 'female', 'song']",31.932,-109.191,Cardinalis cardinalis,Northern Cardinal,Richard E. Webster,Creative Commons Attribution-NonCommercial-ShareAlike 4.0,3.5,07:57,https://www.xeno-canto.org/266633,norcar/XC266633.ogg
norcar,['gamqua'],['song'],31.906,-109.1543,Cardinalis cardinalis,Northern Cardinal,Richard E. Webster,Creative Commons Attribution-NonCommercial-ShareAlike 4.0,3.5,04:43,https://www.xeno-canto.org/266635,norcar/XC266635.ogg
norcar,[],['song'],31.906,-109.1543,Cardinalis cardinalis,Northern Cardinal,Richard E. Webster,Creative Commons Attribution-NonCommercial-ShareAlike 4.0,5.0,07:03,https://www.xeno-canto.org/266641,norcar/XC266641.ogg
norcar,['gamqua'],['song'],31.906,-109.1543,Cardinalis cardinalis,Northern Cardinal,Richard E. Webster,Creative Commons Attribution-NonCommercial-ShareAlike 4.0,4.5,18:30,https://www.xeno-canto.org/266643,norcar/XC266643.ogg
norcar,[],['song'],31.906,-109.1543,Cardinalis cardinalis,Northern Cardinal,Richard E. Webster,Creative Commons Attribution-NonCommercial-ShareAlike 4.0,3.5,05:15,https://www.xeno-canto.org/266646,norcar/XC266646.ogg
norcar,[],['call'],32.7922,-97.1103,Cardinalis cardinalis,Northern Cardinal,Ko Chie-Jen (Jerome),Creative Commons Attribution-NonCommercial-ShareAlike 4.0,2.0,20:21,https://www.xeno-canto.org/267595,norcar/XC267595.ogg
norcar,[],['song'],34.2717,-114.0437,Cardinalis cardinalis,Northern Cardinal,Michael Lester,Creative Commons Attribution-NonCommercial-ShareAlike 4.0,2.5,8:00,https://www.xeno-canto.org/269515,norcar/XC269515.ogg
norcar,[],"['begging call', 'call', 'juvenile']",44.9273,-93.1054,Cardinalis cardinalis,Northern Cardinal,Bobby Wilcox,Creative Commons Attribution-NonCommercial-ShareAlike 4.0,2.5,13:00,https://www.xeno-canto.org/270548,norcar/XC270548.ogg
norcar,['houspa'],"['male', 'song']",30.4792,-99.7781,Cardinalis cardinalis,Northern Cardinal,Eric Hough,Creative Commons Attribution-NonCommercial-ShareAlike 4.0,2.5,08:00,https://www.xeno-canto.org/277826,norcar/XC277826.ogg
norcar,[],['song'],40.8643,-73.6537,Cardinalis cardinalis,Northern Cardinal,Albert Lastukhin @ Max lastukhin,Creative Commons Attribution-NonCommercial-ShareAlike 4.0,4.0,15:30,https://www.xeno-canto.org/282264,norcar/XC282264.ogg
norcar,[],['call'],34.3583,-89.5255,Cardinalis cardinalis,Northern Cardinal,J.R. Rigby,Creative Commons Attribution-NonCommercial-ShareAlike 4.0,5.0,08:00,https://www.xeno-canto.org/287875,norcar/XC287875.ogg
norcar,[],['call'],32.9655,-97.0196,Cardinalis cardinalis,Northern Cardinal,emganin,Creative Commons Attribution-NonCommercial-ShareAlike 4.0,2.5,07:30,https://www.xeno-canto.org/288484,norcar/XC288484.ogg
norcar,[],"['male', 'song']",31.912,-109.1426,Cardinalis cardinalis,Northern Cardinal,Eric Hough,Creative Commons Attribution-NonCommercial-ShareAlike 4.0,5.0,11:30,https://www.xeno-canto.org/291402,norcar/XC291402.ogg
norcar,[],"['call', 'song']",31.6071,-111.041,Cardinalis cardinalis,Northern Cardinal,Ross Gallardy,Creative Commons Attribution-NonCommercial-ShareAlike 4.0,4.0,07:30,https://www.xeno-canto.org/297495,norcar/XC297495.ogg
norcar,[],"['Several different song types appear in this recording of part of a single bout.,']",39.192,-84.555,Cardinalis cardinalis,Northern Cardinal,Steve Pelikan,Creative Commons Attribution-NonCommercial-ShareAlike 4.0,5.0,11:20,https://www.xeno-canto.org/302932,norcar/XC302932.ogg
norcar,[],['call'],33.0151,-108.5561,Cardinalis cardinalis,Northern Cardinal,Jarrod Swackhamer,Creative Commons Attribution-NonCommercial-ShareAlike 4.0,3.0,09:30,https://www.xeno-canto.org/303678,norcar/XC303678.ogg
norcar,[],['song'],38.0872,-102.6207,Cardinalis cardinalis,Northern Cardinal,Ted Floyd,Creative Commons Attribution-NonCommercial-ShareAlike 4.0,4.0,09:11,https://www.xeno-canto.org/304524,norcar/XC304524.ogg
norcar,[],['song'],38.0872,-102.6207,Cardinalis cardinalis,Northern Cardinal,Ted Floyd,Creative Commons Attribution-NonCommercial-ShareAlike 4.0,4.0,09:12,https://www.xeno-canto.org/304525,norcar/XC304525.ogg
norcar,[],['song'],42.7336,-83.1536,Cardinalis cardinalis,Northern Cardinal,Antonio Xeira,Creative Commons Attribution-NonCommercial-ShareAlike 4.0,3.5,09:00,https://www.xeno-canto.org/304861,norcar/XC304861.ogg
norcar,[],"['call', 'female']",31.6742,-110.9412,Cardinalis cardinalis,Northern Cardinal,Scott Olmstead,Creative Commons Attribution-NonCommercial-ShareAlike 4.0,4.5,12:19,https://www.xeno-canto.org/306947,norcar/XC306947.ogg
norcar,[],"['call', 'male']",23.7265,-99.1248,Cardinalis cardinalis,Northern Cardinal,Manuel Grosselet,Creative Commons Attribution-NonCommercial-ShareAlike 4.0,3.0,17:30,https://www.xeno-canto.org/309818,norcar/XC309818.ogg
norcar,[],"['call', 'male']",23.7265,-99.1248,Cardinalis cardinalis,Northern Cardinal,Manuel Grosselet,Creative Commons Attribution-NonCommercial-ShareAlike 4.0,4.0,17:30,https://www.xeno-canto.org/309819,norcar/XC309819.ogg
norcar,[],"['call', 'male', 'song']",23.7265,-99.1248,Cardinalis cardinalis,Northern Cardinal,Manuel Grosselet,Creative Commons Attribution-NonCommercial-ShareAlike 4.0,4.0,17:30,https://www.xeno-canto.org/309820,norcar/XC309820.ogg
norcar,[],"['call', 'male', 'song']",23.7265,-99.1248,Cardinalis cardinalis,Northern Cardinal,Manuel Grosselet,Creative Commons Attribution-NonCommercial-ShareAlike 4.0,4.0,17:30,https://www.xeno-canto.org/309821,norcar/XC309821.ogg
norcar,[],['song'],29.5733,-94.3902,Cardinalis cardinalis,Northern Cardinal,Ken Blankenship,Creative Commons Attribution-NonCommercial-ShareAlike 4.0,3.5,13:00,https://www.xeno-canto.org/310953,norcar/XC310953.ogg
norcar,[],['song'],42.7865,-83.1459,Cardinalis cardinalis,Northern Cardinal,Antonio Xeira,Creative Commons Attribution-NonCommercial-ShareAlike 4.0,3.0,08:30,https://www.xeno-canto.org/310955,norcar/XC310955.ogg
norcar,['moudov'],['Song'],43.1256,-82.6098,Cardinalis cardinalis,Northern Cardinal,Allen T. Chartier,Creative Commons Attribution-NonCommercial-ShareAlike 3.0,3.5,?,https://www.xeno-canto.org/31164,norcar/XC31164.ogg
norcar,[],['song'],42.7336,-83.1536,Cardinalis cardinalis,Northern Cardinal,Antonio Xeira,Creative Commons Attribution-NonCommercial-ShareAlike 4.0,5.0,11:00,https://www.xeno-canto.org/311714,norcar/XC311714.ogg
norcar,"['moudov', 'wesmea']",['song'],39.613,-102.227,Cardinalis cardinalis,Northern Cardinal,Sue Riffe,Creative Commons Attribution-NonCommercial-ShareAlike 4.0,3.5,11:20,https://www.xeno-canto.org/313079,norcar/XC313079.ogg
norcar,[],['song'],42.0958,-79.131,Cardinalis cardinalis,Northern Cardinal,Jim Berry,Creative Commons Attribution-NonCommercial-ShareAlike 4.0,4.5,06:00,https://www.xeno-canto.org/313423,norcar/XC313423.ogg
norcar,[],['call'],42.7865,-83.1459,Cardinalis cardinalis,Northern Cardinal,Antonio Xeira,Creative Commons Attribution-NonCommercial-ShareAlike 4.0,5.0,18:00,https://www.xeno-canto.org/313512,norcar/XC313512.ogg
norcar,[],['song'],41.8605,-88.1756,Cardinalis cardinalis,Northern Cardinal,Matt Wistrand,Creative Commons Attribution-NonCommercial-ShareAlike 4.0,5.0,17:50,https://www.xeno-canto.org/313769,norcar/XC313769.ogg
norcar,[],"['male', 'song']",31.7198,-110.9469,Cardinalis cardinalis,Northern Cardinal,Nick Komar,Creative Commons Attribution-NonCommercial-ShareAlike 4.0,4.5,08:30,https://www.xeno-canto.org/314141,norcar/XC314141.ogg
norcar,[],['song'],42.7336,-83.1536,Cardinalis cardinalis,Northern Cardinal,Antonio Xeira,Creative Commons Attribution-NonCommercial-ShareAlike 4.0,5.0,08:30,https://www.xeno-canto.org/315151,norcar/XC315151.ogg
norcar,[],['song'],42.7335,-83.0753,Cardinalis cardinalis,Northern Cardinal,Antonio Xeira,Creative Commons Attribution-NonCommercial-ShareAlike 4.0,3.5,18:00,https://www.xeno-canto.org/315749,norcar/XC315749.ogg
norcar,[],['song'],34.9594,-89.9656,Cardinalis cardinalis,Northern Cardinal,Hal Mitchell,Creative Commons Attribution-NonCommercial-ShareAlike 4.0,5.0,10:00,https://www.xeno-canto.org/316104,norcar/XC316104.ogg
norcar,[],"['male', 'song']",34.3007,-113.4803,Cardinalis cardinalis,Northern Cardinal,Bobby Wilcox,Creative Commons Attribution-NonCommercial-ShareAlike 4.0,3.0,09:30,https://www.xeno-canto.org/316528,norcar/XC316528.ogg
norcar,[],"['male', 'song']",41.6508,-91.5557,Cardinalis cardinalis,Northern Cardinal,Bobby Wilcox,Creative Commons Attribution-NonCommercial-ShareAlike 4.0,3.0,12:30,https://www.xeno-canto.org/316529,norcar/XC316529.ogg
norcar,[],['song'],15.6656,-96.5267,Cardinalis cardinalis,Northern Cardinal,Nick Athanas,Creative Commons Attribution-NonCommercial-ShareAlike 3.0,3.5,17:05,https://www.xeno-canto.org/31676,norcar/XC31676.ogg
norcar,['gamqua'],['song'],31.9044,-109.1576,Cardinalis cardinalis,Northern Cardinal,Russ Wigh,Creative Commons Attribution-NonCommercial-ShareAlike 4.0,4.5,06:00,https://www.xeno-canto.org/317502,norcar/XC317502.ogg
norcar,[],['call'],42.7301,-83.1331,Cardinalis cardinalis,Northern Cardinal,Antonio Xeira,Creative Commons Attribution-NonCommercial-ShareAlike 4.0,5.0,10:30,https://www.xeno-canto.org/320497,norcar/XC320497.ogg
norcar,[],"['song', 'unusual']",32.447,-93.6721,Cardinalis cardinalis,Northern Cardinal,Terry Davis,Creative Commons Attribution-NonCommercial-ShareAlike 4.0,2.5,11:27,https://www.xeno-canto.org/320694,norcar/XC320694.ogg
norcar,[],"['male', 'song']",28.229,-80.813,Cardinalis cardinalis,Northern Cardinal,Paul Marvin,Creative Commons Attribution-NonCommercial-ShareAlike 4.0,5.0,09:20,https://www.xeno-canto.org/321375,norcar/XC321375.ogg
norcar,[],['song'],45.0889,-74.2627,Cardinalis cardinalis,Northern Cardinal,Martin St-Michel,Creative Commons Attribution-NonCommercial-ShareAlike 4.0,3.5,19:38,https://www.xeno-canto.org/321694,norcar/XC321694.ogg
norcar,[],['Some juvenile begging calls heard throughout recording but not sure which specie'],38.7877,-77.2332,Cardinalis cardinalis,Northern Cardinal,Bobby Wilcox,Creative Commons Attribution-NonCommercial-ShareAlike 4.0,2.5,06:00,https://www.xeno-canto.org/321920,norcar/XC321920.ogg
norcar,[],['song'],45.2183,-93.6515,Cardinalis cardinalis,Northern Cardinal,iSpiny,Creative Commons Attribution-NonCommercial-ShareAlike 4.0,5.0,18:00,https://www.xeno-canto.org/321934,norcar/XC321934.ogg
norcar,['norcar'],"['male', 'song']",38.6477,-77.239,Cardinalis cardinalis,Northern Cardinal,Bobby Wilcox,Creative Commons Attribution-NonCommercial-ShareAlike 4.0,2.5,09:30,https://www.xeno-canto.org/322030,norcar/XC322030.ogg
norcar,[],"['male', 'song']",38.6477,-77.239,Cardinalis cardinalis,Northern Cardinal,Bobby Wilcox,Creative Commons Attribution-NonCommercial-ShareAlike 4.0,2.5,12:30,https://www.xeno-canto.org/322040,norcar/XC322040.ogg
norcar,[],['begging call'],42.7372,-83.2314,Cardinalis cardinalis,Northern Cardinal,Antonio Xeira,Creative Commons Attribution-NonCommercial-ShareAlike 4.0,3.0,20:30,https://www.xeno-canto.org/322458,norcar/XC322458.ogg
norcar,['belkin1'],['song'],42.0367,-79.4164,Cardinalis cardinalis,Northern Cardinal,Jim Berry,Creative Commons Attribution-NonCommercial-ShareAlike 4.0,4.5,05:28,https://www.xeno-canto.org/324411,norcar/XC324411.ogg
norcar,[],['song'],39.1742,-75.5424,Cardinalis cardinalis,Northern Cardinal,Jerald R,Creative Commons Attribution-NonCommercial-ShareAlike 4.0,4.5,18:00,https://www.xeno-canto.org/325658,norcar/XC325658.ogg
norcar,[],"['call', 'song']",40.8708,-73.5398,Cardinalis cardinalis,Northern Cardinal,Albert Lastukhin & Max Lastukhin ,Creative Commons Attribution-NonCommercial-ShareAlike 4.0,5.0,09:00,https://www.xeno-canto.org/325690,norcar/XC325690.ogg
norcar,[],['call'],40.8708,-73.5398,Cardinalis cardinalis,Northern Cardinal,Albert Lastukhin & Max Lastukhin ,Creative Commons Attribution-NonCommercial-ShareAlike 4.0,4.0,09:00,https://www.xeno-canto.org/325692,norcar/XC325692.ogg
norcar,[],['song'],37.8929,-84.3923,Cardinalis cardinalis,Northern Cardinal,Antonio Xeira,Creative Commons Attribution-NonCommercial-ShareAlike 4.0,4.5,11:00,https://www.xeno-canto.org/327666,norcar/XC327666.ogg
norcar,[],['song'],20.8381,-156.3485,Cardinalis cardinalis,Northern Cardinal,Thomas G. Graves,Creative Commons Attribution-NonCommercial-ShareAlike 4.0,4.0,10:00,https://www.xeno-canto.org/328238,norcar/XC328238.ogg
norcar,[],['call'],44.3211,-78.3264,Cardinalis cardinalis,Northern Cardinal,Iain,Creative Commons Attribution-NonCommercial-ShareAlike 4.0,3.0,07:30,https://www.xeno-canto.org/330230,norcar/XC330230.ogg
norcar,[],"['call', 'male', 'song']",39.1742,-75.5424,Cardinalis cardinalis,Northern Cardinal,Jerald R,Creative Commons Attribution-NonCommercial-ShareAlike 4.0,4.0,05:28,https://www.xeno-canto.org/330857,norcar/XC330857.ogg
norcar,[],"['call', 'male', 'song']",39.1742,-75.5424,Cardinalis cardinalis,Northern Cardinal,Jerald R,Creative Commons Attribution-NonCommercial-ShareAlike 4.0,4.0,05:40,https://www.xeno-canto.org/330858,norcar/XC330858.ogg
norcar,[],"['male', 'song']",41.9869,-93.8862,Cardinalis cardinalis,Northern Cardinal,Bobby Wilcox,Creative Commons Attribution-NonCommercial-ShareAlike 4.0,3.5,06:00,https://www.xeno-canto.org/332576,norcar/XC332576.ogg
norcar,[],['song'],40.8918,-91.0756,Cardinalis cardinalis,Northern Cardinal,Bobby Wilcox,Creative Commons Attribution-NonCommercial-ShareAlike 4.0,3.0,10:00,https://www.xeno-canto.org/332611,norcar/XC332611.ogg
norcar,[],['song'],19.4379,-155.3006,Cardinalis cardinalis,Northern Cardinal,Craig Robertson,Creative Commons Attribution-NonCommercial-ShareAlike 4.0,3.0,16:30,https://www.xeno-canto.org/336998,norcar/XC336998.ogg
norcar,[],['song'],19.4317,-155.2839,Cardinalis cardinalis,Northern Cardinal,Craig Robertson,Creative Commons Attribution-NonCommercial-ShareAlike 4.0,3.0,17:00,https://www.xeno-canto.org/337003,norcar/XC337003.ogg
norcar,[],"['alarm call', 'call', 'female', 'male']",39.1742,-75.5424,Cardinalis cardinalis,Northern Cardinal,Jerald R,Creative Commons Attribution-NonCommercial-ShareAlike 4.0,4.5,17:30,https://www.xeno-canto.org/340724,norcar/XC340724.ogg
norcar,[],['song'],29.8406,-81.2712,Cardinalis cardinalis,Northern Cardinal,Sue Riffe,Creative Commons Attribution-NonCommercial-ShareAlike 4.0,4.5,06:54,https://www.xeno-canto.org/343927,norcar/XC343927.ogg
norcar,[],['song'],34.6102,-113.5692,Cardinalis cardinalis,Northern Cardinal,Ryan P. O'Donnell,Creative Commons Attribution-NonCommercial-ShareAlike 4.0,4.0,18:09,https://www.xeno-canto.org/345986,norcar/XC345986.ogg
norcar,[],['song'],21.5648,-88.0853,Cardinalis cardinalis,Northern Cardinal,Jim Holmes,Creative Commons Attribution-NonCommercial-ShareAlike 4.0,5.0,07:30,https://www.xeno-canto.org/351633,norcar/XC351633.ogg
norcar,['houfin'],"['call', 'song']",27.0149,-108.9351,Cardinalis cardinalis,Northern Cardinal,Richard E. Webster,Creative Commons Attribution-NonCommercial-ShareAlike 4.0,3.5,08:10,https://www.xeno-canto.org/353004,norcar/XC353004.ogg
norcar,['houspa'],['song'],27.0149,-108.9351,Cardinalis cardinalis,Northern Cardinal,Richard E. Webster,Creative Commons Attribution-NonCommercial-ShareAlike 4.0,3.5,12:32,https://www.xeno-canto.org/353005,norcar/XC353005.ogg
norcar,"['houfin', 'houspa', 'normoc']",['song'],27.0149,-108.9351,Cardinalis cardinalis,Northern Cardinal,Richard E. Webster,Creative Commons Attribution-NonCommercial-ShareAlike 4.0,3.5,14:49,https://www.xeno-canto.org/353006,norcar/XC353006.ogg
norcar,[],['song'],38.069,-102.615,Cardinalis cardinalis,Northern Cardinal,Ted Floyd,Creative Commons Attribution-NonCommercial-ShareAlike 4.0,5.0,09:12,https://www.xeno-canto.org/356015,norcar/XC356015.ogg
norcar,[],['song'],19.3196,-99.1935,Cardinalis cardinalis,Northern Cardinal,Esau Toaki Villarreal ,Creative Commons Attribution-NonCommercial-ShareAlike 4.0,5.0,09:00,https://www.xeno-canto.org/356489,norcar/XC356489.ogg
norcar,[],['song'],31.9237,-81.0559,Cardinalis cardinalis,Northern Cardinal,Russ Wigh,Creative Commons Attribution-NonCommercial-ShareAlike 4.0,5.0,06:00,https://www.xeno-canto.org/356804,norcar/XC356804.ogg
norcar,[],['call'],40.092,-75.4258,Cardinalis cardinalis,Northern Cardinal,Thomas Magarian,Creative Commons Attribution-NonCommercial-ShareAlike 4.0,2.5,09:55,https://www.xeno-canto.org/359457,norcar/XC359457.ogg
norcar,[],['call'],40.092,-75.4258,Cardinalis cardinalis,Northern Cardinal,Thomas Magarian,Creative Commons Attribution-NonCommercial-ShareAlike 4.0,2.5,09:56,https://www.xeno-canto.org/359458,norcar/XC359458.ogg
norcar,[],['call'],40.092,-75.4258,Cardinalis cardinalis,Northern Cardinal,Thomas Magarian,Creative Commons Attribution-NonCommercial-ShareAlike 4.0,2.5,09:54,https://www.xeno-canto.org/360736,norcar/XC360736.ogg
norcar,[],['call'],42.7604,-83.2083,Cardinalis cardinalis,Northern Cardinal,Antonio Xeira,Creative Commons Attribution-NonCommercial-ShareAlike 4.0,4.0,08:00,https://www.xeno-canto.org/361018,norcar/XC361018.ogg
norcar,[],"['male', 'song']",34.3309,-87.2864,Cardinalis cardinalis,Northern Cardinal,Scott Gravette,Creative Commons Attribution-NonCommercial-ShareAlike 4.0,4.5,08:30,https://www.xeno-canto.org/362613,norcar/XC362613.ogg
norcar,[],['song'],34.3309,-87.2864,Cardinalis cardinalis,Northern Cardinal,Scott Gravette,Creative Commons Attribution-NonCommercial-ShareAlike 4.0,4.5,08:30,https://www.xeno-canto.org/362753,norcar/XC362753.ogg
norcar,[],['song'],36.0207,-78.7277,Cardinalis cardinalis,Northern Cardinal,Brian Murphy,Creative Commons Attribution-NonCommercial-ShareAlike 4.0,5.0,09:30,https://www.xeno-canto.org/363861,norcar/XC363861.ogg
norcar,[],['song'],30.4801,-90.9858,Cardinalis cardinalis,Northern Cardinal,Matt Brady,Creative Commons Attribution-NonCommercial-ShareAlike 4.0,3.5,08:00,https://www.xeno-canto.org/364675,norcar/XC364675.ogg
norcar,['norcar'],"['female', 'male', 'song']",40.8918,-91.0756,Cardinalis cardinalis,Northern Cardinal,Bobby Wilcox,Creative Commons Attribution-NonCommercial-ShareAlike 4.0,3.5,09:00,https://www.xeno-canto.org/365066,norcar/XC365066.ogg
norcar,['norcar'],"['female', 'male', 'song']",40.8918,-91.0756,Cardinalis cardinalis,Northern Cardinal,Bobby Wilcox,Creative Commons Attribution-NonCommercial-ShareAlike 4.0,3.5,09:00,https://www.xeno-canto.org/365067,norcar/XC365067.ogg
norcar,[],['song'],36.7071,-86.9576,Cardinalis cardinalis,Northern Cardinal,Antonio Xeira,Creative Commons Attribution-NonCommercial-ShareAlike 4.0,4.0,?,https://www.xeno-canto.org/366398,norcar/XC366398.ogg
norcar,[],['song'],36.7071,-86.9576,Cardinalis cardinalis,Northern Cardinal,Antonio Xeira,Creative Commons Attribution-NonCommercial-ShareAlike 4.0,4.0,?,https://www.xeno-canto.org/366403,norcar/XC366403.ogg
norcar,[],['song'],38.0266,-84.3217,Cardinalis cardinalis,Northern Cardinal,Antonio Xeira,Creative Commons Attribution-NonCommercial-ShareAlike 4.0,5.0,07:30,https://www.xeno-canto.org/366609,norcar/XC366609.ogg
norcar,['moudov'],['song'],40.841,-102.774,Cardinalis cardinalis,Northern Cardinal,Eric DeFonso,Creative Commons Attribution-NonCommercial-ShareAlike 4.0,4.5,06:39,https://www.xeno-canto.org/367706,norcar/XC367706.ogg
norcar,[],['song'],40.841,-102.774,Cardinalis cardinalis,Northern Cardinal,Eric DeFonso,Creative Commons Attribution-NonCommercial-ShareAlike 4.0,4.5,08:43,https://www.xeno-canto.org/367804,norcar/XC367804.ogg
norcar,[],"['male', 'song']",38.7877,-77.2332,Cardinalis cardinalis,Northern Cardinal,Bobby Wilcox,Creative Commons Attribution-NonCommercial-ShareAlike 4.0,3.5,15:30,https://www.xeno-canto.org/370062,norcar/XC370062.ogg
norcar,[],"['male', 'song']",39.107,-96.6085,Cardinalis cardinalis,Northern Cardinal,Eric DeFonso,Creative Commons Attribution-NonCommercial-ShareAlike 4.0,4.5,06:29,https://www.xeno-canto.org/370494,norcar/XC370494.ogg
norcar,[],"['female', 'song']",45.3719,-75.7887,Cardinalis cardinalis,Northern Cardinal,Dan Minor,Creative Commons Attribution-NonCommercial-ShareAlike 4.0,5.0,07:00,https://www.xeno-canto.org/370880,norcar/XC370880.ogg
norcar,[],['song'],31.9134,-109.1387,Cardinalis cardinalis,Northern Cardinal,Vicki Dern,Creative Commons Attribution-NonCommercial-ShareAlike 4.0,4.5,09:55,https://www.xeno-canto.org/372866,norcar/XC372866.ogg
norcar,[],"['male', 'song']",39.3575,-76.6684,Cardinalis cardinalis,Northern Cardinal,Bobby Wilcox,Creative Commons Attribution-NonCommercial-ShareAlike 4.0,4.0,12:30,https://www.xeno-canto.org/373452,norcar/XC373452.ogg
norcar,[],"['call', 'song']",34.3701,-80.0939,Cardinalis cardinalis,Northern Cardinal,Nicholas Comparato,Creative Commons Attribution-NonCommercial-ShareAlike 4.0,5.0,10:00,https://www.xeno-canto.org/373569,norcar/XC373569.ogg
norcar,[],['song'],35.3535,-103.4515,Cardinalis cardinalis,Northern Cardinal,Matt Baumann,Creative Commons Attribution-NonCommercial-ShareAlike 4.0,5.0,10:30,https://www.xeno-canto.org/375382,norcar/XC375382.ogg
norcar,[],['song'],40.4746,-74.5266,Cardinalis cardinalis,Northern Cardinal,William Whitehead,Creative Commons Attribution-NonCommercial-ShareAlike 4.0,4.5,09:00,https://www.xeno-canto.org/376228,norcar/XC376228.ogg
norcar,[],['song'],40.841,-102.774,Cardinalis cardinalis,Northern Cardinal,Sue Riffe,Creative Commons Attribution-NonCommercial-ShareAlike 4.0,3.5,8:30,https://www.xeno-canto.org/381307,norcar/XC381307.ogg
norcar,[],"['begging call', 'call']",29.6884,-95.4228,Cardinalis cardinalis,Northern Cardinal,Kent Livezey,Creative Commons Attribution-NonCommercial-ShareAlike 4.0,3.5,08:58,https://www.xeno-canto.org/382335,norcar/XC382335.ogg
norcar,[],['song'],29.6884,-95.4228,Cardinalis cardinalis,Northern Cardinal,Kent Livezey,Creative Commons Attribution-NonCommercial-ShareAlike 4.0,2.5,09:09,https://www.xeno-canto.org/382341,norcar/XC382341.ogg
norcar,[],['song'],40.8918,-91.0756,Cardinalis cardinalis,Northern Cardinal,Bobby Wilcox,Creative Commons Attribution-NonCommercial-ShareAlike 4.0,5.0,08:00,https://www.xeno-canto.org/382878,norcar/XC382878.ogg
norcar,[],['song'],38.0695,-84.3933,Cardinalis cardinalis,Northern Cardinal,Antonio Xeira,Creative Commons Attribution-NonCommercial-ShareAlike 4.0,5.0,?,https://www.xeno-canto.org/383941,norcar/XC383941.ogg
norcar,[],['song'],31.497,-110.8507,Cardinalis cardinalis,Northern Cardinal,Antonio Xeira,Creative Commons Attribution-NonCommercial-ShareAlike 4.0,4.0,07:30,https://www.xeno-canto.org/384904,norcar/XC384904.ogg
norcar,[],['call'],41.8786,-87.6516,Cardinalis cardinalis,Northern Cardinal,Amanda,Creative Commons Attribution-NonCommercial-ShareAlike 4.0,4.0,12:30,https://www.xeno-canto.org/386340,norcar/XC386340.ogg
norcar,[],['begging call'],42.7895,-83.1904,Cardinalis cardinalis,Northern Cardinal,Antonio Xeira,Creative Commons Attribution-NonCommercial-ShareAlike 4.0,4.0,09:00,https://www.xeno-canto.org/388589,norcar/XC388589.ogg
norcar,['houspa'],['call'],42.7281,-83.199,Cardinalis cardinalis,Northern Cardinal,Antonio Xeira,Creative Commons Attribution-NonCommercial-ShareAlike 4.0,3.5,16:00,https://www.xeno-canto.org/388706,norcar/XC388706.ogg
norcar,[],"['begging call', 'call']",45.3868,-75.744,Cardinalis cardinalis,Northern Cardinal,Dan Minor,Creative Commons Attribution-NonCommercial-ShareAlike 4.0,4.0,17:30,https://www.xeno-canto.org/394315,norcar/XC394315.ogg
norcar,[],['call'],27.0165,-108.9464,Cardinalis cardinalis,Northern Cardinal,Lauren Harter,Creative Commons Attribution-NonCommercial-ShareAlike 4.0,4.0,06:20,https://www.xeno-canto.org/399207,norcar/XC399207.ogg
norcar,[],['song'],43.8761,-79.4518,Cardinalis cardinalis,Northern Cardinal,Kevin Cheng,Creative Commons Attribution-NonCommercial-ShareAlike 4.0,3.5,10:00,https://www.xeno-canto.org/403412,norcar/XC403412.ogg
norcar,['houspa'],['song'],45.3873,-75.7448,Cardinalis cardinalis,Northern Cardinal,Dan Minor,Creative Commons Attribution-NonCommercial-ShareAlike 4.0,3.5,11:00,https://www.xeno-canto.org/404227,norcar/XC404227.ogg
norcar,['cangoo'],['song'],40.8039,-73.1566,Cardinalis cardinalis,Northern Cardinal,AV_1099,Creative Commons Attribution-NonCommercial-ShareAlike 4.0,2.5,08:10,https://www.xeno-canto.org/404929,norcar/XC404929.ogg
norcar,[],"['call', 'song']",45.3868,-75.7439,Cardinalis cardinalis,Northern Cardinal,Dan Minor,Creative Commons Attribution-NonCommercial-ShareAlike 4.0,3.0,06:30,https://www.xeno-canto.org/407052,norcar/XC407052.ogg
norcar,[],"['call', 'song']",45.3868,-75.7439,Cardinalis cardinalis,Northern Cardinal,Dan Minor,Creative Commons Attribution-NonCommercial-ShareAlike 4.0,3.5,06:30,https://www.xeno-canto.org/407054,norcar/XC407054.ogg
norcar,['houspa'],['call'],40.6082,-74.2776,Cardinalis cardinalis,Northern Cardinal,William Whitehead,Creative Commons Attribution-NonCommercial-ShareAlike 4.0,3.5,07:00,https://www.xeno-canto.org/407733,norcar/XC407733.ogg
norcar,[],"['call', 'song']",34.3615,-87.1788,Cardinalis cardinalis,Northern Cardinal,Scott Gravette,Creative Commons Attribution-NonCommercial-ShareAlike 4.0,5.0,08:00,https://www.xeno-canto.org/408321,norcar/XC408321.ogg
norcar,[],['song'],40.1209,-75.2237,Cardinalis cardinalis,Northern Cardinal,Brian Henderson,Creative Commons Attribution-NonCommercial-ShareAlike 4.0,4.5,09:11,https://www.xeno-canto.org/412330,norcar/XC412330.ogg
norcar,['norcar'],['song'],29.1138,-80.9493,Cardinalis cardinalis,Northern Cardinal,Nicholas Comparato,Creative Commons Attribution-NonCommercial-ShareAlike 4.0,4.5,08:30,https://www.xeno-canto.org/412668,norcar/XC412668.ogg
norcar,['norcar'],['song'],29.1138,-80.9493,Cardinalis cardinalis,Northern Cardinal,Nicholas Comparato,Creative Commons Attribution-NonCommercial-ShareAlike 4.0,4.5,08:30,https://www.xeno-canto.org/412669,norcar/XC412669.ogg
norcar,[],"['male', 'song']",28.3369,-80.6087,Cardinalis cardinalis,Northern Cardinal,Paul Marvin,Creative Commons Attribution-NonCommercial-ShareAlike 4.0,4.0,8:06,https://www.xeno-canto.org/413201,norcar/XC413201.ogg
norcar,[],"['flight call', 'male', 'song']",28.0052,-80.582,Cardinalis cardinalis,Northern Cardinal,Paul Marvin,Creative Commons Attribution-NonCommercial-ShareAlike 4.0,3.5,08:40,https://www.xeno-canto.org/413207,norcar/XC413207.ogg
norcar,[],['song'],31.9045,-109.1561,Cardinalis cardinalis,Northern Cardinal,Russ Wigh,Creative Commons Attribution-NonCommercial-ShareAlike 4.0,5.0,06:30,https://www.xeno-canto.org/415386,norcar/XC415386.ogg
norcar,[],"['call', 'female']",41.9731,-88.2988,Cardinalis cardinalis,Northern Cardinal,Matt Wistrand,Creative Commons Attribution-NonCommercial-ShareAlike 4.0,5.0,06:53,https://www.xeno-canto.org/415887,norcar/XC415887.ogg
norcar,[],"['male', 'song']",38.7877,-77.2332,Cardinalis cardinalis,Northern Cardinal,Bobby Wilcox,Creative Commons Attribution-NonCommercial-ShareAlike 4.0,4.0,17:00,https://www.xeno-canto.org/415922,norcar/XC415922.ogg
norcar,[],"['male', 'song']",38.7877,-77.2332,Cardinalis cardinalis,Northern Cardinal,Bobby Wilcox,Creative Commons Attribution-NonCommercial-ShareAlike 4.0,4.0,17:00,https://www.xeno-canto.org/415925,norcar/XC415925.ogg
norcar,[],"['male', 'song']",38.7877,-77.2332,Cardinalis cardinalis,Northern Cardinal,Bobby Wilcox,Creative Commons Attribution-NonCommercial-ShareAlike 4.0,5.0,07:30,https://www.xeno-canto.org/416020,norcar/XC416020.ogg
norcar,[],"['male', 'song']",39.3288,-76.6253,Cardinalis cardinalis,Northern Cardinal,Bobby Wilcox,Creative Commons Attribution-NonCommercial-ShareAlike 4.0,4.0,17:00,https://www.xeno-canto.org/416024,norcar/XC416024.ogg
norcar,[],['song'],39.017,-84.1259,Cardinalis cardinalis,Northern Cardinal,Sue Riffe,Creative Commons Attribution-NonCommercial-ShareAlike 4.0,3.5,11:05,https://www.xeno-canto.org/416549,norcar/XC416549.ogg
norcar,[],['song'],43.7718,-79.3358,Cardinalis cardinalis,Northern Cardinal,Sandeep,Creative Commons Attribution-NonCommercial-ShareAlike 4.0,3.0,09:00,https://www.xeno-canto.org/416568,norcar/XC416568.ogg
norcar,[],"['male', 'song']",19.3163,-99.1939,Cardinalis cardinalis,Northern Cardinal,Manuel Grosselet,Creative Commons Attribution-NonCommercial-ShareAlike 4.0,3.5,09:30,https://www.xeno-canto.org/419039,norcar/XC419039.ogg
norcar,[],"['female', 'male', 'song']",40.7958,-73.9562,Cardinalis cardinalis,Northern Cardinal,Étienne Leroy,Creative Commons Attribution-NonCommercial-ShareAlike 4.0,4.0,09:00,https://www.xeno-canto.org/419924,norcar/XC419924.ogg
norcar,[],"['call', 'male']",42.5053,-76.784,Cardinalis cardinalis,Northern Cardinal,GABRIEL LEITE,Creative Commons Attribution-NonCommercial-ShareAlike 4.0,4.0,08:30,https://www.xeno-canto.org/420904,norcar/XC420904.ogg
norcar,[],"['Chip', 'call']",29.8315,-81.9456,Cardinalis cardinalis,Northern Cardinal,Bruce Lagerquist,Creative Commons Attribution-NonCommercial-ShareAlike 4.0,5.0,02:30,https://www.xeno-canto.org/421948,norcar/XC421948.ogg
norcar,[],['song'],42.3854,-76.35,Cardinalis cardinalis,Northern Cardinal,Meena Haribal,Creative Commons Attribution-NonCommercial-ShareAlike 4.0,3.0,06:30,https://www.xeno-canto.org/422782,norcar/XC422782.ogg
norcar,[],['song'],19.295,-99.095,Cardinalis cardinalis,Northern Cardinal,Manuel Grosselet,Creative Commons Attribution-NonCommercial-ShareAlike 4.0,4.5,10:30,https://www.xeno-canto.org/423360,norcar/XC423360.ogg
norcar,[],"['male', 'song']",40.8918,-91.0756,Cardinalis cardinalis,Northern Cardinal,Bobby Wilcox,Creative Commons Attribution-NonCommercial-ShareAlike 4.0,4.0,18:00,https://www.xeno-canto.org/425990,norcar/XC425990.ogg
norcar,[],['song'],29.1815,-102.9585,Cardinalis cardinalis,Northern Cardinal,Kaiya Provost,Creative Commons Attribution-NonCommercial-ShareAlike 4.0,0.5,9:53,https://www.xeno-canto.org/434568,norcar/XC434568.ogg
norcar,[],['song'],29.181,-102.961,Cardinalis cardinalis,Northern Cardinal,Kaiya Provost,Creative Commons Attribution-NonCommercial-ShareAlike 4.0,0.5,8:41,https://www.xeno-canto.org/434569,norcar/XC434569.ogg
norcar,[],['song'],29.1865,-102.973,Cardinalis cardinalis,Northern Cardinal,Kaiya Provost,Creative Commons Attribution-NonCommercial-ShareAlike 4.0,1.5,11:25,https://www.xeno-canto.org/434571,norcar/XC434571.ogg
norcar,[],['song'],29.271,-103.135,Cardinalis cardinalis,Northern Cardinal,Kaiya Provost,Creative Commons Attribution-NonCommercial-ShareAlike 4.0,2.0,9:39,https://www.xeno-canto.org/434572,norcar/XC434572.ogg
norcar,[],['song'],32.1065,-104.4669,Cardinalis cardinalis,Northern Cardinal,Brian T. Smith,Creative Commons Attribution-NonCommercial-ShareAlike 4.0,4.0,?,https://www.xeno-canto.org/434573,norcar/XC434573.ogg
norcar,[],"['call', 'song']",32.1065,-104.4669,Cardinalis cardinalis,Northern Cardinal,Brian T. Smith,Creative Commons Attribution-NonCommercial-ShareAlike 4.0,2.5,?,https://www.xeno-canto.org/434574,norcar/XC434574.ogg
norcar,[],['song'],32.1065,-104.4669,Cardinalis cardinalis,Northern Cardinal,Brian T. Smith,Creative Commons Attribution-NonCommercial-ShareAlike 4.0,2.0,?,https://www.xeno-canto.org/434577,norcar/XC434577.ogg
norcar,['moudov'],['song'],32.1065,-104.4669,Cardinalis cardinalis,Northern Cardinal,Brian T. Smith,Creative Commons Attribution-NonCommercial-ShareAlike 4.0,3.5,?,https://www.xeno-canto.org/434578,norcar/XC434578.ogg
norcar,[],"['call', 'song']",32.1065,-104.4669,Cardinalis cardinalis,Northern Cardinal,Brian T. Smith,Creative Commons Attribution-NonCommercial-ShareAlike 4.0,3.5,?,https://www.xeno-canto.org/434579,norcar/XC434579.ogg
norcar,"['moudov', 'wiltur']","['song,call']",30.109,-104.471,Cardinalis cardinalis,Northern Cardinal,Brian T. Smith,Creative Commons Attribution-NonCommercial-ShareAlike 4.0,2.5,?,https://www.xeno-canto.org/434580,norcar/XC434580.ogg
norcar,"['moudov', 'wiltur']","['call', 'song']",32.1065,-104.4669,Cardinalis cardinalis,Northern Cardinal,Brian T. Smith,Creative Commons Attribution-NonCommercial-ShareAlike 4.0,3.5,7:00,https://www.xeno-canto.org/434581,norcar/XC434581.ogg
norcar,['gamqua'],['song'],31.9044,-109.1576,Cardinalis cardinalis,Northern Cardinal,Brian T. Smith,Creative Commons Attribution-NonCommercial-ShareAlike 4.0,3.5,?,https://www.xeno-canto.org/434582,norcar/XC434582.ogg
norcar,['gamqua'],['song'],31.9044,-109.1576,Cardinalis cardinalis,Northern Cardinal,Brian T. Smith,Creative Commons Attribution-NonCommercial-ShareAlike 4.0,2.5,6:35,https://www.xeno-canto.org/434583,norcar/XC434583.ogg
norcar,[],"['call', 'song']",31.9044,-109.1576,Cardinalis cardinalis,Northern Cardinal,Brian T. Smith,Creative Commons Attribution-NonCommercial-ShareAlike 4.0,5.0,6:49,https://www.xeno-canto.org/434584,norcar/XC434584.ogg
norcar,[],['song'],31.9044,-109.1576,Cardinalis cardinalis,Northern Cardinal,Brian T. Smith,Creative Commons Attribution-NonCommercial-ShareAlike 4.0,3.5,?,https://www.xeno-canto.org/434585,norcar/XC434585.ogg
norcar,['gamqua'],['song'],31.9044,-109.1576,Cardinalis cardinalis,Northern Cardinal,Brian T. Smith,Creative Commons Attribution-NonCommercial-ShareAlike 4.0,3.5,?,https://www.xeno-canto.org/434586,norcar/XC434586.ogg
norcar,[],['Song'],30.293,-97.664,Cardinalis cardinalis,Northern Cardinal,Kaiya Provost,Creative Commons Attribution-NonCommercial-ShareAlike 4.0,2.0,7:30,https://www.xeno-canto.org/434588,norcar/XC434588.ogg
norcar,[],['Song'],30.505,-97.979,Cardinalis cardinalis,Northern Cardinal,Kaiya Provost,Creative Commons Attribution-NonCommercial-ShareAlike 4.0,1.0,18:03,https://www.xeno-canto.org/434589,norcar/XC434589.ogg
norcar,[],['Song'],30.51,-97.992,Cardinalis cardinalis,Northern Cardinal,Kaiya Provost,Creative Commons Attribution-NonCommercial-ShareAlike 4.0,1.0,10:35,https://www.xeno-canto.org/434590,norcar/XC434590.ogg
norcar,[],['Song'],30.51,-97.992,Cardinalis cardinalis,Northern Cardinal,Kaiya Provost,Creative Commons Attribution-NonCommercial-ShareAlike 4.0,1.0,10:35,https://www.xeno-canto.org/434591,norcar/XC434591.ogg
norcar,[],"['song,call']",30.505,-97.979,Cardinalis cardinalis,Northern Cardinal,Kaiya Provost,Creative Commons Attribution-NonCommercial-ShareAlike 4.0,2.5,9:00,https://www.xeno-canto.org/434592,norcar/XC434592.ogg
norcar,[],['song'],28.426,-109.116,Cardinalis cardinalis,Northern Cardinal,Richard E. Webster,Creative Commons Attribution-NonCommercial-ShareAlike 4.0,3.5,06:59,https://www.xeno-canto.org/439895,norcar/XC439895.ogg
norcar,[],"['female', 'song']",28.426,-109.116,Cardinalis cardinalis,Northern Cardinal,Richard E. Webster,Creative Commons Attribution-NonCommercial-ShareAlike 4.0,3.5,09:56,https://www.xeno-canto.org/439896,norcar/XC439896.ogg
norcar,[],['song'],27.0633,-109.0398,Cardinalis cardinalis,Northern Cardinal,Richard E. Webster,Creative Commons Attribution-NonCommercial-ShareAlike 4.0,4.5,05:21,https://www.xeno-canto.org/439899,norcar/XC439899.ogg
norcar,[],"['male', 'song']",27.0099,-108.9131,Cardinalis cardinalis,Northern Cardinal,Richard E. Webster,Creative Commons Attribution-NonCommercial-ShareAlike 4.0,4.5,06:43,https://www.xeno-canto.org/439900,norcar/XC439900.ogg
norcar,[],"['male', 'song']",27.0099,-108.9131,Cardinalis cardinalis,Northern Cardinal,Richard E. Webster,Creative Commons Attribution-NonCommercial-ShareAlike 4.0,4.5,08:14,https://www.xeno-canto.org/439901,norcar/XC439901.ogg
norcar,[],"['male', 'song']",27.0099,-108.9131,Cardinalis cardinalis,Northern Cardinal,Richard E. Webster,Creative Commons Attribution-NonCommercial-ShareAlike 4.0,4.5,18:12,https://www.xeno-canto.org/439902,norcar/XC439902.ogg
norcar,[],"['male', 'song']",27.0262,-108.9761,Cardinalis cardinalis,Northern Cardinal,Richard E. Webster,Creative Commons Attribution-NonCommercial-ShareAlike 4.0,4.5,07:11,https://www.xeno-canto.org/439903,norcar/XC439903.ogg
norcar,[],['song'],27.0262,-108.9761,Cardinalis cardinalis,Northern Cardinal,Richard E. Webster,Creative Commons Attribution-NonCommercial-ShareAlike 4.0,3.5,05:05,https://www.xeno-canto.org/439904,norcar/XC439904.ogg
norcar,[],"['female', 'male', 'song']",27.0262,-108.9761,Cardinalis cardinalis,Northern Cardinal,Richard E. Webster,Creative Commons Attribution-NonCommercial-ShareAlike 4.0,5.0,05:15,https://www.xeno-canto.org/439905,norcar/XC439905.ogg
norcar,[],['song'],26.9122,-108.9137,Cardinalis cardinalis,Northern Cardinal,Richard E. Webster,Creative Commons Attribution-NonCommercial-ShareAlike 4.0,3.5,05:30,https://www.xeno-canto.org/439906,norcar/XC439906.ogg
norcar,[],"['male', 'song']",27.7834,-109.8984,Cardinalis cardinalis,Northern Cardinal,Richard E. Webster,Creative Commons Attribution-NonCommercial-ShareAlike 4.0,3.5,09:04,https://www.xeno-canto.org/439907,norcar/XC439907.ogg
norcar,[],"['female', 'male', 'song']",27.0633,-109.0398,Cardinalis cardinalis,Northern Cardinal,Richard E. Webster,Creative Commons Attribution-NonCommercial-ShareAlike 4.0,3.5,07:49,https://www.xeno-canto.org/439908,norcar/XC439908.ogg
norcar,[],['song'],27.9601,-110.9806,Cardinalis cardinalis,Northern Cardinal,Richard E. Webster,Creative Commons Attribution-NonCommercial-ShareAlike 4.0,3.5,05:30,https://www.xeno-canto.org/439909,norcar/XC439909.ogg
norcar,[],"['male', 'song']",27.7834,-109.8984,Cardinalis cardinalis,Northern Cardinal,Richard E. Webster,Creative Commons Attribution-NonCommercial-ShareAlike 4.0,3.5,05:57,https://www.xeno-canto.org/439910,norcar/XC439910.ogg
norcar,[],"['call', 'female', 'male', 'song']",27.7834,-109.8984,Cardinalis cardinalis,Northern Cardinal,Richard E. Webster,Creative Commons Attribution-NonCommercial-ShareAlike 4.0,4.5,08:36,https://www.xeno-canto.org/439911,norcar/XC439911.ogg
norcar,[],['song'],27.0262,-108.9761,Cardinalis cardinalis,Northern Cardinal,Richard E. Webster,Creative Commons Attribution-NonCommercial-ShareAlike 4.0,4.5,05:41,https://www.xeno-canto.org/439912,norcar/XC439912.ogg
norcar,['norcar'],"['female', 'male', 'song']",27.0262,-108.9761,Cardinalis cardinalis,Northern Cardinal,Richard E. Webster,Creative Commons Attribution-NonCommercial-ShareAlike 4.0,4.5,07:13,https://www.xeno-canto.org/439913,norcar/XC439913.ogg
norcar,[],['song'],27.6308,-80.7586,Cardinalis cardinalis,Northern Cardinal,Bruce Lagerquist,Creative Commons Attribution-NonCommercial-ShareAlike 4.0,5.0,15:00,https://www.xeno-canto.org/445757,norcar/XC445757.ogg
norcar,[],['call'],38.8918,-77.0241,Cardinalis cardinalis,Northern Cardinal,Thomas ARMAND,Creative Commons Attribution-NonCommercial-ShareAlike 4.0,4.0,17:00,https://www.xeno-canto.org/445785,norcar/XC445785.ogg
norcar,[],['call'],40.7765,-73.9706,Cardinalis cardinalis,Northern Cardinal,Thomas ARMAND,Creative Commons Attribution-NonCommercial-ShareAlike 4.0,4.0,16:00,https://www.xeno-canto.org/445800,norcar/XC445800.ogg
norcar,[],"['call', 'display', 'female', 'male', 'song']",38.8922,-77.2219,Cardinalis cardinalis,Northern Cardinal,Bobby Wilcox,Creative Commons Attribution-NonCommercial-ShareAlike 4.0,4.0,11:00,https://www.xeno-canto.org/446651,norcar/XC446651.ogg
norcar,[],"['male', 'song']",28.229,-80.813,Cardinalis cardinalis,Northern Cardinal,Paul Marvin,Creative Commons Attribution-NonCommercial-ShareAlike 4.0,4.5,08:54,https://www.xeno-canto.org/451804,norcar/XC451804.ogg
norcar,[],"['call', 'male']",28.4077,-80.5912,Cardinalis cardinalis,Northern Cardinal,Paul Marvin,Creative Commons Attribution-NonCommercial-ShareAlike 4.0,5.0,07:56,https://www.xeno-canto.org/452048,norcar/XC452048.ogg
norcar,[],"['call', 'female']",46.8781,-71.2194,Cardinalis cardinalis,Northern Cardinal,Diane Labarre,Creative Commons Attribution-NonCommercial-ShareAlike 4.0,5.0,13:30,https://www.xeno-canto.org/452136,norcar/XC452136.ogg
norcar,[],['song'],28.426,-109.116,Cardinalis cardinalis,Northern Cardinal,Richard E. Webster,Creative Commons Attribution-NonCommercial-ShareAlike 4.0,4.5,05:30,https://www.xeno-canto.org/452383,norcar/XC452383.ogg
norcar,[],['song'],28.4293,-109.1903,Cardinalis cardinalis,Northern Cardinal,Richard E. Webster,Creative Commons Attribution-NonCommercial-ShareAlike 4.0,4.5,10:30,https://www.xeno-canto.org/452384,norcar/XC452384.ogg
norcar,[],['song'],29.6689,-96.2668,Cardinalis cardinalis,Northern Cardinal,Paul Marvin,Creative Commons Attribution-NonCommercial-ShareAlike 4.0,4.0,08:00,https://www.xeno-canto.org/452610,norcar/XC452610.ogg
norcar,['houspa'],['song'],45.3873,-75.7448,Cardinalis cardinalis,Northern Cardinal,Dan Minor,Creative Commons Attribution-NonCommercial-ShareAlike 4.0,2.5,07:30,https://www.xeno-canto.org/456404,norcar/XC456404.ogg
norcar,[],['song'],38.069,-102.615,Cardinalis cardinalis,Northern Cardinal,Ted Floyd,Creative Commons Attribution-NonCommercial-ShareAlike 4.0,4.0,12:33,https://www.xeno-canto.org/456485,norcar/XC456485.ogg
norcar,[],['song'],38.069,-102.615,Cardinalis cardinalis,Northern Cardinal,Ted Floyd,Creative Commons Attribution-NonCommercial-ShareAlike 4.0,4.0,12:38,https://www.xeno-canto.org/456486,norcar/XC456486.ogg
norcar,[],['song'],38.069,-102.615,Cardinalis cardinalis,Northern Cardinal,Ted Floyd,Creative Commons Attribution-NonCommercial-ShareAlike 4.0,5.0,12:34,https://www.xeno-canto.org/456487,norcar/XC456487.ogg
norcar,[],['song'],45.3873,-75.7448,Cardinalis cardinalis,Northern Cardinal,Dan Minor,Creative Commons Attribution-NonCommercial-ShareAlike 4.0,1.5,07:00,https://www.xeno-canto.org/456742,norcar/XC456742.ogg
norcar,['cangoo'],['song'],37.2602,-97.4172,Cardinalis cardinalis,Northern Cardinal,Ves,Creative Commons Attribution-NonCommercial-ShareAlike 4.0,3.5,17:45,https://www.xeno-canto.org/458039,norcar/XC458039.ogg
norcar,[],['song'],45.3775,-75.7722,Cardinalis cardinalis,Northern Cardinal,Dan Minor,Creative Commons Attribution-NonCommercial-ShareAlike 4.0,3.5,06:30,https://www.xeno-canto.org/458964,norcar/XC458964.ogg
norcar,[],"['call', 'female', 'male', 'song']",45.3883,-75.7483,Cardinalis cardinalis,Northern Cardinal,Dan Minor,Creative Commons Attribution-NonCommercial-ShareAlike 4.0,3.5,06:00,https://www.xeno-canto.org/459712,norcar/XC459712.ogg
norcar,[],['song'],29.8235,-99.5773,Cardinalis cardinalis,Northern Cardinal,Paul Marvin,Creative Commons Attribution-NonCommercial-ShareAlike 4.0,4.5,11:56,https://www.xeno-canto.org/460604,norcar/XC460604.ogg
norcar,[],"['begging call', 'juvenile']",28.6456,-80.7199,Cardinalis cardinalis,Northern Cardinal,Paul Marvin,Creative Commons Attribution-NonCommercial-ShareAlike 4.0,3.5,08:32,https://www.xeno-canto.org/460737,norcar/XC460737.ogg
norcar,[],"['begging call', 'female', 'juvenile']",28.6456,-80.7199,Cardinalis cardinalis,Northern Cardinal,Paul Marvin,Creative Commons Attribution-NonCommercial-ShareAlike 4.0,4.5,08:32,https://www.xeno-canto.org/460738,norcar/XC460738.ogg
norcar,['bkbplo'],"['male', 'song']",28.6417,-80.7778,Cardinalis cardinalis,Northern Cardinal,Paul Marvin,Creative Commons Attribution-NonCommercial-ShareAlike 4.0,4.5,06:20,https://www.xeno-canto.org/460742,norcar/XC460742.ogg
norcar,[],['song'],29.596,-82.2285,Cardinalis cardinalis,Northern Cardinal,Uku Paal,Creative Commons Attribution-NonCommercial-ShareAlike 4.0,2.5,11:00,https://www.xeno-canto.org/460961,norcar/XC460961.ogg
norcar,['norcar'],"['call', 'male', 'song']",30.4688,-84.2728,Cardinalis cardinalis,Northern Cardinal,Frank-Udo Tielmann,Creative Commons Attribution-NonCommercial-ShareAlike 4.0,4.5,10:30,https://www.xeno-canto.org/463767,norcar/XC463767.ogg
norcar,[],['song'],41.5391,-71.4312,Cardinalis cardinalis,Northern Cardinal,Nicholas Comparato,Creative Commons Attribution-NonCommercial-ShareAlike 4.0,3.5,10:00,https://www.xeno-canto.org/464085,norcar/XC464085.ogg
norcar,[],"['male', 'song']",41.8605,-88.1756,Cardinalis cardinalis,Northern Cardinal,Matt Wistrand,Creative Commons Attribution-NonCommercial-ShareAlike 4.0,4.5,08:04,https://www.xeno-canto.org/464152,norcar/XC464152.ogg
norcar,[],['song'],35.9713,-87.1419,Cardinalis cardinalis,Northern Cardinal,Brian Hendrix,Creative Commons Attribution-NonCommercial-ShareAlike 4.0,4.5,18:00,https://www.xeno-canto.org/464764,norcar/XC464764.ogg
norcar,[],['song'],23.3481,-110.1592,Cardinalis cardinalis,Northern Cardinal,Richard E. Webster,Creative Commons Attribution-NonCommercial-ShareAlike 4.0,4.0,08:17,https://www.xeno-canto.org/465579,norcar/XC465579.ogg
norcar,[],"['male', 'song']",44.9345,-93.1456,Cardinalis cardinalis,Northern Cardinal,Bobby Wilcox,Creative Commons Attribution-NonCommercial-ShareAlike 4.0,4.0,12:00,https://www.xeno-canto.org/466147,norcar/XC466147.ogg
norcar,[],"['male', 'song']",44.9345,-93.1456,Cardinalis cardinalis,Northern Cardinal,Bobby Wilcox,Creative Commons Attribution-NonCommercial-ShareAlike 4.0,5.0,12:00,https://www.xeno-canto.org/466178,norcar/XC466178.ogg
norcar,[],"['male', 'song']",44.9345,-93.1456,Cardinalis cardinalis,Northern Cardinal,Bobby Wilcox,Creative Commons Attribution-NonCommercial-ShareAlike 4.0,3.0,10:00,https://www.xeno-canto.org/466309,norcar/XC466309.ogg
norcar,[],['call'],35.987,-87.145,Cardinalis cardinalis,Northern Cardinal,Brian Hendrix,Creative Commons Attribution-NonCommercial-ShareAlike 4.0,5.0,06:30,https://www.xeno-canto.org/466691,norcar/XC466691.ogg
norcar,[],['song'],35.987,-87.145,Cardinalis cardinalis,Northern Cardinal,Brian Hendrix,Creative Commons Attribution-NonCommercial-ShareAlike 4.0,5.0,06:30,https://www.xeno-canto.org/466692,norcar/XC466692.ogg
norcar,[],['song'],35.987,-87.145,Cardinalis cardinalis,Northern Cardinal,Brian Hendrix,Creative Commons Attribution-NonCommercial-ShareAlike 4.0,5.0,06:30,https://www.xeno-canto.org/466697,norcar/XC466697.ogg
norcar,[],['song'],35.987,-87.145,Cardinalis cardinalis,Northern Cardinal,Brian Hendrix,Creative Commons Attribution-NonCommercial-ShareAlike 4.0,5.0,06:30,https://www.xeno-canto.org/466698,norcar/XC466698.ogg
norcar,['houspa'],['song'],40.7824,-73.963,Cardinalis cardinalis,Northern Cardinal,Giuseppe Speranza,Creative Commons Attribution-NonCommercial-ShareAlike 4.0,0.0,15:25,https://www.xeno-canto.org/468176,norcar/XC468176.ogg
norcar,['houspa'],['song'],40.7824,-73.963,Cardinalis cardinalis,Northern Cardinal,Giuseppe Speranza,Creative Commons Attribution-NonCommercial-ShareAlike 4.0,0.0,15:20,https://www.xeno-canto.org/468374,norcar/XC468374.ogg
norcar,[],['song'],40.7656,-74.5366,Cardinalis cardinalis,Northern Cardinal,Rolf A. de By,Creative Commons Attribution-NonCommercial-ShareAlike 4.0,5.0,10:00,https://www.xeno-canto.org/469588,norcar/XC469588.ogg
norcar,[],"['male', 'song']",32.2438,-111.1675,Cardinalis cardinalis,Northern Cardinal,Pat Goltz,Creative Commons Attribution-NonCommercial-ShareAlike 4.0,4.5,16:30,https://www.xeno-canto.org/470299,norcar/XC470299.ogg
norcar,['gamqua'],['song'],32.1863,-110.8183,Cardinalis cardinalis,Northern Cardinal,Pat Goltz,Creative Commons Attribution-NonCommercial-ShareAlike 4.0,4.5,14:00,https://www.xeno-canto.org/470301,norcar/XC470301.ogg
norcar,[],['song'],32.1863,-110.8183,Cardinalis cardinalis,Northern Cardinal,Pat Goltz,Creative Commons Attribution-NonCommercial-ShareAlike 4.0,0.0,14:30,https://www.xeno-canto.org/470302,norcar/XC470302.ogg
norcar,[],"['female', 'male', 'song']",40.8918,-91.0756,Cardinalis cardinalis,Northern Cardinal,Bobby Wilcox,Creative Commons Attribution-NonCommercial-ShareAlike 4.0,3.0,09:30,https://www.xeno-canto.org/474584,norcar/XC474584.ogg
norcar,[],"['male', 'song', 'song from nest']",40.8918,-91.0756,Cardinalis cardinalis,Northern Cardinal,Bobby Wilcox,Creative Commons Attribution-NonCommercial-ShareAlike 4.0,3.5,11:00,https://www.xeno-canto.org/475020,norcar/XC475020.ogg
norcar,[],"['female', 'song']",40.8918,-91.0756,Cardinalis cardinalis,Northern Cardinal,Bobby Wilcox,Creative Commons Attribution-NonCommercial-ShareAlike 4.0,4.0,12:30,https://www.xeno-canto.org/475030,norcar/XC475030.ogg
norcar,['gamqua'],"['call', 'song']",34.2641,-114.0395,Cardinalis cardinalis,Northern Cardinal,Eric Hough,Creative Commons Attribution-NonCommercial-ShareAlike 4.0,3.5,16:04,https://www.xeno-canto.org/475879,norcar/XC475879.ogg
norcar,[],"['male', 'song']",34.2641,-114.0395,Cardinalis cardinalis,Northern Cardinal,Eric Hough,Creative Commons Attribution-NonCommercial-ShareAlike 4.0,3.5,16:08,https://www.xeno-canto.org/475880,norcar/XC475880.ogg
norcar,[],"['male', 'song']",34.2641,-114.0395,Cardinalis cardinalis,Northern Cardinal,Eric Hough,Creative Commons Attribution-NonCommercial-ShareAlike 4.0,3.5,16:08,https://www.xeno-canto.org/475881,norcar/XC475881.ogg
norcar,[],"['male', 'song']",33.9329,-112.6945,Cardinalis cardinalis,Northern Cardinal,Eric Hough,Creative Commons Attribution-NonCommercial-ShareAlike 4.0,2.5,14:00,https://www.xeno-canto.org/475987,norcar/XC475987.ogg
norcar,[],['song'],42.036,-82.5068,Cardinalis cardinalis,Northern Cardinal,David Darrell-Lambert,Creative Commons Attribution-NonCommercial-ShareAlike 4.0,5.0,11:30,https://www.xeno-canto.org/476938,norcar/XC476938.ogg
norcar,['cangoo'],"['call', 'male']",42.0206,-83.2188,Cardinalis cardinalis,Northern Cardinal,Sue Riffe,Creative Commons Attribution-NonCommercial-ShareAlike 4.0,3.5,06:48,https://www.xeno-canto.org/477584,norcar/XC477584.ogg
norcar,"['cangoo', 'grbher3']",['song'],39.5734,-84.0131,Cardinalis cardinalis,Northern Cardinal,Sue Riffe,Creative Commons Attribution-NonCommercial-ShareAlike 4.0,4.5,12:30,https://www.xeno-canto.org/477595,norcar/XC477595.ogg
norcar,[],['call'],39.5734,-84.0131,Cardinalis cardinalis,Northern Cardinal,Sue Riffe,Creative Commons Attribution-NonCommercial-ShareAlike 4.0,4.0,13:05,https://www.xeno-canto.org/477596,norcar/XC477596.ogg
norcar,[],['song'],41.9046,-70.005,Cardinalis cardinalis,Northern Cardinal,Barry Edmonston,Creative Commons Attribution-NonCommercial-ShareAlike 4.0,5.0,17:00,https://www.xeno-canto.org/483878,norcar/XC483878.ogg
norcar,[],['song'],31.7602,-111.533,Cardinalis cardinalis,Northern Cardinal,Phoenix Birder,Creative Commons Attribution-NonCommercial-ShareAlike 4.0,5.0,18:43,https://www.xeno-canto.org/489169,norcar/XC489169.ogg
norcar,[],['song'],31.5922,-111.3659,Cardinalis cardinalis,Northern Cardinal,Phoenix Birder,Creative Commons Attribution-NonCommercial-ShareAlike 4.0,4.5,16:30,https://www.xeno-canto.org/489171,norcar/XC489171.ogg
norcar,[],['call'],19.3176,-96.4545,Cardinalis cardinalis,Northern Cardinal,Manuel Grosselet,Creative Commons Attribution-NonCommercial-ShareAlike 4.0,3.5,18:30,https://www.xeno-canto.org/489367,norcar/XC489367.ogg
norcar,[],['song'],19.1835,-96.5391,Cardinalis cardinalis,Northern Cardinal,Juan Carlos Pérez Magaña,Creative Commons Attribution-NonCommercial-ShareAlike 4.0,0.0,13:00,https://www.xeno-canto.org/490271,norcar/XC490271.ogg
norcar,[],"['male', 'song']",31.74,-110.887,Cardinalis cardinalis,Northern Cardinal,Bobby Wilcox,Creative Commons Attribution-NonCommercial-ShareAlike 4.0,4.0,08:30,https://www.xeno-canto.org/491848,norcar/XC491848.ogg
norcar,[],"['male', 'song']",31.74,-110.887,Cardinalis cardinalis,Northern Cardinal,Bobby Wilcox,Creative Commons Attribution-NonCommercial-ShareAlike 4.0,4.0,08:00,https://www.xeno-canto.org/492055,norcar/XC492055.ogg
norcar,['moudov'],['song'],42.9525,-85.3094,Cardinalis cardinalis,Northern Cardinal,Sue Riffe,Creative Commons Attribution-NonCommercial-ShareAlike 4.0,3.5,07:30,https://www.xeno-canto.org/493601,norcar/XC493601.ogg
norcar,[],['call'],40.7775,-73.9695,Cardinalis cardinalis,Northern Cardinal,Jordi Calvet,Creative Commons Attribution-NonCommercial-ShareAlike 4.0,3.0,16:00,https://www.xeno-canto.org/497103,norcar/XC497103.ogg
norcar,[],['call'],40.7775,-73.9695,Cardinalis cardinalis,Northern Cardinal,Jordi Calvet,Creative Commons Attribution-NonCommercial-ShareAlike 4.0,0.0,16:00,https://www.xeno-canto.org/497284,norcar/XC497284.ogg
norcar,[],"['call', 'male']",40.7775,-73.9695,Cardinalis cardinalis,Northern Cardinal,Jordi Calvet,Creative Commons Attribution-NonCommercial-ShareAlike 4.0,3.0,16:00,https://www.xeno-canto.org/497288,norcar/XC497288.ogg
norcar,[],"['begging call', 'juvenile']",45.3873,-75.7448,Cardinalis cardinalis,Northern Cardinal,Dan Minor,Creative Commons Attribution-NonCommercial-ShareAlike 4.0,4.0,15:00,https://www.xeno-canto.org/498891,norcar/XC498891.ogg
norcar,[],['song'],30.9717,-91.9923,Cardinalis cardinalis,Northern Cardinal,Jacob Saucier,Creative Commons Attribution-NonCommercial-ShareAlike 4.0,4.0,09:45,https://www.xeno-canto.org/498955,norcar/XC498955.ogg
norcar,['cangoo'],['call'],40.5874,-74.2621,Cardinalis cardinalis,Northern Cardinal,William Whitehead,Creative Commons Attribution-NonCommercial-ShareAlike 4.0,3.5,08:00,https://www.xeno-canto.org/502040,norcar/XC502040.ogg
norcar,[],['song'],27.0633,-109.0398,Cardinalis cardinalis,Northern Cardinal,Richard E. Webster,Creative Commons Attribution-NonCommercial-ShareAlike 4.0,4.5,08:05,https://www.xeno-canto.org/502292,norcar/XC502292.ogg
norcar,[],['song'],27.0099,-108.9131,Cardinalis cardinalis,Northern Cardinal,Richard E. Webster,Creative Commons Attribution-NonCommercial-ShareAlike 4.0,4.5,08:41,https://www.xeno-canto.org/502293,norcar/XC502293.ogg
norcar,[],['song'],26.9122,-108.9137,Cardinalis cardinalis,Northern Cardinal,Richard E. Webster,Creative Commons Attribution-NonCommercial-ShareAlike 4.0,3.5,06:09,https://www.xeno-canto.org/502295,norcar/XC502295.ogg
norcar,[],['song'],27.1621,-109.3975,Cardinalis cardinalis,Northern Cardinal,Richard E. Webster,Creative Commons Attribution-NonCommercial-ShareAlike 4.0,5.0,06:51,https://www.xeno-canto.org/502296,norcar/XC502296.ogg
norcar,[],['song'],27.0262,-108.9761,Cardinalis cardinalis,Northern Cardinal,Richard E. Webster,Creative Commons Attribution-NonCommercial-ShareAlike 4.0,4.5,05:22,https://www.xeno-canto.org/502297,norcar/XC502297.ogg
norcar,[],['call'],27.0154,-108.9493,Cardinalis cardinalis,Northern Cardinal,Richard E. Webster,Creative Commons Attribution-NonCommercial-ShareAlike 4.0,4.5,06:42,https://www.xeno-canto.org/502300,norcar/XC502300.ogg
norcar,[],['adult'],40.774,-73.971,Cardinalis cardinalis,Northern Cardinal,nick talbot,Creative Commons Attribution-NonCommercial-ShareAlike 4.0,4.0,13:00,https://www.xeno-canto.org/505088,norcar/XC505088.ogg
norcar,['houspa'],"['adult', 'male', 'song']",42.4048,-82.191,Cardinalis cardinalis,Northern Cardinal,Hinderi Tamminga,Creative Commons Attribution-NonCommercial-ShareAlike 4.0,4.5,14:30,https://www.xeno-canto.org/505872,norcar/XC505872.ogg
norcar,[],"['adult', 'male', 'song']",31.6781,-111.5235,Cardinalis cardinalis,Northern Cardinal,Bobby Wilcox,Creative Commons Attribution-NonCommercial-ShareAlike 4.0,3.5,07:00,https://www.xeno-canto.org/511062,norcar/XC511062.ogg
norcar,[],"['adult', 'male', 'song']",31.6133,-111.0426,Cardinalis cardinalis,Northern Cardinal,Bobby Wilcox,Creative Commons Attribution-NonCommercial-ShareAlike 4.0,4.0,10:00,https://www.xeno-canto.org/511119,norcar/XC511119.ogg
norcar,[],"['adult', 'male', 'song']",38.7877,-77.2332,Cardinalis cardinalis,Northern Cardinal,Bobby Wilcox,Creative Commons Attribution-NonCommercial-ShareAlike 4.0,4.0,09:00,https://www.xeno-canto.org/513887,norcar/XC513887.ogg
norcar,[],['song'],45.5611,-73.3421,Cardinalis cardinalis,Northern Cardinal,Long Benjamin,Creative Commons Attribution-NonCommercial-ShareAlike 4.0,4.0,05:30,https://www.xeno-canto.org/523288,norcar/XC523288.ogg
norcar,[],"['adult', 'call', 'female']",27.872,-81.1711,Cardinalis cardinalis,Northern Cardinal,Bruce Lagerquist,Creative Commons Attribution-NonCommercial-ShareAlike 4.0,5.0,01:00,https://www.xeno-canto.org/527915,norcar/XC527915.ogg
norcar,[],"['adult', 'male', 'song']",40.8918,-91.0756,Cardinalis cardinalis,Northern Cardinal,Bobby Wilcox,Creative Commons Attribution-NonCommercial-ShareAlike 4.0,3.0,17:30,https://www.xeno-canto.org/531775,norcar/XC531775.ogg
norcar,[],"['adult', 'male', 'song']",41.7842,-91.5721,Cardinalis cardinalis,Northern Cardinal,Bobby Wilcox,Creative Commons Attribution-NonCommercial-ShareAlike 4.0,3.5,12:30,https://www.xeno-canto.org/534172,norcar/XC534172.ogg
norcar,[],"['adult', 'male', 'song']",40.8918,-91.0756,Cardinalis cardinalis,Northern Cardinal,Bobby Wilcox,Creative Commons Attribution-NonCommercial-ShareAlike 4.0,4.0,17:30,https://www.xeno-canto.org/534176,norcar/XC534176.ogg
norcar,[],"['life stage uncertain', 'male', 'song']",25.62,-109.0686,Cardinalis cardinalis,Northern Cardinal,Manuel Grosselet,Creative Commons Attribution-NonCommercial-ShareAlike 4.0,4.5,07:30,https://www.xeno-canto.org/534462,norcar/XC534462.ogg
norcar,[],"['life stage uncertain', 'male', 'song']",25.62,-109.0686,Cardinalis cardinalis,Northern Cardinal,Manuel Grosselet,Creative Commons Attribution-NonCommercial-ShareAlike 4.0,3.5,08:00,https://www.xeno-canto.org/534465,norcar/XC534465.ogg
norcar,[],"['life stage uncertain', 'male', 'song']",25.62,-109.0686,Cardinalis cardinalis,Northern Cardinal,Manuel Grosselet,Creative Commons Attribution-NonCommercial-ShareAlike 4.0,4.0,08:00,https://www.xeno-canto.org/534468,norcar/XC534468.ogg
norcar,[],"['life stage uncertain', 'male', 'song']",25.62,-109.0686,Cardinalis cardinalis,Northern Cardinal,Manuel Grosselet,Creative Commons Attribution-NonCommercial-ShareAlike 4.0,4.0,08:30,https://www.xeno-canto.org/534471,norcar/XC534471.ogg
norcar,[],"['life stage uncertain', 'male', 'song']",25.62,-109.0686,Cardinalis cardinalis,Northern Cardinal,Manuel Grosselet,Creative Commons Attribution-NonCommercial-ShareAlike 4.0,3.5,08:30,https://www.xeno-canto.org/534472,norcar/XC534472.ogg
norcar,[],"['call', 'life stage uncertain', 'male']",25.62,-109.0686,Cardinalis cardinalis,Northern Cardinal,Manuel Grosselet,Creative Commons Attribution-NonCommercial-ShareAlike 4.0,4.0,09:00,https://www.xeno-canto.org/534473,norcar/XC534473.ogg
norcar,[],['call'],25.62,-109.0686,Cardinalis cardinalis,Northern Cardinal,Isain Contreras Rodríguez,Creative Commons Attribution-NonCommercial-ShareAlike 4.0,5.0,08:30,https://www.xeno-canto.org/534512,norcar/XC534512.ogg
norcar,[],"['call', 'male']",25.62,-109.0686,Cardinalis cardinalis,Northern Cardinal,Isain Contreras Rodríguez,Creative Commons Attribution-NonCommercial-ShareAlike 4.0,5.0,08:30,https://www.xeno-canto.org/534513,norcar/XC534513.ogg
norcar,[],"['call', 'male']",25.62,-109.0686,Cardinalis cardinalis,Northern Cardinal,Isain Contreras Rodríguez,Creative Commons Attribution-NonCommercial-ShareAlike 4.0,5.0,08:30,https://www.xeno-canto.org/534514,norcar/XC534514.ogg
norcar,[],"['adult', 'male', 'song']",32.1847,-110.8172,Cardinalis cardinalis,Northern Cardinal,Scott Crabtree,Creative Commons Attribution-NonCommercial-ShareAlike 4.0,4.5,09:15,https://www.xeno-canto.org/534849,norcar/XC534849.ogg
norcar,[],['song'],42.1245,-71.3687,Cardinalis cardinalis,Northern Cardinal,John Baur,Creative Commons Attribution-NonCommercial-ShareAlike 4.0,4.0,08:30,https://www.xeno-canto.org/537127,norcar/XC537127.ogg
norcar,[],['song'],35.987,-87.145,Cardinalis cardinalis,Northern Cardinal,Brian Hendrix,Creative Commons Attribution-NonCommercial-ShareAlike 4.0,4.0,03:30,https://www.xeno-canto.org/538221,norcar/XC538221.ogg
norcar,[],['song'],35.8589,-84.0948,Cardinalis cardinalis,Northern Cardinal,Mike Nelson,Creative Commons Attribution-NonCommercial-ShareAlike 3.0,1.5,8:00am,https://www.xeno-canto.org/54005,norcar/XC54005.ogg
norcar,[],"['call', 'song']",35.8589,-84.0948,Cardinalis cardinalis,Northern Cardinal,Mike Nelson,Creative Commons Attribution-NonCommercial-ShareAlike 3.0,3.0,8:00am,https://www.xeno-canto.org/54006,norcar/XC54006.ogg
norcar,[],"['call', 'song']",35.8589,-84.0948,Cardinalis cardinalis,Northern Cardinal,Mike Nelson,Creative Commons Attribution-NonCommercial-ShareAlike 3.0,3.0,8:00am,https://www.xeno-canto.org/54007,norcar/XC54007.ogg
norcar,[],['call'],35.8589,-84.0948,Cardinalis cardinalis,Northern Cardinal,Mike Nelson,Creative Commons Attribution-NonCommercial-ShareAlike 3.0,3.5,8:00am,https://www.xeno-canto.org/54008,norcar/XC54008.ogg
norcar,[],['song'],35.987,-87.145,Cardinalis cardinalis,Northern Cardinal,Brian Hendrix,Creative Commons Attribution-NonCommercial-ShareAlike 4.0,5.0,10:00,https://www.xeno-canto.org/542090,norcar/XC542090.ogg
norcar,[],['song'],35.987,-87.145,Cardinalis cardinalis,Northern Cardinal,Brian Hendrix,Creative Commons Attribution-NonCommercial-ShareAlike 4.0,5.0,13:30,https://www.xeno-canto.org/542149,norcar/XC542149.ogg
norcar,['moudov'],"['adult', 'sex uncertain', 'song']",42.0138,-79.4482,Cardinalis cardinalis,Northern Cardinal,Jim Berry,Creative Commons Attribution-NonCommercial-ShareAlike 4.0,4.5,08:00,https://www.xeno-canto.org/544966,norcar/XC544966.ogg
norcar,[],"['adult', 'male', 'song']",44.3803,-78.3601,Cardinalis cardinalis,Northern Cardinal,Christopher Moser-Purdy,Creative Commons Attribution-NonCommercial-ShareAlike 4.0,4.5,09:30,https://www.xeno-canto.org/546163,norcar/XC546163.ogg
norcar,[],"['adult', 'male', 'song']",35.1688,-97.4414,Cardinalis cardinalis,Northern Cardinal,Meelyn M Pandit,Creative Commons Attribution-NonCommercial-ShareAlike 4.0,5.0,06:30,https://www.xeno-canto.org/553312,norcar/XC553312.ogg
norcar,[],"['adult', 'male', 'song']",35.1688,-97.4414,Cardinalis cardinalis,Northern Cardinal,Meelyn M Pandit,Creative Commons Attribution-NonCommercial-ShareAlike 4.0,5.0,06:30,https://www.xeno-canto.org/553313,norcar/XC553313.ogg
norcar,[],['canto'],28.64443,-80.68456,Cardinalis cardinalis,Northern Cardinal,Caio Brito,Creative Commons Attribution-NonCommercial-ShareAlike 4.0,5.0,10:30,https://www.xeno-canto.org/556192,norcar/XC556192.ogg
norcar,[],['song'],40.4327,-79.904,Cardinalis cardinalis,Northern Cardinal,Aidan Place,Creative Commons Attribution-NonCommercial-ShareAlike 4.0,0.0,09:30,https://www.xeno-canto.org/558057,norcar/XC558057.ogg
norcar,[],"['adult', 'male', 'song']",42.0735,-79.083,Cardinalis cardinalis,Northern Cardinal,Jim Berry,Creative Commons Attribution-NonCommercial-ShareAlike 4.0,5.0,07:30,https://www.xeno-canto.org/559279,norcar/XC559279.ogg
norcar,[],"['adult', 'call', 'sex uncertain', 'song']",42.0805,-79.2347,Cardinalis cardinalis,Northern Cardinal,Jim Berry,Creative Commons Attribution-NonCommercial-ShareAlike 4.0,4.5,05:00,https://www.xeno-canto.org/559516,norcar/XC559516.ogg
norcar,[],"['life stage uncertain', 'male', 'song']",42.2413,-72.8707,Cardinalis cardinalis,Northern Cardinal,Joss Price,Creative Commons Attribution-NonCommercial-ShareAlike 4.0,5.0,18:00,https://www.xeno-canto.org/560427,norcar/XC560427.ogg
norcar,[],['song'],35.987,-87.145,Cardinalis cardinalis,Northern Cardinal,Brian Hendrix,Creative Commons Attribution-NonCommercial-ShareAlike 4.0,5.0,05:30,https://www.xeno-canto.org/563619,norcar/XC563619.ogg
norcar,[],['song'],35.987,-87.145,Cardinalis cardinalis,Northern Cardinal,Brian Hendrix,Creative Commons Attribution-NonCommercial-ShareAlike 4.0,5.0,05:00,https://www.xeno-canto.org/563620,norcar/XC563620.ogg
norcar,[],['song'],35.987,-87.145,Cardinalis cardinalis,Northern Cardinal,Brian Hendrix,Creative Commons Attribution-NonCommercial-ShareAlike 4.0,5.0,05:00,https://www.xeno-canto.org/563621,norcar/XC563621.ogg
norcar,[],['song'],35.987,-87.145,Cardinalis cardinalis,Northern Cardinal,Brian Hendrix,Creative Commons Attribution-NonCommercial-ShareAlike 4.0,5.0,05:00,https://www.xeno-canto.org/564312,norcar/XC564312.ogg
norcar,[],['song'],35.987,-87.145,Cardinalis cardinalis,Northern Cardinal,Brian Hendrix,Creative Commons Attribution-NonCommercial-ShareAlike 4.0,5.0,05:30,https://www.xeno-canto.org/564313,norcar/XC564313.ogg
norcar,[],['song'],35.987,-87.145,Cardinalis cardinalis,Northern Cardinal,Brian Hendrix,Creative Commons Attribution-NonCommercial-ShareAlike 4.0,5.0,05:00,https://www.xeno-canto.org/564542,norcar/XC564542.ogg
norcar,['laugul'],"['adult', 'call', 'male', 'sex uncertain']",25.6131,-109.0533,Cardinalis cardinalis,Northern Cardinal,Isain Contreras Rodríguez,Creative Commons Attribution-NonCommercial-ShareAlike 4.0,4.5,07:00,https://www.xeno-canto.org/565560,norcar/XC565560.ogg
norcar,[],"['adult', 'sex uncertain', 'song']",42.0766,-79.2406,Cardinalis cardinalis,Northern Cardinal,Jim Berry,Creative Commons Attribution-NonCommercial-ShareAlike 4.0,4.5,05:00,https://www.xeno-canto.org/566135,norcar/XC566135.ogg
norcar,[],"['adult', 'male', 'song']",31.9237,-81.0559,Cardinalis cardinalis,Northern Cardinal,Russ Wigh,Creative Commons Attribution-NonCommercial-ShareAlike 4.0,5.0,06:00,https://www.xeno-canto.org/566749,norcar/XC566749.ogg
norcar,[],['call'],35.987,-87.145,Cardinalis cardinalis,Northern Cardinal,Brian Hendrix,Creative Commons Attribution-NonCommercial-ShareAlike 4.0,5.0,07:30,https://www.xeno-canto.org/568803,norcar/XC568803.ogg
norcar,[],['song'],44.8349,-93.374,Cardinalis cardinalis,Northern Cardinal,Michael Hurben,Creative Commons Attribution-NonCommercial-ShareAlike 4.0,4.0,08:30,https://www.xeno-canto.org/568940,norcar/XC568940.ogg
norcar,[],"['adult', 'male', 'song']",42.4292,-71.1563,Cardinalis cardinalis,Northern Cardinal,Eric B,Creative Commons Attribution-ShareAlike 4.0,5.0,20:31,https://www.xeno-canto.org/569289,norcar/XC569289.ogg
norcar,[],['call'],35.987,-87.145,Cardinalis cardinalis,Northern Cardinal,Brian Hendrix,Creative Commons Attribution-NonCommercial-ShareAlike 4.0,4.5,05:30,https://www.xeno-canto.org/570313,norcar/XC570313.ogg
norcar,[],['call'],35.987,-87.145,Cardinalis cardinalis,Northern Cardinal,Brian Hendrix,Creative Commons Attribution-NonCommercial-ShareAlike 4.0,5.0,05:30,https://www.xeno-canto.org/570315,norcar/XC570315.ogg
norcar,[],['song'],35.987,-87.145,Cardinalis cardinalis,Northern Cardinal,Brian Hendrix,Creative Commons Attribution-NonCommercial-ShareAlike 4.0,5.0,06:00,https://www.xeno-canto.org/570857,norcar/XC570857.ogg
norcar,[],['call'],35.987,-87.145,Cardinalis cardinalis,Northern Cardinal,Brian Hendrix,Creative Commons Attribution-NonCommercial-ShareAlike 4.0,5.0,04:30,https://www.xeno-canto.org/570951,norcar/XC570951.ogg
norcar,[],"['adult', 'call', 'male']",31.9237,-81.0559,Cardinalis cardinalis,Northern Cardinal,Russ Wigh,Creative Commons Attribution-NonCommercial-ShareAlike 4.0,5.0,06:30,https://www.xeno-canto.org/571047,norcar/XC571047.ogg
norcar,[],"['call', 'life stage uncertain', 'male', 'song']",25.6063,-109.0589,Cardinalis cardinalis,Northern Cardinal,Manuel Grosselet,Creative Commons Attribution-NonCommercial-ShareAlike 4.0,5.0,05:30,https://www.xeno-canto.org/571320,norcar/XC571320.ogg
norcar,[],['call'],35.987,-87.145,Cardinalis cardinalis,Northern Cardinal,Brian Hendrix,Creative Commons Attribution-NonCommercial-ShareAlike 4.0,5.0,05:30,https://www.xeno-canto.org/572224,norcar/XC572224.ogg
norcar,[],['call'],35.987,-87.145,Cardinalis cardinalis,Northern Cardinal,Brian Hendrix,Creative Commons Attribution-NonCommercial-ShareAlike 4.0,5.0,05:30,https://www.xeno-canto.org/572225,norcar/XC572225.ogg
norcar,[],"['male', 'song']",42.4623,-88.1886,Cardinalis cardinalis,Northern Cardinal,Adam Sell,Creative Commons Attribution-NonCommercial-ShareAlike 4.0,3.0,07:45,https://www.xeno-canto.org/573103,norcar/XC573103.ogg
norcar,['osprey'],"['adult', 'sex uncertain', 'song']",25.5781,-109.1144,Cardinalis cardinalis,Northern Cardinal,Manuel Grosselet,Creative Commons Attribution-NonCommercial-ShareAlike 4.0,3.5,09:30,https://www.xeno-canto.org/573481,norcar/XC573481.ogg
norcar,[],['song'],35.8589,-84.0948,Cardinalis cardinalis,Northern Cardinal,Mike Nelson,Creative Commons Attribution-NonCommercial-ShareAlike 3.0,3.5,9:45am,https://www.xeno-canto.org/57386,norcar/XC57386.ogg
norcar,[],['song'],35.8589,-84.0948,Cardinalis cardinalis,Northern Cardinal,Mike Nelson,Creative Commons Attribution-NonCommercial-ShareAlike 3.0,3.5,9:55am,https://www.xeno-canto.org/57387,norcar/XC57387.ogg
norcar,[],"['adult', 'sex uncertain', 'song']",29.6295,-100.4216,Cardinalis cardinalis,Northern Cardinal,Phoenix Birder,Creative Commons Attribution-NonCommercial-ShareAlike 4.0,5.0,07:51,https://www.xeno-canto.org/574072,norcar/XC574072.ogg
norcar,[],['uncertain'],35.987,-87.145,Cardinalis cardinalis,Northern Cardinal,Brian Hendrix,Creative Commons Attribution-NonCommercial-ShareAlike 4.0,5.0,06:30,https://www.xeno-canto.org/577573,norcar/XC577573.ogg
norcar,[],['uncertain'],35.987,-87.145,Cardinalis cardinalis,Northern Cardinal,Brian Hendrix,Creative Commons Attribution-NonCommercial-ShareAlike 4.0,5.0,05:00,https://www.xeno-canto.org/577708,norcar/XC577708.ogg
norcar,[],['uncertain'],35.987,-87.145,Cardinalis cardinalis,Northern Cardinal,Brian Hendrix,Creative Commons Attribution-NonCommercial-ShareAlike 4.0,5.0,05:30,https://www.xeno-canto.org/577953,norcar/XC577953.ogg
norcar,[],['uncertain'],35.987,-87.145,Cardinalis cardinalis,Northern Cardinal,Brian Hendrix,Creative Commons Attribution-NonCommercial-ShareAlike 4.0,5.0,05:30,https://www.xeno-canto.org/579855,norcar/XC579855.ogg
norcar,[],"['adult', 'male', 'song']",31.4775,-109.3988,Cardinalis cardinalis,Northern Cardinal,Richard E. Webster,Creative Commons Attribution-NonCommercial-ShareAlike 4.0,3.5,09:47,https://www.xeno-canto.org/579899,norcar/XC579899.ogg
norcar,['moudov'],"['adult', 'male', 'song']",31.34,-109.273,Cardinalis cardinalis,Northern Cardinal,Richard E. Webster,Creative Commons Attribution-NonCommercial-ShareAlike 4.0,3.5,08:49,https://www.xeno-canto.org/579900,norcar/XC579900.ogg
norcar,[],"['adult', 'call', 'male', 'song']",31.34,-109.273,Cardinalis cardinalis,Northern Cardinal,Richard E. Webster,Creative Commons Attribution-NonCommercial-ShareAlike 4.0,3.5,08:42,https://www.xeno-canto.org/579901,norcar/XC579901.ogg
norcar,['gamqua'],"['adult', 'call', 'female', 'male']",31.34,-109.273,Cardinalis cardinalis,Northern Cardinal,Richard E. Webster,Creative Commons Attribution-NonCommercial-ShareAlike 4.0,4.5,09:23,https://www.xeno-canto.org/579902,norcar/XC579902.ogg
norcar,[],"['adult', 'female', 'male', 'song']",31.34,-109.273,Cardinalis cardinalis,Northern Cardinal,Richard E. Webster,Creative Commons Attribution-NonCommercial-ShareAlike 4.0,3.5,08:01,https://www.xeno-canto.org/579903,norcar/XC579903.ogg
norcar,"['houfin', 'moudov']","['adult', 'call', 'male', 'song']",31.4775,-109.3988,Cardinalis cardinalis,Northern Cardinal,Richard E. Webster,Creative Commons Attribution-NonCommercial-ShareAlike 4.0,3.5,08:55,https://www.xeno-canto.org/579904,norcar/XC579904.ogg
norcar,[],"['adult', 'call', 'sex uncertain']",31.906,-109.1543,Cardinalis cardinalis,Northern Cardinal,Richard E. Webster,Creative Commons Attribution-NonCommercial-ShareAlike 4.0,3.5,06:05,https://www.xeno-canto.org/579906,norcar/XC579906.ogg
norcar,[],"['adult', 'male', 'song']",32.3193,-110.8903,Cardinalis cardinalis,Northern Cardinal,Scott Crabtree,Creative Commons Attribution-NonCommercial-ShareAlike 4.0,5.0,06:30,https://www.xeno-canto.org/580140,norcar/XC580140.ogg
norcar,[],['uncertain'],35.987,-87.145,Cardinalis cardinalis,Northern Cardinal,Brian Hendrix,Creative Commons Attribution-NonCommercial-ShareAlike 4.0,5.0,05:30,https://www.xeno-canto.org/581358,norcar/XC581358.ogg
norcar,[],['uncertain'],35.987,-87.145,Cardinalis cardinalis,Northern Cardinal,Brian Hendrix,Creative Commons Attribution-NonCommercial-ShareAlike 4.0,5.0,05:30,https://www.xeno-canto.org/581359,norcar/XC581359.ogg
norcar,[],['uncertain'],46.7883,-71.2434,Cardinalis cardinalis,Northern Cardinal,Alexandre Terrigeol,Creative Commons Attribution-NonCommercial-ShareAlike 4.0,3.0,18:00,https://www.xeno-canto.org/581759,norcar/XC581759.ogg
norcar,[],['uncertain'],35.987,-87.145,Cardinalis cardinalis,Northern Cardinal,Brian Hendrix,Creative Commons Attribution-NonCommercial-ShareAlike 4.0,5.0,05:30,https://www.xeno-canto.org/582543,norcar/XC582543.ogg
norcar,[],"['call', 'life stage uncertain', 'sex uncertain', 'song']",44.4818,-73.2091,Cardinalis cardinalis,Northern Cardinal,Jasper Barnes,Creative Commons Attribution-NonCommercial-ShareAlike 4.0,4.0,06:49,https://www.xeno-canto.org/582874,norcar/XC582874.ogg
norcar,[],"['adult', 'male', 'song']",25.6105,-100.2806,Cardinalis cardinalis,Northern Cardinal,Leonardo Guzman Hernandez,Creative Commons Attribution-NonCommercial-ShareAlike 4.0,4.0,08:30,https://www.xeno-canto.org/583545,norcar/XC583545.ogg
norcar,['normoc'],['Song'],35.8589,-84.0948,Cardinalis cardinalis,Northern Cardinal,Mike Nelson,Creative Commons Attribution-NonCommercial-ShareAlike 3.0,4.5,9:45am,https://www.xeno-canto.org/58464,norcar/XC58464.ogg
norcar,['zebdov'],"['adult', 'sex uncertain', 'song']",19.5902,-155.0145,Cardinalis cardinalis,Northern Cardinal,Craig Robertson,Creative Commons Attribution-NonCommercial-ShareAlike 4.0,3.5,18:00,https://www.xeno-canto.org/587203,norcar/XC587203.ogg
norcar,[],"['call', 'life stage uncertain', 'sex uncertain']",29.7315,-95.3796,Cardinalis cardinalis,Northern Cardinal,Howard Laidlaw,Creative Commons Attribution-NonCommercial-ShareAlike 4.0,4.0,16:15,https://www.xeno-canto.org/587445,norcar/XC587445.ogg
norcar,[],['uncertain'],35.987,-87.145,Cardinalis cardinalis,Northern Cardinal,Brian Hendrix,Creative Commons Attribution-NonCommercial-ShareAlike 4.0,4.5,06:30,https://www.xeno-canto.org/590612,norcar/XC590612.ogg
norcar,[],['uncertain'],35.987,-87.145,Cardinalis cardinalis,Northern Cardinal,Brian Hendrix,Creative Commons Attribution-NonCommercial-ShareAlike 4.0,4.5,07:00,https://www.xeno-canto.org/592258,norcar/XC592258.ogg
norcar,[],"['begging call', 'call', 'juvenile']",40.8918,-91.0756,Cardinalis cardinalis,Northern Cardinal,Bobby Wilcox,Creative Commons Attribution-NonCommercial-ShareAlike 4.0,5.0,08:00,https://www.xeno-canto.org/592503,norcar/XC592503.ogg
norcar,[],['call'],35.8589,-84.0948,Cardinalis cardinalis,Northern Cardinal,Mike Nelson,Creative Commons Attribution-NonCommercial-ShareAlike 3.0,3.5,8:35am,https://www.xeno-canto.org/59942,norcar/XC59942.ogg
norcar,[],"['adult', 'call', 'male']",42.7336,-71.5946,Cardinalis cardinalis,Northern Cardinal,Christopher McPherson,Creative Commons Attribution-NonCommercial-ShareAlike 4.0,4.5,11:30,https://www.xeno-canto.org/599825,norcar/XC599825.ogg
norcar,['moudov'],"['adult', 'call', 'male']",42.7336,-71.5946,Cardinalis cardinalis,Northern Cardinal,Christopher McPherson,Creative Commons Attribution-NonCommercial-ShareAlike 4.0,4.5,11:00,https://www.xeno-canto.org/601751,norcar/XC601751.ogg
norcar,[],"['adult', 'call', 'male']",42.7134,-71.6445,Cardinalis cardinalis,Northern Cardinal,Christopher McPherson,Creative Commons Attribution-NonCommercial-ShareAlike 4.0,5.0,14:30,https://www.xeno-canto.org/601752,norcar/XC601752.ogg
norcar,[],"['call', 'male']",19.3196,-99.1935,Cardinalis cardinalis,Northern Cardinal,Isain Contreras Rodríguez,Creative Commons Attribution-NonCommercial-ShareAlike 4.0,4.0,07:00,https://www.xeno-canto.org/606968,norcar/XC606968.ogg
norcar,[],"['adult', 'call', 'male']",41.8284,-88.3205,Cardinalis cardinalis,Northern Cardinal,Matt Wistrand,Creative Commons Attribution-NonCommercial-ShareAlike 4.0,5.0,09:12,https://www.xeno-canto.org/609232,norcar/XC609232.ogg
norcar,[],"['adult', 'male', 'subsong']",37.9754,-90.8983,Cardinalis cardinalis,Northern Cardinal,Bobby Wilcox,Creative Commons Attribution-NonCommercial-ShareAlike 4.0,3.0,12:30,https://www.xeno-canto.org/616888,norcar/XC616888.ogg
norcar,[],['uncertain'],35.987,-87.145,Cardinalis cardinalis,Northern Cardinal,Brian Hendrix,Creative Commons Attribution-NonCommercial-ShareAlike 4.0,5.0,07:00,https://www.xeno-canto.org/617713,norcar/XC617713.ogg
norcar,['moudov'],"['adult', 'male', 'song']",32.5632,-109.7595,Cardinalis cardinalis,Northern Cardinal,Richard E. Webster,Creative Commons Attribution-NonCommercial-ShareAlike 4.0,3.5,17:32,https://www.xeno-canto.org/618940,norcar/XC618940.ogg
norcar,['gamqua'],"['adult', 'male', 'song']",31.957,-109.173,Cardinalis cardinalis,Northern Cardinal,Richard E. Webster,Creative Commons Attribution-NonCommercial-ShareAlike 4.0,4.5,08:15,https://www.xeno-canto.org/618942,norcar/XC618942.ogg
norcar,['normoc'],"['begging call', 'juvenile', 'sex uncertain']",31.34,-109.273,Cardinalis cardinalis,Northern Cardinal,Richard E. Webster,Creative Commons Attribution-NonCommercial-ShareAlike 4.0,4.5,12:35,https://www.xeno-canto.org/618946,norcar/XC618946.ogg
norcar,[],"['adult', 'duet', 'female', 'male', 'song']",31.34,-109.273,Cardinalis cardinalis,Northern Cardinal,Richard E. Webster,Creative Commons Attribution-NonCommercial-ShareAlike 4.0,4.5,08:25,https://www.xeno-canto.org/618947,norcar/XC618947.ogg
norcar,[],['uncertain'],35.987,-87.145,Cardinalis cardinalis,Northern Cardinal,Brian Hendrix,Creative Commons Attribution-NonCommercial-ShareAlike 4.0,5.0,08:00,https://www.xeno-canto.org/622757,norcar/XC622757.ogg
norcar,[],"['dawn song', 'duet', 'life stage uncertain', 'sex uncertain', 'song']",45.2823,-75.6858,Cardinalis cardinalis,Northern Cardinal,Matt Osborne,Creative Commons Attribution-NonCommercial-ShareAlike 4.0,3.0,06:29,https://www.xeno-canto.org/622936,norcar/XC622936.ogg
norcar,[],"['dawn song', 'life stage uncertain', 'sex uncertain', 'song']",45.2823,-75.6858,Cardinalis cardinalis,Northern Cardinal,Matt Osborne,Creative Commons Attribution-NonCommercial-ShareAlike 4.0,4.0,7:30,https://www.xeno-canto.org/622940,norcar/XC622940.ogg
norcar,[],"['call', 'life stage uncertain', 'sex uncertain']",45.2823,-75.6858,Cardinalis cardinalis,Northern Cardinal,Matt Osborne,Creative Commons Attribution-NonCommercial-ShareAlike 4.0,5.0,7:28,https://www.xeno-canto.org/622941,norcar/XC622941.ogg
norcar,[],"['male', 'song']",32.2408,-110.7266,Cardinalis cardinalis,Northern Cardinal,Scott Olmstead,Creative Commons Attribution-NonCommercial-ShareAlike 4.0,4.5,10:27,https://www.xeno-canto.org/629094,norcar/XC629094.ogg
norcar,[],"['call', 'male']",32.2408,-110.7266,Cardinalis cardinalis,Northern Cardinal,Scott Olmstead,Creative Commons Attribution-NonCommercial-ShareAlike 4.0,4.5,10:36,https://www.xeno-canto.org/629095,norcar/XC629095.ogg
norcar,[],"['adult', 'song', 'subsong']",43.3747,-80.967,Cardinalis cardinalis,Northern Cardinal,Thomas Ryder Payne,Creative Commons Attribution-NonCommercial-ShareAlike 4.0,5.0,09:00,https://www.xeno-canto.org/636439,norcar/XC636439.ogg
norcar,[],"['adult', 'song', 'subsong']",43.6701,-79.4243,Cardinalis cardinalis,Northern Cardinal,Thomas Ryder Payne,Creative Commons Attribution-NonCommercial-ShareAlike 4.0,5.0,06:00,https://www.xeno-canto.org/636558,norcar/XC636558.ogg
norcar,[],"['adult', 'song', 'subsong']",43.6701,-79.4243,Cardinalis cardinalis,Northern Cardinal,Thomas Ryder Payne,Creative Commons Attribution-NonCommercial-ShareAlike 4.0,5.0,09:00,https://www.xeno-canto.org/636559,norcar/XC636559.ogg
norcar,[],"['adult', 'song', 'subsong']",43.6701,-79.4243,Cardinalis cardinalis,Northern Cardinal,Thomas Ryder Payne,Creative Commons Attribution-NonCommercial-ShareAlike 4.0,5.0,09:00,https://www.xeno-canto.org/636560,norcar/XC636560.ogg
norcar,[],"['adult', 'song', 'subsong']",43.2484,-79.0934,Cardinalis cardinalis,Northern Cardinal,Thomas Ryder Payne,Creative Commons Attribution-NonCommercial-ShareAlike 4.0,5.0,06:00,https://www.xeno-canto.org/636561,norcar/XC636561.ogg
norcar,[],"['adult', 'dawn song', 'sex uncertain', 'song']",42.0766,-79.2406,Cardinalis cardinalis,Northern Cardinal,Jim Berry,Creative Commons Attribution-NonCommercial-ShareAlike 4.0,4.5,06:30,https://www.xeno-canto.org/642028,norcar/XC642028.ogg
norcar,[],['uncertain'],35.987,-87.145,Cardinalis cardinalis,Northern Cardinal,Brian Hendrix,Creative Commons Attribution-NonCommercial-ShareAlike 4.0,3.5,06:30,https://www.xeno-canto.org/642932,norcar/XC642932.ogg
norcar,[],"['adult', 'male', 'song']",38.8894,-92.4011,Cardinalis cardinalis,Northern Cardinal,Whitney Neufeld-Kaiser,Creative Commons Attribution-NonCommercial-ShareAlike 4.0,5.0,06:41,https://www.xeno-canto.org/646988,norcar/XC646988.ogg
norcar,[],"['adult', 'female', 'song']",38.9218,-92.3674,Cardinalis cardinalis,Northern Cardinal,Whitney Neufeld-Kaiser,Creative Commons Attribution-NonCommercial-ShareAlike 4.0,3.5,07:28,https://www.xeno-canto.org/646994,norcar/XC646994.ogg
norcar,[],['uncertain'],35.987,-87.145,Cardinalis cardinalis,Northern Cardinal,Brian Hendrix,Creative Commons Attribution-NonCommercial-ShareAlike 4.0,5.0,06:00,https://www.xeno-canto.org/649261,norcar/XC649261.ogg
norcar,[],['uncertain'],35.987,-87.145,Cardinalis cardinalis,Northern Cardinal,Brian Hendrix,Creative Commons Attribution-NonCommercial-ShareAlike 4.0,5.0,06:00,https://www.xeno-canto.org/649276,norcar/XC649276.ogg
norcar,[],['uncertain'],35.987,-87.145,Cardinalis cardinalis,Northern Cardinal,Brian Hendrix,Creative Commons Attribution-NonCommercial-ShareAlike 4.0,4.0,08:00,https://www.xeno-canto.org/649307,norcar/XC649307.ogg
norcar,[],['uncertain'],35.987,-87.145,Cardinalis cardinalis,Northern Cardinal,Brian Hendrix,Creative Commons Attribution-NonCommercial-ShareAlike 4.0,5.0,08:00,https://www.xeno-canto.org/652980,norcar/XC652980.ogg
norcar,['houfin'],['song'],19.2866,-99.0965,Cardinalis cardinalis,Northern Cardinal,Manuel Grosselet,Creative Commons Attribution-NonCommercial-ShareAlike 4.0,3.5,11:00,https://www.xeno-canto.org/655934,norcar/XC655934.ogg
norcar,"['calqua', 'houfin']","['adult', 'male', 'song']",27.1466,-112.8995,Cardinalis cardinalis,Northern Cardinal,Richard E. Webster,Creative Commons Attribution-NonCommercial-ShareAlike 4.0,3.5,10:44,https://www.xeno-canto.org/660896,norcar/XC660896.ogg
norcar,[],"['adult', 'male', 'subsong']",31.6725,-110.9403,Cardinalis cardinalis,Northern Cardinal,Scott Olmstead,Creative Commons Attribution-NonCommercial-ShareAlike 4.0,3.5,08:20,https://www.xeno-canto.org/664111,norcar/XC664111.ogg
norcar,[],"['adult', 'male', 'song']",31.6725,-110.9403,Cardinalis cardinalis,Northern Cardinal,Scott Olmstead,Creative Commons Attribution-NonCommercial-ShareAlike 4.0,4.0,08:13,https://www.xeno-canto.org/664112,norcar/XC664112.ogg
norcar,[],"['adult', 'male', 'song']",31.6725,-110.9403,Cardinalis cardinalis,Northern Cardinal,Scott Olmstead,Creative Commons Attribution-NonCommercial-ShareAlike 4.0,4.0,08:22,https://www.xeno-canto.org/664114,norcar/XC664114.ogg
norcar,[],['song'],40.8208115371123,-74.2016687391879,Cardinalis cardinalis,Northern Cardinal,Daniel Lane,Creative Commons Attribution-NonCommercial-ShareAlike 3.0,3.0,?,https://www.xeno-canto.org/67166,norcar/XC67166.ogg
norcar,[],['song'],40.8208115371123,-74.2016687391879,Cardinalis cardinalis,Northern Cardinal,Daniel Lane,Creative Commons Attribution-NonCommercial-ShareAlike 3.0,3.5,?,https://www.xeno-canto.org/67168,norcar/XC67168.ogg
norcar,['cangoo'],['song'],44.878,-93.293,Cardinalis cardinalis,Northern Cardinal,Jonathon Jongsma,Creative Commons Attribution-ShareAlike 3.0,3.5,07:24,https://www.xeno-canto.org/75501,norcar/XC75501.ogg
norcar,[],['call'],44.942,-93.259,Cardinalis cardinalis,Northern Cardinal,Jonathon Jongsma,Creative Commons Attribution-ShareAlike 3.0,5.0,12:45,https://www.xeno-canto.org/77572,norcar/XC77572.ogg
norhar2,[],['call'],34.8,-114.522,Circus hudsonius,Northern Harrier,Lauren Harter,Creative Commons Attribution-NonCommercial-ShareAlike 3.0,3.0,10:30,https://www.xeno-canto.org/121401,norhar2/XC121401.ogg
norhar2,[],['flight call'],32.5716,-117.1245,Circus hudsonius,Northern Harrier,Paul Marvin,Creative Commons Attribution-NonCommercial-ShareAlike 3.0,5.0,11:35,https://www.xeno-canto.org/143657,norhar2/XC143657.ogg
norhar2,[],['call'],31.5633,-109.716,Circus hudsonius,Northern Harrier,Paul Marvin,Creative Commons Attribution-NonCommercial-ShareAlike 3.0,4.0,15:09,https://www.xeno-canto.org/164234,norhar2/XC164234.ogg
norhar2,[],['call'],31.5633,-109.716,Circus hudsonius,Northern Harrier,Paul Marvin,Creative Commons Attribution-NonCommercial-ShareAlike 3.0,4.0,08:37,https://www.xeno-canto.org/164235,norhar2/XC164235.ogg
norhar2,[],['call'],32.544,-117.109,Circus hudsonius,Northern Harrier,Paul Marvin,Creative Commons Attribution-NonCommercial-ShareAlike 3.0,4.0,12:10,https://www.xeno-canto.org/164237,norhar2/XC164237.ogg
norhar2,[],['call'],32.544,-117.109,Circus hudsonius,Northern Harrier,Paul Marvin,Creative Commons Attribution-NonCommercial-ShareAlike 3.0,4.0,12:26,https://www.xeno-canto.org/164238,norhar2/XC164238.ogg
norhar2,['houfin'],['call'],32.544,-117.109,Circus hudsonius,Northern Harrier,Paul Marvin,Creative Commons Attribution-NonCommercial-ShareAlike 3.0,3.5,12:13,https://www.xeno-canto.org/164239,norhar2/XC164239.ogg
norhar2,[],['flight call'],47.6688,-111.3328,Circus hudsonius,Northern Harrier,Paul Marvin,Creative Commons Attribution-NonCommercial-ShareAlike 3.0,4.0,10:06,https://www.xeno-canto.org/164240,norhar2/XC164240.ogg
norhar2,[],['call'],31.5633,-109.716,Circus hudsonius,Northern Harrier,Paul Marvin,Creative Commons Attribution-NonCommercial-ShareAlike 3.0,5.0,15:25,https://www.xeno-canto.org/164241,norhar2/XC164241.ogg
norhar2,[],['flight call'],45.8321,-88.9155,Circus hudsonius,Northern Harrier,Paul Marvin,Creative Commons Attribution-NonCommercial-ShareAlike 3.0,4.0,04:45,https://www.xeno-canto.org/164242,norhar2/XC164242.ogg
norhar2,[],"['flight call', 'male']",48.5982,-102.4547,Circus hudsonius,Northern Harrier,Paul Marvin,Creative Commons Attribution-NonCommercial-ShareAlike 4.0,5.0,16:24,https://www.xeno-canto.org/277504,norhar2/XC277504.ogg
norhar2,['fragul'],"['alarm call', 'male']",48.5982,-102.4547,Circus hudsonius,Northern Harrier,Paul Marvin,Creative Commons Attribution-NonCommercial-ShareAlike 4.0,4.5,16:23,https://www.xeno-canto.org/277614,norhar2/XC277614.ogg
norhar2,['houspa'],"['""Squeal"" call', 'female']",40.6237,-104.9498,Circus hudsonius,Northern Harrier,Nick Komar,Creative Commons Attribution-NonCommercial-ShareAlike 4.0,4.5,09:50,https://www.xeno-canto.org/279717,norhar2/XC279717.ogg
norhar2,[],"['call', 'male']",32.5435,-117.1127,Circus hudsonius,Northern Harrier,Eric Hough,Creative Commons Attribution-NonCommercial-ShareAlike 4.0,2.5,10:00,https://www.xeno-canto.org/288167,norhar2/XC288167.ogg
norhar2,[],['call'],34.4842,-89.5949,Circus hudsonius,Northern Harrier,J.R. Rigby,Creative Commons Attribution-NonCommercial-ShareAlike 4.0,4.5,08:00,https://www.xeno-canto.org/290060,norhar2/XC290060.ogg
norhar2,['sora'],['call'],33.8773,-117.112,Circus hudsonius,Northern Harrier,Lance A. M. Benner,Creative Commons Attribution-NonCommercial-ShareAlike 4.0,0.0,16:13,https://www.xeno-canto.org/292680,norhar2/XC292680.ogg
norhar2,[],"['female', 'flight call']",40.9707,-104.1197,Circus hudsonius,Northern Harrier,Nick Komar,Creative Commons Attribution-NonCommercial-ShareAlike 4.0,4.0,10:20,https://www.xeno-canto.org/302510,norhar2/XC302510.ogg
norhar2,[],['call'],41.3399,-71.7049,Circus hudsonius,Northern Harrier,Dylan Pedro,Creative Commons Attribution-NonCommercial-ShareAlike 4.0,5.0,12:30,https://www.xeno-canto.org/310076,norhar2/XC310076.ogg
norhar2,[],"['alarm call', 'call', 'flight call', 'male']",41.6307,-118.7207,Circus hudsonius,Northern Harrier,Bobby Wilcox,Creative Commons Attribution-NonCommercial-ShareAlike 4.0,2.0,11:00,https://www.xeno-canto.org/322269,norhar2/XC322269.ogg
norhar2,[],"['female', 'scold']",50.9619,-118.1997,Circus hudsonius,Northern Harrier,James Bradley,Creative Commons Attribution-NonCommercial-ShareAlike 4.0,5.0,09:30,https://www.xeno-canto.org/326879,norhar2/XC326879.ogg
norhar2,[],['call'],49.2975,-119.3722,Circus hudsonius,Northern Harrier,Bruce Lagerquist,Creative Commons Attribution-NonCommercial-ShareAlike 4.0,4.5,16:30,https://www.xeno-canto.org/329772,norhar2/XC329772.ogg
norhar2,[],"['alarm call', 'call', 'flight call', 'male']",41.6368,-118.6408,Circus hudsonius,Northern Harrier,Bobby Wilcox,Creative Commons Attribution-NonCommercial-ShareAlike 4.0,3.0,12:30,https://www.xeno-canto.org/333648,norhar2/XC333648.ogg
norhar2,[],['flight call'],47.205,-110.9356,Circus hudsonius,Northern Harrier,Thomas Magarian,Creative Commons Attribution-NonCommercial-ShareAlike 4.0,0.0,12:26,https://www.xeno-canto.org/349474,norhar2/XC349474.ogg
norhar2,[],['call'],47.205,-110.9356,Circus hudsonius,Northern Harrier,Thomas Magarian,Creative Commons Attribution-NonCommercial-ShareAlike 4.0,0.0,12:26,https://www.xeno-canto.org/349475,norhar2/XC349475.ogg
norhar2,[],"['begging call', 'call', 'juvenile']",41.62,-118.6983,Circus hudsonius,Northern Harrier,Bobby Wilcox,Creative Commons Attribution-NonCommercial-ShareAlike 4.0,3.0,12:30,https://www.xeno-canto.org/369686,norhar2/XC369686.ogg
norhar2,[],"['alarm call', 'male']",41.5757,-118.7695,Circus hudsonius,Northern Harrier,Bobby Wilcox,Creative Commons Attribution-NonCommercial-ShareAlike 4.0,3.5,11:30,https://www.xeno-canto.org/375753,norhar2/XC375753.ogg
norhar2,[],"['call', 'flight call', 'male']",36.4715,-116.3546,Circus hudsonius,Northern Harrier,Bobby Wilcox,Creative Commons Attribution-NonCommercial-ShareAlike 4.0,3.0,10:30,https://www.xeno-canto.org/475335,norhar2/XC475335.ogg
norhar2,['moudov'],"['call', 'female']",39.7425,-119.3242,Circus hudsonius,Northern Harrier,Bobby Wilcox,Creative Commons Attribution-NonCommercial-ShareAlike 4.0,3.5,07:00,https://www.xeno-canto.org/481015,norhar2/XC481015.ogg
norhar2,[],['call'],32.5458,-117.0737,Circus hudsonius,Northern Harrier,Paul Marvin,Creative Commons Attribution-NonCommercial-ShareAlike 4.0,3.5,07:10,https://www.xeno-canto.org/483749,norhar2/XC483749.ogg
norhar2,[],"['adult', 'call', 'male']",40.3343,-104.6397,Circus hudsonius,Northern Harrier,Sue Riffe,Creative Commons Attribution-NonCommercial-ShareAlike 4.0,3.5,14:44,https://www.xeno-canto.org/550984,norhar2/XC550984.ogg
norhar2,[],"['Bark series', 'adult', 'alarm call', 'life stage uncertain', 'male']",35.4596,-120.968,Circus hudsonius,Northern Harrier,Thomas G. Graves,Creative Commons Attribution-NonCommercial-ShareAlike 4.0,3.0,11:38,https://www.xeno-canto.org/599328,norhar2/XC599328.ogg
normoc,['norcar'],['song'],35.8589,-84.0948,Mimus polyglottos,Northern Mockingbird,Mike Nelson,Creative Commons Attribution-NonCommercial-ShareAlike 3.0,3.5,08:30,https://www.xeno-canto.org/110060,normoc/XC110060.ogg
normoc,[],['call'],35.8589,-84.0948,Mimus polyglottos,Northern Mockingbird,Mike Nelson,Creative Commons Attribution-NonCommercial-ShareAlike 3.0,4.5,08:00,https://www.xeno-canto.org/111150,normoc/XC111150.ogg
normoc,[],['song'],35.8589,-84.0948,Mimus polyglottos,Northern Mockingbird,Mike Nelson,Creative Commons Attribution-NonCommercial-ShareAlike 3.0,4.0,08:00,https://www.xeno-canto.org/111151,normoc/XC111151.ogg
normoc,[],['song'],41.1987,-73.8832,Mimus polyglottos,Northern Mockingbird,Daniel Parker,Creative Commons Attribution-NonCommercial-ShareAlike 3.0,3.0,9:30,https://www.xeno-canto.org/122159,normoc/XC122159.ogg
normoc,[],['song'],42.8118,-72.5658,Mimus polyglottos,Northern Mockingbird,Larry Clarfeld,Creative Commons Attribution-NonCommercial-ShareAlike 3.0,4.0,00:00,https://www.xeno-canto.org/127522,normoc/XC127522.ogg
normoc,[],"['male', 'song']",34.3344,-78.7061,Mimus polyglottos,Northern Mockingbird,Albert Lastukhin,Creative Commons Attribution-NonCommercial-ShareAlike 3.0,2.0,10:30,https://www.xeno-canto.org/129150,normoc/XC129150.ogg
normoc,[],['call'],34.3344,-78.7061,Mimus polyglottos,Northern Mockingbird,Albert Lastukhin,Creative Commons Attribution-NonCommercial-ShareAlike 3.0,2.0,06:30,https://www.xeno-canto.org/129151,normoc/XC129151.ogg
normoc,[],"['male', 'song']",34.3344,-78.7061,Mimus polyglottos,Northern Mockingbird,Albert Lastukhin,Creative Commons Attribution-NonCommercial-ShareAlike 3.0,3.0,14:00,https://www.xeno-canto.org/129862,normoc/XC129862.ogg
normoc,[],['song'],28.1918,-82.7214,Mimus polyglottos,Northern Mockingbird,Mike Nelson,Creative Commons Attribution-NonCommercial-ShareAlike 3.0,4.0,11:30,https://www.xeno-canto.org/130969,normoc/XC130969.ogg
normoc,[],['song'],28.1918,-82.7214,Mimus polyglottos,Northern Mockingbird,Mike Nelson,Creative Commons Attribution-NonCommercial-ShareAlike 3.0,4.5,11:00,https://www.xeno-canto.org/130970,normoc/XC130970.ogg
normoc,[],['song'],27.5597,-81.0127,Mimus polyglottos,Northern Mockingbird,Mike Nelson,Creative Commons Attribution-NonCommercial-ShareAlike 3.0,3.5,09:00,https://www.xeno-canto.org/130971,normoc/XC130971.ogg
normoc,[],['song'],34.1966,-118.1334,Mimus polyglottos,Northern Mockingbird,Eric DeFonso,Creative Commons Attribution-NonCommercial-ShareAlike 3.0,4.0,10:58,https://www.xeno-canto.org/131443,normoc/XC131443.ogg
normoc,[],['song'],34.1301,-118.1138,Mimus polyglottos,Northern Mockingbird,Eric DeFonso,Creative Commons Attribution-NonCommercial-ShareAlike 3.0,5.0,11:23,https://www.xeno-canto.org/131455,normoc/XC131455.ogg
normoc,[],"[""Mimicry Chuck-will's-widow"", 'song']",32.0046,-94.0921,Mimus polyglottos,Northern Mockingbird,L G Price,Creative Commons Attribution-NonCommercial-ShareAlike 3.0,4.0,09:30,https://www.xeno-canto.org/131895,normoc/XC131895.ogg
normoc,[],['song'],37.095,-113.957,Mimus polyglottos,Northern Mockingbird,Tim Avery,Creative Commons Attribution-NonCommercial-ShareAlike 3.0,4.0,00:30,https://www.xeno-canto.org/133997,normoc/XC133997.ogg
normoc,[],"['Carolina Wren and Eastern Kingbird', 'mimicry of Blue Jay', 'song']",31.9556,-81.0258,Mimus polyglottos,Northern Mockingbird,Russ Wigh,Creative Commons Attribution-NonCommercial-ShareAlike 3.0,5.0,07:30,https://www.xeno-canto.org/138494,normoc/XC138494.ogg
normoc,[],['song'],27.9639,-81.0339,Mimus polyglottos,Northern Mockingbird,Paul Marvin,Creative Commons Attribution-NonCommercial-ShareAlike 3.0,5.0,09:59,https://www.xeno-canto.org/139965,normoc/XC139965.ogg
normoc,[],"['call', 'song']",35.1084,-80.9483,Mimus polyglottos,Northern Mockingbird,Bernard BOUSQUET,Creative Commons Attribution-NonCommercial-ShareAlike 3.0,2.5,10:00,https://www.xeno-canto.org/141034,normoc/XC141034.ogg
normoc,[],['song'],33.8438,-78.6105,Mimus polyglottos,Northern Mockingbird,Bernard BOUSQUET,Creative Commons Attribution-NonCommercial-ShareAlike 3.0,4.0,08:30,https://www.xeno-canto.org/141037,normoc/XC141037.ogg
normoc,[],['song'],30.0801,-99.5027,Mimus polyglottos,Northern Mockingbird,Mike Nelson,Creative Commons Attribution-NonCommercial-ShareAlike 3.0,4.0,14:00,https://www.xeno-canto.org/141504,normoc/XC141504.ogg
normoc,[],"['call', 'song']",37.7659,-122.5515,Mimus polyglottos,Northern Mockingbird,Pangolinmoth,Creative Commons Attribution-NonCommercial-ShareAlike 3.0,3.0,23:30,https://www.xeno-canto.org/143264,normoc/XC143264.ogg
normoc,[],['call'],28.6781,-80.7717,Mimus polyglottos,Northern Mockingbird,Paul Marvin,Creative Commons Attribution-NonCommercial-ShareAlike 3.0,5.0,13:53,https://www.xeno-canto.org/143796,normoc/XC143796.ogg
normoc,[],"['male', 'song']",34.2648,-119.2774,Mimus polyglottos,Northern Mockingbird,Antonio Silveira,Creative Commons Attribution-NonCommercial-ShareAlike 3.0,4.0,09:00,https://www.xeno-canto.org/144283,normoc/XC144283.ogg
normoc,[],['call'],41.1987,-73.8832,Mimus polyglottos,Northern Mockingbird,Daniel Parker,Creative Commons Attribution-NonCommercial-ShareAlike 3.0,3.0,14:29,https://www.xeno-canto.org/144436,normoc/XC144436.ogg
normoc,[],['song'],43.6279,-79.3325,Mimus polyglottos,Northern Mockingbird,Bruno Arantes de Andrade Bueno,Creative Commons Attribution-NonCommercial-ShareAlike 3.0,3.0,13:00,https://www.xeno-canto.org/144501,normoc/XC144501.ogg
normoc,[],['call'],32.0221,-80.8518,Mimus polyglottos,Northern Mockingbird,Russ Wigh,Creative Commons Attribution-NonCommercial-ShareAlike 3.0,4.0,14:30,https://www.xeno-canto.org/145390,normoc/XC145390.ogg
normoc,[],['song'],20.7086,-100.4581,Mimus polyglottos,Northern Mockingbird,Mauricio Ricaud,Creative Commons Attribution-NonCommercial-ShareAlike 3.0,4.0,19:00,https://www.xeno-canto.org/150238,normoc/XC150238.ogg
normoc,[],['call'],28.2267,-80.7645,Mimus polyglottos,Northern Mockingbird,Paul Marvin,Creative Commons Attribution-NonCommercial-ShareAlike 3.0,4.0,08:33,https://www.xeno-canto.org/150335,normoc/XC150335.ogg
normoc,[],['call'],41.1987,-73.8832,Mimus polyglottos,Northern Mockingbird,Daniel Parker,Creative Commons Attribution-NonCommercial-ShareAlike 3.0,3.0,12:00,https://www.xeno-canto.org/153112,normoc/XC153112.ogg
normoc,[],['call'],41.1987,-73.8832,Mimus polyglottos,Northern Mockingbird,Daniel Parker,Creative Commons Attribution-NonCommercial-ShareAlike 3.0,2.5,8:10,https://www.xeno-canto.org/153113,normoc/XC153113.ogg
normoc,[],['call'],28.6902,-80.7137,Mimus polyglottos,Northern Mockingbird,Paul Marvin,Creative Commons Attribution-NonCommercial-ShareAlike 3.0,5.0,09:53,https://www.xeno-canto.org/161347,normoc/XC161347.ogg
normoc,[],['song'],41.1987,-73.8832,Mimus polyglottos,Northern Mockingbird,Daniel Parker,Creative Commons Attribution-NonCommercial-ShareAlike 3.0,2.0,10:00,https://www.xeno-canto.org/162110,normoc/XC162110.ogg
normoc,[],['song'],41.1815,-73.8947,Mimus polyglottos,Northern Mockingbird,Daniel Parker,Creative Commons Attribution-NonCommercial-ShareAlike 3.0,4.0,15:30,https://www.xeno-canto.org/162116,normoc/XC162116.ogg
normoc,[],['song'],41.1987,-73.8832,Mimus polyglottos,Northern Mockingbird,Daniel Parker,Creative Commons Attribution-NonCommercial-ShareAlike 3.0,2.0,10:00,https://www.xeno-canto.org/162118,normoc/XC162118.ogg
normoc,[],['song'],41.1987,-73.8832,Mimus polyglottos,Northern Mockingbird,Daniel Parker,Creative Commons Attribution-NonCommercial-ShareAlike 3.0,2.0,09:30,https://www.xeno-canto.org/162119,normoc/XC162119.ogg
normoc,[],['song'],41.1987,-73.8832,Mimus polyglottos,Northern Mockingbird,Daniel Parker,Creative Commons Attribution-NonCommercial-ShareAlike 3.0,3.0,09:30,https://www.xeno-canto.org/162120,normoc/XC162120.ogg
normoc,[],['song'],41.1987,-73.8832,Mimus polyglottos,Northern Mockingbird,Daniel Parker,Creative Commons Attribution-NonCommercial-ShareAlike 3.0,2.0,10:09,https://www.xeno-canto.org/162121,normoc/XC162121.ogg
normoc,[],['song'],41.1987,-73.8832,Mimus polyglottos,Northern Mockingbird,Daniel Parker,Creative Commons Attribution-NonCommercial-ShareAlike 3.0,3.0,11:00,https://www.xeno-canto.org/162122,normoc/XC162122.ogg
normoc,[],['call'],25.3893,-80.6566,Mimus polyglottos,Northern Mockingbird,Paul Marvin,Creative Commons Attribution-NonCommercial-ShareAlike 3.0,4.5,18:56,https://www.xeno-canto.org/167843,normoc/XC167843.ogg
normoc,[],['song'],17.0657,-96.7683,Mimus polyglottos,Northern Mockingbird,Manuel Grosselet,Creative Commons Attribution-NonCommercial-ShareAlike 3.0,4.0,08:30,https://www.xeno-canto.org/168749,normoc/XC168749.ogg
normoc,[],['song'],17.0657,-96.7683,Mimus polyglottos,Northern Mockingbird,Manuel Grosselet,Creative Commons Attribution-NonCommercial-ShareAlike 3.0,4.0,08:00,https://www.xeno-canto.org/168750,normoc/XC168750.ogg
normoc,[],"['Mimic', 'song']",36.0942,-87.0058,Mimus polyglottos,Northern Mockingbird,Joshua Stevenson,Creative Commons Attribution-NonCommercial-ShareAlike 3.0,5.0,16:00,https://www.xeno-canto.org/170052,normoc/XC170052.ogg
normoc,[],['song'],38.0856,-103.1153,Mimus polyglottos,Northern Mockingbird,Eric DeFonso,Creative Commons Attribution-NonCommercial-ShareAlike 4.0,5.0,20:30,https://www.xeno-canto.org/172494,normoc/XC172494.ogg
normoc,[],['song'],37.1355,-103.0156,Mimus polyglottos,Northern Mockingbird,Eric DeFonso,Creative Commons Attribution-NonCommercial-ShareAlike 4.0,5.0,16:30,https://www.xeno-canto.org/172647,normoc/XC172647.ogg
normoc,[],['song'],37.1355,-103.0156,Mimus polyglottos,Northern Mockingbird,Eric DeFonso,Creative Commons Attribution-NonCommercial-ShareAlike 4.0,5.0,16:34,https://www.xeno-canto.org/172648,normoc/XC172648.ogg
normoc,[],['song'],19.3139,-81.1673,Mimus polyglottos,Northern Mockingbird,Todd Mark,Creative Commons Attribution-NonCommercial-ShareAlike 4.0,3.0,15:30,https://www.xeno-canto.org/174873,normoc/XC174873.ogg
normoc,[],['song'],29.7343,-93.8563,Mimus polyglottos,Northern Mockingbird,Dan Lane,Creative Commons Attribution-NonCommercial-ShareAlike 4.0,3.5,17:30,https://www.xeno-canto.org/179046,normoc/XC179046.ogg
normoc,[],['song'],29.6762,-94.4335,Mimus polyglottos,Northern Mockingbird,Richard Dunn,Creative Commons Attribution-NonCommercial-ShareAlike 4.0,5.0,08:00,https://www.xeno-canto.org/179351,normoc/XC179351.ogg
normoc,[],['song'],29.6762,-94.4335,Mimus polyglottos,Northern Mockingbird,Richard Dunn,Creative Commons Attribution-NonCommercial-ShareAlike 4.0,5.0,08:00,https://www.xeno-canto.org/179352,normoc/XC179352.ogg
normoc,[],['song'],29.6762,-94.4335,Mimus polyglottos,Northern Mockingbird,Richard Dunn,Creative Commons Attribution-NonCommercial-ShareAlike 4.0,5.0,08:00,https://www.xeno-canto.org/179353,normoc/XC179353.ogg
normoc,[],['male'],36.0663,-115.1131,Mimus polyglottos,Northern Mockingbird,Antonio Silveira,Creative Commons Attribution-NonCommercial-ShareAlike 4.0,4.0,09:00,https://www.xeno-canto.org/181073,normoc/XC181073.ogg
normoc,[],['song'],42.4883,-80.0354,Mimus polyglottos,Northern Mockingbird,Jerome Fischer,Creative Commons Attribution-NonCommercial-ShareAlike 4.0,3.0,?,https://www.xeno-canto.org/182092,normoc/XC182092.ogg
normoc,[],['song'],33.3617,-111.9844,Mimus polyglottos,Northern Mockingbird,Tim Marquardt,Creative Commons Attribution-NonCommercial-ShareAlike 4.0,4.0,19:51,https://www.xeno-canto.org/182835,normoc/XC182835.ogg
normoc,[],['song'],40.6409,-104.3397,Mimus polyglottos,Northern Mockingbird,Richard E. Webster,Creative Commons Attribution-NonCommercial-ShareAlike 4.0,3.0,05:14,https://www.xeno-canto.org/184932,normoc/XC184932.ogg
normoc,['moudov'],['song'],40.6409,-104.3397,Mimus polyglottos,Northern Mockingbird,Richard E. Webster,Creative Commons Attribution-NonCommercial-ShareAlike 4.0,4.5,05:19,https://www.xeno-canto.org/184933,normoc/XC184933.ogg
normoc,[],['song'],41.1152,-73.3307,Mimus polyglottos,Northern Mockingbird,Susan Hochgraf,Creative Commons Attribution-NonCommercial-ShareAlike 4.0,2.5,09:00,https://www.xeno-canto.org/185486,normoc/XC185486.ogg
normoc,[],['song'],41.1152,-73.3307,Mimus polyglottos,Northern Mockingbird,Susan Hochgraf,Creative Commons Attribution-NonCommercial-ShareAlike 4.0,3.5,09:00,https://www.xeno-canto.org/185490,normoc/XC185490.ogg
normoc,[],['song'],28.229,-80.813,Mimus polyglottos,Northern Mockingbird,Paul Marvin,Creative Commons Attribution-NonCommercial-ShareAlike 4.0,5.0,10:28,https://www.xeno-canto.org/192423,normoc/XC192423.ogg
normoc,[],"['begging call', 'juvenile']",28.356,-80.6863,Mimus polyglottos,Northern Mockingbird,Paul Marvin,Creative Commons Attribution-NonCommercial-ShareAlike 4.0,5.0,08:17,https://www.xeno-canto.org/192426,normoc/XC192426.ogg
normoc,[],['song'],25.3893,-80.6566,Mimus polyglottos,Northern Mockingbird,Paul Marvin,Creative Commons Attribution-NonCommercial-ShareAlike 4.0,4.5,08:18,https://www.xeno-canto.org/196164,normoc/XC196164.ogg
normoc,[],"['call', 'juvenile']",34.1596,-117.9886,Mimus polyglottos,Northern Mockingbird,Elias Aristides Elias,Creative Commons Attribution-NonCommercial-ShareAlike 4.0,5.0,16:45,https://www.xeno-canto.org/196664,normoc/XC196664.ogg
normoc,[],['song'],40.8643,-73.6537,Mimus polyglottos,Northern Mockingbird,Albert & Max Lastukhin,Creative Commons Attribution-NonCommercial-ShareAlike 4.0,3.5,11:30,https://www.xeno-canto.org/202398,normoc/XC202398.ogg
normoc,[],['song'],40.8643,-73.6537,Mimus polyglottos,Northern Mockingbird,Albert & Max Lastukhin,Creative Commons Attribution-NonCommercial-ShareAlike 4.0,3.0,19:30,https://www.xeno-canto.org/202404,normoc/XC202404.ogg
normoc,[],['song'],32.0351,-85.4732,Mimus polyglottos,Northern Mockingbird,John A. Trent,Creative Commons Attribution-NonCommercial-ShareAlike 4.0,4.5,14:00,https://www.xeno-canto.org/202601,normoc/XC202601.ogg
normoc,[],['song'],19.4664,-70.7156,Mimus polyglottos,Northern Mockingbird,Albert Lastukhin & Max Lastukhin,Creative Commons Attribution-NonCommercial-ShareAlike 4.0,3.0,09:00,https://www.xeno-canto.org/213183,normoc/XC213183.ogg
normoc,[],['song'],19.4664,-70.7156,Mimus polyglottos,Northern Mockingbird,Albert Lastukhin & Max Lastukhin,Creative Commons Attribution-NonCommercial-ShareAlike 4.0,3.0,09:30,https://www.xeno-canto.org/213184,normoc/XC213184.ogg
normoc,[],['song'],19.4664,-70.7156,Mimus polyglottos,Northern Mockingbird,Albert Lastukhin & Max Lastukhin,Creative Commons Attribution-NonCommercial-ShareAlike 4.0,3.0,09:30,https://www.xeno-canto.org/213185,normoc/XC213185.ogg
normoc,[],['song'],19.4664,-70.7156,Mimus polyglottos,Northern Mockingbird,Albert Lastukhin & Max Lastukhin,Creative Commons Attribution-NonCommercial-ShareAlike 4.0,3.0,10:00,https://www.xeno-canto.org/213186,normoc/XC213186.ogg
normoc,[],['song'],19.4664,-70.7156,Mimus polyglottos,Northern Mockingbird,Albert Lastukhin & Max Lastukhin,Creative Commons Attribution-NonCommercial-ShareAlike 4.0,3.0,10:30,https://www.xeno-canto.org/213187,normoc/XC213187.ogg
normoc,[],['song'],19.4664,-70.7156,Mimus polyglottos,Northern Mockingbird,Albert Lastukhin & Max Lastukhin,Creative Commons Attribution-NonCommercial-ShareAlike 4.0,3.0,10:00,https://www.xeno-canto.org/213188,normoc/XC213188.ogg
normoc,[],['call'],24.3654,-97.9493,Mimus polyglottos,Northern Mockingbird,Oscar Ballesteors,Creative Commons Attribution-NonCommercial-ShareAlike 4.0,3.0,17:00,https://www.xeno-canto.org/213433,normoc/XC213433.ogg
normoc,[],['call'],18.963,-69.692,Mimus polyglottos,Northern Mockingbird,Oscar Humberto Marin-Gomez,Creative Commons Attribution-NonCommercial-ShareAlike 4.0,3.0,17:00,https://www.xeno-canto.org/214558,normoc/XC214558.ogg
normoc,['houspa'],['song'],29.5834,-95.6121,Mimus polyglottos,Northern Mockingbird,Danny Zapata-Henao,Creative Commons Attribution-NonCommercial-ShareAlike 4.0,2.5,11:56,https://www.xeno-canto.org/233724,normoc/XC233724.ogg
normoc,[],['song'],29.5834,-95.6121,Mimus polyglottos,Northern Mockingbird,Danny Zapata-Henao,Creative Commons Attribution-NonCommercial-ShareAlike 4.0,2.5,11:58,https://www.xeno-canto.org/233726,normoc/XC233726.ogg
normoc,[],['song'],29.587,-95.6537,Mimus polyglottos,Northern Mockingbird,Danny Zapata-Henao,Creative Commons Attribution-NonCommercial-ShareAlike 4.0,4.0,12:56,https://www.xeno-canto.org/233808,normoc/XC233808.ogg
normoc,[],['song'],38.7961,-77.5154,Mimus polyglottos,Northern Mockingbird,Bill Mikhail,Creative Commons Attribution-NonCommercial-ShareAlike 4.0,4.0,07:00,https://www.xeno-canto.org/239560,normoc/XC239560.ogg
normoc,[],"['alarm call', 'scold']",35.9979,-106.0799,Mimus polyglottos,Northern Mockingbird,Jerry Friedman,Creative Commons Attribution-NonCommercial-ShareAlike 4.0,3.5,12:00,https://www.xeno-canto.org/265820,normoc/XC265820.ogg
normoc,[],"['begging call', 'juvenile']",28.2267,-80.7645,Mimus polyglottos,Northern Mockingbird,Paul Marvin,Creative Commons Attribution-NonCommercial-ShareAlike 4.0,3.5,10:18,https://www.xeno-canto.org/267472,normoc/XC267472.ogg
normoc,[],['song'],31.6296,-81.2669,Mimus polyglottos,Northern Mockingbird,Paul Marvin,Creative Commons Attribution-NonCommercial-ShareAlike 4.0,5.0,10:54,https://www.xeno-canto.org/269503,normoc/XC269503.ogg
normoc,[],['juvenile'],40.1175,-75.0627,Mimus polyglottos,Northern Mockingbird,Paul Driver,Creative Commons Attribution-NonCommercial-ShareAlike 4.0,0.0,07:30,https://www.xeno-canto.org/269617,normoc/XC269617.ogg
normoc,[],['juvenile'],40.1175,-75.0627,Mimus polyglottos,Northern Mockingbird,Paul Driver,Creative Commons Attribution-NonCommercial-ShareAlike 4.0,0.0,06:30,https://www.xeno-canto.org/269618,normoc/XC269618.ogg
normoc,[],['juvenile'],40.0626,-75.1254,Mimus polyglottos,Northern Mockingbird,Paul Driver,Creative Commons Attribution-NonCommercial-ShareAlike 4.0,0.0,08:30,https://www.xeno-canto.org/269619,normoc/XC269619.ogg
normoc,[],['juvenile'],40.1175,-75.0627,Mimus polyglottos,Northern Mockingbird,Paul Driver,Creative Commons Attribution-NonCommercial-ShareAlike 4.0,1.0,07:40,https://www.xeno-canto.org/269620,normoc/XC269620.ogg
normoc,['norcar'],"['male', 'song', 'whisper/rambling-type']",32.3329,-93.5537,Mimus polyglottos,Northern Mockingbird,Terry Davis,Creative Commons Attribution-NonCommercial-ShareAlike 4.0,2.5,11:35,https://www.xeno-canto.org/277271,normoc/XC277271.ogg
normoc,['norcar'],"['call', 'chip', 'male', 'song', 'whisper/rambling-type']",32.3329,-93.5537,Mimus polyglottos,Northern Mockingbird,Terry Davis,Creative Commons Attribution-NonCommercial-ShareAlike 4.0,2.5,11:37,https://www.xeno-canto.org/277272,normoc/XC277272.ogg
normoc,[],['song'],24.7735,-77.8579,Mimus polyglottos,Northern Mockingbird,Jesse Fagan,Creative Commons Attribution-NonCommercial-ShareAlike 4.0,4.5,07:30,https://www.xeno-canto.org/277358,normoc/XC277358.ogg
normoc,[],['song'],39.1742,-75.5424,Mimus polyglottos,Northern Mockingbird,Jerald R,Creative Commons Attribution-NonCommercial-ShareAlike 4.0,2.0,11:30,https://www.xeno-canto.org/286531,normoc/XC286531.ogg
normoc,[],['call'],39.1742,-75.5424,Mimus polyglottos,Northern Mockingbird,Jerald R,Creative Commons Attribution-NonCommercial-ShareAlike 4.0,4.0,12:00,https://www.xeno-canto.org/286846,normoc/XC286846.ogg
normoc,[],['call'],28.5785,-80.9961,Mimus polyglottos,Northern Mockingbird,Paul Marvin,Creative Commons Attribution-NonCommercial-ShareAlike 4.0,4.5,11:04,https://www.xeno-canto.org/287850,normoc/XC287850.ogg
normoc,[],['song'],20.9178,-100.7453,Mimus polyglottos,Northern Mockingbird,Manuel Grosselet,Creative Commons Attribution-NonCommercial-ShareAlike 4.0,5.0,10:00,https://www.xeno-canto.org/289174,normoc/XC289174.ogg
normoc,[],['alarm call'],32.4426,-112.8286,Mimus polyglottos,Northern Mockingbird,Nick Komar,Creative Commons Attribution-NonCommercial-ShareAlike 4.0,5.0,17:55,https://www.xeno-canto.org/297284,normoc/XC297284.ogg
normoc,['houfin'],['call'],32.7761,-117.1861,Mimus polyglottos,Northern Mockingbird,Paul Marvin,Creative Commons Attribution-NonCommercial-ShareAlike 4.0,3.5,09:41,https://www.xeno-canto.org/299247,normoc/XC299247.ogg
normoc,['moudov'],['song'],31.1883,-85.241,Mimus polyglottos,Northern Mockingbird,Jim Holmes,Creative Commons Attribution-NonCommercial-ShareAlike 4.0,4.5,08:30,https://www.xeno-canto.org/305122,normoc/XC305122.ogg
normoc,[],"['call', 'song']",30.1993,-97.8692,Mimus polyglottos,Northern Mockingbird,Kat,Creative Commons Attribution-NonCommercial-ShareAlike 4.0,3.0,23:00,https://www.xeno-canto.org/307235,normoc/XC307235.ogg
normoc,[],['song'],23.7265,-99.1248,Mimus polyglottos,Northern Mockingbird,Manuel Grosselet,Creative Commons Attribution-NonCommercial-ShareAlike 4.0,5.0,16:30,https://www.xeno-canto.org/309813,normoc/XC309813.ogg
normoc,[],['song'],23.7265,-99.1248,Mimus polyglottos,Northern Mockingbird,Manuel Grosselet,Creative Commons Attribution-NonCommercial-ShareAlike 4.0,5.0,16:30,https://www.xeno-canto.org/309814,normoc/XC309814.ogg
normoc,[],['song'],27.192,-80.26,Mimus polyglottos,Northern Mockingbird,Diana Doyle,Creative Commons Attribution-NonCommercial-ShareAlike 4.0,5.0,17:37,https://www.xeno-canto.org/312453,normoc/XC312453.ogg
normoc,[],['alarm call'],32.7303,-114.6419,Mimus polyglottos,Northern Mockingbird,Bobby Wilcox,Creative Commons Attribution-NonCommercial-ShareAlike 4.0,3.5,17:00,https://www.xeno-canto.org/316202,normoc/XC316202.ogg
normoc,[],['song'],29.7278,-93.8523,Mimus polyglottos,Northern Mockingbird,Jim Holmes,Creative Commons Attribution-NonCommercial-ShareAlike 4.0,5.0,06:30,https://www.xeno-canto.org/317019,normoc/XC317019.ogg
normoc,[],['song'],35.272,-120.6493,Mimus polyglottos,Northern Mockingbird,Thomas G. Graves,Creative Commons Attribution-NonCommercial-ShareAlike 4.0,3.5,17:00,https://www.xeno-canto.org/318012,normoc/XC318012.ogg
normoc,[],['song'],35.272,-120.6493,Mimus polyglottos,Northern Mockingbird,Thomas G. Graves,Creative Commons Attribution-NonCommercial-ShareAlike 4.0,3.5,17:15,https://www.xeno-canto.org/318013,normoc/XC318013.ogg
normoc,[],['song'],38.5355,-121.5249,Mimus polyglottos,Northern Mockingbird,Jim Holmes,Creative Commons Attribution-NonCommercial-ShareAlike 4.0,5.0,07:30,https://www.xeno-canto.org/319143,normoc/XC319143.ogg
normoc,['gamqua'],['song'],32.8213,-108.5996,Mimus polyglottos,Northern Mockingbird,Jarrod Swackhamer,Creative Commons Attribution-NonCommercial-ShareAlike 4.0,3.5,09:30,https://www.xeno-canto.org/319151,normoc/XC319151.ogg
normoc,[],"['male', 'nocturnal', 'song']",32.5048,-93.7036,Mimus polyglottos,Northern Mockingbird,Terry Davis,Creative Commons Attribution-NonCommercial-ShareAlike 4.0,4.0,01:13,https://www.xeno-canto.org/320709,normoc/XC320709.ogg
normoc,[],"['male', 'nocturnal', 'song']",32.5048,-93.7036,Mimus polyglottos,Northern Mockingbird,Terry Davis,Creative Commons Attribution-NonCommercial-ShareAlike 4.0,4.0,01:15,https://www.xeno-canto.org/320710,normoc/XC320710.ogg
normoc,[],"['male', 'nocturnal', 'song']",32.5048,-93.7036,Mimus polyglottos,Northern Mockingbird,Terry Davis,Creative Commons Attribution-NonCommercial-ShareAlike 4.0,3.5,01:20,https://www.xeno-canto.org/320712,normoc/XC320712.ogg
normoc,[],"['male', 'nocturnal', 'song']",32.5048,-93.7036,Mimus polyglottos,Northern Mockingbird,Terry Davis,Creative Commons Attribution-NonCommercial-ShareAlike 4.0,4.0,01:23,https://www.xeno-canto.org/320713,normoc/XC320713.ogg
normoc,[],"['male', 'nocturnal', 'song']",32.5048,-93.7036,Mimus polyglottos,Northern Mockingbird,Terry Davis,Creative Commons Attribution-NonCommercial-ShareAlike 4.0,4.0,01:29,https://www.xeno-canto.org/320714,normoc/XC320714.ogg
normoc,[],"['male', 'nocturnal', 'song']",32.5048,-93.7036,Mimus polyglottos,Northern Mockingbird,Terry Davis,Creative Commons Attribution-NonCommercial-ShareAlike 4.0,4.0,01:32,https://www.xeno-canto.org/320715,normoc/XC320715.ogg
normoc,[],"['male', 'nocturnal', 'song']",32.5048,-93.7036,Mimus polyglottos,Northern Mockingbird,Terry Davis,Creative Commons Attribution-NonCommercial-ShareAlike 4.0,4.0,01:32,https://www.xeno-canto.org/320716,normoc/XC320716.ogg
normoc,"['houspa', 'norcar']","['male', 'song']",32.5048,-93.7036,Mimus polyglottos,Northern Mockingbird,Terry Davis,Creative Commons Attribution-NonCommercial-ShareAlike 4.0,3.5,06:26,https://www.xeno-canto.org/321590,normoc/XC321590.ogg
normoc,"['houspa', 'norcar']","['call', 'male', 'song']",32.5048,-93.7036,Mimus polyglottos,Northern Mockingbird,Terry Davis,Creative Commons Attribution-NonCommercial-ShareAlike 4.0,3.5,06:27,https://www.xeno-canto.org/321591,normoc/XC321591.ogg
normoc,[],['song'],42.1695,-84.0627,Mimus polyglottos,Northern Mockingbird,Antonio Xeira,Creative Commons Attribution-NonCommercial-ShareAlike 4.0,4.0,09:00,https://www.xeno-canto.org/321640,normoc/XC321640.ogg
normoc,[],['song'],37.0089,-102.7467,Mimus polyglottos,Northern Mockingbird,Sue Riffe,Creative Commons Attribution-NonCommercial-ShareAlike 4.0,5.0,14:54,https://www.xeno-canto.org/321786,normoc/XC321786.ogg
normoc,['wesmea'],['song'],37.0089,-102.7467,Mimus polyglottos,Northern Mockingbird,Sue Riffe,Creative Commons Attribution-NonCommercial-ShareAlike 4.0,4.5,16:39,https://www.xeno-canto.org/321788,normoc/XC321788.ogg
normoc,[],['song'],37.0089,-102.7467,Mimus polyglottos,Northern Mockingbird,Sue Riffe,Creative Commons Attribution-NonCommercial-ShareAlike 4.0,5.0,16:43,https://www.xeno-canto.org/321789,normoc/XC321789.ogg
normoc,[],"['male', 'song']",33.6615,-114.5214,Mimus polyglottos,Northern Mockingbird,Bobby Wilcox,Creative Commons Attribution-NonCommercial-ShareAlike 4.0,3.0,23:00,https://www.xeno-canto.org/321865,normoc/XC321865.ogg
normoc,['moudov'],['song'],31.9437,-109.1371,Mimus polyglottos,Northern Mockingbird,Richard E. Webster,Creative Commons Attribution-NonCommercial-ShareAlike 4.0,4.5,05:39,https://www.xeno-canto.org/321894,normoc/XC321894.ogg
normoc,[],['song'],31.9437,-109.1371,Mimus polyglottos,Northern Mockingbird,Richard E. Webster,Creative Commons Attribution-NonCommercial-ShareAlike 4.0,4.5,06:03,https://www.xeno-canto.org/321897,normoc/XC321897.ogg
normoc,"['moudov', 'normoc']",['song'],31.9437,-109.1371,Mimus polyglottos,Northern Mockingbird,Richard E. Webster,Creative Commons Attribution-NonCommercial-ShareAlike 4.0,4.5,06:09,https://www.xeno-canto.org/321899,normoc/XC321899.ogg
normoc,['normoc'],['song'],31.9437,-109.1371,Mimus polyglottos,Northern Mockingbird,Richard E. Webster,Creative Commons Attribution-NonCommercial-ShareAlike 4.0,4.5,06:19,https://www.xeno-canto.org/321902,normoc/XC321902.ogg
normoc,"['gamqua', 'houfin', 'moudov']",['song'],31.34,-109.273,Mimus polyglottos,Northern Mockingbird,Richard E. Webster,Creative Commons Attribution-NonCommercial-ShareAlike 4.0,4.5,07:37,https://www.xeno-canto.org/321905,normoc/XC321905.ogg
normoc,"['gamqua', 'houfin', 'moudov']",['song'],32.084,-109.051,Mimus polyglottos,Northern Mockingbird,Richard E. Webster,Creative Commons Attribution-NonCommercial-ShareAlike 4.0,4.5,08:32,https://www.xeno-canto.org/321906,normoc/XC321906.ogg
normoc,"['gamqua', 'moudov', 'normoc']",['song'],31.9121,-109.0063,Mimus polyglottos,Northern Mockingbird,Richard E. Webster,Creative Commons Attribution-NonCommercial-ShareAlike 4.0,3.5,05:51,https://www.xeno-canto.org/321908,normoc/XC321908.ogg
normoc,"['gamqua', 'moudov', 'normoc']",['song'],32.084,-109.051,Mimus polyglottos,Northern Mockingbird,Richard E. Webster,Creative Commons Attribution-NonCommercial-ShareAlike 4.0,4.5,07:25,https://www.xeno-canto.org/321913,normoc/XC321913.ogg
normoc,[],['song'],32.084,-109.051,Mimus polyglottos,Northern Mockingbird,Richard E. Webster,Creative Commons Attribution-NonCommercial-ShareAlike 4.0,4.5,07:22,https://www.xeno-canto.org/321914,normoc/XC321914.ogg
normoc,"['houfin', 'moudov']",['song'],32.084,-109.051,Mimus polyglottos,Northern Mockingbird,Richard E. Webster,Creative Commons Attribution-NonCommercial-ShareAlike 4.0,3.5,07:57,https://www.xeno-canto.org/321917,normoc/XC321917.ogg
normoc,"['gamqua', 'houfin', 'moudov', 'normoc']",['song'],32.084,-109.051,Mimus polyglottos,Northern Mockingbird,Richard E. Webster,Creative Commons Attribution-NonCommercial-ShareAlike 4.0,4.5,08:01,https://www.xeno-canto.org/321923,normoc/XC321923.ogg
normoc,"['gamqua', 'houfin', 'moudov', 'normoc']",['song'],32.084,-109.051,Mimus polyglottos,Northern Mockingbird,Richard E. Webster,Creative Commons Attribution-NonCommercial-ShareAlike 4.0,3.5,08:01,https://www.xeno-canto.org/321926,normoc/XC321926.ogg
normoc,"['houfin', 'moudov']",['song'],32.084,-109.051,Mimus polyglottos,Northern Mockingbird,Richard E. Webster,Creative Commons Attribution-NonCommercial-ShareAlike 4.0,4.5,08:37,https://www.xeno-canto.org/321927,normoc/XC321927.ogg
normoc,['gamqua'],['song'],32.084,-109.051,Mimus polyglottos,Northern Mockingbird,Richard E. Webster,Creative Commons Attribution-NonCommercial-ShareAlike 4.0,3.5,07:59,https://www.xeno-canto.org/321930,normoc/XC321930.ogg
normoc,"['gamqua', 'moudov', 'normoc']",['song'],32.084,-109.051,Mimus polyglottos,Northern Mockingbird,Richard E. Webster,Creative Commons Attribution-NonCommercial-ShareAlike 4.0,4.5,08:16,https://www.xeno-canto.org/321931,normoc/XC321931.ogg
normoc,"['gamqua', 'moudov']",['song'],31.34,-109.273,Mimus polyglottos,Northern Mockingbird,Richard E. Webster,Creative Commons Attribution-NonCommercial-ShareAlike 4.0,4.5,07:32,https://www.xeno-canto.org/321932,normoc/XC321932.ogg
normoc,['moudov'],['song'],31.34,-109.273,Mimus polyglottos,Northern Mockingbird,Richard E. Webster,Creative Commons Attribution-NonCommercial-ShareAlike 4.0,3.5,12:07,https://www.xeno-canto.org/321935,normoc/XC321935.ogg
normoc,[],"['call', 'scold']",31.864,-109.047,Mimus polyglottos,Northern Mockingbird,Richard E. Webster,Creative Commons Attribution-NonCommercial-ShareAlike 4.0,4.5,06:42,https://www.xeno-canto.org/321936,normoc/XC321936.ogg
normoc,[],['call while strafing predator'],31.3516,-109.4013,Mimus polyglottos,Northern Mockingbird,Richard E. Webster,Creative Commons Attribution-NonCommercial-ShareAlike 4.0,4.5,14:06,https://www.xeno-canto.org/321937,normoc/XC321937.ogg
normoc,"['gamqua', 'moudov']",['call while strafing predator'],31.864,-109.047,Mimus polyglottos,Northern Mockingbird,Richard E. Webster,Creative Commons Attribution-NonCommercial-ShareAlike 4.0,4.5,06:55,https://www.xeno-canto.org/321938,normoc/XC321938.ogg
normoc,"['gamqua', 'norcar']",['song'],31.34,-109.273,Mimus polyglottos,Northern Mockingbird,Richard E. Webster,Creative Commons Attribution-NonCommercial-ShareAlike 4.0,4.5,10:31,https://www.xeno-canto.org/321941,normoc/XC321941.ogg
normoc,[],['song'],31.34,-109.273,Mimus polyglottos,Northern Mockingbird,Richard E. Webster,Creative Commons Attribution-NonCommercial-ShareAlike 4.0,4.5,10:41,https://www.xeno-canto.org/321942,normoc/XC321942.ogg
normoc,"['gamqua', 'houfin', 'normoc']",['song'],32.084,-109.051,Mimus polyglottos,Northern Mockingbird,Richard E. Webster,Creative Commons Attribution-NonCommercial-ShareAlike 4.0,4.5,09:24,https://www.xeno-canto.org/321943,normoc/XC321943.ogg
normoc,"['houfin', 'moudov']",['song'],31.34,-109.273,Mimus polyglottos,Northern Mockingbird,Richard E. Webster,Creative Commons Attribution-NonCommercial-ShareAlike 4.0,4.5,10:16,https://www.xeno-canto.org/321945,normoc/XC321945.ogg
normoc,[],['song'],23.0382,-82.6066,Mimus polyglottos,Northern Mockingbird,Karl-Heinz Dohlich,Creative Commons Attribution-NonCommercial-ShareAlike 4.0,3.0,09:30,https://www.xeno-canto.org/322013,normoc/XC322013.ogg
normoc,['norcar'],"['male', 'song']",38.7877,-77.2332,Mimus polyglottos,Northern Mockingbird,Bobby Wilcox,Creative Commons Attribution-NonCommercial-ShareAlike 4.0,2.5,06:00,https://www.xeno-canto.org/322014,normoc/XC322014.ogg
normoc,[],['call'],35.1084,-80.9483,Mimus polyglottos,Northern Mockingbird,Bernard BOUSQUET,Creative Commons Attribution-NonCommercial-ShareAlike 4.0,4.0,09:00,https://www.xeno-canto.org/324696,normoc/XC324696.ogg
normoc,[],['alarm call'],40.8881,-73.5851,Mimus polyglottos,Northern Mockingbird,Albert Lastukhin & Max Lastukhin ,Creative Commons Attribution-NonCommercial-ShareAlike 4.0,3.0,15:00,https://www.xeno-canto.org/325705,normoc/XC325705.ogg
normoc,[],['song'],18.1957,-98.2437,Mimus polyglottos,Northern Mockingbird,Manuel Grosselet,Creative Commons Attribution-NonCommercial-ShareAlike 4.0,4.0,09:00,https://www.xeno-canto.org/327729,normoc/XC327729.ogg
normoc,['houspa'],"['call', 'song']",40.8567,-105.0927,Mimus polyglottos,Northern Mockingbird,Nick Komar,Creative Commons Attribution-NonCommercial-ShareAlike 4.0,2.5,13:00,https://www.xeno-canto.org/329540,normoc/XC329540.ogg
normoc,[],['call'],28.229,-80.813,Mimus polyglottos,Northern Mockingbird,Paul Marvin,Creative Commons Attribution-NonCommercial-ShareAlike 4.0,4.0,10:12,https://www.xeno-canto.org/333422,normoc/XC333422.ogg
normoc,[],['song'],38.8783,-77.0687,Mimus polyglottos,Northern Mockingbird,machyjakub,Creative Commons Attribution-NonCommercial-ShareAlike 4.0,5.0,11:30,https://www.xeno-canto.org/334320,normoc/XC334320.ogg
normoc,[],['call'],49.2936,-123.1414,Mimus polyglottos,Northern Mockingbird,Gavin Anstee,Creative Commons Attribution-NonCommercial-ShareAlike 4.0,2.0,17:30,https://www.xeno-canto.org/334897,normoc/XC334897.ogg
normoc,[],['song'],26.1218,-80.221,Mimus polyglottos,Northern Mockingbird,Stephanie Gansert,Creative Commons Attribution-NonCommercial-ShareAlike 4.0,3.0,14:30,https://www.xeno-canto.org/336743,normoc/XC336743.ogg
normoc,[],['song'],35.7645,-78.6445,Mimus polyglottos,Northern Mockingbird,theroamingfro,Creative Commons Attribution-NonCommercial-ShareAlike 4.0,3.0,11:30,https://www.xeno-canto.org/339724,normoc/XC339724.ogg
normoc,[],['song'],29.8406,-81.2712,Mimus polyglottos,Northern Mockingbird,Sue Riffe,Creative Commons Attribution-NonCommercial-ShareAlike 4.0,4.5,06:42,https://www.xeno-canto.org/343928,normoc/XC343928.ogg
normoc,[],['song'],29.8406,-81.2712,Mimus polyglottos,Northern Mockingbird,Sue Riffe,Creative Commons Attribution-NonCommercial-ShareAlike 4.0,3.5,06:44,https://www.xeno-canto.org/343929,normoc/XC343929.ogg
normoc,['houspa'],"['alarm call', 'call', 'scolding call']",33.3769,-111.9415,Mimus polyglottos,Northern Mockingbird,Ryan P. O'Donnell,Creative Commons Attribution-NonCommercial-ShareAlike 4.0,4.5,09:00,https://www.xeno-canto.org/345779,normoc/XC345779.ogg
normoc,[],['call'],31.5633,-109.716,Mimus polyglottos,Northern Mockingbird,Antonio Xeira,Creative Commons Attribution-NonCommercial-ShareAlike 4.0,5.0,13:30,https://www.xeno-canto.org/346465,normoc/XC346465.ogg
normoc,[],['call'],33.5014,-111.969,Mimus polyglottos,Northern Mockingbird,Antonio Xeira,Creative Commons Attribution-NonCommercial-ShareAlike 4.0,3.0,12:00,https://www.xeno-canto.org/347189,normoc/XC347189.ogg
normoc,[],['alarm call'],45.5084,-73.5259,Mimus polyglottos,Northern Mockingbird,Maxime Aubert,Creative Commons Attribution-NonCommercial-ShareAlike 4.0,3.0,09:00,https://www.xeno-canto.org/347624,normoc/XC347624.ogg
normoc,[],['song'],29.727,-114.717,Mimus polyglottos,Northern Mockingbird,Richard E. Webster,Creative Commons Attribution-NonCommercial-ShareAlike 4.0,3.5,15:00,https://www.xeno-canto.org/348438,normoc/XC348438.ogg
normoc,"['houfin', 'wesmea']",['song'],30.973,-116.093,Mimus polyglottos,Northern Mockingbird,Richard E. Webster,Creative Commons Attribution-NonCommercial-ShareAlike 4.0,2.5,13:00,https://www.xeno-canto.org/348439,normoc/XC348439.ogg
normoc,"['calqua', 'normoc']",['song'],32.7132,-117.242,Mimus polyglottos,Northern Mockingbird,Richard E. Webster,Creative Commons Attribution-NonCommercial-ShareAlike 4.0,4.5,07:50,https://www.xeno-canto.org/351829,normoc/XC351829.ogg
normoc,"['calqua', 'moudov', 'normoc']",['song'],32.7132,-117.242,Mimus polyglottos,Northern Mockingbird,Richard E. Webster,Creative Commons Attribution-NonCommercial-ShareAlike 4.0,4.5,08:00,https://www.xeno-canto.org/351830,normoc/XC351830.ogg
normoc,['normoc'],['song'],32.7132,-117.242,Mimus polyglottos,Northern Mockingbird,Richard E. Webster,Creative Commons Attribution-NonCommercial-ShareAlike 4.0,4.5,?,https://www.xeno-canto.org/351831,normoc/XC351831.ogg
normoc,[],['song'],32.7132,-117.242,Mimus polyglottos,Northern Mockingbird,Richard E. Webster,Creative Commons Attribution-NonCommercial-ShareAlike 4.0,3.5,05:45,https://www.xeno-canto.org/351833,normoc/XC351833.ogg
normoc,"['houfin', 'houspa', 'norcar']",['song'],27.0149,-108.9351,Mimus polyglottos,Northern Mockingbird,Richard E. Webster,Creative Commons Attribution-NonCommercial-ShareAlike 4.0,2.5,14:45,https://www.xeno-canto.org/353062,normoc/XC353062.ogg
normoc,[],['song'],27.0303,-109.0146,Mimus polyglottos,Northern Mockingbird,Richard E. Webster,Creative Commons Attribution-NonCommercial-ShareAlike 4.0,3.5,07:27,https://www.xeno-canto.org/353065,normoc/XC353065.ogg
normoc,['houspa'],['call'],27.0149,-108.9351,Mimus polyglottos,Northern Mockingbird,Richard E. Webster,Creative Commons Attribution-NonCommercial-ShareAlike 4.0,3.5,06:31,https://www.xeno-canto.org/353067,normoc/XC353067.ogg
normoc,['norcar'],['song'],27.667,-81.3566,Mimus polyglottos,Northern Mockingbird,Patrick Blake,Creative Commons Attribution-NonCommercial-ShareAlike 4.0,3.5,11:00,https://www.xeno-canto.org/355513,normoc/XC355513.ogg
normoc,[],['song'],38.1943,-122.3154,Mimus polyglottos,Northern Mockingbird,Jim Holmes,Creative Commons Attribution-NonCommercial-ShareAlike 4.0,5.0,07:00,https://www.xeno-canto.org/357031,normoc/XC357031.ogg
normoc,[],['song'],32.9694,-115.5552,Mimus polyglottos,Northern Mockingbird,Thomas G. Graves,Creative Commons Attribution-NonCommercial-ShareAlike 4.0,0.5,07:12,https://www.xeno-canto.org/357813,normoc/XC357813.ogg
normoc,['gamqua'],"['call', 'song']",32.9694,-115.5552,Mimus polyglottos,Northern Mockingbird,Thomas G. Graves,Creative Commons Attribution-NonCommercial-ShareAlike 4.0,3.5,7:54,https://www.xeno-canto.org/357935,normoc/XC357935.ogg
normoc,[],"['call', 'song']",32.9694,-115.5552,Mimus polyglottos,Northern Mockingbird,Thomas G. Graves,Creative Commons Attribution-NonCommercial-ShareAlike 4.0,4.5,8:05,https://www.xeno-canto.org/357943,normoc/XC357943.ogg
normoc,[],"['male', 'song']",18.0369,-77.9332,Mimus polyglottos,Northern Mockingbird,Kiirsti,Creative Commons Attribution-NonCommercial-ShareAlike 4.0,3.5,08:30,https://www.xeno-canto.org/362788,normoc/XC362788.ogg
normoc,[],['song'],35.8174,-78.7193,Mimus polyglottos,Northern Mockingbird,Brian Murphy,Creative Commons Attribution-NonCommercial-ShareAlike 4.0,5.0,12:00,https://www.xeno-canto.org/364588,normoc/XC364588.ogg
normoc,[],"['song', 'wind']",25.7581,-98.7098,Mimus polyglottos,Northern Mockingbird,Manuel Grosselet,Creative Commons Attribution-NonCommercial-ShareAlike 4.0,1.5,10:30,https://www.xeno-canto.org/364704,normoc/XC364704.ogg
normoc,['houspa'],['song'],35.5621,-97.6129,Mimus polyglottos,Northern Mockingbird,Jack Hurd,Creative Commons Attribution-NonCommercial-ShareAlike 4.0,3.5,10:00,https://www.xeno-canto.org/368217,normoc/XC368217.ogg
normoc,[],['song'],19.332,-81.3763,Mimus polyglottos,Northern Mockingbird,Craig Brookes,Creative Commons Attribution-NonCommercial-ShareAlike 4.0,3.5,07:00,https://www.xeno-canto.org/369853,normoc/XC369853.ogg
normoc,[],"['begging call', 'call', 'juvenile']",27.5987,-81.513,Mimus polyglottos,Northern Mockingbird,Patrick Blake,Creative Commons Attribution-NonCommercial-ShareAlike 4.0,3.5,14:00,https://www.xeno-canto.org/370896,normoc/XC370896.ogg
normoc,[],['song'],25.7581,-98.7098,Mimus polyglottos,Northern Mockingbird,Manuel Grosselet,Creative Commons Attribution-NonCommercial-ShareAlike 4.0,4.0,08:00,https://www.xeno-canto.org/370950,normoc/XC370950.ogg
normoc,[],['song'],25.7581,-98.7098,Mimus polyglottos,Northern Mockingbird,Manuel Grosselet,Creative Commons Attribution-NonCommercial-ShareAlike 4.0,5.0,12:00,https://www.xeno-canto.org/371094,normoc/XC371094.ogg
normoc,[],['call'],25.7581,-98.7098,Mimus polyglottos,Northern Mockingbird,Manuel Grosselet,Creative Commons Attribution-NonCommercial-ShareAlike 4.0,4.0,14:00,https://www.xeno-canto.org/371789,normoc/XC371789.ogg
normoc,[],['song'],25.7581,-98.7098,Mimus polyglottos,Northern Mockingbird,Manuel Grosselet,Creative Commons Attribution-NonCommercial-ShareAlike 4.0,5.0,07:30,https://www.xeno-canto.org/371812,normoc/XC371812.ogg
normoc,[],['call'],38.0642,-103.68,Mimus polyglottos,Northern Mockingbird,Matt Wistrand,Creative Commons Attribution-NonCommercial-ShareAlike 4.0,5.0,13:18,https://www.xeno-canto.org/374601,normoc/XC374601.ogg
normoc,[],['song'],35.2736,-120.6475,Mimus polyglottos,Northern Mockingbird,Thomas G. Graves,Creative Commons Attribution-NonCommercial-ShareAlike 4.0,4.5,18:00,https://www.xeno-canto.org/376174,normoc/XC376174.ogg
normoc,[],"['begging call', 'call']",28.2267,-80.7645,Mimus polyglottos,Northern Mockingbird,Paul Marvin,Creative Commons Attribution-NonCommercial-ShareAlike 4.0,3.5,08:02,https://www.xeno-canto.org/378741,normoc/XC378741.ogg
normoc,[],['song'],18.1713,-76.4496,Mimus polyglottos,Northern Mockingbird,Barry Edmonston,Creative Commons Attribution-NonCommercial-ShareAlike 4.0,3.0,08:30,https://www.xeno-canto.org/379743,normoc/XC379743.ogg
normoc,[],['song'],25.7581,-98.7098,Mimus polyglottos,Northern Mockingbird,Manuel Grosselet,Creative Commons Attribution-NonCommercial-ShareAlike 4.0,2.0,06:30,https://www.xeno-canto.org/381114,normoc/XC381114.ogg
normoc,[],['call'],40.8923,-73.3742,Mimus polyglottos,Northern Mockingbird,Ted Floyd,Creative Commons Attribution-NonCommercial-ShareAlike 4.0,4.0,10:26,https://www.xeno-canto.org/381876,normoc/XC381876.ogg
normoc,[],['song'],25.7581,-98.7098,Mimus polyglottos,Northern Mockingbird,Manuel Grosselet,Creative Commons Attribution-NonCommercial-ShareAlike 4.0,4.0,09:30,https://www.xeno-canto.org/382041,normoc/XC382041.ogg
normoc,[],['song'],25.7581,-98.7098,Mimus polyglottos,Northern Mockingbird,Manuel Grosselet,Creative Commons Attribution-NonCommercial-ShareAlike 4.0,0.5,07:00,https://www.xeno-canto.org/382048,normoc/XC382048.ogg
normoc,[],['song'],28.2592,-105.4862,Mimus polyglottos,Northern Mockingbird,fernando mondaca fernandez,Creative Commons Attribution-NonCommercial-ShareAlike 4.0,3.0,08:30,https://www.xeno-canto.org/384059,normoc/XC384059.ogg
normoc,[],['song'],28.7571,-106.073,Mimus polyglottos,Northern Mockingbird,fernando mondaca fernandez,Creative Commons Attribution-NonCommercial-ShareAlike 4.0,3.0,08:30,https://www.xeno-canto.org/384061,normoc/XC384061.ogg
normoc,[],['song'],46.5831,-70.0697,Mimus polyglottos,Northern Mockingbird,Martin St-Michel,Creative Commons Attribution-NonCommercial-ShareAlike 4.0,4.5,05:58,https://www.xeno-canto.org/389087,normoc/XC389087.ogg
normoc,[],['song'],46.5831,-70.0697,Mimus polyglottos,Northern Mockingbird,Martin St-Michel,Creative Commons Attribution-NonCommercial-ShareAlike 4.0,4.5,06:11,https://www.xeno-canto.org/389088,normoc/XC389088.ogg
normoc,[],['song'],46.5831,-70.0697,Mimus polyglottos,Northern Mockingbird,Martin St-Michel,Creative Commons Attribution-NonCommercial-ShareAlike 4.0,4.5,06:19,https://www.xeno-canto.org/389089,normoc/XC389089.ogg
normoc,[],"['General ""sea shell"" whoosh and surrounding suburban noise.', 'call']",38.5802,-121.4186,Mimus polyglottos,Northern Mockingbird,Dan Kopp,Creative Commons Attribution-NonCommercial-ShareAlike 4.0,2.5,18:25,https://www.xeno-canto.org/389577,normoc/XC389577.ogg
normoc,['houspa'],['song'],33.3845,-111.8762,Mimus polyglottos,Northern Mockingbird,Nick Komar,Creative Commons Attribution-NonCommercial-ShareAlike 4.0,3.5,16:50,https://www.xeno-canto.org/389598,normoc/XC389598.ogg
normoc,[],['begging call'],40.9321,-73.1453,Mimus polyglottos,Northern Mockingbird,AV_1099,Creative Commons Attribution-NonCommercial-ShareAlike 4.0,3.5,09:30,https://www.xeno-canto.org/391464,normoc/XC391464.ogg
normoc,[],"['call', 'mimicry', 'song']",40.7951,-74.0509,Mimus polyglottos,Northern Mockingbird,Dominic Garcia-Hall,Creative Commons Attribution-NonCommercial-ShareAlike 4.0,5.0,11:00,https://www.xeno-canto.org/394057,normoc/XC394057.ogg
normoc,[],"['alarm call', 'call', 'nestling call']",40.7457,-74.0235,Mimus polyglottos,Northern Mockingbird,Dominic Garcia-Hall,Creative Commons Attribution-NonCommercial-ShareAlike 4.0,5.0,09:30,https://www.xeno-canto.org/397709,normoc/XC397709.ogg
normoc,[],['song'],38.5679,-121.7639,Mimus polyglottos,Northern Mockingbird,Steve Hampton,Creative Commons Attribution-NonCommercial-ShareAlike 4.0,4.5,09:00,https://www.xeno-canto.org/406012,normoc/XC406012.ogg
normoc,[],['song'],28.4634,-80.8343,Mimus polyglottos,Northern Mockingbird,Paul Marvin,Creative Commons Attribution-NonCommercial-ShareAlike 4.0,4.5,06:48,https://www.xeno-canto.org/413128,normoc/XC413128.ogg
normoc,[],['song'],33.7542,-118.3629,Mimus polyglottos,Northern Mockingbird,Thomas G. Graves,Creative Commons Attribution-NonCommercial-ShareAlike 4.0,3.5,7:37,https://www.xeno-canto.org/413997,normoc/XC413997.ogg
normoc,[],['song'],36.7152,-114.7146,Mimus polyglottos,Northern Mockingbird,Bobby Wilcox,Creative Commons Attribution-NonCommercial-ShareAlike 4.0,4.5,09:00,https://www.xeno-canto.org/416049,normoc/XC416049.ogg
normoc,[],['song'],39.4733,-77.4345,Mimus polyglottos,Northern Mockingbird,Andy Wilson,Creative Commons Attribution-NonCommercial-ShareAlike 4.0,4.0,00:43,https://www.xeno-canto.org/416895,normoc/XC416895.ogg
normoc,[],['song'],38.4638,-114.706,Mimus polyglottos,Northern Mockingbird,Bobby Wilcox,Creative Commons Attribution-NonCommercial-ShareAlike 4.0,3.5,09:00,https://www.xeno-canto.org/418055,normoc/XC418055.ogg
normoc,[],['call'],36.4387,-115.359,Mimus polyglottos,Northern Mockingbird,Bobby Wilcox,Creative Commons Attribution-NonCommercial-ShareAlike 4.0,4.0,08:00,https://www.xeno-canto.org/418232,normoc/XC418232.ogg
normoc,[],"['male', 'song']",39.5696,-119.6918,Mimus polyglottos,Northern Mockingbird,Bobby Wilcox,Creative Commons Attribution-NonCommercial-ShareAlike 4.0,3.5,11:30,https://www.xeno-canto.org/418516,normoc/XC418516.ogg
normoc,[],['song'],43.283,-79.9073,Mimus polyglottos,Northern Mockingbird,David Welch,Creative Commons Attribution-NonCommercial-ShareAlike 4.0,4.0,12:30,https://www.xeno-canto.org/420104,normoc/XC420104.ogg
normoc,[],['song'],40.8051,-72.7609,Mimus polyglottos,Northern Mockingbird,Matthew Vee,Creative Commons Attribution-NonCommercial-ShareAlike 4.0,5.0,00:30,https://www.xeno-canto.org/423438,normoc/XC423438.ogg
normoc,[],['call'],37.8152,-122.1311,Mimus polyglottos,Northern Mockingbird,Denise Wight,Creative Commons Attribution-NonCommercial-ShareAlike 4.0,4.0,11:00,https://www.xeno-canto.org/424208,normoc/XC424208.ogg
normoc,[],['song'],37.6571,-104.238,Mimus polyglottos,Northern Mockingbird,Sue Riffe,Creative Commons Attribution-NonCommercial-ShareAlike 4.0,3.5,20:18,https://www.xeno-canto.org/424766,normoc/XC424766.ogg
normoc,['wesmea'],['song'],37.629,-104.3157,Mimus polyglottos,Northern Mockingbird,Sue Riffe,Creative Commons Attribution-NonCommercial-ShareAlike 4.0,3.5,05:15,https://www.xeno-canto.org/424768,normoc/XC424768.ogg
normoc,[],"['Red-eyed Vireo mimicry', 'call']",40.1362,-75.2178,Mimus polyglottos,Northern Mockingbird,Paul Driver,Creative Commons Attribution-NonCommercial-ShareAlike 4.0,0.0,09:00,https://www.xeno-canto.org/430570,normoc/XC430570.ogg
normoc,[],['song'],42.758,-70.801,Mimus polyglottos,Northern Mockingbird,Phil Brown,Creative Commons Attribution-NonCommercial-ShareAlike 4.0,4.5,10:30,https://www.xeno-canto.org/433083,normoc/XC433083.ogg
normoc,[],['song'],17.0039,-96.5573,Mimus polyglottos,Northern Mockingbird,Omar Suárez García,Creative Commons Attribution-NonCommercial-ShareAlike 4.0,5.0,11:00,https://www.xeno-canto.org/435872,normoc/XC435872.ogg
normoc,[],['call'],33.9401,-118.1332,Mimus polyglottos,Northern Mockingbird,Ted Floyd,Creative Commons Attribution-NonCommercial-ShareAlike 4.0,3.5,07:06,https://www.xeno-canto.org/436354,normoc/XC436354.ogg
normoc,[],['song'],33.9401,-118.1332,Mimus polyglottos,Northern Mockingbird,Ted Floyd,Creative Commons Attribution-NonCommercial-ShareAlike 4.0,4.0,07:29,https://www.xeno-canto.org/436355,normoc/XC436355.ogg
normoc,[],['call'],38.5633,-121.4447,Mimus polyglottos,Northern Mockingbird,Ed Pandolfino,Creative Commons Attribution-NonCommercial-ShareAlike 4.0,3.0,10:00,https://www.xeno-canto.org/443021,normoc/XC443021.ogg
normoc,[],['song'],31.862,-116.6141,Mimus polyglottos,Northern Mockingbird,Antonio Maldonado,Creative Commons Attribution-NonCommercial-ShareAlike 4.0,3.0,10:00,https://www.xeno-canto.org/444725,normoc/XC444725.ogg
normoc,['houfin'],['song'],27.0149,-108.9351,Mimus polyglottos,Northern Mockingbird,Richard E. Webster,Creative Commons Attribution-NonCommercial-ShareAlike 4.0,3.5,15:26,https://www.xeno-canto.org/446623,normoc/XC446623.ogg
normoc,[],['call'],32.6442,-117.0199,Mimus polyglottos,Northern Mockingbird,Paul Marvin,Creative Commons Attribution-NonCommercial-ShareAlike 4.0,5.0,16:23,https://www.xeno-canto.org/448812,normoc/XC448812.ogg
normoc,[],['call'],32.686,-117.243,Mimus polyglottos,Northern Mockingbird,Paul Marvin,Creative Commons Attribution-NonCommercial-ShareAlike 4.0,4.0,07:27,https://www.xeno-canto.org/449503,normoc/XC449503.ogg
normoc,[],['call'],38.4735,-122.8903,Mimus polyglottos,Northern Mockingbird,Teresa and Miles Tuffli,Creative Commons Attribution-NonCommercial-ShareAlike 4.0,3.0,14:00,https://www.xeno-canto.org/450242,normoc/XC450242.ogg
normoc,[],['call'],28.229,-80.813,Mimus polyglottos,Northern Mockingbird,Paul Marvin,Creative Commons Attribution-NonCommercial-ShareAlike 4.0,3.5,07:18,https://www.xeno-canto.org/451867,normoc/XC451867.ogg
normoc,[],['call'],26.1253,-97.9532,Mimus polyglottos,Northern Mockingbird,Paul Marvin,Creative Commons Attribution-NonCommercial-ShareAlike 4.0,4.0,08:48,https://www.xeno-canto.org/452772,normoc/XC452772.ogg
normoc,[],['call'],26.0241,-97.4098,Mimus polyglottos,Northern Mockingbird,Paul Marvin,Creative Commons Attribution-NonCommercial-ShareAlike 4.0,5.0,06:40,https://www.xeno-canto.org/453028,normoc/XC453028.ogg
normoc,"['houfin', 'houspa']",['song'],23.4798,-109.7196,Mimus polyglottos,Northern Mockingbird,Richard E. Webster,Creative Commons Attribution-NonCommercial-ShareAlike 4.0,3.5,08:01,https://www.xeno-canto.org/466171,normoc/XC466171.ogg
normoc,['normoc'],['call'],23.3481,-110.1592,Mimus polyglottos,Northern Mockingbird,Richard E. Webster,Creative Commons Attribution-NonCommercial-ShareAlike 4.0,4.5,15:53,https://www.xeno-canto.org/466172,normoc/XC466172.ogg
normoc,['norcar'],['call'],23.6503,-109.9234,Mimus polyglottos,Northern Mockingbird,Richard E. Webster,Creative Commons Attribution-NonCommercial-ShareAlike 4.0,4.5,08:28,https://www.xeno-canto.org/466173,normoc/XC466173.ogg
normoc,[],"['call', 'song']",23.3481,-110.1592,Mimus polyglottos,Northern Mockingbird,Richard E. Webster,Creative Commons Attribution-NonCommercial-ShareAlike 4.0,3.5,06:17,https://www.xeno-canto.org/466175,normoc/XC466175.ogg
normoc,[],"['call', 'call & response']",40.4533,-79.9861,Mimus polyglottos,Northern Mockingbird,Larry Simms,Creative Commons Attribution-NonCommercial-ShareAlike 4.0,5.0,02:00,https://www.xeno-canto.org/468619,normoc/XC468619.ogg
normoc,[],['song'],33.5306,-111.939,Mimus polyglottos,Northern Mockingbird,Barry Edmonston,Creative Commons Attribution-NonCommercial-ShareAlike 4.0,5.0,07:30,https://www.xeno-canto.org/469351,normoc/XC469351.ogg
normoc,[],['song'],34.5558,-114.3982,Mimus polyglottos,Northern Mockingbird,Rolf A. de By,Creative Commons Attribution-NonCommercial-ShareAlike 4.0,5.0,16:00,https://www.xeno-canto.org/469896,normoc/XC469896.ogg
normoc,['moudov'],['song'],32.1863,-110.8183,Mimus polyglottos,Northern Mockingbird,Pat Goltz,Creative Commons Attribution-NonCommercial-ShareAlike 4.0,0.0,12:30,https://www.xeno-canto.org/470300,normoc/XC470300.ogg
normoc,[],['song'],30.415,-91.179,Mimus polyglottos,Northern Mockingbird,Matthew L. Brady,Creative Commons Attribution-NonCommercial-ShareAlike 4.0,5.0,09:00,https://www.xeno-canto.org/477371,normoc/XC477371.ogg
normoc,[],['call'],32.6442,-117.0199,Mimus polyglottos,Northern Mockingbird,Paul Marvin,Creative Commons Attribution-NonCommercial-ShareAlike 4.0,5.0,07:45,https://www.xeno-canto.org/482522,normoc/XC482522.ogg
normoc,[],['call'],32.6442,-117.0199,Mimus polyglottos,Northern Mockingbird,Paul Marvin,Creative Commons Attribution-NonCommercial-ShareAlike 4.0,4.5,07:54,https://www.xeno-canto.org/482523,normoc/XC482523.ogg
normoc,['houfin'],['call'],32.6442,-117.0199,Mimus polyglottos,Northern Mockingbird,Paul Marvin,Creative Commons Attribution-NonCommercial-ShareAlike 4.0,4.5,09:52,https://www.xeno-canto.org/482525,normoc/XC482525.ogg
normoc,[],['song'],35.9919,-87.1441,Mimus polyglottos,Northern Mockingbird,Brian Hendrix,Creative Commons Attribution-NonCommercial-ShareAlike 4.0,4.0,12:00,https://www.xeno-canto.org/483855,normoc/XC483855.ogg
normoc,[],['call'],40.4746,-74.5266,Mimus polyglottos,Northern Mockingbird,William Whitehead,Creative Commons Attribution-NonCommercial-ShareAlike 4.0,5.0,09:00,https://www.xeno-canto.org/488965,normoc/XC488965.ogg
normoc,[],['song'],31.6721,-110.9449,Mimus polyglottos,Northern Mockingbird,Phoenix Birder,Creative Commons Attribution-NonCommercial-ShareAlike 4.0,5.0,13:00,https://www.xeno-canto.org/489315,normoc/XC489315.ogg
normoc,['houspa'],"['female', 'song']",25.7324,-109.0271,Mimus polyglottos,Northern Mockingbird,Manuel Grosselet,Creative Commons Attribution-NonCommercial-ShareAlike 4.0,3.5,07:00,https://www.xeno-canto.org/489745,normoc/XC489745.ogg
normoc,[],['song'],25.7324,-109.0271,Mimus polyglottos,Northern Mockingbird,Manuel Grosselet,Creative Commons Attribution-NonCommercial-ShareAlike 4.0,3.5,06:30,https://www.xeno-canto.org/490219,normoc/XC490219.ogg
normoc,['houspa'],['song'],25.7324,-109.0271,Mimus polyglottos,Northern Mockingbird,Manuel Grosselet,Creative Commons Attribution-NonCommercial-ShareAlike 4.0,4.5,07:00,https://www.xeno-canto.org/490227,normoc/XC490227.ogg
normoc,[],['song'],25.7324,-109.0271,Mimus polyglottos,Northern Mockingbird,Isain Contreras Rodríguez,Creative Commons Attribution-NonCommercial-ShareAlike 4.0,3.5,07:30,https://www.xeno-canto.org/490762,normoc/XC490762.ogg
normoc,[],"['alarm call', 'call', 'flight call']",25.7324,-109.0271,Mimus polyglottos,Northern Mockingbird,Isain Contreras Rodríguez,Creative Commons Attribution-NonCommercial-ShareAlike 4.0,4.0,07:30,https://www.xeno-canto.org/492305,normoc/XC492305.ogg
normoc,[],['call'],31.7751,-110.7184,Mimus polyglottos,Northern Mockingbird,Paul Marvin,Creative Commons Attribution-NonCommercial-ShareAlike 4.0,3.5,10:19,https://www.xeno-canto.org/493654,normoc/XC493654.ogg
normoc,[],['call'],31.7751,-110.7184,Mimus polyglottos,Northern Mockingbird,Paul Marvin,Creative Commons Attribution-NonCommercial-ShareAlike 4.0,3.5,10:12,https://www.xeno-canto.org/493656,normoc/XC493656.ogg
normoc,[],['call'],25.7324,-109.0271,Mimus polyglottos,Northern Mockingbird,Isain Contreras Rodríguez,Creative Commons Attribution-NonCommercial-ShareAlike 4.0,4.0,07:30,https://www.xeno-canto.org/494107,normoc/XC494107.ogg
normoc,[],['alarm call'],23.0222,-82.2261,Mimus polyglottos,Northern Mockingbird,JL Guerra,Creative Commons Attribution-NonCommercial-ShareAlike 4.0,5.0,18:15,https://www.xeno-canto.org/498056,normoc/XC498056.ogg
normoc,"['houfin', 'houspa']",['song'],27.0149,-108.9351,Mimus polyglottos,Northern Mockingbird,Richard E. Webster,Creative Commons Attribution-NonCommercial-ShareAlike 4.0,3.5,06:09,https://www.xeno-canto.org/499168,normoc/XC499168.ogg
normoc,"['houfin', 'houspa']",['song'],27.0149,-108.9351,Mimus polyglottos,Northern Mockingbird,Richard E. Webster,Creative Commons Attribution-NonCommercial-ShareAlike 4.0,3.5,05:34,https://www.xeno-canto.org/499169,normoc/XC499169.ogg
normoc,[],['song'],32.9655,-97.0196,Mimus polyglottos,Northern Mockingbird,ARUN PRABHU,Creative Commons Attribution-NonCommercial-ShareAlike 4.0,0.0,17:30,https://www.xeno-canto.org/499260,normoc/XC499260.ogg
normoc,[],['call'],31.403,-110.2577,Mimus polyglottos,Northern Mockingbird,Paul Marvin,Creative Commons Attribution-NonCommercial-ShareAlike 4.0,4.5,08:09,https://www.xeno-canto.org/501837,normoc/XC501837.ogg
normoc,[],['song'],23.0222,-82.2261,Mimus polyglottos,Northern Mockingbird,JL Guerra,Creative Commons Attribution-NonCommercial-ShareAlike 4.0,3.5,09:23,https://www.xeno-canto.org/502061,normoc/XC502061.ogg
normoc,[],['alarm call'],40.451,-73.996,Mimus polyglottos,Northern Mockingbird,William Whitehead,Creative Commons Attribution-NonCommercial-ShareAlike 4.0,5.0,08:00,https://www.xeno-canto.org/503060,normoc/XC503060.ogg
normoc,['houspa'],"['adult', 'male', 'mimicry/imitation', 'song']",27.0149,-108.9351,Mimus polyglottos,Northern Mockingbird,Richard E. Webster,Creative Commons Attribution-NonCommercial-ShareAlike 4.0,3.5,07:06,https://www.xeno-canto.org/503811,normoc/XC503811.ogg
normoc,"['houfin', 'houspa']","['adult', 'male', 'mimicry/imitation', 'song']",27.0149,-108.9351,Mimus polyglottos,Northern Mockingbird,Richard E. Webster,Creative Commons Attribution-NonCommercial-ShareAlike 4.0,3.5,06:01,https://www.xeno-canto.org/503814,normoc/XC503814.ogg
normoc,[],"['adult', 'male', 'mimicry/imitation', 'song']",27.0149,-108.9351,Mimus polyglottos,Northern Mockingbird,Richard E. Webster,Creative Commons Attribution-NonCommercial-ShareAlike 4.0,4.5,17:21,https://www.xeno-canto.org/503815,normoc/XC503815.ogg
normoc,[],"['adult', 'sex uncertain', 'song']",26.1906,-97.6961,Mimus polyglottos,Northern Mockingbird,Ted Floyd,Creative Commons Attribution-NonCommercial-ShareAlike 4.0,5.0,09:06,https://www.xeno-canto.org/505947,normoc/XC505947.ogg
normoc,[],"['Tew', 'alarm call']",40.451,-73.996,Mimus polyglottos,Northern Mockingbird,William Whitehead,Creative Commons Attribution-NonCommercial-ShareAlike 4.0,4.0,08:00,https://www.xeno-canto.org/506994,normoc/XC506994.ogg
normoc,[],"['Chewt', 'alarm call']",40.451,-73.996,Mimus polyglottos,Northern Mockingbird,William Whitehead,Creative Commons Attribution-NonCommercial-ShareAlike 4.0,4.0,08:00,https://www.xeno-canto.org/506996,normoc/XC506996.ogg
normoc,[],"['Chewt', 'alarm call']",40.451,-73.996,Mimus polyglottos,Northern Mockingbird,William Whitehead,Creative Commons Attribution-NonCommercial-ShareAlike 4.0,5.0,08:00,https://www.xeno-canto.org/509281,normoc/XC509281.ogg
normoc,[],['song'],40.1647,-119.1355,Mimus polyglottos,Northern Mockingbird,Bobby Wilcox,Creative Commons Attribution-NonCommercial-ShareAlike 4.0,4.0,08:30,https://www.xeno-canto.org/510815,normoc/XC510815.ogg
normoc,[],['song'],31.6781,-111.5235,Mimus polyglottos,Northern Mockingbird,Bobby Wilcox,Creative Commons Attribution-NonCommercial-ShareAlike 4.0,4.0,09:00,https://www.xeno-canto.org/511065,normoc/XC511065.ogg
normoc,['cangoo'],"['adult', 'call', 'sex uncertain']",33.3634,-111.7341,Mimus polyglottos,Northern Mockingbird,Phoenix Birder,Creative Commons Attribution-NonCommercial-ShareAlike 4.0,4.5,08:39,https://www.xeno-canto.org/511451,normoc/XC511451.ogg
normoc,['houspa'],['song'],27.0149,-108.9351,Mimus polyglottos,Northern Mockingbird,Richard E. Webster,Creative Commons Attribution-NonCommercial-ShareAlike 4.0,3.5,07:14,https://www.xeno-canto.org/512349,normoc/XC512349.ogg
normoc,[],"['adult', 'sex uncertain', 'song']",25.6036,-109.0521,Mimus polyglottos,Northern Mockingbird,Isain Contreras Rodríguez,Creative Commons Attribution-NonCommercial-ShareAlike 4.0,5.0,07:00,https://www.xeno-canto.org/530770,normoc/XC530770.ogg
normoc,[],['song'],37.7444,-122.205,Mimus polyglottos,Northern Mockingbird,Denise Wight,Creative Commons Attribution-NonCommercial-ShareAlike 4.0,4.0,14:30,https://www.xeno-canto.org/532773,normoc/XC532773.ogg
normoc,"['calqua', 'houfin', 'wesmea']",['song'],32.6675,-116.9268,Mimus polyglottos,Northern Mockingbird,Paul Marvin,Creative Commons Attribution-NonCommercial-ShareAlike 4.0,4.5,08:49,https://www.xeno-canto.org/534181,normoc/XC534181.ogg
normoc,[],['song'],25.6602,-109.0033,Mimus polyglottos,Northern Mockingbird,Isain Contreras Rodríguez,Creative Commons Attribution-NonCommercial-ShareAlike 4.0,4.5,08:30,https://www.xeno-canto.org/534762,normoc/XC534762.ogg
normoc,[],"['life stage uncertain', 'sex uncertain', 'song']",37.7933,-122.2279,Mimus polyglottos,Northern Mockingbird,David Robinson,Creative Commons Attribution-NonCommercial-ShareAlike 4.0,5.0,03:00,https://www.xeno-canto.org/536012,normoc/XC536012.ogg
normoc,['moudov'],"['adult', 'sex uncertain', 'song']",37.4689,-104.2828,Mimus polyglottos,Northern Mockingbird,Sue Riffe,Creative Commons Attribution-NonCommercial-ShareAlike 4.0,4.5,09:00,https://www.xeno-canto.org/537579,normoc/XC537579.ogg
normoc,['moudov'],"['adult', 'sex uncertain', 'song']",37.5636,-104.7682,Mimus polyglottos,Northern Mockingbird,Sue Riffe,Creative Commons Attribution-NonCommercial-ShareAlike 4.0,4.5,5:40,https://www.xeno-canto.org/538122,normoc/XC538122.ogg
normoc,"['calqua', 'wesmea']","['mimicry/imitation', 'song']",32.6675,-116.9268,Mimus polyglottos,Northern Mockingbird,Paul Marvin,Creative Commons Attribution-NonCommercial-ShareAlike 4.0,4.5,07:27,https://www.xeno-canto.org/538537,normoc/XC538537.ogg
normoc,[],"['adult', 'song']",33.6615,-114.5214,Mimus polyglottos,Northern Mockingbird,Bobby Wilcox,Creative Commons Attribution-NonCommercial-ShareAlike 4.0,4.0,09:00,https://www.xeno-canto.org/539772,normoc/XC539772.ogg
normoc,[],['song'],35.8589,-84.0948,Mimus polyglottos,Northern Mockingbird,Mike Nelson,Creative Commons Attribution-NonCommercial-ShareAlike 3.0,5.0,8:00am,https://www.xeno-canto.org/54018,normoc/XC54018.ogg
normoc,[],['song'],36.0628,-115.1128,Mimus polyglottos,Northern Mockingbird,Mike Nelson,Creative Commons Attribution-NonCommercial-ShareAlike 3.0,4.5,9:30am,https://www.xeno-canto.org/54019,normoc/XC54019.ogg
normoc,[],['song'],35.8589,-84.0948,Mimus polyglottos,Northern Mockingbird,Mike Nelson,Creative Commons Attribution-NonCommercial-ShareAlike 3.0,3.5,7:00am,https://www.xeno-canto.org/54020,normoc/XC54020.ogg
normoc,[],"['adult', 'mimicry/imitation', 'sex uncertain', 'song']",33.6615,-114.5214,Mimus polyglottos,Northern Mockingbird,Bobby Wilcox,Creative Commons Attribution-NonCommercial-ShareAlike 4.0,4.0,09:00,https://www.xeno-canto.org/540868,normoc/XC540868.ogg
normoc,[],['song'],35.987,-87.145,Mimus polyglottos,Northern Mockingbird,Brian Hendrix,Creative Commons Attribution-NonCommercial-ShareAlike 4.0,5.0,08:00,https://www.xeno-canto.org/541426,normoc/XC541426.ogg
normoc,[],"['adult', 'song']",33.6615,-114.5214,Mimus polyglottos,Northern Mockingbird,Bobby Wilcox,Creative Commons Attribution-NonCommercial-ShareAlike 4.0,5.0,23:30,https://www.xeno-canto.org/541496,normoc/XC541496.ogg
normoc,['houfin'],['song'],40.4528,-80.3254,Mimus polyglottos,Northern Mockingbird,Aidan Place,Creative Commons Attribution-NonCommercial-ShareAlike 4.0,4.5,08:30,https://www.xeno-canto.org/542156,normoc/XC542156.ogg
normoc,[],['song'],32.6917,-114.6357,Mimus polyglottos,Northern Mockingbird,Jarrod Swackhamer,Creative Commons Attribution-NonCommercial-ShareAlike 4.0,5.0,04:00,https://www.xeno-canto.org/545024,normoc/XC545024.ogg
normoc,[],['song'],32.6675,-116.9268,Mimus polyglottos,Northern Mockingbird,Paul Marvin,Creative Commons Attribution-NonCommercial-ShareAlike 4.0,5.0,08:57,https://www.xeno-canto.org/545900,normoc/XC545900.ogg
normoc,"['houfin', 'wesmea']","['adult', 'sex uncertain', 'song']",40.2936,-105.2827,Mimus polyglottos,Northern Mockingbird,Sue Riffe,Creative Commons Attribution-NonCommercial-ShareAlike 4.0,4.5,18:50,https://www.xeno-canto.org/552447,normoc/XC552447.ogg
normoc,"['houfin', 'wesmea']","['adult', 'sex uncertain', 'song']",40.2936,-105.2827,Mimus polyglottos,Northern Mockingbird,Sue Riffe,Creative Commons Attribution-NonCommercial-ShareAlike 4.0,4.5,18:55,https://www.xeno-canto.org/552450,normoc/XC552450.ogg
normoc,[],"['adult', 'alarm call', 'sex uncertain']",33.6615,-114.5214,Mimus polyglottos,Northern Mockingbird,Bobby Wilcox,Creative Commons Attribution-NonCommercial-ShareAlike 4.0,5.0,19:00,https://www.xeno-canto.org/553299,normoc/XC553299.ogg
normoc,[],"['mimicry/imitation', 'song']",40.5861,-73.6699,Mimus polyglottos,Northern Mockingbird,Katie Peyton,Creative Commons Attribution-NonCommercial-ShareAlike 4.0,5.0,11:50,https://www.xeno-canto.org/554499,normoc/XC554499.ogg
normoc,[],"['mimicry/imitation', 'song']",40.5861,-73.6699,Mimus polyglottos,Northern Mockingbird,Katie Peyton,Creative Commons Attribution-NonCommercial-ShareAlike 4.0,5.0,11:51,https://www.xeno-canto.org/554501,normoc/XC554501.ogg
normoc,[],"['mimicry/imitation', 'song']",40.5861,-73.6699,Mimus polyglottos,Northern Mockingbird,Katie Peyton,Creative Commons Attribution-NonCommercial-ShareAlike 4.0,5.0,11:52,https://www.xeno-canto.org/554502,normoc/XC554502.ogg
normoc,[],"['mimicry/imitation', 'song']",40.5861,-73.6699,Mimus polyglottos,Northern Mockingbird,Katie Peyton,Creative Commons Attribution-NonCommercial-ShareAlike 4.0,5.0,11:53,https://www.xeno-canto.org/554503,normoc/XC554503.ogg
normoc,[],"['mimicry/imitation', 'song']",40.5861,-73.6699,Mimus polyglottos,Northern Mockingbird,Katie Peyton,Creative Commons Attribution-NonCommercial-ShareAlike 4.0,5.0,11:54,https://www.xeno-canto.org/554505,normoc/XC554505.ogg
normoc,[],"['adult', 'sex uncertain', 'song']",35.1343,-119.8367,Mimus polyglottos,Northern Mockingbird,Thomas G. Graves,Creative Commons Attribution-NonCommercial-ShareAlike 4.0,3.5,6:26,https://www.xeno-canto.org/554557,normoc/XC554557.ogg
normoc,[],"['adult', 'mimicry/imitation', 'sex uncertain', 'song']",31.7838,-110.857,Mimus polyglottos,Northern Mockingbird,Phoenix Birder,Creative Commons Attribution-NonCommercial-ShareAlike 4.0,5.0,06:07,https://www.xeno-canto.org/557029,normoc/XC557029.ogg
normoc,[],"['adult', 'sex uncertain', 'song']",31.8359,-110.3591,Mimus polyglottos,Northern Mockingbird,Phoenix Birder,Creative Commons Attribution-NonCommercial-ShareAlike 4.0,4.5,05:56,https://www.xeno-canto.org/559014,normoc/XC559014.ogg
normoc,[],"['adult', 'male', 'song']",37.3547,-118.3861,Mimus polyglottos,Northern Mockingbird,Ron Overholtz,Creative Commons Attribution-NonCommercial-ShareAlike 4.0,0.0,08:00,https://www.xeno-canto.org/559555,normoc/XC559555.ogg
normoc,[],"['adult', 'sex uncertain', 'song']",37.3114,-89.5425,Mimus polyglottos,Northern Mockingbird,Michael S. Taylor,Creative Commons Attribution-NonCommercial-ShareAlike 4.0,5.0,10:10,https://www.xeno-canto.org/563125,normoc/XC563125.ogg
normoc,[],"['call', 'juvenile']",32.9694,-115.5552,Mimus polyglottos,Northern Mockingbird,Paul Marvin,Creative Commons Attribution-NonCommercial-ShareAlike 4.0,3.0,16:13,https://www.xeno-canto.org/565200,normoc/XC565200.ogg
normoc,[],"['adult', 'sex uncertain', 'song']",25.7324,-109.0271,Mimus polyglottos,Northern Mockingbird,Isain Contreras Rodríguez,Creative Commons Attribution-NonCommercial-ShareAlike 4.0,4.5,08:00,https://www.xeno-canto.org/566098,normoc/XC566098.ogg
normoc,[],"['adult', 'sex uncertain', 'song']",25.7324,-109.0271,Mimus polyglottos,Northern Mockingbird,Isain Contreras Rodríguez,Creative Commons Attribution-NonCommercial-ShareAlike 4.0,4.5,08:00,https://www.xeno-canto.org/566099,normoc/XC566099.ogg
normoc,[],"['alarm call', 'call', 'life stage uncertain', 'sex uncertain']",33.6273,-112.0809,Mimus polyglottos,Northern Mockingbird,Parker Davis,Creative Commons Attribution-NonCommercial-ShareAlike 4.0,3.5,07:44,https://www.xeno-canto.org/567445,normoc/XC567445.ogg
normoc,[],"['adult', 'male', 'song']",33.5534,-112.0467,Mimus polyglottos,Northern Mockingbird,Parker Davis,Creative Commons Attribution-NonCommercial-ShareAlike 4.0,5.0,11:18,https://www.xeno-canto.org/567469,normoc/XC567469.ogg
normoc,['houspa'],"['adult', 'sex uncertain', 'song']",25.6783,-108.9659,Mimus polyglottos,Northern Mockingbird,Manuel Grosselet,Creative Commons Attribution-NonCommercial-ShareAlike 4.0,4.5,11:30,https://www.xeno-canto.org/570236,normoc/XC570236.ogg
normoc,['houspa'],"['adult', 'sex uncertain', 'song']",25.7324,-109.0271,Mimus polyglottos,Northern Mockingbird,Manuel Grosselet,Creative Commons Attribution-NonCommercial-ShareAlike 4.0,4.5,11:30,https://www.xeno-canto.org/570237,normoc/XC570237.ogg
normoc,[],['song'],35.8589,-84.0948,Mimus polyglottos,Northern Mockingbird,Mike Nelson,Creative Commons Attribution-NonCommercial-ShareAlike 3.0,4.5,2:45pm,https://www.xeno-canto.org/57040,normoc/XC57040.ogg
normoc,[],"['adult', 'sex uncertain', 'song']",25.7324,-109.0271,Mimus polyglottos,Northern Mockingbird,Manuel Grosselet,Creative Commons Attribution-NonCommercial-ShareAlike 4.0,5.0,06:30,https://www.xeno-canto.org/570555,normoc/XC570555.ogg
normoc,[],"['adult', 'sex uncertain', 'song']",25.7324,-109.0271,Mimus polyglottos,Northern Mockingbird,Manuel Grosselet,Creative Commons Attribution-NonCommercial-ShareAlike 4.0,4.5,06:30,https://www.xeno-canto.org/570558,normoc/XC570558.ogg
normoc,[],"['adult', 'song']",25.7324,-109.0271,Mimus polyglottos,Northern Mockingbird,Isain Contreras Rodríguez,Creative Commons Attribution-NonCommercial-ShareAlike 4.0,4.5,07:00,https://www.xeno-canto.org/570600,normoc/XC570600.ogg
normoc,[],['song'],22.425,-78.349,Mimus polyglottos,Northern Mockingbird,Garry Bakker,Creative Commons Attribution-NonCommercial-ShareAlike 4.0,5.0,08:31,https://www.xeno-canto.org/574056,normoc/XC574056.ogg
normoc,[],"['adult', 'sex uncertain', 'song']",29.2778,-103.3031,Mimus polyglottos,Northern Mockingbird,Phoenix Birder,Creative Commons Attribution-NonCommercial-ShareAlike 4.0,5.0,06:45,https://www.xeno-canto.org/574088,normoc/XC574088.ogg
normoc,[],['mimicry/imitation'],42.5329,-76.8078,Mimus polyglottos,Northern Mockingbird,Meena Haribal,Creative Commons Attribution-NonCommercial-ShareAlike 4.0,5.0,19:30,https://www.xeno-canto.org/577152,normoc/XC577152.ogg
normoc,"['houfin', 'moudov']",['song'],38.6833,-121.8814,Mimus polyglottos,Northern Mockingbird,Steve Hampton,Creative Commons Attribution-NonCommercial-ShareAlike 4.0,4.5,08:30,https://www.xeno-canto.org/582688,normoc/XC582688.ogg
normoc,[],['song'],38.5134,-121.6148,Mimus polyglottos,Northern Mockingbird,Steve Hampton,Creative Commons Attribution-NonCommercial-ShareAlike 4.0,4.5,07:30,https://www.xeno-canto.org/582706,normoc/XC582706.ogg
normoc,[],['song'],38.5134,-121.6148,Mimus polyglottos,Northern Mockingbird,Steve Hampton,Creative Commons Attribution-NonCommercial-ShareAlike 4.0,4.5,07:30,https://www.xeno-canto.org/582708,normoc/XC582708.ogg
normoc,[],"['adult', 'call']",32.959,-117.2616,Mimus polyglottos,Northern Mockingbird,Paul Marvin,Creative Commons Attribution-NonCommercial-ShareAlike 4.0,5.0,07:03,https://www.xeno-canto.org/582732,normoc/XC582732.ogg
normoc,['norcar'],['song'],35.8589,-84.0948,Mimus polyglottos,Northern Mockingbird,Mike Nelson,Creative Commons Attribution-NonCommercial-ShareAlike 3.0,3.5,9:30am,https://www.xeno-canto.org/58465,normoc/XC58465.ogg
normoc,[],['call'],35.8589,-84.0948,Mimus polyglottos,Northern Mockingbird,Mike Nelson,Creative Commons Attribution-NonCommercial-ShareAlike 3.0,2.5,9:30am,https://www.xeno-canto.org/58466,normoc/XC58466.ogg
normoc,[],"['adult', 'call', 'duet', 'male', 'subsong']",39.9497,-76.435,Mimus polyglottos,Northern Mockingbird,William Young,Creative Commons Attribution-NonCommercial-ShareAlike 4.0,3.0,15:30,https://www.xeno-canto.org/590833,normoc/XC590833.ogg
normoc,[],"['adult', ""imitates Cope's gray treefrog at 48s"", 'male', 'mimicry/imitation', 'song']",36.1057,-79.5054,Mimus polyglottos,Northern Mockingbird,Dave Gammon,Creative Commons Attribution-NonCommercial-ShareAlike 4.0,5.0,07:30,https://www.xeno-canto.org/599233,normoc/XC599233.ogg
normoc,[],['uncertain'],35.987,-87.145,Mimus polyglottos,Northern Mockingbird,Brian Hendrix,Creative Commons Attribution-NonCommercial-ShareAlike 4.0,4.0,05:30,https://www.xeno-canto.org/601585,normoc/XC601585.ogg
normoc,[],"['adult', 'call', 'mimicry/imitation', 'sex uncertain', 'song']",42.7336,-71.5946,Mimus polyglottos,Northern Mockingbird,Christopher McPherson,Creative Commons Attribution-NonCommercial-ShareAlike 4.0,4.5,09:30,https://www.xeno-canto.org/602014,normoc/XC602014.ogg
normoc,[],['uncertain'],35.987,-87.145,Mimus polyglottos,Northern Mockingbird,Brian Hendrix,Creative Commons Attribution-NonCommercial-ShareAlike 4.0,4.0,06:00,https://www.xeno-canto.org/604464,normoc/XC604464.ogg
normoc,['moudov'],"['adult', 'sex uncertain', 'song']",33.0568,-109.4382,Mimus polyglottos,Northern Mockingbird,Richard E. Webster,Creative Commons Attribution-NonCommercial-ShareAlike 4.0,4.5,07:53,https://www.xeno-canto.org/608250,normoc/XC608250.ogg
normoc,['moudov'],"['adult', 'sex uncertain', 'song']",31.957,-109.173,Mimus polyglottos,Northern Mockingbird,Richard E. Webster,Creative Commons Attribution-NonCommercial-ShareAlike 4.0,4.5,07:19,https://www.xeno-canto.org/608251,normoc/XC608251.ogg
normoc,"['moudov', 'normoc']","['adult', 'sex uncertain', 'song']",31.957,-109.173,Mimus polyglottos,Northern Mockingbird,Richard E. Webster,Creative Commons Attribution-NonCommercial-ShareAlike 4.0,4.5,07:50,https://www.xeno-canto.org/608252,normoc/XC608252.ogg
normoc,[],"['adult', 'sex uncertain', 'song']",31.957,-109.173,Mimus polyglottos,Northern Mockingbird,Richard E. Webster,Creative Commons Attribution-NonCommercial-ShareAlike 4.0,4.0,07:07,https://www.xeno-canto.org/608253,normoc/XC608253.ogg
normoc,['houfin'],"['adult', 'sex uncertain', 'song']",31.34,-109.273,Mimus polyglottos,Northern Mockingbird,Richard E. Webster,Creative Commons Attribution-NonCommercial-ShareAlike 4.0,3.5,13:19,https://www.xeno-canto.org/608254,normoc/XC608254.ogg
normoc,['houfin'],"['adult', 'sex uncertain', 'song']",31.34,-109.273,Mimus polyglottos,Northern Mockingbird,Richard E. Webster,Creative Commons Attribution-NonCommercial-ShareAlike 4.0,3.5,13:00,https://www.xeno-canto.org/608255,normoc/XC608255.ogg
normoc,['gamqua'],"['adult', 'sex uncertain', 'song']",31.34,-109.273,Mimus polyglottos,Northern Mockingbird,Richard E. Webster,Creative Commons Attribution-NonCommercial-ShareAlike 4.0,3.5,07:51,https://www.xeno-canto.org/608256,normoc/XC608256.ogg
normoc,['gamqua'],"['adult', 'sex uncertain', 'song']",31.34,-109.273,Mimus polyglottos,Northern Mockingbird,Richard E. Webster,Creative Commons Attribution-NonCommercial-ShareAlike 4.0,4.5,10:42,https://www.xeno-canto.org/608257,normoc/XC608257.ogg
normoc,"['gamqua', 'houfin']","['adult', 'sex uncertain', 'song']",31.34,-109.273,Mimus polyglottos,Northern Mockingbird,Richard E. Webster,Creative Commons Attribution-NonCommercial-ShareAlike 4.0,4.5,07:03,https://www.xeno-canto.org/608258,normoc/XC608258.ogg
normoc,['gamqua'],"['adult', 'sex uncertain', 'song']",32.099,-113.2866,Mimus polyglottos,Northern Mockingbird,Richard E. Webster,Creative Commons Attribution-NonCommercial-ShareAlike 4.0,4.5,08:22,https://www.xeno-canto.org/608259,normoc/XC608259.ogg
normoc,"['gamqua', 'moudov']","['adult', 'sex uncertain', 'song']",31.4775,-109.3988,Mimus polyglottos,Northern Mockingbird,Richard E. Webster,Creative Commons Attribution-NonCommercial-ShareAlike 4.0,3.5,09:17,https://www.xeno-canto.org/608447,normoc/XC608447.ogg
normoc,['moudov'],"['adult', 'sex uncertain', 'song']",31.4775,-109.3988,Mimus polyglottos,Northern Mockingbird,Richard E. Webster,Creative Commons Attribution-NonCommercial-ShareAlike 4.0,3.5,08:41,https://www.xeno-canto.org/608450,normoc/XC608450.ogg
normoc,"['gamqua', 'houfin', 'moudov']","['adult', 'sex uncertain', 'song']",31.4775,-109.3988,Mimus polyglottos,Northern Mockingbird,Richard E. Webster,Creative Commons Attribution-NonCommercial-ShareAlike 4.0,4.5,09:13,https://www.xeno-canto.org/608452,normoc/XC608452.ogg
normoc,[],"['adult', 'sex uncertain', 'song']",32.084,-109.051,Mimus polyglottos,Northern Mockingbird,Richard E. Webster,Creative Commons Attribution-NonCommercial-ShareAlike 4.0,4.0,08:29,https://www.xeno-canto.org/608453,normoc/XC608453.ogg
normoc,['moudov'],"['adult', 'sex uncertain', 'song']",32.084,-109.051,Mimus polyglottos,Northern Mockingbird,Richard E. Webster,Creative Commons Attribution-NonCommercial-ShareAlike 4.0,3.5,08:40,https://www.xeno-canto.org/608485,normoc/XC608485.ogg
normoc,"['gamqua', 'houfin', 'moudov']","['adult', 'sex uncertain', 'song']",32.084,-109.051,Mimus polyglottos,Northern Mockingbird,Richard E. Webster,Creative Commons Attribution-NonCommercial-ShareAlike 4.0,4.5,08:00,https://www.xeno-canto.org/608486,normoc/XC608486.ogg
normoc,[],"['adult', 'sex uncertain', 'song']",31.5633,-109.716,Mimus polyglottos,Northern Mockingbird,Richard E. Webster,Creative Commons Attribution-NonCommercial-ShareAlike 4.0,3.5,17:53,https://www.xeno-canto.org/608487,normoc/XC608487.ogg
normoc,"['gamqua', 'moudov']","['adult', 'sex uncertain', 'song']",31.5633,-109.716,Mimus polyglottos,Northern Mockingbird,Richard E. Webster,Creative Commons Attribution-NonCommercial-ShareAlike 4.0,4.5,18:49,https://www.xeno-canto.org/608489,normoc/XC608489.ogg
normoc,"['gamqua', 'moudov', 'normoc']","['adult', 'sex uncertain', 'song']",31.5633,-109.716,Mimus polyglottos,Northern Mockingbird,Richard E. Webster,Creative Commons Attribution-NonCommercial-ShareAlike 4.0,4.5,05:25,https://www.xeno-canto.org/608496,normoc/XC608496.ogg
normoc,[],['call'],17.1596,-96.7625,Mimus polyglottos,Northern Mockingbird,Manuel Grosselet,Creative Commons Attribution-NonCommercial-ShareAlike 4.0,4.5,07:30,https://www.xeno-canto.org/610095,normoc/XC610095.ogg
normoc,[],['song'],37.9754,-90.8983,Mimus polyglottos,Northern Mockingbird,Bobby Wilcox,Creative Commons Attribution-NonCommercial-ShareAlike 4.0,4.0,12:00,https://www.xeno-canto.org/616859,normoc/XC616859.ogg
normoc,[],"['adult', 'male', 'song']",34.518,-114.3382,Mimus polyglottos,Northern Mockingbird,Bobby Wilcox,Creative Commons Attribution-NonCommercial-ShareAlike 4.0,4.0,11:00,https://www.xeno-canto.org/627304,normoc/XC627304.ogg
normoc,['houfin'],['call'],17.1626,-96.7513,Mimus polyglottos,Northern Mockingbird,Manuel Grosselet,Creative Commons Attribution-NonCommercial-ShareAlike 4.0,4.5,08:00,https://www.xeno-canto.org/627756,normoc/XC627756.ogg
normoc,[],['song'],17.1626,-96.7513,Mimus polyglottos,Northern Mockingbird,Manuel Grosselet,Creative Commons Attribution-NonCommercial-ShareAlike 4.0,4.5,09:00,https://www.xeno-canto.org/627759,normoc/XC627759.ogg
normoc,[],['song'],35.8589,-84.0948,Mimus polyglottos,Northern Mockingbird,Mike Nelson,Creative Commons Attribution-NonCommercial-ShareAlike 3.0,4.0,5:30pm,https://www.xeno-canto.org/62776,normoc/XC62776.ogg
normoc,[],['song'],17.1626,-96.7513,Mimus polyglottos,Northern Mockingbird,Manuel Grosselet,Creative Commons Attribution-NonCommercial-ShareAlike 4.0,4.5,09:00,https://www.xeno-canto.org/627761,normoc/XC627761.ogg
normoc,[],['song'],35.8589,-84.0948,Mimus polyglottos,Northern Mockingbird,Mike Nelson,Creative Commons Attribution-NonCommercial-ShareAlike 3.0,5.0,12:20pm,https://www.xeno-canto.org/62791,normoc/XC62791.ogg
normoc,[],"['adult', 'male', 'song']",31.591,-109.508,Mimus polyglottos,Northern Mockingbird,Richard E. Webster,Creative Commons Attribution-NonCommercial-ShareAlike 4.0,3.5,06:25,https://www.xeno-canto.org/629304,normoc/XC629304.ogg
normoc,[],"['adult', 'call', 'sex uncertain']",31.591,-109.508,Mimus polyglottos,Northern Mockingbird,Richard E. Webster,Creative Commons Attribution-NonCommercial-ShareAlike 4.0,4.5,07:58,https://www.xeno-canto.org/629308,normoc/XC629308.ogg
normoc,['gamqua'],"['adult', 'call', 'sex uncertain']",31.591,-109.508,Mimus polyglottos,Northern Mockingbird,Richard E. Webster,Creative Commons Attribution-NonCommercial-ShareAlike 4.0,3.5,05:42,https://www.xeno-canto.org/629310,normoc/XC629310.ogg
normoc,['gamqua'],"['adult', 'sex uncertain', 'vesper calling']",31.591,-109.508,Mimus polyglottos,Northern Mockingbird,Richard E. Webster,Creative Commons Attribution-NonCommercial-ShareAlike 4.0,4.5,18:41,https://www.xeno-canto.org/629311,normoc/XC629311.ogg
normoc,"['gamqua', 'moudov']","['adult', 'male', 'song']",32.7901,-108.997,Mimus polyglottos,Northern Mockingbird,Richard E. Webster,Creative Commons Attribution-NonCommercial-ShareAlike 4.0,3.5,05:36,https://www.xeno-canto.org/629320,normoc/XC629320.ogg
normoc,"['gamqua', 'moudov']","['adult', 'male', 'song']",32.7901,-108.997,Mimus polyglottos,Northern Mockingbird,Richard E. Webster,Creative Commons Attribution-NonCommercial-ShareAlike 4.0,4.5,06:25,https://www.xeno-canto.org/629321,normoc/XC629321.ogg
normoc,"['gamqua', 'houfin', 'moudov', 'normoc']","['adult', 'interaction calls', 'male', 'song']",32.7901,-108.997,Mimus polyglottos,Northern Mockingbird,Richard E. Webster,Creative Commons Attribution-NonCommercial-ShareAlike 4.0,4.5,06:08,https://www.xeno-canto.org/629329,normoc/XC629329.ogg
normoc,['houfin'],"['adult', 'male', 'song']",31.9938,-112.8431,Mimus polyglottos,Northern Mockingbird,Richard E. Webster,Creative Commons Attribution-NonCommercial-ShareAlike 4.0,4.5,07:16,https://www.xeno-canto.org/629330,normoc/XC629330.ogg
normoc,['gamqua'],"['adult', 'male', 'song']",32.099,-113.2866,Mimus polyglottos,Northern Mockingbird,Richard E. Webster,Creative Commons Attribution-NonCommercial-ShareAlike 4.0,4.5,09:00,https://www.xeno-canto.org/629331,normoc/XC629331.ogg
normoc,[],"['adult', 'attack call', 'sex uncertain']",32.099,-113.2866,Mimus polyglottos,Northern Mockingbird,Richard E. Webster,Creative Commons Attribution-NonCommercial-ShareAlike 4.0,4.5,15:19,https://www.xeno-canto.org/629332,normoc/XC629332.ogg
normoc,[],"['adult', 'male', 'song']",31.34,-109.273,Mimus polyglottos,Northern Mockingbird,Richard E. Webster,Creative Commons Attribution-NonCommercial-ShareAlike 4.0,3.0,11:38,https://www.xeno-canto.org/629333,normoc/XC629333.ogg
normoc,[],"['adult', 'male', 'song']",31.34,-109.273,Mimus polyglottos,Northern Mockingbird,Richard E. Webster,Creative Commons Attribution-NonCommercial-ShareAlike 4.0,4.5,10:03,https://www.xeno-canto.org/629334,normoc/XC629334.ogg
normoc,"['gamqua', 'moudov']","['adult', 'male', 'song']",32.084,-109.051,Mimus polyglottos,Northern Mockingbird,Richard E. Webster,Creative Commons Attribution-NonCommercial-ShareAlike 4.0,4.5,08:21,https://www.xeno-canto.org/629342,normoc/XC629342.ogg
normoc,[],"['adult', 'male', 'song']",31.815,-109.06,Mimus polyglottos,Northern Mockingbird,Richard E. Webster,Creative Commons Attribution-NonCommercial-ShareAlike 4.0,4.5,06:27,https://www.xeno-canto.org/629346,normoc/XC629346.ogg
normoc,[],"['adult', 'dawn calling', 'sex uncertain']",32.3576,-109.122,Mimus polyglottos,Northern Mockingbird,Richard E. Webster,Creative Commons Attribution-NonCommercial-ShareAlike 4.0,3.5,06:23,https://www.xeno-canto.org/629348,normoc/XC629348.ogg
normoc,[],"['mimicry/imitation', 'song']",17.164,-96.7698,Mimus polyglottos,Northern Mockingbird,Manuel Grosselet,Creative Commons Attribution-NonCommercial-ShareAlike 4.0,4.5,08:00,https://www.xeno-canto.org/629467,normoc/XC629467.ogg
normoc,[],"['adult', 'sex uncertain', 'song']",33.5161,-117.7275,Mimus polyglottos,Northern Mockingbird,Ron Overholtz,Creative Commons Attribution-NonCommercial-ShareAlike 4.0,5.0,10:30,https://www.xeno-canto.org/630434,normoc/XC630434.ogg
normoc,[],['alarm call'],25.4999,-76.6343,Mimus polyglottos,Northern Mockingbird,Thomas Ryder Payne,Creative Commons Attribution-NonCommercial-ShareAlike 4.0,5.0,06:00,https://www.xeno-canto.org/636553,normoc/XC636553.ogg
normoc,[],['alarm call'],25.4999,-76.6343,Mimus polyglottos,Northern Mockingbird,Thomas Ryder Payne,Creative Commons Attribution-NonCommercial-ShareAlike 4.0,5.0,07:00,https://www.xeno-canto.org/636554,normoc/XC636554.ogg
normoc,[],"['adult', 'mimicry/imitation', 'song', 'subsong']",25.4999,-76.6343,Mimus polyglottos,Northern Mockingbird,Thomas Ryder Payne,Creative Commons Attribution-NonCommercial-ShareAlike 4.0,5.0,07:00,https://www.xeno-canto.org/636555,normoc/XC636555.ogg
normoc,[],"['adult', 'mimicry/imitation', 'song', 'subsong']",25.4999,-76.6343,Mimus polyglottos,Northern Mockingbird,Thomas Ryder Payne,Creative Commons Attribution-NonCommercial-ShareAlike 4.0,5.0,13:00,https://www.xeno-canto.org/636556,normoc/XC636556.ogg
normoc,[],"['adult', 'mimicry/imitation', 'song', 'subsong']",25.4999,-76.6343,Mimus polyglottos,Northern Mockingbird,Thomas Ryder Payne,Creative Commons Attribution-NonCommercial-ShareAlike 4.0,5.0,13:00,https://www.xeno-canto.org/636557,normoc/XC636557.ogg
normoc,['norcar'],"['adult', 'call', 'mimicry/imitation', 'song']",42.7336,-71.5946,Mimus polyglottos,Northern Mockingbird,Christopher McPherson,Creative Commons Attribution-NonCommercial-ShareAlike 4.0,4.5,09:30,https://www.xeno-canto.org/638306,normoc/XC638306.ogg
normoc,[],"['adult', 'male', 'song']",34.518,-114.3382,Mimus polyglottos,Northern Mockingbird,Bobby Wilcox,Creative Commons Attribution-NonCommercial-ShareAlike 4.0,4.0,10:30,https://www.xeno-canto.org/639294,normoc/XC639294.ogg
normoc,[],"['adult', 'male', 'mimicry/imitation', 'song']",39.1237,-84.5904,Mimus polyglottos,Northern Mockingbird,David A. Brinkman,Creative Commons Attribution-NonCommercial-ShareAlike 4.0,3.5,15:42,https://www.xeno-canto.org/646400,normoc/XC646400.ogg
normoc,[],"['adult', 'male', 'mimicry/imitation', 'song']",33.5057,-117.7365,Mimus polyglottos,Northern Mockingbird,Anand ,Creative Commons Attribution-NonCommercial-ShareAlike 4.0,5.0,11:30,https://www.xeno-canto.org/653383,normoc/XC653383.ogg
normoc,[],"['mimicry/imitation', 'song']",17.1583,-96.7624,Mimus polyglottos,Northern Mockingbird,Manuel Grosselet,Creative Commons Attribution-NonCommercial-ShareAlike 4.0,3.5,08:00,https://www.xeno-canto.org/653750,normoc/XC653750.ogg
normoc,[],['song'],17.1508,-96.7574,Mimus polyglottos,Northern Mockingbird,Manuel Grosselet,Creative Commons Attribution-NonCommercial-ShareAlike 4.0,4.5,09:30,https://www.xeno-canto.org/654864,normoc/XC654864.ogg
normoc,[],"['adult', 'male', 'mimicry/imitation', 'song']",17.1583,-96.7624,Mimus polyglottos,Northern Mockingbird,Manuel Grosselet,Creative Commons Attribution-NonCommercial-ShareAlike 4.0,5.0,07:30,https://www.xeno-canto.org/661656,normoc/XC661656.ogg
normoc,[],"['adult', 'male', 'mimicry/imitation', 'song']",17.1583,-96.7624,Mimus polyglottos,Northern Mockingbird,Manuel Grosselet,Creative Commons Attribution-NonCommercial-ShareAlike 4.0,5.0,07:00,https://www.xeno-canto.org/661657,normoc/XC661657.ogg
normoc,[],"['adult', 'male', 'song']",17.1583,-96.7624,Mimus polyglottos,Northern Mockingbird,Manuel Grosselet,Creative Commons Attribution-NonCommercial-ShareAlike 4.0,5.0,08:00,https://www.xeno-canto.org/662554,normoc/XC662554.ogg
normoc,[],"['adult', 'male', 'mimicry/imitation', 'song']",17.1583,-96.7624,Mimus polyglottos,Northern Mockingbird,Manuel Grosselet,Creative Commons Attribution-NonCommercial-ShareAlike 4.0,4.5,09:00,https://www.xeno-canto.org/662555,normoc/XC662555.ogg
normoc,['gamqua'],"['adult', 'male', 'song']",31.7533,-110.9599,Mimus polyglottos,Northern Mockingbird,Scott Olmstead,Creative Commons Attribution-NonCommercial-ShareAlike 4.0,4.5,10:40,https://www.xeno-canto.org/664117,normoc/XC664117.ogg
normoc,[],"['adult', 'sex uncertain', 'song']",28.6674,-80.6417,Mimus polyglottos,Northern Mockingbird,Sue Riffe,Creative Commons Attribution-NonCommercial-ShareAlike 4.0,4.5,6:36,https://www.xeno-canto.org/664292,normoc/XC664292.ogg
normoc,[],['call'],35.8589,-84.0948,Mimus polyglottos,Northern Mockingbird,Mike Nelson,Creative Commons Attribution-NonCommercial-ShareAlike 3.0,2.5,10:15am,https://www.xeno-canto.org/71561,normoc/XC71561.ogg
normoc,['norcar'],['call'],35.8589,-84.0948,Mimus polyglottos,Northern Mockingbird,Mike Nelson,Creative Commons Attribution-NonCommercial-ShareAlike 3.0,3.5,10:30am,https://www.xeno-canto.org/71562,normoc/XC71562.ogg
norpin,['mallar3'],"['call', 'male', 'song']",52.4303,21.0353,Anas acuta,Northern Pintail,Jarek Matusiak,Creative Commons Attribution-NonCommercial-ShareAlike 3.0,4.5,12:00,https://www.xeno-canto.org/113161,norpin/XC113161.ogg
norpin,['mallar3'],"['call', 'male', 'song']",52.344,20.926,Anas acuta,Northern Pintail,Jarek Matusiak,Creative Commons Attribution-NonCommercial-ShareAlike 3.0,4.5,16:00,https://www.xeno-canto.org/113162,norpin/XC113162.ogg
norpin,"['eurwig', 'gwfgoo', 'mallar3']","['call', 'female', 'male', 'song']",52.456,20.733,Anas acuta,Northern Pintail,Jarek Matusiak,Creative Commons Attribution-NonCommercial-ShareAlike 3.0,4.5,10:30,https://www.xeno-canto.org/113164,norpin/XC113164.ogg
norpin,[],"['female', 'flight call', 'male', 'song']",52.456,20.733,Anas acuta,Northern Pintail,Jarek Matusiak,Creative Commons Attribution-NonCommercial-ShareAlike 3.0,5.0,20:00,https://www.xeno-canto.org/113185,norpin/XC113185.ogg
norpin,[],"['female', 'male', 'song']",52.456,20.733,Anas acuta,Northern Pintail,Jarek Matusiak,Creative Commons Attribution-NonCommercial-ShareAlike 3.0,4.0,20:20,https://www.xeno-canto.org/113186,norpin/XC113186.ogg
norpin,[],"['call', 'display', 'male']",49.9178,-6.2872,Anas acuta,Northern Pintail,Ashley Fisher,Creative Commons Attribution-NonCommercial-ShareAlike 3.0,4.0,11:26,https://www.xeno-canto.org/127474,norpin/XC127474.ogg
norpin,[],"['female', 'flight call', 'male', 'song']",52.4578,20.7273,Anas acuta,Northern Pintail,Jarek Matusiak,Creative Commons Attribution-NonCommercial-ShareAlike 3.0,5.0,21:25,https://www.xeno-canto.org/129047,norpin/XC129047.ogg
norpin,['gnwtea'],"['call', 'female', 'male']",39.2518,-75.4527,Anas acuta,Northern Pintail,Daniel Parker,Creative Commons Attribution-NonCommercial-ShareAlike 3.0,2.5,16:30,https://www.xeno-canto.org/144366,norpin/XC144366.ogg
norpin,[],"['call', 'female', 'male']",28.6781,-80.7717,Anas acuta,Northern Pintail,Paul Marvin,Creative Commons Attribution-NonCommercial-ShareAlike 3.0,5.0,09:17,https://www.xeno-canto.org/161348,norpin/XC161348.ogg
norpin,[],"['call', 'female', 'male']",28.6781,-80.7717,Anas acuta,Northern Pintail,Paul Marvin,Creative Commons Attribution-NonCommercial-ShareAlike 3.0,5.0,09:28,https://www.xeno-canto.org/161349,norpin/XC161349.ogg
norpin,[],"['flight call', 'male']",50.1263,59.0844,Anas acuta,Northern Pintail,Albert Lastukhin,Creative Commons Attribution-NonCommercial-ShareAlike 4.0,3.0,19:30,https://www.xeno-canto.org/182407,norpin/XC182407.ogg
norpin,[],"['alarm call', 'female']",56.467,47.8379,Anas acuta,Northern Pintail,Albert Lastukhin,Creative Commons Attribution-NonCommercial-ShareAlike 4.0,3.0,09:00,https://www.xeno-canto.org/187573,norpin/XC187573.ogg
norpin,[],"['alarm call', 'female']",56.467,47.8379,Anas acuta,Northern Pintail,Albert Lastukhin,Creative Commons Attribution-NonCommercial-ShareAlike 4.0,1.5,09:00,https://www.xeno-canto.org/187576,norpin/XC187576.ogg
norpin,[],"['female', 'flight call', 'male']",42.5275,130.692,Anas acuta,Northern Pintail,Albert Lastukhin,Creative Commons Attribution-NonCommercial-ShareAlike 4.0,4.0,07:30,https://www.xeno-canto.org/266784,norpin/XC266784.ogg
norpin,[],"['flight call', 'male']",42.5275,130.692,Anas acuta,Northern Pintail,Albert Lastukhin,Creative Commons Attribution-NonCommercial-ShareAlike 4.0,3.0,08:00,https://www.xeno-canto.org/266786,norpin/XC266786.ogg
norpin,[],"['flight call', 'male']",42.5275,130.692,Anas acuta,Northern Pintail,Albert Lastukhin,Creative Commons Attribution-NonCommercial-ShareAlike 4.0,2.5,08:00,https://www.xeno-canto.org/266787,norpin/XC266787.ogg
norpin,['gnwtea'],"['flight call', 'male']",42.5275,130.692,Anas acuta,Northern Pintail,Albert Lastukhin,Creative Commons Attribution-NonCommercial-ShareAlike 4.0,2.5,08:00,https://www.xeno-canto.org/266788,norpin/XC266788.ogg
norpin,[],"['call', 'female']",35.4839,136.1137,Anas acuta,Northern Pintail,Anon Torimi,Creative Commons Attribution-NonCommercial-ShareAlike 4.0,3.0,13:30,https://www.xeno-canto.org/291860,norpin/XC291860.ogg
norpin,[],['call'],35.0518,135.9206,Anas acuta,Northern Pintail,Anon Torimi,Creative Commons Attribution-NonCommercial-ShareAlike 4.0,3.0,15:00,https://www.xeno-canto.org/299118,norpin/XC299118.ogg
norpin,[],"['call', 'female']",35.0518,135.9206,Anas acuta,Northern Pintail,Anon Torimi,Creative Commons Attribution-NonCommercial-ShareAlike 4.0,5.0,15:00,https://www.xeno-canto.org/299119,norpin/XC299119.ogg
norpin,['gnwtea'],"['call', 'wing beats']",35.4589,136.2889,Anas acuta,Northern Pintail,Anon Torimi,Creative Commons Attribution-NonCommercial-ShareAlike 4.0,4.5,15:30,https://www.xeno-canto.org/302656,norpin/XC302656.ogg
norpin,[],['song'],62.2113,25.1908,Anas acuta,Northern Pintail,Tero Linjama,Creative Commons Attribution-NonCommercial-ShareAlike 4.0,5.0,07:00,https://www.xeno-canto.org/340603,norpin/XC340603.ogg
norpin,[],"['call', 'female', 'male', 'song']",64.7398,177.6849,Anas acuta,Northern Pintail,Jens Kirkeby,Creative Commons Attribution-NonCommercial-ShareAlike 4.0,5.0,10:30,https://www.xeno-canto.org/381982,norpin/XC381982.ogg
norpin,['mallar3'],['call'],43.0204,-76.7806,Anas acuta,Northern Pintail,Meena Haribal,Creative Commons Attribution-NonCommercial-ShareAlike 4.0,4.5,11:00,https://www.xeno-canto.org/408105,norpin/XC408105.ogg
norpin,[],['flight call'],52.0612,5.371,Anas acuta,Northern Pintail,Aat Schaftenaar,Creative Commons Attribution-NonCommercial-ShareAlike 4.0,5.0,02:30,https://www.xeno-canto.org/429351,norpin/XC429351.ogg
norpin,[],"['female', 'flight call']",63.4848,77.0039,Anas acuta,Northern Pintail,Albert Lastukhin,Creative Commons Attribution-NonCommercial-ShareAlike 4.0,3.0,23:00,https://www.xeno-canto.org/431145,norpin/XC431145.ogg
norpin,[],"['call', 'male']",62.1732,73.7412,Anas acuta,Northern Pintail,Albert Lastukhin,Creative Commons Attribution-NonCommercial-ShareAlike 4.0,4.0,19:00,https://www.xeno-canto.org/432258,norpin/XC432258.ogg
norpin,[],"['call', 'male']",62.1732,73.7412,Anas acuta,Northern Pintail,Albert Lastukhin,Creative Commons Attribution-NonCommercial-ShareAlike 4.0,3.0,19:00,https://www.xeno-canto.org/432259,norpin/XC432259.ogg
norpin,[],"['alarm call', 'call', 'female', 'flight call']",63.8458,-21.0505,Anas acuta,Northern Pintail,Stanislas Wroza,Creative Commons Attribution-NonCommercial-ShareAlike 4.0,5.0,07:30,https://www.xeno-canto.org/432787,norpin/XC432787.ogg
norpin,[],"['call', 'male']",33.3607,-111.7343,Anas acuta,Northern Pintail,Paul Marvin,Creative Commons Attribution-NonCommercial-ShareAlike 4.0,4.0,11:01,https://www.xeno-canto.org/452515,norpin/XC452515.ogg
norpin,[],"['call', 'male']",30.987,-103.7068,Anas acuta,Northern Pintail,Paul Marvin,Creative Commons Attribution-NonCommercial-ShareAlike 4.0,4.0,11:02,https://www.xeno-canto.org/452637,norpin/XC452637.ogg
norpin,[],"['call', 'male']",32.588,-117.1061,Anas acuta,Northern Pintail,Paul Marvin,Creative Commons Attribution-NonCommercial-ShareAlike 4.0,4.0,07:24,https://www.xeno-canto.org/453334,norpin/XC453334.ogg
norpin,[],['call'],51.7401,-2.4055,Anas acuta,Northern Pintail,David Darrell-Lambert,Creative Commons Attribution-NonCommercial-ShareAlike 4.0,5.0,15:00,https://www.xeno-canto.org/456275,norpin/XC456275.ogg
norpin,['mallar3'],"['call', 'female', 'male']",50.1212,19.0043,Anas acuta,Northern Pintail,Ireneusz Oleksik,Creative Commons Attribution-NonCommercial-ShareAlike 4.0,3.5,17:00,https://www.xeno-canto.org/462935,norpin/XC462935.ogg
norpin,[],"['call', 'male']",50.1212,19.0043,Anas acuta,Northern Pintail,Ireneusz Oleksik,Creative Commons Attribution-NonCommercial-ShareAlike 4.0,3.5,07:30,https://www.xeno-canto.org/463194,norpin/XC463194.ogg
norpin,[],['flight call'],63.8448,-21.057,Anas acuta,Northern Pintail,Stanislas Wroza,Creative Commons Attribution-NonCommercial-ShareAlike 4.0,5.0,20:00,https://www.xeno-canto.org/478880,norpin/XC478880.ogg
norpin,[],['flight call'],63.8448,-21.057,Anas acuta,Northern Pintail,Stanislas Wroza,Creative Commons Attribution-NonCommercial-ShareAlike 4.0,0.0,20:00,https://www.xeno-canto.org/478881,norpin/XC478881.ogg
norpin,[],"['female', 'flight call']",63.8448,-21.057,Anas acuta,Northern Pintail,Stanislas Wroza,Creative Commons Attribution-NonCommercial-ShareAlike 4.0,4.0,21:00,https://www.xeno-canto.org/479156,norpin/XC479156.ogg
norpin,[],['flight call'],37.1379,-7.6303,Anas acuta,Northern Pintail,Nelson Conceição,Creative Commons Attribution-NonCommercial-ShareAlike 4.0,3.0,02:27,https://www.xeno-canto.org/496284,norpin/XC496284.ogg
norpin,[],['call'],37.1959,-7.5225,Anas acuta,Northern Pintail,Nelson Conceição,Creative Commons Attribution-NonCommercial-ShareAlike 4.0,3.0,17:01,https://www.xeno-canto.org/508327,norpin/XC508327.ogg
norpin,[],['call'],37.1959,-7.5225,Anas acuta,Northern Pintail,Nelson Conceição,Creative Commons Attribution-NonCommercial-ShareAlike 4.0,4.0,17:03,https://www.xeno-canto.org/508329,norpin/XC508329.ogg
norpin,[],['call'],37.1959,-7.5225,Anas acuta,Northern Pintail,Nelson Conceição,Creative Commons Attribution-NonCommercial-ShareAlike 4.0,3.5,17:04,https://www.xeno-canto.org/508331,norpin/XC508331.ogg
norpin,[],['call'],37.1959,-7.5225,Anas acuta,Northern Pintail,Nelson Conceição,Creative Commons Attribution-NonCommercial-ShareAlike 4.0,3.5,17:09,https://www.xeno-canto.org/508337,norpin/XC508337.ogg
norpin,[],"['call', 'female', 'male']",34.7876,135.3934,Anas acuta,Northern Pintail,Anon Torimi,Creative Commons Attribution-NonCommercial-ShareAlike 4.0,4.5,10:00,https://www.xeno-canto.org/509528,norpin/XC509528.ogg
norpin,[],"['female', 'flight call', 'male', 'nocturnal flight call']",44.2051,132.4161,Anas acuta,Northern Pintail,Albert Lastukhin,Creative Commons Attribution-NonCommercial-ShareAlike 4.0,3.5,23:30,https://www.xeno-canto.org/513595,norpin/XC513595.ogg
norpin,[],"['call', 'sex uncertain']",25.6602,-109.0033,Anas acuta,Northern Pintail,Manuel Grosselet,Creative Commons Attribution-NonCommercial-ShareAlike 4.0,2.5,14:00,https://www.xeno-canto.org/521202,norpin/XC521202.ogg
norpin,[],"['call', 'flight call', 'nocturnal flight call']",53.9299,-2.9833,Anas acuta,Northern Pintail,Chris Batty,Creative Commons Attribution-NonCommercial-ShareAlike 4.0,2.5,02:30,https://www.xeno-canto.org/523173,norpin/XC523173.ogg
norpin,[],['nocturnal flight call'],52.1418,5.3724,Anas acuta,Northern Pintail,Frank Pierik,Creative Commons Attribution-NonCommercial-ShareAlike 4.0,1.0,01:33,https://www.xeno-canto.org/533229,norpin/XC533229.ogg
norpin,[],['flight call'],53.5342,8.6032,Anas acuta,Northern Pintail,Franck Hollander,Creative Commons Attribution-NonCommercial-ShareAlike 4.0,0.0,04:00,https://www.xeno-canto.org/540037,norpin/XC540037.ogg
norpin,[],"['flight call', 'nocturnal flight call']",52.2183,0.1441,Anas acuta,Northern Pintail,Simon Gillings,Creative Commons Attribution-NonCommercial-ShareAlike 4.0,1.0,03:04,https://www.xeno-canto.org/540360,norpin/XC540360.ogg
norpin,[],['flight call'],53.5342,8.6032,Anas acuta,Northern Pintail,Franck Hollander,Creative Commons Attribution-NonCommercial-ShareAlike 4.0,0.0,22:45,https://www.xeno-canto.org/540570,norpin/XC540570.ogg
norpin,['mallar3'],"['nocturnal flight call', 'sex uncertain']",49.4501,0.3498,Anas acuta,Northern Pintail,Yannick Jacob,Creative Commons Attribution-NonCommercial-ShareAlike 4.0,2.5,20:30,https://www.xeno-canto.org/541010,norpin/XC541010.ogg
norpin,[],['nocturnal flight call'],48.9648,4.3523,Anas acuta,Northern Pintail,SALMON Antoine,Creative Commons Attribution-NonCommercial-ShareAlike 4.0,0.0,01:00,https://www.xeno-canto.org/541341,norpin/XC541341.ogg
norpin,[],['flight call'],53.5342,8.6032,Anas acuta,Northern Pintail,Franck Hollander,Creative Commons Attribution-NonCommercial-ShareAlike 4.0,0.0,23:30,https://www.xeno-canto.org/542124,norpin/XC542124.ogg
norpin,[],"['male', 'nocturnal flight call']",55.5042,9.7364,Anas acuta,Northern Pintail,Michael Brunhøj Hansen,Creative Commons Attribution-NonCommercial-ShareAlike 4.0,4.0,23:10,https://www.xeno-canto.org/542404,norpin/XC542404.ogg
norpin,[],"['male', 'nocturnal flight call']",55.5042,9.7364,Anas acuta,Northern Pintail,Michael Brunhøj Hansen,Creative Commons Attribution-NonCommercial-ShareAlike 4.0,4.0,20:08,https://www.xeno-canto.org/542450,norpin/XC542450.ogg
norpin,[],['nocturnal flight call'],43.9348,4.8056,Anas acuta,Northern Pintail,Charlie BODIN,Creative Commons Attribution-NonCommercial-ShareAlike 4.0,0.0,02:00,https://www.xeno-canto.org/544774,norpin/XC544774.ogg
norpin,[],['nocturnal flight call'],45.3103,1.639,Anas acuta,Northern Pintail,Julien Barataud,Creative Commons Attribution-NonCommercial-ShareAlike 4.0,3.0,05:35,https://www.xeno-canto.org/545460,norpin/XC545460.ogg
norpin,[],['nocturnal flight call'],50.8297,3.2408,Anas acuta,Northern Pintail,Ignaas Robbe,Creative Commons Attribution-NonCommercial-ShareAlike 4.0,4.0,01:30,https://www.xeno-canto.org/546336,norpin/XC546336.ogg
norpin,"['gnwtea', 'mallar3']","['call', 'male']",64.3966,21.0201,Anas acuta,Northern Pintail,Lars Edenius,Creative Commons Attribution-NonCommercial-ShareAlike 4.0,3.5,20:00,https://www.xeno-canto.org/551650,norpin/XC551650.ogg
norpin,[],"['call', 'male']",64.3966,21.0201,Anas acuta,Northern Pintail,Lars Edenius,Creative Commons Attribution-NonCommercial-ShareAlike 4.0,4.0,20:00,https://www.xeno-canto.org/551679,norpin/XC551679.ogg
norpin,['gnwtea'],['call'],64.3966,21.0201,Anas acuta,Northern Pintail,Lars Edenius,Creative Commons Attribution-NonCommercial-ShareAlike 4.0,2.5,20:00,https://www.xeno-canto.org/551683,norpin/XC551683.ogg
norpin,[],['nocturnal flight call'],41.9919,1.5099,Anas acuta,Northern Pintail,Lluís Brotons,Creative Commons Attribution-NonCommercial-ShareAlike 4.0,3.0,00:30,https://www.xeno-canto.org/552809,norpin/XC552809.ogg
norpin,[],['nocturnal flight call'],55.4107,12.8449,Anas acuta,Northern Pintail,Johan Lorentzon,Creative Commons Attribution-NonCommercial-ShareAlike 4.0,4.0,03:45,https://www.xeno-canto.org/598890,norpin/XC598890.ogg
norpin,['mallar3'],"['adult', 'call', 'male']",59.874,-1.2773,Anas acuta,Northern Pintail,Andrew Harrop,Creative Commons Attribution-NonCommercial-ShareAlike 4.0,2.5,12:00,https://www.xeno-canto.org/606093,norpin/XC606093.ogg
norpin,[],"['adult', 'call', 'male']",59.874,-1.2773,Anas acuta,Northern Pintail,Andrew Harrop,Creative Commons Attribution-NonCommercial-ShareAlike 4.0,3.0,12:00,https://www.xeno-canto.org/606095,norpin/XC606095.ogg
norpin,"['bongul', 'lesyel']","['adult', 'call', 'sex uncertain']",67.9125,-140.6988,Anas acuta,Northern Pintail,Logan McLeod,Creative Commons Attribution-NonCommercial-ShareAlike 4.0,4.5,00:00,https://www.xeno-canto.org/610280,norpin/XC610280.ogg
norpin,['norsho'],['call'],42.2248,3.0921,Anas acuta,Northern Pintail,Sean Ronayne,Creative Commons Attribution-NonCommercial-ShareAlike 4.0,4.5,13:00,https://www.xeno-canto.org/611504,norpin/XC611504.ogg
norpin,['gnwtea'],"['adult', 'call', 'female', 'male']",53.3723,-6.1492,Anas acuta,Northern Pintail,Alan Dalton,Creative Commons Attribution-NonCommercial-ShareAlike 4.0,4.5,10:30,https://www.xeno-canto.org/611629,norpin/XC611629.ogg
norpin,[],"['adult', 'call', 'female', 'highway traffic humm.', 'male']",31.7669,-111.0341,Anas acuta,Northern Pintail,Janine McCabe,Creative Commons Attribution-NonCommercial-ShareAlike 4.0,2.0,03:30,https://www.xeno-canto.org/614150,norpin/XC614150.ogg
norpin,['gnwtea'],['call'],46.7567,1.1693,Anas acuta,Northern Pintail,Stanislas Wroza,Creative Commons Attribution-NonCommercial-ShareAlike 4.0,3.5,10:00,https://www.xeno-canto.org/615278,norpin/XC615278.ogg
norpin,['gnwtea'],['call'],46.7567,1.1693,Anas acuta,Northern Pintail,Stanislas Wroza,Creative Commons Attribution-NonCommercial-ShareAlike 4.0,3.5,10:00,https://www.xeno-canto.org/615279,norpin/XC615279.ogg
norpin,[],"['adult', 'call', 'female', 'male']",33.8062,-106.8787,Anas acuta,Northern Pintail,Sue Riffe,Creative Commons Attribution-NonCommercial-ShareAlike 4.0,3.5,9:19,https://www.xeno-canto.org/616572,norpin/XC616572.ogg
norpin,[],"['call', 'male']",52.5495,-0.7436,Anas acuta,Northern Pintail,Andrew Harrop,Creative Commons Attribution-NonCommercial-ShareAlike 4.0,3.0,11:00,https://www.xeno-canto.org/617858,norpin/XC617858.ogg
norpin,['amewig'],"['adult', 'call', 'male']",32.564,-117.1256,Anas acuta,Northern Pintail,Paul Marvin,Creative Commons Attribution-NonCommercial-ShareAlike 4.0,3.5,08:31,https://www.xeno-canto.org/621202,norpin/XC621202.ogg
norpin,[],"['call', 'flight call', 'nocturnal flight call']",54.2081,-0.2889,Anas acuta,Northern Pintail,Mark Pearson,Creative Commons Attribution-NonCommercial-ShareAlike 4.0,4.0,23:19,https://www.xeno-canto.org/623512,norpin/XC623512.ogg
norpin,['bkbplo'],['call'],16.4294,-94.8793,Anas acuta,Northern Pintail,Manuel Grosselet,Creative Commons Attribution-NonCommercial-ShareAlike 4.0,2.5,07:30,https://www.xeno-canto.org/623961,norpin/XC623961.ogg
norpin,[],['call'],16.4294,-94.8793,Anas acuta,Northern Pintail,Manuel Grosselet,Creative Commons Attribution-NonCommercial-ShareAlike 4.0,4.0,07:30,https://www.xeno-canto.org/623962,norpin/XC623962.ogg
norpin,[],"['call', 'life stage uncertain', 'sex uncertain']",52.0831,5.6141,Anas acuta,Northern Pintail,Jorrit Vlot,Creative Commons Attribution-NonCommercial-ShareAlike 4.0,1.0,02:00,https://www.xeno-canto.org/624461,norpin/XC624461.ogg
norpin,[],['nocturnal flight call'],43.5352,-1.4475,Anas acuta,Northern Pintail,Frédéric Cazaban,Creative Commons Attribution-NonCommercial-ShareAlike 4.0,4.0,01:03,https://www.xeno-canto.org/624771,norpin/XC624771.ogg
norpin,[],['call'],35.7109,139.7711,Anas acuta,Northern Pintail,Jerome Chie-Jen Ko,Creative Commons Attribution-NonCommercial-ShareAlike 4.0,2.5,11:08,https://www.xeno-canto.org/627391,norpin/XC627391.ogg
norpin,[],"['call', 'flight call', 'nocturnal flight call']",54.2081,-0.2889,Anas acuta,Northern Pintail,Mark Pearson,Creative Commons Attribution-NonCommercial-ShareAlike 4.0,4.0,19:15,https://www.xeno-canto.org/627557,norpin/XC627557.ogg
norpin,[],"['flight call', 'male', 'nocturnal flight call']",52.2183,0.1441,Anas acuta,Northern Pintail,Simon Gillings,Creative Commons Attribution-NonCommercial-ShareAlike 4.0,4.0,22:30,https://www.xeno-canto.org/627633,norpin/XC627633.ogg
norpin,[],['call'],46.0038,-0.6294,Anas acuta,Northern Pintail,Bernard BOUSQUET,Creative Commons Attribution-NonCommercial-ShareAlike 4.0,3.0,15:00,https://www.xeno-canto.org/627636,norpin/XC627636.ogg
norpin,[],['nocturnal flight call'],51.0602,13.7714,Anas acuta,Northern Pintail,Jens Loose,Creative Commons Attribution-ShareAlike 4.0,4.0,01:23,https://www.xeno-canto.org/630615,norpin/XC630615.ogg
norpin,[],['call'],46.98,7.038,Anas acuta,Northern Pintail,Jerome Fischer,Creative Commons Attribution-NonCommercial-ShareAlike 4.0,2.0,19:00,https://www.xeno-canto.org/631231,norpin/XC631231.ogg
norpin,[],['nocturnal flight call'],52.1418,5.3724,Anas acuta,Northern Pintail,Frank Pierik,Creative Commons Attribution-NonCommercial-ShareAlike 4.0,3.0,21:18,https://www.xeno-canto.org/631308,norpin/XC631308.ogg
norpin,[],['nocturnal flight call'],50.7542,4.5672,Anas acuta,Northern Pintail,Frederik Fluyt,Creative Commons Attribution-NonCommercial-ShareAlike 4.0,4.0,02:00,https://www.xeno-canto.org/631459,norpin/XC631459.ogg
norpin,[],['nocturnal flight call'],51.8346,5.8519,Anas acuta,Northern Pintail,Martijn Verdoes,Creative Commons Attribution-NonCommercial-ShareAlike 4.0,3.0,02:25,https://www.xeno-canto.org/631637,norpin/XC631637.ogg
norpin,[],"['flight call', 'nocturnal flight call']",52.3559,4.9373,Anas acuta,Northern Pintail,guus van duin,Creative Commons Attribution-NonCommercial-ShareAlike 4.0,4.0,02:17,https://www.xeno-canto.org/631733,norpin/XC631733.ogg
norpin,['gnwtea'],['nocturnal flight call'],50.7542,4.5672,Anas acuta,Northern Pintail,Frederik Fluyt,Creative Commons Attribution-NonCommercial-ShareAlike 4.0,2.5,03:30,https://www.xeno-canto.org/631859,norpin/XC631859.ogg
norpin,[],['nocturnal flight call'],52.3287,21.0961,Anas acuta,Northern Pintail,Tomasz Wałachowski,Creative Commons Attribution-NonCommercial-ShareAlike 4.0,3.0,20:00,https://www.xeno-canto.org/632180,norpin/XC632180.ogg
norpin,[],['nocturnal flight call'],53.5342,8.6032,Anas acuta,Northern Pintail,Franck Hollander,Creative Commons Attribution-NonCommercial-ShareAlike 4.0,3.0,00:30,https://www.xeno-canto.org/632559,norpin/XC632559.ogg
norpin,[],"['female', 'male', 'nocturnal flight call']",53.5342,8.6032,Anas acuta,Northern Pintail,Franck Hollander,Creative Commons Attribution-NonCommercial-ShareAlike 4.0,2.0,04:00,https://www.xeno-canto.org/632564,norpin/XC632564.ogg
norpin,[],['uncertain'],47.4314,-0.5948,Anas acuta,Northern Pintail,Siméon Béasse,Creative Commons Attribution-NonCommercial-ShareAlike 4.0,4.0,05:30,https://www.xeno-canto.org/634259,norpin/XC634259.ogg
norpin,[],['nocturnal flight call'],52.1593,5.3563,Anas acuta,Northern Pintail,Johan Jordaans,Creative Commons Attribution-NonCommercial-ShareAlike 4.0,2.0,04:45,https://www.xeno-canto.org/636005,norpin/XC636005.ogg
norpin,[],['nocturnal flight call'],48.0228,0.1995,Anas acuta,Northern Pintail,Christian Kerihuel,Creative Commons Attribution-NonCommercial-ShareAlike 4.0,2.0,01:00,https://www.xeno-canto.org/637035,norpin/XC637035.ogg
norpin,[],['nocturnal flight call'],51.3532,-0.1461,Anas acuta,Northern Pintail,Arjun Dutta,Creative Commons Attribution-NonCommercial-ShareAlike 4.0,1.0,22:34,https://www.xeno-canto.org/638305,norpin/XC638305.ogg
norpin,[],['nocturnal flight call'],48.7043,-2.9878,Anas acuta,Northern Pintail,LE ROY Renaud,Creative Commons Attribution-NonCommercial-ShareAlike 4.0,3.0,05:00,https://www.xeno-canto.org/638595,norpin/XC638595.ogg
norpin,[],['nocturnal flight call'],48.7043,-2.9878,Anas acuta,Northern Pintail,LE ROY Renaud,Creative Commons Attribution-NonCommercial-ShareAlike 4.0,3.0,03:30,https://www.xeno-canto.org/638816,norpin/XC638816.ogg
norpin,[],['nocturnal flight call'],47.3896,4.3069,Anas acuta,Northern Pintail,Kévin Giraudin,Creative Commons Attribution-NonCommercial-ShareAlike 4.0,5.0,01:24,https://www.xeno-canto.org/639213,norpin/XC639213.ogg
norpin,[],"['call', 'flight call', 'nocturnal flight call']",54.1145,-0.1224,Anas acuta,Northern Pintail,Mark Pearson,Creative Commons Attribution-NonCommercial-ShareAlike 4.0,4.0,23:16,https://www.xeno-canto.org/640218,norpin/XC640218.ogg
norpin,"['gnwtea', 'mallar3']",['song'],60.2409,25.21,Anas acuta,Northern Pintail,Hannu Varkki,Creative Commons Attribution-NonCommercial-ShareAlike 4.0,2.5,10:00,https://www.xeno-canto.org/642508,norpin/XC642508.ogg
norpin,[],['nocturnal flight call'],48.7043,-2.9878,Anas acuta,Northern Pintail,LE ROY Renaud,Creative Commons Attribution-NonCommercial-ShareAlike 4.0,3.0,03:30,https://www.xeno-canto.org/643257,norpin/XC643257.ogg
norpin,[],['nocturnal flight call'],52.0773,4.7608,Anas acuta,Northern Pintail,Martin Fousert,Creative Commons Attribution-NonCommercial-ShareAlike 4.0,3.0,23:33,https://www.xeno-canto.org/643765,norpin/XC643765.ogg
norpin,[],"['adult', 'nocturnal flight call']",51.5196,-0.3239,Anas acuta,Northern Pintail,Bill Haines,Creative Commons Attribution-NonCommercial-ShareAlike 4.0,5.0,23:25,https://www.xeno-canto.org/644369,norpin/XC644369.ogg
norpin,[],['nocturnal flight call'],53.5342,8.6032,Anas acuta,Northern Pintail,Franck Hollander,Creative Commons Attribution-NonCommercial-ShareAlike 4.0,2.0,00:00,https://www.xeno-canto.org/645073,norpin/XC645073.ogg
norpin,[],"['flight call', 'nocturnal flight call']",43.3448,-1.8045,Anas acuta,Northern Pintail,David Santamaría Urbano,Creative Commons Attribution-NonCommercial-ShareAlike 4.0,4.0,23:30,https://www.xeno-canto.org/647378,norpin/XC647378.ogg
norpin,[],['nocturnal flight call'],49.0523,-1.452,Anas acuta,Northern Pintail,LE ROY Renaud,Creative Commons Attribution-NonCommercial-ShareAlike 4.0,3.0,02:00,https://www.xeno-canto.org/647486,norpin/XC647486.ogg
norpin,['norsho'],"['call', 'male']",63.764,20.5198,Anas acuta,Northern Pintail,Lars Edenius,Creative Commons Attribution-NonCommercial-ShareAlike 4.0,3.5,19:00,https://www.xeno-canto.org/649855,norpin/XC649855.ogg
norpin,[],"['alarm call', 'call', 'female']",60.7269,27.0965,Anas acuta,Northern Pintail,Eetu Paljakka,Creative Commons Attribution-NonCommercial-ShareAlike 4.0,4.5,09:20,https://www.xeno-canto.org/650943,norpin/XC650943.ogg
norpin,[],"['flight call', 'nocturnal flight call']",59.9674,17.9371,Anas acuta,Northern Pintail,Robert Ekman,Creative Commons Attribution-NonCommercial-ShareAlike 4.0,1.0,00:27,https://www.xeno-canto.org/653478,norpin/XC653478.ogg
norsho,[],['call'],48.731,-102.703,Spatula clypeata,Northern Shoveler,Andrew Spencer,Creative Commons Attribution-NonCommercial-ShareAlike 3.0,5.0,07:45,https://www.xeno-canto.org/110104,norsho/XC110104.ogg
norsho,['mallar3'],"['call', 'female']",58.5731,14.2489,Spatula clypeata,Northern Shoveler,Patrik Åberg,Creative Commons Attribution-NonCommercial-ShareAlike 3.0,4.5,21:26,https://www.xeno-canto.org/112786,norsho/XC112786.ogg
norsho,[],"['call', 'female', 'male', 'song']",58.5731,14.2489,Spatula clypeata,Northern Shoveler,Patrik Åberg,Creative Commons Attribution-NonCommercial-ShareAlike 3.0,4.5,21:36,https://www.xeno-canto.org/112787,norsho/XC112787.ogg
norsho,[],"['male', 'song']",58.5731,14.2489,Spatula clypeata,Northern Shoveler,Patrik Åberg,Creative Commons Attribution-NonCommercial-ShareAlike 3.0,3.5,21:46,https://www.xeno-canto.org/112788,norsho/XC112788.ogg
norsho,[],"['call', 'male']",52.2776,20.9679,Spatula clypeata,Northern Shoveler,Jarek Matusiak,Creative Commons Attribution-NonCommercial-ShareAlike 3.0,5.0,15:00,https://www.xeno-canto.org/121694,norsho/XC121694.ogg
norsho,[],"['flight call', 'male']",52.2776,20.9679,Spatula clypeata,Northern Shoveler,Jarek Matusiak,Creative Commons Attribution-NonCommercial-ShareAlike 3.0,4.0,15:30,https://www.xeno-canto.org/121696,norsho/XC121696.ogg
norsho,[],['call'],53.0011,4.7554,Spatula clypeata,Northern Shoveler,Thijs Fijen,Creative Commons Attribution-NonCommercial-ShareAlike 3.0,4.0,15:00,https://www.xeno-canto.org/127773,norsho/XC127773.ogg
norsho,[],"['flight call', 'male']",46.154,-72.7455,Spatula clypeata,Northern Shoveler,Martin St-Michel,Creative Commons Attribution-NonCommercial-ShareAlike 3.0,3.5,06:29,https://www.xeno-canto.org/138003,norsho/XC138003.ogg
norsho,[],['call'],56.7264,-111.3803,Spatula clypeata,Northern Shoveler,Dugan Maynard,Creative Commons Attribution-NonCommercial-ShareAlike 3.0,2.5,22:00,https://www.xeno-canto.org/152416,norsho/XC152416.ogg
norsho,[],"['call', 'male']",51.7772,-103.5795,Spatula clypeata,Northern Shoveler,Ian Cruickshank,Creative Commons Attribution-NonCommercial-ShareAlike 3.0,4.0,13:00,https://www.xeno-canto.org/157453,norsho/XC157453.ogg
norsho,[],['call'],48.4448,-123.352,Spatula clypeata,Northern Shoveler,Ian Cruickshank,Creative Commons Attribution-NonCommercial-ShareAlike 3.0,2.0,16:00,https://www.xeno-canto.org/161636,norsho/XC161636.ogg
norsho,[],['call'],47.6688,-111.3328,Spatula clypeata,Northern Shoveler,Paul Marvin,Creative Commons Attribution-NonCommercial-ShareAlike 3.0,5.0,09:24,https://www.xeno-canto.org/163376,norsho/XC163376.ogg
norsho,[],"['flight call', 'wing noise']",47.6688,-111.3328,Spatula clypeata,Northern Shoveler,Paul Marvin,Creative Commons Attribution-NonCommercial-ShareAlike 3.0,4.0,09:05,https://www.xeno-canto.org/163692,norsho/XC163692.ogg
norsho,[],"['call', 'male', 'wing noise taking flight']",48.5934,-102.4606,Spatula clypeata,Northern Shoveler,Paul Driver,Creative Commons Attribution-NonCommercial-ShareAlike 3.0,5.0,08:00,https://www.xeno-canto.org/168803,norsho/XC168803.ogg
norsho,[],"['call', 'male', 'wing noise']",36.0753,-115.0101,Spatula clypeata,Northern Shoveler,Paul Driver,Creative Commons Attribution-NonCommercial-ShareAlike 3.0,5.0,07:30,https://www.xeno-canto.org/168805,norsho/XC168805.ogg
norsho,['gnwtea'],"['call', 'male']",36.0753,-115.0101,Spatula clypeata,Northern Shoveler,Paul Driver,Creative Commons Attribution-NonCommercial-ShareAlike 3.0,4.5,07:30,https://www.xeno-canto.org/168806,norsho/XC168806.ogg
norsho,[],"['female', 'male', 'song']",52.2051,19.7828,Spatula clypeata,Northern Shoveler,Jarek Matusiak,Creative Commons Attribution-NonCommercial-ShareAlike 4.0,5.0,17:00,https://www.xeno-canto.org/190728,norsho/XC190728.ogg
norsho,[],"['call', 'male']",52.2051,19.7828,Spatula clypeata,Northern Shoveler,Jarek Matusiak,Creative Commons Attribution-NonCommercial-ShareAlike 4.0,4.0,17:00,https://www.xeno-canto.org/190730,norsho/XC190730.ogg
norsho,[],"['call', 'flight call']",53.2959,22.6056,Spatula clypeata,Northern Shoveler,Tomek Tumiel,Creative Commons Attribution-NonCommercial-ShareAlike 4.0,5.0,22:00,https://www.xeno-canto.org/246540,norsho/XC246540.ogg
norsho,[],['call'],31.4954,-110.8536,Spatula clypeata,Northern Shoveler,Ross Gallardy,Creative Commons Attribution-NonCommercial-ShareAlike 4.0,3.0,09:30,https://www.xeno-canto.org/297517,norsho/XC297517.ogg
norsho,[],['wing beats'],34.7737,135.49,Spatula clypeata,Northern Shoveler,Anon Torimi,Creative Commons Attribution-NonCommercial-ShareAlike 4.0,4.0,09:00,https://www.xeno-canto.org/301021,norsho/XC301021.ogg
norsho,[],['call'],34.3945,-90.212,Spatula clypeata,Northern Shoveler,J.R. Rigby,Creative Commons Attribution-NonCommercial-ShareAlike 4.0,4.0,10:30,https://www.xeno-canto.org/308706,norsho/XC308706.ogg
norsho,[],"['alarm call', 'flight call']",19.462,-98.9683,Spatula clypeata,Northern Shoveler,Manuel Grosselet,Creative Commons Attribution-NonCommercial-ShareAlike 4.0,4.0,08:30,https://www.xeno-canto.org/309689,norsho/XC309689.ogg
norsho,[],['call'],52.3377,13.8286,Spatula clypeata,Northern Shoveler,Sonnenburg,Creative Commons Attribution-NonCommercial-ShareAlike 4.0,3.0,05:15,https://www.xeno-canto.org/313555,norsho/XC313555.ogg
norsho,[],"['alarm call', 'female']",59.3352,23.9364,Spatula clypeata,Northern Shoveler,Uku Paal,Creative Commons Attribution-NonCommercial-ShareAlike 4.0,1.5,06:00,https://www.xeno-canto.org/322578,norsho/XC322578.ogg
norsho,[],"['call', 'male']",64.0985,24.5342,Spatula clypeata,Northern Shoveler,Tero Linjama,Creative Commons Attribution-NonCommercial-ShareAlike 4.0,4.0,07:00,https://www.xeno-canto.org/340608,norsho/XC340608.ogg
norsho,[],"['call', 'female', 'male']",64.0985,24.5342,Spatula clypeata,Northern Shoveler,Tero Linjama,Creative Commons Attribution-NonCommercial-ShareAlike 4.0,3.0,07:00,https://www.xeno-canto.org/340609,norsho/XC340609.ogg
norsho,"['gnwtea', 'mallar3']","['call', 'female', 'male']",44.8951,11.1846,Spatula clypeata,Northern Shoveler,Francesco Sottile,Creative Commons Attribution-NonCommercial-ShareAlike 4.0,3.5,13:12,https://www.xeno-canto.org/357617,norsho/XC357617.ogg
norsho,['gnwtea'],"['call', 'male']",39.799,3.107,Spatula clypeata,Northern Shoveler,Jerome Fischer,Creative Commons Attribution-NonCommercial-ShareAlike 4.0,3.5,10:30,https://www.xeno-canto.org/358551,norsho/XC358551.ogg
norsho,[],['call'],63.8986,19.8494,Spatula clypeata,Northern Shoveler,Lars Edenius,Creative Commons Attribution-NonCommercial-ShareAlike 4.0,2.5,09:00,https://www.xeno-canto.org/368560,norsho/XC368560.ogg
norsho,[],"['flying in and landing on water', 'male', 'song']",40.5614,-106.4796,Spatula clypeata,Northern Shoveler,Sue Riffe,Creative Commons Attribution-NonCommercial-ShareAlike 4.0,5.0,6:34,https://www.xeno-canto.org/368726,norsho/XC368726.ogg
norsho,"['eurwig', 'mallar3']","['call', 'female', 'male', 'song']",69.598,18.823,Spatula clypeata,Northern Shoveler,Stein Ø. Nilsen,Creative Commons Attribution-NonCommercial-ShareAlike 4.0,4.5,08:30,https://www.xeno-canto.org/371899,norsho/XC371899.ogg
norsho,['mallar3'],"['flight call', 'male', 'song']",69.598,18.823,Spatula clypeata,Northern Shoveler,Stein Ø. Nilsen,Creative Commons Attribution-NonCommercial-ShareAlike 4.0,4.5,08:30,https://www.xeno-canto.org/371900,norsho/XC371900.ogg
norsho,[],['song'],52.65806,1.051941,Spatula clypeata,Northern Shoveler,David Farrow,Creative Commons Attribution-NonCommercial-ShareAlike 3.0,3.0,?:?,https://www.xeno-canto.org/37573,norsho/XC37573.ogg
norsho,[],"['Wing whir of bird flushing.', 'alarm call']",32.2791,-111.021,Spatula clypeata,Northern Shoveler,Janine McCabe,Creative Commons Attribution-NonCommercial-ShareAlike 4.0,3.0,07:30,https://www.xeno-canto.org/398515,norsho/XC398515.ogg
norsho,[],"['call', 'flight call']",45.8956,-1.0959,Spatula clypeata,Northern Shoveler,Stanislas Wroza,Creative Commons Attribution-NonCommercial-ShareAlike 4.0,0.0,08:30,https://www.xeno-canto.org/402163,norsho/XC402163.ogg
norsho,[],['call'],51.507,-0.1792,Spatula clypeata,Northern Shoveler,nick talbot,Creative Commons Attribution-NonCommercial-ShareAlike 4.0,3.5,12:30,https://www.xeno-canto.org/407021,norsho/XC407021.ogg
norsho,[],"['call', 'flight call']",63.8986,19.8494,Spatula clypeata,Northern Shoveler,Lars Edenius,Creative Commons Attribution-NonCommercial-ShareAlike 4.0,4.5,18:00,https://www.xeno-canto.org/413785,norsho/XC413785.ogg
norsho,['cangoo'],"['call', 'song']",58.5731,14.2489,Spatula clypeata,Northern Shoveler,Patrik Åberg,Creative Commons Attribution-NonCommercial-ShareAlike 3.0,4.5,?,https://www.xeno-canto.org/42544,norsho/XC42544.ogg
norsho,[],['song'],58.5731,14.2489,Spatula clypeata,Northern Shoveler,Patrik Åberg,Creative Commons Attribution-NonCommercial-ShareAlike 3.0,3.5,?,https://www.xeno-canto.org/42545,norsho/XC42545.ogg
norsho,[],['song'],56.3889,16.5651,Spatula clypeata,Northern Shoveler,Patrik Åberg,Creative Commons Attribution-NonCommercial-ShareAlike 3.0,2.5,?,https://www.xeno-canto.org/42546,norsho/XC42546.ogg
norsho,[],['song'],56.3889,16.5651,Spatula clypeata,Northern Shoveler,Patrik Åberg,Creative Commons Attribution-NonCommercial-ShareAlike 3.0,3.5,?,https://www.xeno-canto.org/42547,norsho/XC42547.ogg
norsho,[],['flight call'],52.0612,5.371,Spatula clypeata,Northern Shoveler,Aat Schaftenaar,Creative Commons Attribution-NonCommercial-ShareAlike 4.0,2.0,02:00,https://www.xeno-canto.org/429361,norsho/XC429361.ogg
norsho,[],['call'],51.3995,-0.0529,Spatula clypeata,Northern Shoveler,David Darrell-Lambert,Creative Commons Attribution-NonCommercial-ShareAlike 4.0,5.0,09:00,https://www.xeno-canto.org/447055,norsho/XC447055.ogg
norsho,['mallar3'],"['female', 'flight call', 'male']",41.681,0.9549,Spatula clypeata,Northern Shoveler,Jordi Calvet,Creative Commons Attribution-NonCommercial-ShareAlike 4.0,0.0,14:30,https://www.xeno-canto.org/448177,norsho/XC448177.ogg
norsho,[],['call'],32.6287,-116.923,Spatula clypeata,Northern Shoveler,Paul Marvin,Creative Commons Attribution-NonCommercial-ShareAlike 4.0,4.0,16:28,https://www.xeno-canto.org/448754,norsho/XC448754.ogg
norsho,['gnwtea'],"['female', 'male', 'song']",52.5656,4.6487,Spatula clypeata,Northern Shoveler,Guido O. Keijl,Creative Commons Attribution-NonCommercial-ShareAlike 4.0,1.5,15:20,https://www.xeno-canto.org/452330,norsho/XC452330.ogg
norsho,[],"['call', 'male']",30.9708,-103.7245,Spatula clypeata,Northern Shoveler,Paul Marvin,Creative Commons Attribution-NonCommercial-ShareAlike 4.0,4.0,09:50,https://www.xeno-canto.org/452629,norsho/XC452629.ogg
norsho,[],"['female', 'flight call']",26.1253,-97.9532,Spatula clypeata,Northern Shoveler,Paul Marvin,Creative Commons Attribution-NonCommercial-ShareAlike 4.0,4.0,10:15,https://www.xeno-canto.org/452700,norsho/XC452700.ogg
norsho,[],"['?', 'call']",41.957,-8.7464,Spatula clypeata,Northern Shoveler,Jorge Leitão,Creative Commons Attribution-NonCommercial-ShareAlike 4.0,2.0,11:52,https://www.xeno-canto.org/455574,norsho/XC455574.ogg
norsho,[],['call'],51.8885,-8.4872,Spatula clypeata,Northern Shoveler,Harry Hussey,Creative Commons Attribution-NonCommercial-ShareAlike 4.0,3.5,15:00,https://www.xeno-canto.org/462556,norsho/XC462556.ogg
norsho,[],['call'],51.8885,-8.4872,Spatula clypeata,Northern Shoveler,Harry Hussey,Creative Commons Attribution-NonCommercial-ShareAlike 4.0,4.5,15:24,https://www.xeno-canto.org/462570,norsho/XC462570.ogg
norsho,[],"['call', 'flight call']",48.7181,1.8306,Spatula clypeata,Northern Shoveler,Stanislas Wroza,Creative Commons Attribution-NonCommercial-ShareAlike 4.0,0.0,07:00,https://www.xeno-canto.org/464099,norsho/XC464099.ogg
norsho,[],"['call', 'flight call']",48.7181,1.8306,Spatula clypeata,Northern Shoveler,Stanislas Wroza,Creative Commons Attribution-NonCommercial-ShareAlike 4.0,0.0,07:00,https://www.xeno-canto.org/464100,norsho/XC464100.ogg
norsho,[],"['Nest call?', 'call', 'female', 'male']",49.4292,8.6563,Spatula clypeata,Northern Shoveler,Jorge Leitão,Creative Commons Attribution-NonCommercial-ShareAlike 4.0,2.5,10:46,https://www.xeno-canto.org/464945,norsho/XC464945.ogg
norsho,[],['call'],39.9911,-105.1203,Spatula clypeata,Northern Shoveler,Ted Floyd,Creative Commons Attribution-NonCommercial-ShareAlike 4.0,0.0,20:35,https://www.xeno-canto.org/465950,norsho/XC465950.ogg
norsho,[],['flight call'],52.3016,0.2678,Spatula clypeata,Northern Shoveler,Simon Gillings,Creative Commons Attribution-NonCommercial-ShareAlike 4.0,2.5,06:20,https://www.xeno-canto.org/471480,norsho/XC471480.ogg
norsho,[],"['alarm call', 'flight call']",52.3016,0.2678,Spatula clypeata,Northern Shoveler,Simon Gillings,Creative Commons Attribution-NonCommercial-ShareAlike 4.0,4.5,06:37,https://www.xeno-canto.org/471481,norsho/XC471481.ogg
norsho,['cangoo'],"['male', 'song']",63.6832,20.3362,Spatula clypeata,Northern Shoveler,Lars Edenius,Creative Commons Attribution-NonCommercial-ShareAlike 4.0,3.5,06:00,https://www.xeno-canto.org/475655,norsho/XC475655.ogg
norsho,[],"['female', 'male', 'song']",47.6137,-0.4994,Spatula clypeata,Northern Shoveler,Stanislas Wroza,Creative Commons Attribution-NonCommercial-ShareAlike 4.0,5.0,02:00,https://www.xeno-canto.org/476862,norsho/XC476862.ogg
norsho,[],"['flight call', 'male']",63.7599,20.2763,Spatula clypeata,Northern Shoveler,Lars Edenius,Creative Commons Attribution-NonCommercial-ShareAlike 4.0,4.0,07:00,https://www.xeno-canto.org/479841,norsho/XC479841.ogg
norsho,['fragul'],['call'],42.4433,-119.8267,Spatula clypeata,Northern Shoveler,Bruce Lagerquist,Creative Commons Attribution-NonCommercial-ShareAlike 4.0,3.5,13:00,https://www.xeno-canto.org/481274,norsho/XC481274.ogg
norsho,[],['flight call'],56.7237,46.9185,Spatula clypeata,Northern Shoveler,Albert Lastukhin,Creative Commons Attribution-NonCommercial-ShareAlike 4.0,2.0,04:00,https://www.xeno-canto.org/493086,norsho/XC493086.ogg
norsho,[],"['female', 'male', 'song']",49.2776,-1.402,Spatula clypeata,Northern Shoveler,Olivier SWIFT,Creative Commons Attribution-NonCommercial-ShareAlike 4.0,4.5,22:41,https://www.xeno-canto.org/501879,norsho/XC501879.ogg
norsho,[],['call'],34.7605,138.0151,Spatula clypeata,Northern Shoveler,Anon Torimi,Creative Commons Attribution-NonCommercial-ShareAlike 4.0,3.5,10:05,https://www.xeno-canto.org/520053,norsho/XC520053.ogg
norsho,[],['wing beats'],34.7605,138.0151,Spatula clypeata,Northern Shoveler,Anon Torimi,Creative Commons Attribution-NonCommercial-ShareAlike 4.0,5.0,10:00,https://www.xeno-canto.org/520074,norsho/XC520074.ogg
norsho,[],['call'],34.7605,138.0151,Spatula clypeata,Northern Shoveler,Anon Torimi,Creative Commons Attribution-NonCommercial-ShareAlike 4.0,3.0,11:30,https://www.xeno-canto.org/520201,norsho/XC520201.ogg
norsho,[],['call'],34.7605,138.0151,Spatula clypeata,Northern Shoveler,Anon Torimi,Creative Commons Attribution-NonCommercial-ShareAlike 4.0,5.0,10:05,https://www.xeno-canto.org/520221,norsho/XC520221.ogg
norsho,[],"['adult', 'call', 'male']",34.6965,135.8006,Spatula clypeata,Northern Shoveler,Anon Torimi,Creative Commons Attribution-NonCommercial-ShareAlike 4.0,3.5,13:25,https://www.xeno-canto.org/522489,norsho/XC522489.ogg
norsho,[],"['adult', 'call', 'male']",34.6965,135.8006,Spatula clypeata,Northern Shoveler,Anon Torimi,Creative Commons Attribution-NonCommercial-ShareAlike 4.0,3.5,13:25,https://www.xeno-canto.org/522490,norsho/XC522490.ogg
norsho,[],"['female', 'male', 'sound from foraging birds']",34.6965,135.8006,Spatula clypeata,Northern Shoveler,Anon Torimi,Creative Commons Attribution-NonCommercial-ShareAlike 4.0,4.5,14:05,https://www.xeno-canto.org/522918,norsho/XC522918.ogg
norsho,[],"['adult', 'landing on water', 'male', 'wing beats']",38.9381,-74.9446,Spatula clypeata,Northern Shoveler,Sue Riffe,Creative Commons Attribution-NonCommercial-ShareAlike 4.0,4.0,14:18,https://www.xeno-canto.org/536891,norsho/XC536891.ogg
norsho,[],"['flight call', 'nocturnal flight call', 'wing-noise']",51.8769,-0.5947,Spatula clypeata,Northern Shoveler,Mark G. Telfer,Creative Commons Attribution-NonCommercial-ShareAlike 4.0,3.0,21:04,https://www.xeno-canto.org/540737,norsho/XC540737.ogg
norsho,[],['nocturnal flight call'],50.1765,3.6608,Spatula clypeata,Northern Shoveler,Quentin Dupriez,Creative Commons Attribution-NonCommercial-ShareAlike 4.0,0.0,00:03,https://www.xeno-canto.org/540953,norsho/XC540953.ogg
norsho,[],['nocturnal flight call'],49.2816,-0.206,Spatula clypeata,Northern Shoveler,Grégory Bruneau,Creative Commons Attribution-NonCommercial-ShareAlike 4.0,0.0,23:30,https://www.xeno-canto.org/541310,norsho/XC541310.ogg
norsho,"['eurwig', 'gnwtea']","['male', 'song']",60.2145,25.0191,Spatula clypeata,Northern Shoveler,Hannu Varkki,Creative Commons Attribution-NonCommercial-ShareAlike 4.0,2.5,04:30,https://www.xeno-canto.org/546738,norsho/XC546738.ogg
norsho,[],['nocturnal flight call'],48.675,2.3501,Spatula clypeata,Northern Shoveler,julien Rochefort,Creative Commons Attribution-NonCommercial-ShareAlike 4.0,4.0,02:45,https://www.xeno-canto.org/559481,norsho/XC559481.ogg
norsho,[],"['adult', 'call', 'sex uncertain']",52.963,0.6042,Spatula clypeata,Northern Shoveler,Gary Elton,Creative Commons Attribution-NonCommercial-ShareAlike 4.0,4.5,17:30,https://www.xeno-canto.org/573697,norsho/XC573697.ogg
norsho,[],"['call', 'female', 'male', 'wing flutter']",63.501,19.4221,Spatula clypeata,Northern Shoveler,Lars Edenius,Creative Commons Attribution-NonCommercial-ShareAlike 4.0,5.0,02:30,https://www.xeno-canto.org/586812,norsho/XC586812.ogg
norsho,[],['nocturnal flight call'],48.675,2.3501,Spatula clypeata,Northern Shoveler,julien Rochefort,Creative Commons Attribution-NonCommercial-ShareAlike 4.0,4.0,02:45,https://www.xeno-canto.org/596587,norsho/XC596587.ogg
norsho,[],"['adult', 'call', 'male']",51.8865,-8.4876,Spatula clypeata,Northern Shoveler,Mr Mark Shorten,Creative Commons Attribution-NonCommercial-ShareAlike 4.0,4.0,11:30,https://www.xeno-canto.org/598204,norsho/XC598204.ogg
norsho,[],"['adult', 'call', 'sex uncertain']",32.084,-109.051,Spatula clypeata,Northern Shoveler,Richard E. Webster,Creative Commons Attribution-NonCommercial-ShareAlike 4.0,3.5,07:09,https://www.xeno-canto.org/611078,norsho/XC611078.ogg
norsho,"['gamqua', 'moudov']","['adult', 'call', 'sex uncertain']",31.5633,-109.716,Spatula clypeata,Northern Shoveler,Richard E. Webster,Creative Commons Attribution-NonCommercial-ShareAlike 4.0,3.5,17:39,https://www.xeno-canto.org/611080,norsho/XC611080.ogg
norsho,[],"['adult', 'call', 'female', 'male']",31.5633,-109.716,Spatula clypeata,Northern Shoveler,Richard E. Webster,Creative Commons Attribution-NonCommercial-ShareAlike 4.0,3.5,17:36,https://www.xeno-canto.org/611081,norsho/XC611081.ogg
norsho,[],['call'],52.0104,4.9211,Spatula clypeata,Northern Shoveler,Albert Noorlander,Creative Commons Attribution-NonCommercial-ShareAlike 4.0,5.0,10:15,https://www.xeno-canto.org/615222,norsho/XC615222.ogg
norsho,[],['flight call'],46.3725,0.8185,Spatula clypeata,Northern Shoveler,Stanislas Wroza,Creative Commons Attribution-NonCommercial-ShareAlike 4.0,4.0,09:00,https://www.xeno-canto.org/615990,norsho/XC615990.ogg
norsho,[],['flight call'],46.3725,0.8185,Spatula clypeata,Northern Shoveler,Stanislas Wroza,Creative Commons Attribution-NonCommercial-ShareAlike 4.0,4.0,09:00,https://www.xeno-canto.org/615992,norsho/XC615992.ogg
norsho,[],['flight call'],46.3725,0.8185,Spatula clypeata,Northern Shoveler,Stanislas Wroza,Creative Commons Attribution-NonCommercial-ShareAlike 4.0,4.0,09:00,https://www.xeno-canto.org/615995,norsho/XC615995.ogg
norsho,[],"['call', 'male']",35.0659,135.5667,Spatula clypeata,Northern Shoveler,Anon Torimi,Creative Commons Attribution-NonCommercial-ShareAlike 4.0,4.0,09:55,https://www.xeno-canto.org/625510,norsho/XC625510.ogg
norsho,['gnwtea'],['call'],35.0659,135.5667,Spatula clypeata,Northern Shoveler,Anon Torimi,Creative Commons Attribution-NonCommercial-ShareAlike 4.0,3.5,09:50,https://www.xeno-canto.org/625512,norsho/XC625512.ogg
norsho,[],['call'],51.8585,-8.2699,Spatula clypeata,Northern Shoveler,Irish Wildlife Sounds,Creative Commons Attribution-NonCommercial-ShareAlike 4.0,2.0,08:00,https://www.xeno-canto.org/627085,norsho/XC627085.ogg
norsho,[],['song'],50.4485,8.9115,Spatula clypeata,Northern Shoveler,brickegickel,Creative Commons Attribution-NonCommercial-ShareAlike 4.0,4.0,13:00,https://www.xeno-canto.org/630273,norsho/XC630273.ogg
norsho,[],['uncertain'],47.4314,-0.5948,Spatula clypeata,Northern Shoveler,Siméon Béasse,Creative Commons Attribution-NonCommercial-ShareAlike 4.0,5.0,02:00,https://www.xeno-canto.org/634261,norsho/XC634261.ogg
norsho,[],"['male', 'song']",48.7208,2.1976,Spatula clypeata,Northern Shoveler,Cédric JOUVE,Creative Commons Attribution-NonCommercial-ShareAlike 4.0,3.0,04:00,https://www.xeno-canto.org/634557,norsho/XC634557.ogg
norsho,[],['call'],50.4876,3.0646,Spatula clypeata,Northern Shoveler,Adrien Mauss,Creative Commons Attribution-NonCommercial-ShareAlike 4.0,4.5,05:10,https://www.xeno-canto.org/635744,norsho/XC635744.ogg
norsho,['cangoo'],['call'],48.725,1.8083,Spatula clypeata,Northern Shoveler,Tanguy Loïs,Creative Commons Attribution-NonCommercial-ShareAlike 4.0,3.5,08:00,https://www.xeno-canto.org/637065,norsho/XC637065.ogg
norsho,[],['nocturnal flight call'],48.9783,3.0257,Spatula clypeata,Northern Shoveler,Antoine Kita,Creative Commons Attribution-NonCommercial-ShareAlike 4.0,3.0,02:30,https://www.xeno-canto.org/637454,norsho/XC637454.ogg
norsho,['mallar3'],"['adult', 'call', 'female', 'male', 'song']",59.5496,18.1602,Spatula clypeata,Northern Shoveler,Alan Dalton,Creative Commons Attribution-NonCommercial-ShareAlike 4.0,4.5,08:00,https://www.xeno-canto.org/645672,norsho/XC645672.ogg
norsho,['mallar3'],"['adult', 'call', 'male', 'song']",59.5496,18.1602,Spatula clypeata,Northern Shoveler,Alan Dalton,Creative Commons Attribution-NonCommercial-ShareAlike 4.0,4.5,08:00,https://www.xeno-canto.org/645673,norsho/XC645673.ogg
norsho,[],"['adult', 'alarm call', 'call', 'male']",58.5698,-4.7447,Spatula clypeata,Northern Shoveler,Peter Stronach,Creative Commons Attribution-NonCommercial-ShareAlike 4.0,4.5,19:57,https://www.xeno-canto.org/651043,norsho/XC651043.ogg
norsho,[],"['adult', 'alarm call', 'call', 'female', 'flight call', 'male']",58.5698,-4.7447,Spatula clypeata,Northern Shoveler,Peter Stronach,Creative Commons Attribution-NonCommercial-ShareAlike 4.0,4.5,19:27,https://www.xeno-canto.org/651045,norsho/XC651045.ogg
norsho,[],"['adult', 'alarm call', 'call', 'flight call', 'male']",58.5698,-4.7447,Spatula clypeata,Northern Shoveler,Peter Stronach,Creative Commons Attribution-NonCommercial-ShareAlike 4.0,4.5,19:44,https://www.xeno-canto.org/651046,norsho/XC651046.ogg
norsho,[],"['call', 'display', 'female', 'male', 'song', 'wingbeats']",60.2409,25.21,Spatula clypeata,Northern Shoveler,Hannu Varkki,Creative Commons Attribution-NonCommercial-ShareAlike 4.0,2.5,08:40,https://www.xeno-canto.org/665150,norsho/XC665150.ogg
norsho,[],"['call', 'female']",46.924,5.0674,Spatula clypeata,Northern Shoveler,Philippe Gayet,Creative Commons Attribution-NonCommercial-ShareAlike 4.0,4.0,18:30,https://www.xeno-canto.org/665863,norsho/XC665863.ogg
norsho,[],"['call', 'female']",46.924,5.0674,Spatula clypeata,Northern Shoveler,Philippe Gayet,Creative Commons Attribution-NonCommercial-ShareAlike 4.0,5.0,18:30,https://www.xeno-canto.org/665864,norsho/XC665864.ogg
norsho,['mallar3'],['Song'],58.5731,14.2489,Spatula clypeata,Northern Shoveler,Patrik Åberg,Creative Commons Attribution-NonCommercial-ShareAlike 3.0,3.5,21:19,https://www.xeno-canto.org/67253,norsho/XC67253.ogg
nutman,[],['call'],32.7896,-117.0443,Lonchura punctulata,Scaly-breasted Munia,Garrett MacDonald,Creative Commons Attribution-NonCommercial-ShareAlike 3.0,3.0,16:00,https://www.xeno-canto.org/150004,nutman/XC150004.ogg
nutman,[],['call'],5.2205,118.5499,Lonchura punctulata,Scaly-breasted Munia,Mike Nelson,Creative Commons Attribution-NonCommercial-ShareAlike 3.0,4.0,09:00,https://www.xeno-canto.org/151096,nutman/XC151096.ogg
nutman,"['norcar', 'saffin', 'warwhe1']",['call'],19.8208,-155.8373,Lonchura punctulata,Scaly-breasted Munia,Dan Lane,Creative Commons Attribution-NonCommercial-ShareAlike 4.0,3.5,09:30,https://www.xeno-canto.org/175525,nutman/XC175525.ogg
nutman,[],['call'],14.0934,-87.2008,Lonchura punctulata,Scaly-breasted Munia,Mayron McKewy Mejía,Creative Commons Attribution-NonCommercial-ShareAlike 4.0,3.5,06:30,https://www.xeno-canto.org/189438,nutman/XC189438.ogg
nutman,[],['call'],34.192,-118.175,Lonchura punctulata,Scaly-breasted Munia,Lance A. M. Benner,Creative Commons Attribution-NonCommercial-ShareAlike 4.0,3.5,07:58,https://www.xeno-canto.org/189597,nutman/XC189597.ogg
nutman,[],"['begging call', 'juvenile']",-20.1986,57.5174,Lonchura punctulata,Scaly-breasted Munia,Albert Lastukhin & Alexandr Shirjaev,Creative Commons Attribution-NonCommercial-ShareAlike 4.0,4.5,10:00,https://www.xeno-canto.org/198481,nutman/XC198481.ogg
nutman,[],"['begging call', 'call']",-20.1986,57.5174,Lonchura punctulata,Scaly-breasted Munia,Albert Lastukhin & Alexandr Shirjaev,Creative Commons Attribution-NonCommercial-ShareAlike 4.0,3.5,10:00,https://www.xeno-canto.org/198482,nutman/XC198482.ogg
nutman,['commyn'],['call'],-20.1986,57.5174,Lonchura punctulata,Scaly-breasted Munia,Albert Lastukhin & Alexandr Shirjaev,Creative Commons Attribution-NonCommercial-ShareAlike 4.0,3.5,09:00,https://www.xeno-canto.org/202650,nutman/XC202650.ogg
nutman,[],"['call', 'flight call']",-8.3556,124.1333,Lonchura punctulata,Scaly-breasted Munia,Mike Nelson,Creative Commons Attribution-NonCommercial-ShareAlike 4.0,4.0,17:30,https://www.xeno-canto.org/204627,nutman/XC204627.ogg
nutman,[],['call'],21.4581,-157.7252,Lonchura punctulata,Scaly-breasted Munia,Ross Gallardy,Creative Commons Attribution-NonCommercial-ShareAlike 4.0,3.0,16:00,https://www.xeno-canto.org/207443,nutman/XC207443.ogg
nutman,[],['flight call'],15.5442,73.7733,Lonchura punctulata,Scaly-breasted Munia,Albert Lastukhin & Sergei Karpeev,Creative Commons Attribution-NonCommercial-ShareAlike 4.0,1.5,08:30,https://www.xeno-canto.org/209553,nutman/XC209553.ogg
nutman,[],"['call', 'flight call']",19.8334,-70.7599,Lonchura punctulata,Scaly-breasted Munia,Albert Lastukhin & Max Lastukhin,Creative Commons Attribution-NonCommercial-ShareAlike 4.0,2.5,09:30,https://www.xeno-canto.org/213171,nutman/XC213171.ogg
nutman,[],['call'],19.8334,-70.7599,Lonchura punctulata,Scaly-breasted Munia,Albert Lastukhin,Creative Commons Attribution-NonCommercial-ShareAlike 4.0,2.0,09:30,https://www.xeno-canto.org/213172,nutman/XC213172.ogg
nutman,[],"['call', 'juvenile']",-6.5998,106.7962,Lonchura punctulata,Scaly-breasted Munia,Paulo Alves,Creative Commons Attribution-NonCommercial-ShareAlike 4.0,3.5,07:30,https://www.xeno-canto.org/217350,nutman/XC217350.ogg
nutman,[],"['begging call', 'juvenile']",-6.5998,106.7962,Lonchura punctulata,Scaly-breasted Munia,Paulo Alves,Creative Commons Attribution-NonCommercial-ShareAlike 4.0,5.0,07:30,https://www.xeno-canto.org/217351,nutman/XC217351.ogg
nutman,"['bknsti', 'hawcoo', 'wesmea']",['call'],22.2029,-159.473,Lonchura punctulata,Scaly-breasted Munia,Dan Lane,Creative Commons Attribution-NonCommercial-ShareAlike 4.0,2.5,09:30,https://www.xeno-canto.org/235006,nutman/XC235006.ogg
nutman,[],['flight call'],-2.9955,114.3742,Lonchura punctulata,Scaly-breasted Munia,Paulo Alves,Creative Commons Attribution-NonCommercial-ShareAlike 4.0,4.0,06:00,https://www.xeno-canto.org/236335,nutman/XC236335.ogg
nutman,[],"['call', 'flight call']",-6.7341,107.0095,Lonchura punctulata,Scaly-breasted Munia,Paulo Alves,Creative Commons Attribution-NonCommercial-ShareAlike 4.0,3.0,17:00,https://www.xeno-canto.org/237114,nutman/XC237114.ogg
nutman,[],"['call', 'flight call']",33.6172,-117.6585,Lonchura punctulata,Scaly-breasted Munia,Elisa Yang ,Creative Commons Attribution-NonCommercial-ShareAlike 4.0,2.5,19:00,https://www.xeno-canto.org/268840,nutman/XC268840.ogg
nutman,[],['call'],32.7896,-117.0443,Lonchura punctulata,Scaly-breasted Munia,Paul Marvin,Creative Commons Attribution-NonCommercial-ShareAlike 4.0,4.5,07:55,https://www.xeno-canto.org/295802,nutman/XC295802.ogg
nutman,[],['call'],32.7896,-117.0443,Lonchura punctulata,Scaly-breasted Munia,Paul Marvin,Creative Commons Attribution-NonCommercial-ShareAlike 4.0,3.5,07:58,https://www.xeno-canto.org/295832,nutman/XC295832.ogg
nutman,[],['call'],21.0125,105.8437,Lonchura punctulata,Scaly-breasted Munia,nick talbot,Creative Commons Attribution-NonCommercial-ShareAlike 4.0,3.0,11:00,https://www.xeno-canto.org/305700,nutman/XC305700.ogg
nutman,[],['call'],15.8801,108.338,Lonchura punctulata,Scaly-breasted Munia,nick talbot,Creative Commons Attribution-NonCommercial-ShareAlike 4.0,4.0,08:00,https://www.xeno-canto.org/307473,nutman/XC307473.ogg
nutman,[],['call'],-8.7234,115.1703,Lonchura punctulata,Scaly-breasted Munia,Allen T. Chartier,Creative Commons Attribution-NonCommercial-ShareAlike 3.0,3.0,?,https://www.xeno-canto.org/31393,nutman/XC31393.ogg
nutman,[],"['call', 'interaction calls']",33.0056,-117.0122,Lonchura punctulata,Scaly-breasted Munia,Joshua Jaeger,Creative Commons Attribution-NonCommercial-ShareAlike 4.0,3.5,15:40,https://www.xeno-canto.org/330117,nutman/XC330117.ogg
nutman,['houfin'],"['call', 'juvenile']",32.4754,-117.1141,Lonchura punctulata,Scaly-breasted Munia,Manuel Grosselet,Creative Commons Attribution-NonCommercial-ShareAlike 4.0,3.5,08:00,https://www.xeno-canto.org/339901,nutman/XC339901.ogg
nutman,[],['call'],13.4608,120.9375,Lonchura punctulata,Scaly-breasted Munia,Albert Lastukhin & Yuri Glushchenko,Creative Commons Attribution-NonCommercial-ShareAlike 4.0,2.0,08:00,https://www.xeno-canto.org/345316,nutman/XC345316.ogg
nutman,[],['song'],12.9217,100.9641,Lonchura punctulata,Scaly-breasted Munia,Bernard BOUSQUET,Creative Commons Attribution-NonCommercial-ShareAlike 4.0,4.0,15:30,https://www.xeno-canto.org/359368,nutman/XC359368.ogg
nutman,[],['call'],12.4903,99.9581,Lonchura punctulata,Scaly-breasted Munia,Albert Lastukhin,Creative Commons Attribution-NonCommercial-ShareAlike 4.0,4.0,08:30,https://www.xeno-canto.org/362812,nutman/XC362812.ogg
nutman,[],['call'],1.4175,103.7254,Lonchura punctulata,Scaly-breasted Munia,Yeo SB,Creative Commons Attribution-NonCommercial-ShareAlike 4.0,4.0,12:00,https://www.xeno-canto.org/366272,nutman/XC366272.ogg
nutman,[],['call'],-7.0611,110.4473,Lonchura punctulata,Scaly-breasted Munia,Karyadi Baskoro,Creative Commons Attribution-NonCommercial-ShareAlike 4.0,4.0,10:00,https://www.xeno-canto.org/377638,nutman/XC377638.ogg
nutman,[],['call'],-7.0611,110.4473,Lonchura punctulata,Scaly-breasted Munia,Karyadi Baskoro,Creative Commons Attribution-NonCommercial-ShareAlike 4.0,4.0,10:00,https://www.xeno-canto.org/377639,nutman/XC377639.ogg
nutman,[],['begging call'],18.2935,99.5007,Lonchura punctulata,Scaly-breasted Munia,Somkiat Pakapinyo (Chai),Creative Commons Attribution-NonCommercial-ShareAlike 4.0,4.0,07:00,https://www.xeno-canto.org/382151,nutman/XC382151.ogg
nutman,[],['call'],18.2935,99.5007,Lonchura punctulata,Scaly-breasted Munia,Somkiat Pakapinyo (Chai),Creative Commons Attribution-NonCommercial-ShareAlike 4.0,4.0,07:00,https://www.xeno-canto.org/382152,nutman/XC382152.ogg
nutman,[],['begging call'],33.5515,-117.7197,Lonchura punctulata,Scaly-breasted Munia,Kat Avila,Creative Commons Attribution-NonCommercial-ShareAlike 4.0,3.5,18:20,https://www.xeno-canto.org/386736,nutman/XC386736.ogg
nutman,[],['call'],13.8549,100.4735,Lonchura punctulata,Scaly-breasted Munia,Werzik,Creative Commons Attribution-NonCommercial-ShareAlike 4.0,3.5,8:30,https://www.xeno-canto.org/396396,nutman/XC396396.ogg
nutman,[],['call'],13.7308,100.5671,Lonchura punctulata,Scaly-breasted Munia,Mike Dooher,Creative Commons Attribution-NonCommercial-ShareAlike 4.0,2.5,07:09,https://www.xeno-canto.org/399068,nutman/XC399068.ogg
nutman,[],['call'],12.8364,80.0333,Lonchura punctulata,Scaly-breasted Munia,Sreekumar Chirukandoth,Creative Commons Attribution-NonCommercial-ShareAlike 4.0,3.5,07:00,https://www.xeno-canto.org/430462,nutman/XC430462.ogg
nutman,[],"['call', 'female', 'juvenile', 'male']",1.5249,110.3122,Lonchura punctulata,Scaly-breasted Munia,Hobart WQH,Creative Commons Attribution-NonCommercial-ShareAlike 4.0,4.0,12:16,https://www.xeno-canto.org/441706,nutman/XC441706.ogg
nutman,[],"['call', 'female', 'juvenile', 'male']",1.5249,110.3122,Lonchura punctulata,Scaly-breasted Munia,Hobart WQH,Creative Commons Attribution-NonCommercial-ShareAlike 4.0,4.0,12:22,https://www.xeno-canto.org/441707,nutman/XC441707.ogg
nutman,[],"['call', 'female', 'male']",1.5249,110.3122,Lonchura punctulata,Scaly-breasted Munia,Hobart WQH,Creative Commons Attribution-NonCommercial-ShareAlike 4.0,4.0,12:24,https://www.xeno-canto.org/441712,nutman/XC441712.ogg
nutman,[],"['call', 'female', 'male']",1.5249,110.3122,Lonchura punctulata,Scaly-breasted Munia,Hobart WQH,Creative Commons Attribution-NonCommercial-ShareAlike 4.0,4.0,12:24,https://www.xeno-canto.org/441713,nutman/XC441713.ogg
nutman,[],"['call', 'female', 'male']",1.5249,110.3122,Lonchura punctulata,Scaly-breasted Munia,Hobart WQH,Creative Commons Attribution-NonCommercial-ShareAlike 4.0,4.0,12:25,https://www.xeno-canto.org/441714,nutman/XC441714.ogg
nutman,[],['flight call'],18.6708,98.655,Lonchura punctulata,Scaly-breasted Munia,Albert Lastukhin,Creative Commons Attribution-NonCommercial-ShareAlike 4.0,3.0,11:00,https://www.xeno-canto.org/447362,nutman/XC447362.ogg
nutman,[],['call'],32.8462,-117.0039,Lonchura punctulata,Scaly-breasted Munia,Paul Marvin,Creative Commons Attribution-NonCommercial-ShareAlike 4.0,4.0,08:14,https://www.xeno-canto.org/448801,nutman/XC448801.ogg
nutman,[],"['call', 'flight call']",32.686,-117.243,Lonchura punctulata,Scaly-breasted Munia,Paul Marvin,Creative Commons Attribution-NonCommercial-ShareAlike 4.0,5.0,09:11,https://www.xeno-canto.org/448956,nutman/XC448956.ogg
nutman,[],"['call', 'flight call']",32.686,-117.243,Lonchura punctulata,Scaly-breasted Munia,Paul Marvin,Creative Commons Attribution-NonCommercial-ShareAlike 4.0,5.0,09:40,https://www.xeno-canto.org/448957,nutman/XC448957.ogg
nutman,['houfin'],"['call', 'flight call']",32.686,-117.243,Lonchura punctulata,Scaly-breasted Munia,Paul Marvin,Creative Commons Attribution-NonCommercial-ShareAlike 4.0,2.5,08:29,https://www.xeno-canto.org/449521,nutman/XC449521.ogg
nutman,[],['call'],32.5547,-117.0634,Lonchura punctulata,Scaly-breasted Munia,Paul Marvin,Creative Commons Attribution-NonCommercial-ShareAlike 4.0,4.0,08:05,https://www.xeno-canto.org/450765,nutman/XC450765.ogg
nutman,[],['call'],17.958,102.6078,Lonchura punctulata,Scaly-breasted Munia,Bram Piot,Creative Commons Attribution-NonCommercial-ShareAlike 4.0,4.0,06:45,https://www.xeno-canto.org/546079,nutman/XC546079.ogg
nutman,[],['call'],17.9281,102.7539,Lonchura punctulata,Scaly-breasted Munia,Bram Piot,Creative Commons Attribution-NonCommercial-ShareAlike 4.0,3.5,07:00,https://www.xeno-canto.org/558256,nutman/XC558256.ogg
nutman,['commyn'],['call'],12.9211,80.1844,Lonchura punctulata,Scaly-breasted Munia,Sreekumar Chirukandoth,Creative Commons Attribution-NonCommercial-ShareAlike 4.0,2.5,07:00,https://www.xeno-canto.org/573344,nutman/XC573344.ogg
nutman,[],['call'],17.8269,102.6764,Lonchura punctulata,Scaly-breasted Munia,Bram Piot,Creative Commons Attribution-NonCommercial-ShareAlike 4.0,4.0,07:15,https://www.xeno-canto.org/581589,nutman/XC581589.ogg
nutman,[],"['call', 'flight call', 'life stage uncertain', 'sex uncertain']",32.8931,-117.1837,Lonchura punctulata,Scaly-breasted Munia,Paul Marvin,Creative Commons Attribution-NonCommercial-ShareAlike 4.0,4.0,10:57,https://www.xeno-canto.org/582730,nutman/XC582730.ogg
nutman,[],"['begging call', 'hatchling or nestling', 'sex uncertain']",13.6536,79.4568,Lonchura punctulata,Scaly-breasted Munia,K L Vinay,Creative Commons Attribution-ShareAlike 4.0,5.0,17:00,https://www.xeno-canto.org/585396,nutman/XC585396.ogg
nutman,[],"['call', 'juvenile', 'sex uncertain']",13.6531,79.4564,Lonchura punctulata,Scaly-breasted Munia,K L Vinay,Creative Commons Attribution-ShareAlike 4.0,5.0,15:05,https://www.xeno-canto.org/588179,nutman/XC588179.ogg
nutman,['normoc'],"['call', 'life stage uncertain', 'sex uncertain']",29.6352,-95.6605,Lonchura punctulata,Scaly-breasted Munia,James Barnes,Creative Commons Attribution-NonCommercial-ShareAlike 4.0,2.5,09:12,https://www.xeno-canto.org/590062,nutman/XC590062.ogg
nutman,[],['call'],23.8253,120.8027,Lonchura punctulata,Scaly-breasted Munia,Sunny Tseng,Creative Commons Attribution-NonCommercial-ShareAlike 4.0,4.0,08:00,https://www.xeno-canto.org/591615,nutman/XC591615.ogg
nutman,[],['call'],23.8253,120.8027,Lonchura punctulata,Scaly-breasted Munia,Sunny Tseng,Creative Commons Attribution-NonCommercial-ShareAlike 4.0,4.0,08:00,https://www.xeno-canto.org/591616,nutman/XC591616.ogg
nutman,[],['call'],23.8264,120.8024,Lonchura punctulata,Scaly-breasted Munia,Sunny Tseng,Creative Commons Attribution-NonCommercial-ShareAlike 4.0,3.0,08:00,https://www.xeno-canto.org/594267,nutman/XC594267.ogg
nutman,[],['call'],23.8264,120.8024,Lonchura punctulata,Scaly-breasted Munia,Sunny Tseng,Creative Commons Attribution-NonCommercial-ShareAlike 4.0,5.0,08:00,https://www.xeno-canto.org/594275,nutman/XC594275.ogg
nutman,[],['call'],23.8264,120.8024,Lonchura punctulata,Scaly-breasted Munia,Sunny Tseng,Creative Commons Attribution-NonCommercial-ShareAlike 4.0,5.0,08:00,https://www.xeno-canto.org/594276,nutman/XC594276.ogg
nutman,[],['call'],23.8264,120.8024,Lonchura punctulata,Scaly-breasted Munia,Sunny Tseng,Creative Commons Attribution-NonCommercial-ShareAlike 4.0,5.0,08:00,https://www.xeno-canto.org/594282,nutman/XC594282.ogg
nutman,[],['call'],23.8264,120.8024,Lonchura punctulata,Scaly-breasted Munia,Sunny Tseng,Creative Commons Attribution-NonCommercial-ShareAlike 4.0,5.0,08:00,https://www.xeno-canto.org/594283,nutman/XC594283.ogg
nutman,[],['call'],23.8314,120.7932,Lonchura punctulata,Scaly-breasted Munia,Sunny Tseng,Creative Commons Attribution-NonCommercial-ShareAlike 4.0,5.0,08:00,https://www.xeno-canto.org/596955,nutman/XC596955.ogg
nutman,[],"['call', 'song']",15.3785,73.9438,Lonchura punctulata,Scaly-breasted Munia,Mandar Bhagat,Creative Commons Attribution-NonCommercial-ShareAlike 4.0,5.0,08:40,https://www.xeno-canto.org/598943,nutman/XC598943.ogg
nutman,[],['call'],12.5634,102.087,Lonchura punctulata,Scaly-breasted Munia,Albert Noorlander,Creative Commons Attribution-NonCommercial-ShareAlike 4.0,4.0,08:10,https://www.xeno-canto.org/607220,nutman/XC607220.ogg
nutman,[],['call'],12.5948,102.0846,Lonchura punctulata,Scaly-breasted Munia,Albert Noorlander,Creative Commons Attribution-NonCommercial-ShareAlike 4.0,4.0,07:10,https://www.xeno-canto.org/607229,nutman/XC607229.ogg
nutman,[],['Call'],1.33591,103.72597,Lonchura punctulata,Scaly-breasted Munia,Okamoto Keita Sin,Creative Commons Attribution-NonCommercial-ShareAlike 4.0,4.0,08:07,https://www.xeno-canto.org/610753,nutman/XC610753.ogg
nutman,[],"['adult', 'call', 'female', 'life stage uncertain', 'male']",32.7872,-117.0434,Lonchura punctulata,Scaly-breasted Munia,Sue Riffe,Creative Commons Attribution-NonCommercial-ShareAlike 4.0,4.0,16:15,https://www.xeno-canto.org/613898,nutman/XC613898.ogg
nutman,[],"['adult', 'begging call', 'call', 'juvenile', 'sex uncertain']",23.0839,120.3477,Lonchura punctulata,Scaly-breasted Munia,Jerome Chie-Jen Ko,Creative Commons Attribution-NonCommercial-ShareAlike 4.0,4.5,10:17,https://www.xeno-canto.org/614351,nutman/XC614351.ogg
nutman,[],"['call', 'juvenile', 'sex uncertain']",24.4556,118.3972,Lonchura punctulata,Scaly-breasted Munia,"Kuan-Chieh (Chuck) Hung, Taiwanbirdguide.com",Creative Commons Attribution-NonCommercial-ShareAlike 4.0,3.0,14:39,https://www.xeno-canto.org/618030,nutman/XC618030.ogg
nutman,[],"['call', 'life stage uncertain', 'sex uncertain']",21.9975,120.7055,Lonchura punctulata,Scaly-breasted Munia,Jerome Chie-Jen Ko,Creative Commons Attribution-NonCommercial-ShareAlike 4.0,1.0,17:45,https://www.xeno-canto.org/631467,nutman/XC631467.ogg
nutman,[],['sex uncertain'],22.912,86.139,Lonchura punctulata,Scaly-breasted Munia,Sandip das,Creative Commons Attribution-NonCommercial-ShareAlike 4.0,4.0,06:30,https://www.xeno-canto.org/637352,nutman/XC637352.ogg
nutman,['spodov'],['call'],6.4417,80.4201,Lonchura punctulata,Scaly-breasted Munia,Jelle Scharringa,Creative Commons Attribution-NonCommercial-ShareAlike 4.0,2.5,10:30,https://www.xeno-canto.org/654216,nutman/XC654216.ogg
nutman,[],"['life stage uncertain', 'sex uncertain']",10.0088,76.3068,Lonchura punctulata,Scaly-breasted Munia,Anu ,Creative Commons Attribution-NonCommercial-ShareAlike 4.0,5.0,18:30,https://www.xeno-canto.org/660244,nutman/XC660244.ogg
nutman,[],"['adult', 'call', 'sex uncertain', 'song']",12.9025,80.2072,Lonchura punctulata,Scaly-breasted Munia,Sreekumar Chirukandoth,Creative Commons Attribution-NonCommercial-ShareAlike 4.0,4.5,10:30,https://www.xeno-canto.org/665305,nutman/XC665305.ogg
nutman,[],"['adult', 'call', 'juvenile', 'sex uncertain', 'song']",12.9025,80.2072,Lonchura punctulata,Scaly-breasted Munia,Sreekumar Chirukandoth,Creative Commons Attribution-NonCommercial-ShareAlike 4.0,5.0,10:30,https://www.xeno-canto.org/665306,nutman/XC665306.ogg
oahama,"['houfin', 'zebdov']",['call'],21.3056,-157.8001,Chlorodrepanis flava,Oahu Amakihi,Dan Lane,Creative Commons Attribution-NonCommercial-ShareAlike 4.0,3.5,10:00,https://www.xeno-canto.org/174825,oahama/XC174825.ogg
oahama,"['houfin', 'redjun', 'zebdov']",['song'],21.3056,-157.8001,Chlorodrepanis flava,Oahu Amakihi,Dan Lane,Creative Commons Attribution-NonCommercial-ShareAlike 4.0,4.5,10:00,https://www.xeno-canto.org/174828,oahama/XC174828.ogg
oahama,"['houfin', 'warwhe1']",['song'],21.3056,-157.8001,Chlorodrepanis flava,Oahu Amakihi,Dan Lane,Creative Commons Attribution-NonCommercial-ShareAlike 4.0,3.5,10:00,https://www.xeno-canto.org/174829,oahama/XC174829.ogg
oahama,"['houfin', 'warwhe1']",['call'],21.3056,-157.8001,Chlorodrepanis flava,Oahu Amakihi,Dan Lane,Creative Commons Attribution-NonCommercial-ShareAlike 4.0,3.5,10:30,https://www.xeno-canto.org/174830,oahama/XC174830.ogg
oahama,[],"['call', 'flight call']",21.3318,-157.8205,Chlorodrepanis flava,Oahu Amakihi,Ross Gallardy,Creative Commons Attribution-NonCommercial-ShareAlike 4.0,4.0,08:00,https://www.xeno-canto.org/203251,oahama/XC203251.ogg
oahama,[],['call'],21.3318,-157.8205,Chlorodrepanis flava,Oahu Amakihi,Ross Gallardy,Creative Commons Attribution-NonCommercial-ShareAlike 4.0,4.0,09:00,https://www.xeno-canto.org/203252,oahama/XC203252.ogg
oahama,[],"['call', 'flight call']",21.3318,-157.8205,Chlorodrepanis flava,Oahu Amakihi,Ross Gallardy,Creative Commons Attribution-NonCommercial-ShareAlike 4.0,4.0,08:00,https://www.xeno-canto.org/210189,oahama/XC210189.ogg
oahama,['warwhe1'],['call'],21.3318,-157.8205,Chlorodrepanis flava,Oahu Amakihi,Ross Gallardy,Creative Commons Attribution-NonCommercial-ShareAlike 4.0,2.5,08:00,https://www.xeno-canto.org/210190,oahama/XC210190.ogg
oahama,['houfin'],['song'],21.3056,-157.8001,Chlorodrepanis flava,Oahu Amakihi,Daniel Lane,Creative Commons Attribution-NonCommercial-ShareAlike 3.0,1.5,11:00,https://www.xeno-canto.org/27358,oahama/XC27358.ogg
oahama,['houfin'],['call'],21.3056,-157.8001,Chlorodrepanis flava,Oahu Amakihi,Daniel Lane,Creative Commons Attribution-NonCommercial-ShareAlike 3.0,2.5,11:00,https://www.xeno-canto.org/27359,oahama/XC27359.ogg
oahama,['houfin'],['call'],21.3056,-157.8001,Chlorodrepanis flava,Oahu Amakihi,Daniel Lane,Creative Commons Attribution-NonCommercial-ShareAlike 3.0,2.5,11:00,https://www.xeno-canto.org/27360,oahama/XC27360.ogg
oahama,[],['call'],21.399,-157.898,Chlorodrepanis flava,Oahu Amakihi,Dan Lane,Creative Commons Attribution-NonCommercial-ShareAlike 4.0,3.5,10:00,https://www.xeno-canto.org/317124,oahama/XC317124.ogg
oahama,[],['song'],21.414,-158.0973,Chlorodrepanis flava,Oahu Amakihi,Sean Erroll MacDonald,Creative Commons Attribution-NonCommercial-ShareAlike 4.0,5.0,11:00,https://www.xeno-canto.org/454888,oahama/XC454888.ogg
oahama,[],"['adult', 'sex uncertain', 'song']",21.3056,-157.8001,Chlorodrepanis flava,Oahu Amakihi,Audrey Addison,Creative Commons Attribution-NonCommercial-ShareAlike 4.0,4.0,08:00,https://www.xeno-canto.org/511591,oahama/XC511591.ogg
omao,"['apapan', 'hawama', 'hawcre', 'iiwi', 'warwhe1']",['call'],19.7901,-155.3273,Myadestes obscurus,Omao,Dan Lane,Creative Commons Attribution-NonCommercial-ShareAlike 4.0,3.5,10:00,https://www.xeno-canto.org/175493,omao/XC175493.ogg
omao,[],['song'],19.6714,-155.3384,Myadestes obscurus,Omao,Jim Holmes,Creative Commons Attribution-NonCommercial-ShareAlike 4.0,4.0,07:00,https://www.xeno-canto.org/191210,omao/XC191210.ogg
omao,[],['song'],19.6725,-155.3876,Myadestes obscurus,Omao,Todd Mark,Creative Commons Attribution-NonCommercial-ShareAlike 4.0,4.0,07:00,https://www.xeno-canto.org/252704,omao/XC252704.ogg
omao,[],['song'],19.6725,-155.3876,Myadestes obscurus,Omao,Todd Mark,Creative Commons Attribution-NonCommercial-ShareAlike 4.0,4.0,07:00,https://www.xeno-canto.org/252705,omao/XC252705.ogg
omao,[],['song'],19.6725,-155.3876,Myadestes obscurus,Omao,Todd Mark,Creative Commons Attribution-NonCommercial-ShareAlike 4.0,4.0,07:00,https://www.xeno-canto.org/252707,omao/XC252707.ogg
omao,[],['song'],19.6725,-155.3876,Myadestes obscurus,Omao,Todd Mark,Creative Commons Attribution-NonCommercial-ShareAlike 4.0,4.0,07:00,https://www.xeno-canto.org/252709,omao/XC252709.ogg
omao,[],['call'],19.6334,-155.3753,Myadestes obscurus,Omao,Todd Mark,Creative Commons Attribution-NonCommercial-ShareAlike 4.0,4.0,10:00,https://www.xeno-canto.org/252711,omao/XC252711.ogg
omao,"['apapan', 'warwhe1', 'zebdov']",['song'],19.4264,-155.2373,Myadestes obscurus,Omao,Daniel Lane,Creative Commons Attribution-NonCommercial-ShareAlike 3.0,4.5,06:20,https://www.xeno-canto.org/27341,omao/XC27341.ogg
omao,"['apapan', 'hawama', 'iiwi']",['call'],19.7901,-155.3273,Myadestes obscurus,Omao,Daniel Lane,Creative Commons Attribution-NonCommercial-ShareAlike 3.0,3.5,14:30,https://www.xeno-canto.org/27353,omao/XC27353.ogg
omao,['iiwi'],"['call', 'song']",19.6759,-155.3845,Myadestes obscurus,Omao,Daniel Lane,Creative Commons Attribution-NonCommercial-ShareAlike 3.0,3.5,13:30,https://www.xeno-canto.org/27375,omao/XC27375.ogg
omao,[],['song'],19.6708,-155.3858,Myadestes obscurus,Omao,George Wagner,Creative Commons Attribution-NonCommercial-ShareAlike 4.0,5.0,09:30,https://www.xeno-canto.org/306419,omao/XC306419.ogg
omao,"['apapan', 'hawama', 'iiwi']",['song'],19.7901,-155.3273,Myadestes obscurus,Omao,Dan Lane,Creative Commons Attribution-NonCommercial-ShareAlike 4.0,3.5,09:00,https://www.xeno-canto.org/317145,omao/XC317145.ogg
omao,"['hawama', 'warwhe1']","['call', 'song']",19.6759,-155.3845,Myadestes obscurus,Omao,Dan Lane,Creative Commons Attribution-NonCommercial-ShareAlike 4.0,2.5,11:30,https://www.xeno-canto.org/317146,omao/XC317146.ogg
omao,['apapan'],['song'],19.4138,-155.2386,Myadestes obscurus,Omao,Paul Buckley,Creative Commons Attribution-NonCommercial-ShareAlike 4.0,4.5,13:30,https://www.xeno-canto.org/359187,omao/XC359187.ogg
omao,['warwhe1'],['alarm call'],19.4434,-155.3262,Myadestes obscurus,Omao,Ulf Elman,Creative Commons Attribution-NonCommercial-ShareAlike 4.0,2.5,09:18,https://www.xeno-canto.org/385071,omao/XC385071.ogg
omao,[],['call'],19.6759,-155.3845,Myadestes obscurus,Omao,Ulf Elman,Creative Commons Attribution-NonCommercial-ShareAlike 4.0,5.0,10:51,https://www.xeno-canto.org/385074,omao/XC385074.ogg
omao,[],"['alarm call', 'call', 'song']",19.4329,-155.2445,Myadestes obscurus,Omao,Ulf Elman,Creative Commons Attribution-NonCommercial-ShareAlike 4.0,4.0,05:38,https://www.xeno-canto.org/385296,omao/XC385296.ogg
omao,['elepai'],['alarm call'],19.4424,-155.315,Myadestes obscurus,Omao,Ulf Elman,Creative Commons Attribution-NonCommercial-ShareAlike 4.0,2.5,06:43,https://www.xeno-canto.org/385297,omao/XC385297.ogg
omao,[],['song'],19.4424,-155.315,Myadestes obscurus,Omao,Ulf Elman,Creative Commons Attribution-NonCommercial-ShareAlike 4.0,5.0,06:34,https://www.xeno-canto.org/385391,omao/XC385391.ogg
omao,[],"['sex uncertain', 'song']",19.6771,-155.3843,Myadestes obscurus,Omao,Daniel Errichetti,Creative Commons Attribution-NonCommercial-ShareAlike 4.0,3.0,13:00,https://www.xeno-canto.org/642623,omao/XC642623.ogg
omao,['apapan'],"['adult', 'call', 'sex uncertain']",19.5814,-155.3287,Myadestes obscurus,Omao,Naomi,Creative Commons Attribution-NonCommercial-ShareAlike 4.0,2.5,10:00,https://www.xeno-canto.org/648122,omao/XC648122.ogg
osprey,[],['call'],28.899,-81.808,Pandion haliaetus,Osprey,Andrew Spencer,Creative Commons Attribution-NonCommercial-ShareAlike 3.0,4.5,11:30,https://www.xeno-canto.org/109037,osprey/XC109037.ogg
osprey,[],['call'],28.899,-81.808,Pandion haliaetus,Osprey,Andrew Spencer,Creative Commons Attribution-NonCommercial-ShareAlike 3.0,4.5,11:30,https://www.xeno-canto.org/109038,osprey/XC109038.ogg
osprey,[],['call'],36.067,-83.231,Pandion haliaetus,Osprey,Mike Nelson,Creative Commons Attribution-NonCommercial-ShareAlike 3.0,4.0,11:00,https://www.xeno-canto.org/109330,osprey/XC109330.ogg
osprey,[],['song'],-1.9456,-52.3265,Pandion haliaetus,Osprey,GABRIEL LEITE,Creative Commons Attribution-NonCommercial-ShareAlike 3.0,4.0,10:30,https://www.xeno-canto.org/118482,osprey/XC118482.ogg
osprey,[],"['call', 'pair calling near nest']",26.4395,-82.0988,Pandion haliaetus,Osprey,Jorge de Leon Cardozo and Susan Hochgraf,Creative Commons Attribution-NonCommercial-ShareAlike 3.0,4.0,15:00,https://www.xeno-canto.org/120875,osprey/XC120875.ogg
osprey,[],['call'],34.8,-114.522,Pandion haliaetus,Osprey,Lauren Harter,Creative Commons Attribution-NonCommercial-ShareAlike 3.0,4.0,10:30,https://www.xeno-canto.org/121400,osprey/XC121400.ogg
osprey,[],['juvenile'],22.2195,68.9945,Pandion haliaetus,Osprey,vir joshi,Creative Commons Attribution-NonCommercial-ShareAlike 3.0,5.0,05:00,https://www.xeno-canto.org/122906,osprey/XC122906.ogg
osprey,[],['call'],6.1132,-67.7137,Pandion haliaetus,Osprey,David Bradley y Sandra Valderrama,Creative Commons Attribution-NonCommercial-ShareAlike 3.0,3.0,06:45,https://www.xeno-canto.org/124926,osprey/XC124926.ogg
osprey,['laugul'],['song'],28.1916,-82.787,Pandion haliaetus,Osprey,Mike Nelson,Creative Commons Attribution-NonCommercial-ShareAlike 3.0,3.5,07:30,https://www.xeno-canto.org/131038,osprey/XC131038.ogg
osprey,['laugul'],['song'],28.1916,-82.787,Pandion haliaetus,Osprey,Mike Nelson,Creative Commons Attribution-NonCommercial-ShareAlike 3.0,3.5,07:30,https://www.xeno-canto.org/131039,osprey/XC131039.ogg
osprey,[],['alarm call'],56.6309,13.0579,Pandion haliaetus,Osprey,Max Allan Niklasson,Creative Commons Attribution-NonCommercial-ShareAlike 3.0,4.0,08:30,https://www.xeno-canto.org/132652,osprey/XC132652.ogg
osprey,[],"['alarm call', 'female', 'tju-tju-tju']",56.3989,47.5339,Pandion haliaetus,Osprey,Albert Lastukhin,Creative Commons Attribution-NonCommercial-ShareAlike 3.0,1.5,09:00,https://www.xeno-canto.org/132798,osprey/XC132798.ogg
osprey,[],"['female', 'flight call']",56.3675,47.5406,Pandion haliaetus,Osprey,Albert Lastukhin,Creative Commons Attribution-NonCommercial-ShareAlike 3.0,3.0,13:30,https://www.xeno-canto.org/134646,osprey/XC134646.ogg
osprey,[],"['alarm call', 'female', 'flight call']",56.4477,47.5076,Pandion haliaetus,Osprey,Albert Lastukhin,Creative Commons Attribution-NonCommercial-ShareAlike 3.0,3.0,13:30,https://www.xeno-canto.org/134647,osprey/XC134647.ogg
osprey,[],"['alarm call', 'female', 'flight call']",56.3675,47.5406,Pandion haliaetus,Osprey,Albert Lastukhin,Creative Commons Attribution-NonCommercial-ShareAlike 3.0,3.0,13:30,https://www.xeno-canto.org/134648,osprey/XC134648.ogg
osprey,[],['call'],39.534,-75.5786,Pandion haliaetus,Osprey,Dan Lane,Creative Commons Attribution-NonCommercial-ShareAlike 3.0,3.5,08:00,https://www.xeno-canto.org/134750,osprey/XC134750.ogg
osprey,[],['alarm call'],56.2403,46.1412,Pandion haliaetus,Osprey,Albert Lastukhin,Creative Commons Attribution-NonCommercial-ShareAlike 3.0,2.0,08:30,https://www.xeno-canto.org/138764,osprey/XC138764.ogg
osprey,[],['alarm call'],56.2403,46.1412,Pandion haliaetus,Osprey,Albert Lastukhin,Creative Commons Attribution-NonCommercial-ShareAlike 3.0,2.0,09:30,https://www.xeno-canto.org/138766,osprey/XC138766.ogg
osprey,[],['alarm call'],56.2403,46.1412,Pandion haliaetus,Osprey,Albert Lastukhin,Creative Commons Attribution-NonCommercial-ShareAlike 3.0,3.0,09:30,https://www.xeno-canto.org/138768,osprey/XC138768.ogg
osprey,[],"['call', 'juvenile']",56.2403,46.1412,Pandion haliaetus,Osprey,Albert Lastukhin,Creative Commons Attribution-NonCommercial-ShareAlike 3.0,3.0,08:30,https://www.xeno-canto.org/138770,osprey/XC138770.ogg
osprey,[],"['call', 'juvenile']",56.2403,46.1412,Pandion haliaetus,Osprey,Albert Lastukhin,Creative Commons Attribution-NonCommercial-ShareAlike 3.0,2.0,09:00,https://www.xeno-canto.org/138771,osprey/XC138771.ogg
osprey,[],"['call', 'juvenile']",56.2403,46.1412,Pandion haliaetus,Osprey,Albert Lastukhin,Creative Commons Attribution-NonCommercial-ShareAlike 3.0,2.0,09:00,https://www.xeno-canto.org/138772,osprey/XC138772.ogg
osprey,[],"['alarm call', 'male']",57.8461,26.9987,Pandion haliaetus,Osprey,Mary D,Creative Commons Attribution-NonCommercial-ShareAlike 3.0,3.0,16:30,https://www.xeno-canto.org/139849,osprey/XC139849.ogg
osprey,[],"['begging call', 'call', 'children in a swimming pool']",31.9462,-81.0314,Pandion haliaetus,Osprey,Russ Wigh,Creative Commons Attribution-NonCommercial-ShareAlike 3.0,5.0,15:30,https://www.xeno-canto.org/141211,osprey/XC141211.ogg
osprey,[],['call'],28.5785,-80.9961,Pandion haliaetus,Osprey,Paul Marvin,Creative Commons Attribution-NonCommercial-ShareAlike 3.0,5.0,07:03,https://www.xeno-canto.org/143656,osprey/XC143656.ogg
osprey,[],['call'],44.4584,-68.9242,Pandion haliaetus,Osprey,Paul Driver,Creative Commons Attribution-NonCommercial-ShareAlike 3.0,5.0,07:00,https://www.xeno-canto.org/144699,osprey/XC144699.ogg
osprey,[],['call'],28.6902,-80.7137,Pandion haliaetus,Osprey,Paul Marvin,Creative Commons Attribution-NonCommercial-ShareAlike 3.0,5.0,08:56,https://www.xeno-canto.org/145834,osprey/XC145834.ogg
osprey,[],"['call', 'song']",24.7252,35.0826,Pandion haliaetus,Osprey,Lars Lachmann,Creative Commons Attribution-NonCommercial-ShareAlike 3.0,5.0,7:43,https://www.xeno-canto.org/152360,osprey/XC152360.ogg
osprey,[],['call'],-23.895,-46.4253,Pandion haliaetus,Osprey,Robson Silva e Silva,Creative Commons Attribution-NonCommercial-ShareAlike 3.0,4.0,06:00,https://www.xeno-canto.org/163149,osprey/XC163149.ogg
osprey,[],['call'],25.1396,-80.9372,Pandion haliaetus,Osprey,Paul Marvin,Creative Commons Attribution-NonCommercial-ShareAlike 3.0,4.0,09:26,https://www.xeno-canto.org/166108,osprey/XC166108.ogg
osprey,[],['call'],25.1396,-80.9372,Pandion haliaetus,Osprey,Paul Marvin,Creative Commons Attribution-NonCommercial-ShareAlike 3.0,4.5,09:26,https://www.xeno-canto.org/166109,osprey/XC166109.ogg
osprey,['normoc'],['display flight'],25.138,-80.938,Pandion haliaetus,Osprey,Paul Marvin,Creative Commons Attribution-NonCommercial-ShareAlike 3.0,3.5,06:47,https://www.xeno-canto.org/166110,osprey/XC166110.ogg
osprey,[],['call'],25.1396,-80.9372,Pandion haliaetus,Osprey,Paul Marvin,Creative Commons Attribution-NonCommercial-ShareAlike 3.0,4.0,10:43,https://www.xeno-canto.org/167214,osprey/XC167214.ogg
osprey,[],"['call', 'flight call']",25.1425,-80.9255,Pandion haliaetus,Osprey,Paul Marvin,Creative Commons Attribution-NonCommercial-ShareAlike 3.0,5.0,15:07,https://www.xeno-canto.org/167215,osprey/XC167215.ogg
osprey,[],"['call', 'female', 'flight display', 'male', 'wing noise']",28.7695,-80.7845,Pandion haliaetus,Osprey,Paul Marvin,Creative Commons Attribution-NonCommercial-ShareAlike 3.0,4.0,09:43,https://www.xeno-canto.org/169233,osprey/XC169233.ogg
osprey,[],['flight call'],28.7695,-80.7845,Pandion haliaetus,Osprey,Paul Marvin,Creative Commons Attribution-NonCommercial-ShareAlike 3.0,5.0,09:46,https://www.xeno-canto.org/169234,osprey/XC169234.ogg
osprey,[],['call'],-2.4088,150.4107,Pandion haliaetus,Osprey,Todd Mark,Creative Commons Attribution-NonCommercial-ShareAlike 3.0,4.0,07:30,https://www.xeno-canto.org/169636,osprey/XC169636.ogg
osprey,[],['call'],-2.4088,150.4107,Pandion haliaetus,Osprey,Todd Mark,Creative Commons Attribution-NonCommercial-ShareAlike 3.0,2.0,13:00,https://www.xeno-canto.org/169637,osprey/XC169637.ogg
osprey,[],['call'],18.1481,-65.7712,Pandion haliaetus,Osprey,Eric DeFonso,Creative Commons Attribution-NonCommercial-ShareAlike 4.0,3.5,10:19,https://www.xeno-canto.org/173473,osprey/XC173473.ogg
osprey,[],['call'],18.1481,-65.7712,Pandion haliaetus,Osprey,Eric DeFonso,Creative Commons Attribution-NonCommercial-ShareAlike 4.0,3.5,10:28,https://www.xeno-canto.org/173474,osprey/XC173474.ogg
osprey,[],['call'],31.9237,-81.0559,Pandion haliaetus,Osprey,Russ Wigh,Creative Commons Attribution-NonCommercial-ShareAlike 4.0,3.5,18:30,https://www.xeno-canto.org/174764,osprey/XC174764.ogg
osprey,['hoomer'],['call'],31.9237,-81.0559,Pandion haliaetus,Osprey,Russ Wigh,Creative Commons Attribution-NonCommercial-ShareAlike 4.0,3.5,19:30,https://www.xeno-canto.org/174765,osprey/XC174765.ogg
osprey,[],['call'],51.6547,-128.1391,Pandion haliaetus,Osprey,Ian Cruickshank,Creative Commons Attribution-NonCommercial-ShareAlike 4.0,4.0,08:00,https://www.xeno-canto.org/181797,osprey/XC181797.ogg
osprey,[],['call'],41.1987,-73.8832,Pandion haliaetus,Osprey,Daniel Parker,Creative Commons Attribution-NonCommercial-ShareAlike 4.0,3.0,09:20,https://www.xeno-canto.org/183064,osprey/XC183064.ogg
osprey,[],['juvenile'],-28.1735,153.5431,Pandion haliaetus,Osprey,nick talbot,Creative Commons Attribution-NonCommercial-ShareAlike 4.0,3.0,11:00,https://www.xeno-canto.org/187891,osprey/XC187891.ogg
osprey,['houspa'],['flight call'],52.2379,13.8724,Pandion haliaetus,Osprey,Sonnenburg,Creative Commons Attribution-NonCommercial-ShareAlike 4.0,3.5,07:56,https://www.xeno-canto.org/188697,osprey/XC188697.ogg
osprey,[],"['call', 'flight call', 'male', 'song']",53.8803,21.3011,Pandion haliaetus,Osprey,Jarek Matusiak,Creative Commons Attribution-NonCommercial-ShareAlike 4.0,5.0,13:00,https://www.xeno-canto.org/190478,osprey/XC190478.ogg
osprey,[],['flight call'],47.677,-70.8267,Pandion haliaetus,Osprey,Martin St-Michel,Creative Commons Attribution-NonCommercial-ShareAlike 4.0,3.5,07:48,https://www.xeno-canto.org/192153,osprey/XC192153.ogg
osprey,[],['alarm call'],47.677,-70.8267,Pandion haliaetus,Osprey,Martin St-Michel,Creative Commons Attribution-NonCommercial-ShareAlike 4.0,4.0,08:29,https://www.xeno-canto.org/194723,osprey/XC194723.ogg
osprey,[],['call'],35.0271,135.6904,Pandion haliaetus,Osprey,Anon Torimi,Creative Commons Attribution-NonCommercial-ShareAlike 4.0,1.5,13:00,https://www.xeno-canto.org/201979,osprey/XC201979.ogg
osprey,[],['call'],35.0271,135.6904,Pandion haliaetus,Osprey,Anon Torimi,Creative Commons Attribution-NonCommercial-ShareAlike 4.0,2.0,11:00,https://www.xeno-canto.org/202073,osprey/XC202073.ogg
osprey,[],['call'],35.0264,135.6884,Pandion haliaetus,Osprey,Anon Torimi,Creative Commons Attribution-NonCommercial-ShareAlike 4.0,2.0,13:00,https://www.xeno-canto.org/203208,osprey/XC203208.ogg
osprey,[],"['call', 'calls in conflict']",35.5603,135.1611,Pandion haliaetus,Osprey,Anon Torimi,Creative Commons Attribution-NonCommercial-ShareAlike 4.0,2.5,12:30,https://www.xeno-canto.org/203738,osprey/XC203738.ogg
osprey,[],['call'],35.5603,135.1611,Pandion haliaetus,Osprey,Anon Torimi,Creative Commons Attribution-NonCommercial-ShareAlike 4.0,2.0,13:30,https://www.xeno-canto.org/203797,osprey/XC203797.ogg
osprey,[],['call'],35.5603,135.1611,Pandion haliaetus,Osprey,Anon Torimi,Creative Commons Attribution-NonCommercial-ShareAlike 4.0,3.0,14:00,https://www.xeno-canto.org/204661,osprey/XC204661.ogg
osprey,[],['call'],35.5603,135.1611,Pandion haliaetus,Osprey,Anon Torimi,Creative Commons Attribution-NonCommercial-ShareAlike 4.0,3.0,14:00,https://www.xeno-canto.org/204662,osprey/XC204662.ogg
osprey,[],['call'],35.5603,135.1611,Pandion haliaetus,Osprey,Anon Torimi,Creative Commons Attribution-NonCommercial-ShareAlike 4.0,3.0,14:00,https://www.xeno-canto.org/204663,osprey/XC204663.ogg
osprey,[],['call'],35.5603,135.1611,Pandion haliaetus,Osprey,Anon Torimi,Creative Commons Attribution-NonCommercial-ShareAlike 4.0,3.0,14:00,https://www.xeno-canto.org/204664,osprey/XC204664.ogg
osprey,[],['call'],35.5603,135.1611,Pandion haliaetus,Osprey,Anon Torimi,Creative Commons Attribution-NonCommercial-ShareAlike 4.0,3.0,14:00,https://www.xeno-canto.org/204665,osprey/XC204665.ogg
osprey,[],['call'],34.8908,135.6933,Pandion haliaetus,Osprey,Anon Torimi,Creative Commons Attribution-NonCommercial-ShareAlike 4.0,2.0,10:30,https://www.xeno-canto.org/210098,osprey/XC210098.ogg
osprey,[],['call'],49.4427,-120.5515,Pandion haliaetus,Osprey,Ian Cruickshank,Creative Commons Attribution-NonCommercial-ShareAlike 4.0,4.0,12:00,https://www.xeno-canto.org/210114,osprey/XC210114.ogg
osprey,[],['call'],25.1425,-80.9255,Pandion haliaetus,Osprey,Paul Marvin,Creative Commons Attribution-NonCommercial-ShareAlike 4.0,5.0,08:11,https://www.xeno-canto.org/225658,osprey/XC225658.ogg
osprey,['norcar'],['call'],44.3211,-78.3264,Pandion haliaetus,Osprey,Iain,Creative Commons Attribution-NonCommercial-ShareAlike 4.0,2.5,07:00,https://www.xeno-canto.org/237271,osprey/XC237271.ogg
osprey,[],"['call', 'voice in display flight?']",35.4964,136.1222,Pandion haliaetus,Osprey,Anon Torimi,Creative Commons Attribution-NonCommercial-ShareAlike 4.0,1.5,10:00,https://www.xeno-canto.org/253264,osprey/XC253264.ogg
osprey,[],['alarm call'],60.4249,18.0054,Pandion haliaetus,Osprey,Teet Sirotkin,Creative Commons Attribution-NonCommercial-ShareAlike 4.0,5.0,23:20,https://www.xeno-canto.org/254278,osprey/XC254278.ogg
osprey,[],['call'],44.3211,-78.3264,Pandion haliaetus,Osprey,Iain,Creative Commons Attribution-NonCommercial-ShareAlike 4.0,2.5,07:30,https://www.xeno-canto.org/254695,osprey/XC254695.ogg
osprey,[],"['call', 'juvenile']",52.1678,14.0595,Pandion haliaetus,Osprey,Sonnenburg,Creative Commons Attribution-NonCommercial-ShareAlike 4.0,3.0,08:30,https://www.xeno-canto.org/256269,osprey/XC256269.ogg
osprey,[],['flight calls'],-0.589,-77.877,Pandion haliaetus,Osprey,John V. Moore,Creative Commons Attribution-NonCommercial-ShareAlike 4.0,1.0,?,https://www.xeno-canto.org/257344,osprey/XC257344.ogg
osprey,[],['call'],-16.8839,145.7648,Pandion haliaetus,Osprey,Ana Leitao,Creative Commons Attribution-NonCommercial-ShareAlike 4.0,4.0,12:30,https://www.xeno-canto.org/260124,osprey/XC260124.ogg
osprey,[],['call'],39.3632,-75.8867,Pandion haliaetus,Osprey,Aidan Place,Creative Commons Attribution-NonCommercial-ShareAlike 4.0,3.0,11:30,https://www.xeno-canto.org/265661,osprey/XC265661.ogg
osprey,[],['call'],32.7829,-80.1937,Pandion haliaetus,Osprey,Aidan Place,Creative Commons Attribution-NonCommercial-ShareAlike 4.0,4.0,09:00,https://www.xeno-canto.org/267305,osprey/XC267305.ogg
osprey,[],['alarm call'],58.4834,14.5014,Pandion haliaetus,Osprey,Patrik Åberg,Creative Commons Attribution-NonCommercial-ShareAlike 3.0,5.0,?,https://www.xeno-canto.org/27026,osprey/XC27026.ogg
osprey,[],['call'],44.27,-114.8302,Pandion haliaetus,Osprey,Bobby Wilcox,Creative Commons Attribution-NonCommercial-ShareAlike 4.0,3.0,08:30,https://www.xeno-canto.org/270546,osprey/XC270546.ogg
osprey,[],"['call', 'juvenile']",45.611,-113.4534,Pandion haliaetus,Osprey,Bobby Wilcox,Creative Commons Attribution-NonCommercial-ShareAlike 4.0,3.0,13:30,https://www.xeno-canto.org/270547,osprey/XC270547.ogg
osprey,[],['alarm call'],56.1736,46.0659,Pandion haliaetus,Osprey,Albert Lastukhin,Creative Commons Attribution-NonCommercial-ShareAlike 4.0,3.0,20:00,https://www.xeno-canto.org/272311,osprey/XC272311.ogg
osprey,[],"['call', 'juvenile']",56.1736,46.0659,Pandion haliaetus,Osprey,Albert Lastukhin,Creative Commons Attribution-NonCommercial-ShareAlike 4.0,4.0,20:00,https://www.xeno-canto.org/272312,osprey/XC272312.ogg
osprey,[],"['call', 'juvenile']",56.1736,46.0659,Pandion haliaetus,Osprey,Albert Lastukhin,Creative Commons Attribution-NonCommercial-ShareAlike 4.0,3.0,14:00,https://www.xeno-canto.org/272313,osprey/XC272313.ogg
osprey,[],['call'],56.1736,46.0659,Pandion haliaetus,Osprey,Albert Lastukhin,Creative Commons Attribution-NonCommercial-ShareAlike 4.0,4.0,14:00,https://www.xeno-canto.org/272314,osprey/XC272314.ogg
osprey,[],['call'],56.1736,46.0659,Pandion haliaetus,Osprey,Albert Lastukhin,Creative Commons Attribution-NonCommercial-ShareAlike 4.0,3.0,14:00,https://www.xeno-canto.org/272315,osprey/XC272315.ogg
osprey,[],['alarm call'],-16.6003,-49.2802,Pandion haliaetus,Osprey,Juvêncio da Costa Nunes Neto,Creative Commons Attribution-NonCommercial-ShareAlike 4.0,3.0,07:00,https://www.xeno-canto.org/288781,osprey/XC288781.ogg
osprey,[],['alarm call'],-16.6003,-49.2802,Pandion haliaetus,Osprey,Juvêncio da Costa Nunes Neto,Creative Commons Attribution-NonCommercial-ShareAlike 4.0,3.0,07:00,https://www.xeno-canto.org/288782,osprey/XC288782.ogg
osprey,[],['alarm call'],-16.6003,-49.2802,Pandion haliaetus,Osprey,Juvêncio da Costa Nunes Neto,Creative Commons Attribution-NonCommercial-ShareAlike 4.0,3.0,07:00,https://www.xeno-canto.org/288783,osprey/XC288783.ogg
osprey,[],['call'],33.0473,-117.0844,Pandion haliaetus,Osprey,Joshua Jaeger,Creative Commons Attribution-NonCommercial-ShareAlike 4.0,2.5,14:30,https://www.xeno-canto.org/288796,osprey/XC288796.ogg
osprey,[],['flight call'],19.295,-99.095,Pandion haliaetus,Osprey,Manuel Grosselet,Creative Commons Attribution-NonCommercial-ShareAlike 4.0,4.0,11:00,https://www.xeno-canto.org/290052,osprey/XC290052.ogg
osprey,[],['flight call'],45.0394,-74.4613,Pandion haliaetus,Osprey,Martin St-Michel,Creative Commons Attribution-NonCommercial-ShareAlike 4.0,4.0,16:50,https://www.xeno-canto.org/294425,osprey/XC294425.ogg
osprey,[],['call'],35.3314,-120.8166,Pandion haliaetus,Osprey,Thomas G. Graves,Creative Commons Attribution-NonCommercial-ShareAlike 4.0,4.5,10:19,https://www.xeno-canto.org/301217,osprey/XC301217.ogg
osprey,[],['call'],35.1552,136.1129,Pandion haliaetus,Osprey,Anon Torimi,Creative Commons Attribution-NonCommercial-ShareAlike 4.0,2.0,13:00,https://www.xeno-canto.org/305272,osprey/XC305272.ogg
osprey,[],['call'],35.116,135.9843,Pandion haliaetus,Osprey,Anon Torimi,Creative Commons Attribution-NonCommercial-ShareAlike 4.0,2.0,13:30,https://www.xeno-canto.org/307120,osprey/XC307120.ogg
osprey,[],['alarm call'],-16.6632,-49.2542,Pandion haliaetus,Osprey,Nunes D'Acosta,Creative Commons Attribution-NonCommercial-ShareAlike 4.0,4.0,06:30,https://www.xeno-canto.org/316604,osprey/XC316604.ogg
osprey,[],['call'],14.5088,-17.0696,Pandion haliaetus,Osprey,Bram Piot,Creative Commons Attribution-NonCommercial-ShareAlike 4.0,3.0,07:00,https://www.xeno-canto.org/317108,osprey/XC317108.ogg
osprey,[],['call'],56.5758,-3.5594,Pandion haliaetus,Osprey,Bernard BOUSQUET,Creative Commons Attribution-NonCommercial-ShareAlike 4.0,4.0,08:00,https://www.xeno-canto.org/318235,osprey/XC318235.ogg
osprey,[],['call'],39.1742,-75.5424,Pandion haliaetus,Osprey,Jerald R,Creative Commons Attribution-NonCommercial-ShareAlike 4.0,3.0,21:00,https://www.xeno-canto.org/322499,osprey/XC322499.ogg
osprey,[],"['call', 'flight call']",28.7695,-80.7845,Pandion haliaetus,Osprey,Paul Marvin,Creative Commons Attribution-NonCommercial-ShareAlike 4.0,4.0,11:14,https://www.xeno-canto.org/326522,osprey/XC326522.ogg
osprey,[],['call'],-32.9949,151.6318,Pandion haliaetus,Osprey,nick talbot,Creative Commons Attribution-NonCommercial-ShareAlike 4.0,5.0,15:00,https://www.xeno-canto.org/327350,osprey/XC327350.ogg
osprey,[],['call'],42.0226,-83.2048,Pandion haliaetus,Osprey,Antonio Xeira,Creative Commons Attribution-NonCommercial-ShareAlike 4.0,5.0,15:30,https://www.xeno-canto.org/327674,osprey/XC327674.ogg
osprey,[],['call'],32.919,-85.1887,Pandion haliaetus,Osprey,Jim Holmes,Creative Commons Attribution-NonCommercial-ShareAlike 4.0,3.5,06:30,https://www.xeno-canto.org/333144,osprey/XC333144.ogg
osprey,[],['call'],32.919,-85.1887,Pandion haliaetus,Osprey,Jim Holmes,Creative Commons Attribution-NonCommercial-ShareAlike 4.0,4.5,06:30,https://www.xeno-canto.org/333145,osprey/XC333145.ogg
osprey,[],['call'],58.3893,26.5584,Pandion haliaetus,Osprey,Tero Linjama,Creative Commons Attribution-NonCommercial-ShareAlike 4.0,3.0,07:00,https://www.xeno-canto.org/341723,osprey/XC341723.ogg
osprey,[],"['begging call', 'juvenile']",58.7098,14.6201,Pandion haliaetus,Osprey,Patrik Åberg,Creative Commons Attribution-NonCommercial-ShareAlike 4.0,3.0,12:40,https://www.xeno-canto.org/343357,osprey/XC343357.ogg
osprey,[],['call'],47.6569,-122.114,Pandion haliaetus,Osprey,Bruce Lagerquist,Creative Commons Attribution-NonCommercial-ShareAlike 4.0,5.0,05:30,https://www.xeno-canto.org/343728,osprey/XC343728.ogg
osprey,[],['flight call'],23.2097,-106.4095,Pandion haliaetus,Osprey,Enzo Basso,Creative Commons Attribution-NonCommercial-ShareAlike 4.0,2.0,11:00,https://www.xeno-canto.org/344110,osprey/XC344110.ogg
osprey,[],['flight call'],16.5009,-85.857,Pandion haliaetus,Osprey,Roland Rumm,Creative Commons Attribution-NonCommercial-ShareAlike 4.0,2.0,09:30,https://www.xeno-canto.org/344856,osprey/XC344856.ogg
osprey,[],"['call', 'song']",59.5627,18.36,Pandion haliaetus,Osprey,Ulf Elman,Creative Commons Attribution-NonCommercial-ShareAlike 4.0,3.5,09:00,https://www.xeno-canto.org/348476,osprey/XC348476.ogg
osprey,[],['call'],32.564,-117.1256,Pandion haliaetus,Osprey,Paul Marvin,Creative Commons Attribution-NonCommercial-ShareAlike 4.0,4.0,08:15,https://www.xeno-canto.org/349609,osprey/XC349609.ogg
osprey,[],['call'],-24.8996,153.2729,Pandion haliaetus,Osprey,Greg McLachlan,Creative Commons Attribution-NonCommercial-ShareAlike 4.0,5.0,06:30,https://www.xeno-canto.org/351214,osprey/XC351214.ogg
osprey,[],"['alarm call', 'call']",35.868,-75.6395,Pandion haliaetus,Osprey,Brian Murphy,Creative Commons Attribution-NonCommercial-ShareAlike 4.0,3.0,13:30,https://www.xeno-canto.org/363528,osprey/XC363528.ogg
osprey,[],['flight call'],52.9792,13.3379,Pandion haliaetus,Osprey,Annette Hamann,Creative Commons Attribution-NonCommercial-ShareAlike 4.0,4.5,15:30,https://www.xeno-canto.org/363809,osprey/XC363809.ogg
osprey,[],['flight call'],52.9792,13.3379,Pandion haliaetus,Osprey,Annette Hamann,Creative Commons Attribution-NonCommercial-ShareAlike 4.0,3.0,15:30,https://www.xeno-canto.org/363812,osprey/XC363812.ogg
osprey,[],"['flight call', 'male', 'song']",56.2821,47.0963,Pandion haliaetus,Osprey,Albert Lastukhin,Creative Commons Attribution-NonCommercial-ShareAlike 4.0,3.0,11:00,https://www.xeno-canto.org/367675,osprey/XC367675.ogg
osprey,[],['song'],40.702,-105.8615,Pandion haliaetus,Osprey,Nick Komar,Creative Commons Attribution-NonCommercial-ShareAlike 4.0,3.5,06:45,https://www.xeno-canto.org/369949,osprey/XC369949.ogg
osprey,[],"['begging call', 'call', 'juvenile']",55.3968,-123.2112,Pandion haliaetus,Osprey,Jeff Dyck,Creative Commons Attribution-NonCommercial-ShareAlike 4.0,4.5,10:30,https://www.xeno-canto.org/376424,osprey/XC376424.ogg
osprey,[],['call'],50.9619,-118.1997,Pandion haliaetus,Osprey,James Bradley,Creative Commons Attribution-NonCommercial-ShareAlike 4.0,4.0,11:00,https://www.xeno-canto.org/379017,osprey/XC379017.ogg
osprey,[],['call'],28.2592,-105.4862,Pandion haliaetus,Osprey,fernando mondaca-fernandez,Creative Commons Attribution-NonCommercial-ShareAlike 4.0,5.0,07:00,https://www.xeno-canto.org/383810,osprey/XC383810.ogg
osprey,[],['call'],63.7599,20.2763,Pandion haliaetus,Osprey,Lars Edenius,Creative Commons Attribution-NonCommercial-ShareAlike 4.0,4.0,11:00,https://www.xeno-canto.org/384803,osprey/XC384803.ogg
osprey,[],['call'],33.0125,-117.2745,Pandion haliaetus,Osprey,Steven Lawrence Hunter,Creative Commons Attribution-NonCommercial-ShareAlike 4.0,4.0,12:55,https://www.xeno-canto.org/391175,osprey/XC391175.ogg
osprey,"['belkin1', 'grbher3']",['call'],27.7834,-109.8984,Pandion haliaetus,Osprey,Richard E. Webster,Creative Commons Attribution-NonCommercial-ShareAlike 4.0,3.5,07:04,https://www.xeno-canto.org/400995,osprey/XC400995.ogg
osprey,['belkin1'],['call'],27.7834,-109.8984,Pandion haliaetus,Osprey,Richard E. Webster,Creative Commons Attribution-NonCommercial-ShareAlike 4.0,4.5,07:48,https://www.xeno-canto.org/400997,osprey/XC400997.ogg
osprey,[],"['alarm call', 'call']",45.4786,-122.6545,Pandion haliaetus,Osprey,Thomas Magarian,Creative Commons Attribution-NonCommercial-ShareAlike 4.0,4.5,13:04,https://www.xeno-canto.org/414080,osprey/XC414080.ogg
osprey,[],"['alarm call', 'call']",45.4786,-122.6545,Pandion haliaetus,Osprey,Thomas Magarian,Creative Commons Attribution-NonCommercial-ShareAlike 4.0,4.5,13:01,https://www.xeno-canto.org/414081,osprey/XC414081.ogg
osprey,[],['call'],58.5731,14.2489,Pandion haliaetus,Osprey,Patrik Åberg,Creative Commons Attribution-NonCommercial-ShareAlike 3.0,4.5,?,https://www.xeno-canto.org/42192,osprey/XC42192.ogg
osprey,[],['allarmcall'],58.4453,14.4484,Pandion haliaetus,Osprey,Patrik Åberg,Creative Commons Attribution-NonCommercial-ShareAlike 3.0,4.5,?,https://www.xeno-canto.org/42193,osprey/XC42193.ogg
osprey,[],['call'],53.2735,16.4753,Pandion haliaetus,Osprey,Marcin Sołowiej,Creative Commons Attribution-NonCommercial-ShareAlike 4.0,4.5,13:00,https://www.xeno-canto.org/424249,osprey/XC424249.ogg
osprey,[],['call'],35.6076,-84.1209,Pandion haliaetus,Osprey,Bates Estabrooks,Creative Commons Attribution-NonCommercial-ShareAlike 4.0,3.0,10:00,https://www.xeno-canto.org/431050,osprey/XC431050.ogg
osprey,[],['flight call'],63.7599,20.2763,Pandion haliaetus,Osprey,Lars Edenius,Creative Commons Attribution-NonCommercial-ShareAlike 4.0,4.0,07:00,https://www.xeno-canto.org/431773,osprey/XC431773.ogg
osprey,[],['begging call'],63.7599,20.2763,Pandion haliaetus,Osprey,Lars Edenius,Creative Commons Attribution-NonCommercial-ShareAlike 4.0,5.0,07:30,https://www.xeno-canto.org/432845,osprey/XC432845.ogg
osprey,[],['song'],11.542,43.1695,Pandion haliaetus,Osprey,Jacob Saucier,Creative Commons Attribution-NonCommercial-ShareAlike 4.0,4.0,?,https://www.xeno-canto.org/434498,osprey/XC434498.ogg
osprey,[],['alarm call'],46.25,-85.9529,Pandion haliaetus,Osprey,Thomas Beverly,Creative Commons Attribution-NonCommercial-ShareAlike 4.0,3.0,10:00,https://www.xeno-canto.org/438593,osprey/XC438593.ogg
osprey,[],['alarm call'],-16.5728,-49.3122,Pandion haliaetus,Osprey,JAYRSON ARAUJO DE OLIVEIRA,Creative Commons Attribution-NonCommercial-ShareAlike 4.0,4.0,16:54,https://www.xeno-canto.org/443335,osprey/XC443335.ogg
osprey,['gamqua'],['call'],27.7834,-109.8984,Pandion haliaetus,Osprey,Richard E. Webster,Creative Commons Attribution-NonCommercial-ShareAlike 4.0,3.5,09:13,https://www.xeno-canto.org/447580,osprey/XC447580.ogg
osprey,[],['song'],5.1567,-52.6698,Pandion haliaetus,Osprey,Brice de la Croix,Creative Commons Attribution-NonCommercial-ShareAlike 4.0,3.0,11:00,https://www.xeno-canto.org/448626,osprey/XC448626.ogg
osprey,[],['song'],5.1567,-52.6698,Pandion haliaetus,Osprey,Brice de la Croix,Creative Commons Attribution-NonCommercial-ShareAlike 4.0,3.0,11:00,https://www.xeno-canto.org/448627,osprey/XC448627.ogg
osprey,[],['flight call'],32.564,-117.1256,Pandion haliaetus,Osprey,Paul Marvin,Creative Commons Attribution-NonCommercial-ShareAlike 4.0,4.0,07:40,https://www.xeno-canto.org/448776,osprey/XC448776.ogg
osprey,[],['call'],28.229,-80.813,Pandion haliaetus,Osprey,Paul Marvin,Creative Commons Attribution-NonCommercial-ShareAlike 4.0,3.5,08:01,https://www.xeno-canto.org/451676,osprey/XC451676.ogg
osprey,[],['call'],28.6712,-81.592,Pandion haliaetus,Osprey,Paul Marvin,Creative Commons Attribution-NonCommercial-ShareAlike 4.0,4.0,09:06,https://www.xeno-canto.org/452068,osprey/XC452068.ogg
osprey,[],"['call', 'flight call']",26.5151,-99.1156,Pandion haliaetus,Osprey,Paul Marvin,Creative Commons Attribution-NonCommercial-ShareAlike 4.0,3.5,07:25,https://www.xeno-canto.org/453005,osprey/XC453005.ogg
osprey,['normoc'],['call'],26.5151,-99.1156,Pandion haliaetus,Osprey,Paul Marvin,Creative Commons Attribution-NonCommercial-ShareAlike 4.0,3.5,08:10,https://www.xeno-canto.org/453006,osprey/XC453006.ogg
osprey,[],"['call', 'song']",4.843,-75.8187,Pandion haliaetus,Osprey,David Monroy Rengifo,Creative Commons Attribution-NonCommercial-ShareAlike 4.0,4.0,11:30,https://www.xeno-canto.org/455158,osprey/XC455158.ogg
osprey,[],['flight call'],16.1822,-22.9157,Pandion haliaetus,Osprey,Marcin Sołowiej,Creative Commons Attribution-NonCommercial-ShareAlike 4.0,4.5,10:00,https://www.xeno-canto.org/456740,osprey/XC456740.ogg
osprey,[],['flight call'],16.1822,-22.9157,Pandion haliaetus,Osprey,Marcin Sołowiej,Creative Commons Attribution-NonCommercial-ShareAlike 4.0,5.0,10:00,https://www.xeno-canto.org/456741,osprey/XC456741.ogg
osprey,['semplo'],['flight call'],28.6417,-80.7778,Pandion haliaetus,Osprey,Paul Marvin,Creative Commons Attribution-NonCommercial-ShareAlike 4.0,3.5,06:47,https://www.xeno-canto.org/460749,osprey/XC460749.ogg
osprey,[],['call'],29.3339,-89.484,Pandion haliaetus,Osprey,Dan Lane,Creative Commons Attribution-NonCommercial-ShareAlike 4.0,3.5,10:30,https://www.xeno-canto.org/462942,osprey/XC462942.ogg
osprey,[],['call'],28.3023,-115.5801,Pandion haliaetus,Osprey,Richard E. Webster,Creative Commons Attribution-NonCommercial-ShareAlike 4.0,4.0,08:16,https://www.xeno-canto.org/465327,osprey/XC465327.ogg
osprey,[],['call'],28.3023,-115.5801,Pandion haliaetus,Osprey,Richard E. Webster,Creative Commons Attribution-NonCommercial-ShareAlike 4.0,4.0,13:45,https://www.xeno-canto.org/465329,osprey/XC465329.ogg
osprey,[],['call'],40.451,-73.996,Pandion haliaetus,Osprey,William Whitehead,Creative Commons Attribution-NonCommercial-ShareAlike 4.0,4.0,12:00,https://www.xeno-canto.org/466037,osprey/XC466037.ogg
osprey,"['bcnher', 'belkin1']",['call'],23.0477,-109.697,Pandion haliaetus,Osprey,Richard E. Webster,Creative Commons Attribution-NonCommercial-ShareAlike 4.0,4.5,09:49,https://www.xeno-canto.org/466204,osprey/XC466204.ogg
osprey,[],['call'],23.0477,-109.697,Pandion haliaetus,Osprey,Richard E. Webster,Creative Commons Attribution-NonCommercial-ShareAlike 4.0,3.5,09:16,https://www.xeno-canto.org/466207,osprey/XC466207.ogg
osprey,['comgal1'],['call'],23.0477,-109.697,Pandion haliaetus,Osprey,Richard E. Webster,Creative Commons Attribution-NonCommercial-ShareAlike 4.0,4.5,10:04,https://www.xeno-canto.org/466212,osprey/XC466212.ogg
osprey,[],['call'],23.0477,-109.697,Pandion haliaetus,Osprey,Richard E. Webster,Creative Commons Attribution-NonCommercial-ShareAlike 4.0,4.0,08:56,https://www.xeno-canto.org/466214,osprey/XC466214.ogg
osprey,[],['call'],23.0477,-109.697,Pandion haliaetus,Osprey,Richard E. Webster,Creative Commons Attribution-NonCommercial-ShareAlike 4.0,3.5,08:59,https://www.xeno-canto.org/466216,osprey/XC466216.ogg
osprey,['sora'],['call'],23.0477,-109.697,Pandion haliaetus,Osprey,Richard E. Webster,Creative Commons Attribution-NonCommercial-ShareAlike 4.0,4.5,09:01,https://www.xeno-canto.org/466220,osprey/XC466220.ogg
osprey,[],['call'],55.3968,-123.2112,Pandion haliaetus,Osprey,James Bradley,Creative Commons Attribution-NonCommercial-ShareAlike 4.0,4.0,07:30,https://www.xeno-canto.org/466241,osprey/XC466241.ogg
osprey,[],"['flight call', 'song']",43.0044,9.4058,Pandion haliaetus,Osprey,Stanislas Wroza,Creative Commons Attribution-NonCommercial-ShareAlike 4.0,5.0,07:00,https://www.xeno-canto.org/471930,osprey/XC471930.ogg
osprey,[],['call'],42.5769,8.7187,Pandion haliaetus,Osprey,Thomas ARMAND,Creative Commons Attribution-NonCommercial-ShareAlike 4.0,4.0,15:30,https://www.xeno-canto.org/478513,osprey/XC478513.ogg
osprey,[],['call'],42.5769,8.7187,Pandion haliaetus,Osprey,Thomas ARMAND,Creative Commons Attribution-NonCommercial-ShareAlike 4.0,3.0,15:30,https://www.xeno-canto.org/478514,osprey/XC478514.ogg
osprey,[],['begging call'],25.6268,-109.0428,Pandion haliaetus,Osprey,Manuel Grosselet,Creative Commons Attribution-NonCommercial-ShareAlike 4.0,5.0,06:30,https://www.xeno-canto.org/488250,osprey/XC488250.ogg
osprey,[],['call'],25.6268,-109.0428,Pandion haliaetus,Osprey,Manuel Grosselet,Creative Commons Attribution-NonCommercial-ShareAlike 4.0,4.0,12:00,https://www.xeno-canto.org/488251,osprey/XC488251.ogg
osprey,[],['flight call'],52.5495,-0.7436,Pandion haliaetus,Osprey,Andrew Harrop,Creative Commons Attribution-NonCommercial-ShareAlike 4.0,4.0,11:00,https://www.xeno-canto.org/488607,osprey/XC488607.ogg
osprey,[],['flight call'],52.5495,-0.7436,Pandion haliaetus,Osprey,Andrew Harrop,Creative Commons Attribution-NonCommercial-ShareAlike 4.0,4.0,15:30,https://www.xeno-canto.org/490854,osprey/XC490854.ogg
osprey,[],['call'],39.7975,-74.0976,Pandion haliaetus,Osprey,William Whitehead,Creative Commons Attribution-NonCommercial-ShareAlike 4.0,5.0,10:00,https://www.xeno-canto.org/492285,osprey/XC492285.ogg
osprey,[],['call'],56.2113,46.0466,Pandion haliaetus,Osprey,Albert Lastukhin,Creative Commons Attribution-NonCommercial-ShareAlike 4.0,4.0,07:30,https://www.xeno-canto.org/493719,osprey/XC493719.ogg
osprey,[],"['call', 'juvenile']",56.2113,46.0466,Pandion haliaetus,Osprey,Albert Lastukhin,Creative Commons Attribution-NonCommercial-ShareAlike 4.0,5.0,10:30,https://www.xeno-canto.org/493749,osprey/XC493749.ogg
osprey,[],['call'],56.2113,46.0466,Pandion haliaetus,Osprey,Albert Lastukhin,Creative Commons Attribution-NonCommercial-ShareAlike 4.0,4.5,10:30,https://www.xeno-canto.org/493750,osprey/XC493750.ogg
osprey,[],['call'],56.2113,46.0466,Pandion haliaetus,Osprey,Albert Lastukhin,Creative Commons Attribution-NonCommercial-ShareAlike 4.0,4.5,10:30,https://www.xeno-canto.org/493752,osprey/XC493752.ogg
osprey,[],['begging call'],56.2389,45.9954,Pandion haliaetus,Osprey,Albert Lastukhin,Creative Commons Attribution-NonCommercial-ShareAlike 4.0,3.0,07:00,https://www.xeno-canto.org/493861,osprey/XC493861.ogg
osprey,[],"['life stage uncertain', 'sex uncertain', 'song']",59.5617,17.3841,Pandion haliaetus,Osprey,Ulf Elman,Creative Commons Attribution-NonCommercial-ShareAlike 4.0,5.0,10:30,https://www.xeno-canto.org/504206,osprey/XC504206.ogg
osprey,[],['call'],35.1534,136.1104,Pandion haliaetus,Osprey,Anon Torimi,Creative Commons Attribution-NonCommercial-ShareAlike 4.0,3.0,10:15,https://www.xeno-canto.org/505700,osprey/XC505700.ogg
osprey,[],['call'],35.1534,136.1104,Pandion haliaetus,Osprey,Anon Torimi,Creative Commons Attribution-NonCommercial-ShareAlike 4.0,3.0,10:15,https://www.xeno-canto.org/505756,osprey/XC505756.ogg
osprey,[],['call'],35.1522,136.1128,Pandion haliaetus,Osprey,Anon Torimi,Creative Commons Attribution-NonCommercial-ShareAlike 4.0,3.5,11:40,https://www.xeno-canto.org/508159,osprey/XC508159.ogg
osprey,[],"['flight call', 'life stage uncertain', 'sex uncertain']",17.0323,54.4107,Pandion haliaetus,Osprey,Alain Malengreau,Creative Commons Attribution-NonCommercial-ShareAlike 4.0,4.0,14:00,https://www.xeno-canto.org/509477,osprey/XC509477.ogg
osprey,[],['song'],-0.0113,-76.1737,Pandion haliaetus,Osprey,Nicole Alfaro-Ponce,Creative Commons Attribution-NonCommercial-ShareAlike 4.0,4.0,16:30,https://www.xeno-canto.org/511013,osprey/XC511013.ogg
osprey,[],"['call', 'juvenile', 'sex uncertain']",45.0808,-113.9033,Pandion haliaetus,Osprey,Rick Sharloch,Creative Commons Attribution-NonCommercial-ShareAlike 4.0,3.0,04:30,https://www.xeno-canto.org/511680,osprey/XC511680.ogg
osprey,[],['flight call'],25.6007,-109.0504,Pandion haliaetus,Osprey,Manuel Grosselet,Creative Commons Attribution-NonCommercial-ShareAlike 4.0,5.0,07:00,https://www.xeno-canto.org/518341,osprey/XC518341.ogg
osprey,[],"['adult', 'call']",25.5781,-109.1144,Pandion haliaetus,Osprey,Manuel Grosselet,Creative Commons Attribution-NonCommercial-ShareAlike 4.0,5.0,11:00,https://www.xeno-canto.org/520049,osprey/XC520049.ogg
osprey,[],"['adult', 'call']",25.5781,-109.1144,Pandion haliaetus,Osprey,Manuel Grosselet,Creative Commons Attribution-NonCommercial-ShareAlike 4.0,5.0,11:00,https://www.xeno-canto.org/520050,osprey/XC520050.ogg
osprey,[],['call'],24.3597,54.3181,Pandion haliaetus,Osprey,Oscar Campbell,Creative Commons Attribution-NonCommercial-ShareAlike 4.0,5.0,12:00,https://www.xeno-canto.org/523461,osprey/XC523461.ogg
osprey,[],"['adult', 'life stage uncertain', 'sex uncertain', 'song']",25.6036,-109.0521,Pandion haliaetus,Osprey,Isain Contreras Rodríguez,Creative Commons Attribution-NonCommercial-ShareAlike 4.0,5.0,07:00,https://www.xeno-canto.org/530768,osprey/XC530768.ogg
osprey,[],"['adult', 'call']",45.5575,-122.6912,Pandion haliaetus,Osprey,Thomas Magarian,Creative Commons Attribution-NonCommercial-ShareAlike 4.0,0.0,11:30,https://www.xeno-canto.org/532159,osprey/XC532159.ogg
osprey,[],"['adult', 'call']",45.5575,-122.6912,Pandion haliaetus,Osprey,Thomas Magarian,Creative Commons Attribution-NonCommercial-ShareAlike 4.0,0.0,11:31,https://www.xeno-canto.org/532160,osprey/XC532160.ogg
osprey,[],['call'],27.9901,-81.8658,Pandion haliaetus,Osprey,Thomas Magarian,Creative Commons Attribution-NonCommercial-ShareAlike 4.0,0.0,13:00,https://www.xeno-canto.org/532161,osprey/XC532161.ogg
osprey,[],['call'],25.6036,-109.0521,Pandion haliaetus,Osprey,Isain Contreras Rodríguez,Creative Commons Attribution-NonCommercial-ShareAlike 4.0,5.0,08:00,https://www.xeno-canto.org/534558,osprey/XC534558.ogg
osprey,[],"['adult', 'call']",25.6036,-109.0521,Pandion haliaetus,Osprey,Isain Contreras Rodríguez,Creative Commons Attribution-NonCommercial-ShareAlike 4.0,5.0,08:00,https://www.xeno-canto.org/534561,osprey/XC534561.ogg
osprey,[],['call'],52.6394,-0.6984,Pandion haliaetus,Osprey,Andrew Harrop,Creative Commons Attribution-NonCommercial-ShareAlike 4.0,3.0,14:30,https://www.xeno-canto.org/535684,osprey/XC535684.ogg
osprey,[],"['Tew', 'call']",40.5874,-74.2621,Pandion haliaetus,Osprey,William Whitehead,Creative Commons Attribution-NonCommercial-ShareAlike 4.0,4.5,01:00,https://www.xeno-canto.org/540198,osprey/XC540198.ogg
osprey,[],"['call', 'juvenile']",35.912,-84.5101,Pandion haliaetus,Osprey,Mike Nelson,Creative Commons Attribution-NonCommercial-ShareAlike 3.0,4.0,11:30am,https://www.xeno-canto.org/54133,osprey/XC54133.ogg
osprey,[],"['adult', 'call', 'en nido', 'hatchling or nestling']",25.6036,-109.0521,Pandion haliaetus,Osprey,Isain Contreras Rodríguez,Creative Commons Attribution-NonCommercial-ShareAlike 4.0,5.0,07:00,https://www.xeno-canto.org/543489,osprey/XC543489.ogg
osprey,[],"['adult', 'call']",45.6496,-122.7636,Pandion haliaetus,Osprey,Thomas Magarian,Creative Commons Attribution-NonCommercial-ShareAlike 4.0,0.0,13:25,https://www.xeno-canto.org/545879,osprey/XC545879.ogg
osprey,[],"['adult', 'call', 'sex uncertain']",47.7022,-122.3088,Pandion haliaetus,Osprey,Bruce Lagerquist,Creative Commons Attribution-NonCommercial-ShareAlike 4.0,4.5,8:32,https://www.xeno-canto.org/550940,osprey/XC550940.ogg
osprey,[],['canto em voo'],30.36422,-81.40509,Pandion haliaetus,Osprey,Caio Brito,Creative Commons Attribution-NonCommercial-ShareAlike 4.0,4.0,11:30,https://www.xeno-canto.org/556470,osprey/XC556470.ogg
osprey,[],['flight call'],65.1761,18.8739,Pandion haliaetus,Osprey,Lars Edenius,Creative Commons Attribution-NonCommercial-ShareAlike 4.0,4.5,07:00,https://www.xeno-canto.org/564355,osprey/XC564355.ogg
osprey,[],"['alarm call', 'flight call']",60.7783,27.1812,Pandion haliaetus,Osprey,Eetu Paljakka,Creative Commons Attribution-NonCommercial-ShareAlike 4.0,4.5,07:50,https://www.xeno-canto.org/567834,osprey/XC567834.ogg
osprey,[],"['adult', 'sex uncertain', 'song']",25.5781,-109.1144,Pandion haliaetus,Osprey,Manuel Grosselet,Creative Commons Attribution-NonCommercial-ShareAlike 4.0,4.5,09:30,https://www.xeno-canto.org/573482,osprey/XC573482.ogg
osprey,[],"['adult', 'sex uncertain', 'song']",25.5781,-109.1144,Pandion haliaetus,Osprey,Manuel Grosselet,Creative Commons Attribution-NonCommercial-ShareAlike 4.0,4.5,09:30,https://www.xeno-canto.org/573483,osprey/XC573483.ogg
osprey,[],"['adult', 'sex uncertain', 'song']",25.5781,-109.1144,Pandion haliaetus,Osprey,Manuel Grosselet,Creative Commons Attribution-NonCommercial-ShareAlike 4.0,5.0,09:30,https://www.xeno-canto.org/573484,osprey/XC573484.ogg
osprey,[],"['life stage uncertain', 'sex uncertain', 'song']",50.7201,-120.5251,Pandion haliaetus,Osprey,Risto Milner,Creative Commons Attribution-NonCommercial-ShareAlike 4.0,3.0,16:00,https://www.xeno-canto.org/573688,osprey/XC573688.ogg
osprey,[],['call'],44.8432,-93.3698,Pandion haliaetus,Osprey,Michael Hurben,Creative Commons Attribution-NonCommercial-ShareAlike 4.0,3.0,09:00,https://www.xeno-canto.org/574182,osprey/XC574182.ogg
osprey,[],['call'],44.882,-93.683,Pandion haliaetus,Osprey,Michael Hurben,Creative Commons Attribution-NonCommercial-ShareAlike 4.0,5.0,07:30,https://www.xeno-canto.org/575221,osprey/XC575221.ogg
osprey,[],['call'],39.1916,-123.7383,Pandion haliaetus,Osprey,Ed Pandolfino,Creative Commons Attribution-NonCommercial-ShareAlike 4.0,4.0,09:05,https://www.xeno-canto.org/578104,osprey/XC578104.ogg
osprey,[],"['begging call', 'juvenile']",59.9515,18.3502,Pandion haliaetus,Osprey,Baltasar Pinheiro,Creative Commons Attribution-NonCommercial-ShareAlike 4.0,5.0,11:00,https://www.xeno-canto.org/580785,osprey/XC580785.ogg
osprey,[],"['adult', 'call', 'sex uncertain']",37.0291,-121.0647,Pandion haliaetus,Osprey,Ron Overholtz,Creative Commons Attribution-NonCommercial-ShareAlike 4.0,4.0,17:00,https://www.xeno-canto.org/592797,osprey/XC592797.ogg
osprey,[],['call'],35.0264,135.6884,Pandion haliaetus,Osprey,Anon Torimi,Creative Commons Attribution-NonCommercial-ShareAlike 4.0,2.5,12:30,https://www.xeno-canto.org/594867,osprey/XC594867.ogg
osprey,[],"['adult', 'flight call', 'sex uncertain']",12.8013,80.153,Pandion haliaetus,Osprey,Sreekumar Chirukandoth,Creative Commons Attribution-NonCommercial-ShareAlike 4.0,4.5,09:30,https://www.xeno-canto.org/598006,osprey/XC598006.ogg
osprey,[],"['adult', 'call', 'flight call', 'sex uncertain']",12.8013,80.153,Pandion haliaetus,Osprey,Sreekumar Chirukandoth,Creative Commons Attribution-NonCommercial-ShareAlike 4.0,2.5,09:30,https://www.xeno-canto.org/598010,osprey/XC598010.ogg
osprey,[],"['call', 'sex uncertain']",45.6496,-122.7636,Pandion haliaetus,Osprey,Thomas Magarian,Creative Commons Attribution-NonCommercial-ShareAlike 4.0,3.0,11:43,https://www.xeno-canto.org/599387,osprey/XC599387.ogg
osprey,[],"['adult', 'flight call', 'sex uncertain']",24.5002,118.3935,Pandion haliaetus,Osprey,Jerome Chie-Jen Ko,Creative Commons Attribution-NonCommercial-ShareAlike 4.0,2.5,08:56,https://www.xeno-canto.org/599672,osprey/XC599672.ogg
osprey,['skylar'],['call'],35.1523,136.1116,Pandion haliaetus,Osprey,Anon Torimi,Creative Commons Attribution-NonCommercial-ShareAlike 4.0,3.5,09:45,https://www.xeno-canto.org/600316,osprey/XC600316.ogg
osprey,[],['call'],35.1523,136.1116,Pandion haliaetus,Osprey,Anon Torimi,Creative Commons Attribution-NonCommercial-ShareAlike 4.0,3.5,09:55,https://www.xeno-canto.org/600319,osprey/XC600319.ogg
osprey,[],['call'],35.1532,136.1107,Pandion haliaetus,Osprey,Anon Torimi,Creative Commons Attribution-NonCommercial-ShareAlike 4.0,3.5,10:05,https://www.xeno-canto.org/600323,osprey/XC600323.ogg
osprey,"['jabwar', 'skylar']",['call'],35.1532,136.1107,Pandion haliaetus,Osprey,Anon Torimi,Creative Commons Attribution-NonCommercial-ShareAlike 4.0,2.5,10:10,https://www.xeno-canto.org/600324,osprey/XC600324.ogg
osprey,['skylar'],['call'],35.1532,136.1107,Pandion haliaetus,Osprey,Anon Torimi,Creative Commons Attribution-NonCommercial-ShareAlike 4.0,2.5,10:15,https://www.xeno-canto.org/600325,osprey/XC600325.ogg
osprey,[],"['call', 'life stage uncertain', 'sex uncertain']",42.7898,-71.7671,Pandion haliaetus,Osprey,Christopher McPherson,Creative Commons Attribution-NonCommercial-ShareAlike 4.0,4.0,13:30,https://www.xeno-canto.org/602023,osprey/XC602023.ogg
osprey,[],"['adult', 'call', 'sex uncertain']",45.6496,-122.7636,Pandion haliaetus,Osprey,Thomas Magarian,Creative Commons Attribution-NonCommercial-ShareAlike 4.0,2.5,11:44,https://www.xeno-canto.org/602071,osprey/XC602071.ogg
osprey,[],"['adult', 'call', 'sex uncertain']",45.6496,-122.7636,Pandion haliaetus,Osprey,Thomas Magarian,Creative Commons Attribution-NonCommercial-ShareAlike 4.0,2.5,11:45,https://www.xeno-canto.org/602072,osprey/XC602072.ogg
osprey,[],"['adult', 'call', 'sex uncertain']",45.6496,-122.7636,Pandion haliaetus,Osprey,Thomas Magarian,Creative Commons Attribution-NonCommercial-ShareAlike 4.0,2.5,13:08,https://www.xeno-canto.org/602073,osprey/XC602073.ogg
osprey,[],['uncertain'],45.6496,-122.7636,Pandion haliaetus,Osprey,Thomas Magarian,Creative Commons Attribution-NonCommercial-ShareAlike 4.0,2.5,11:46,https://www.xeno-canto.org/602075,osprey/XC602075.ogg
osprey,[],['call'],45.6496,-122.7636,Pandion haliaetus,Osprey,Thomas Magarian,Creative Commons Attribution-NonCommercial-ShareAlike 4.0,2.5,11:47,https://www.xeno-canto.org/602076,osprey/XC602076.ogg
osprey,[],['call'],35.152,136.1098,Pandion haliaetus,Osprey,Anon Torimi,Creative Commons Attribution-NonCommercial-ShareAlike 4.0,2.5,09:15,https://www.xeno-canto.org/603574,osprey/XC603574.ogg
osprey,[],['call'],35.1524,136.107,Pandion haliaetus,Osprey,Anon Torimi,Creative Commons Attribution-NonCommercial-ShareAlike 4.0,1.5,11:10,https://www.xeno-canto.org/603581,osprey/XC603581.ogg
osprey,[],"['adult', 'alarm call', 'female']",49.6799,-116.8701,Pandion haliaetus,Osprey,Peter Ward and Ken Hall,Creative Commons Attribution-NonCommercial-ShareAlike 4.0,4.5,12:00,https://www.xeno-canto.org/603729,osprey/XC603729.ogg
osprey,['skylar'],['call'],35.1524,136.107,Pandion haliaetus,Osprey,Anon Torimi,Creative Commons Attribution-NonCommercial-ShareAlike 4.0,1.5,10:35,https://www.xeno-canto.org/605086,osprey/XC605086.ogg
osprey,[],['call'],35.1524,136.107,Pandion haliaetus,Osprey,Anon Torimi,Creative Commons Attribution-NonCommercial-ShareAlike 4.0,3.0,12:05,https://www.xeno-canto.org/606906,osprey/XC606906.ogg
osprey,[],['call'],35.1524,136.107,Pandion haliaetus,Osprey,Anon Torimi,Creative Commons Attribution-NonCommercial-ShareAlike 4.0,3.0,13:05,https://www.xeno-canto.org/606908,osprey/XC606908.ogg
osprey,[],"['adult', 'sex uncertain', 'song']",-3.7468,-73.2435,Pandion haliaetus,Osprey,Juan Díaz Alván,Creative Commons Attribution-NonCommercial-ShareAlike 4.0,5.0,04:30,https://www.xeno-canto.org/610417,osprey/XC610417.ogg
osprey,[],['flight call'],37.1357,-7.6138,Pandion haliaetus,Osprey,Nelson Conceição,Creative Commons Attribution-NonCommercial-ShareAlike 4.0,5.0,11:31,https://www.xeno-canto.org/612603,osprey/XC612603.ogg
osprey,[],"['adult', 'flight call', 'male']",47.7915,0.2083,Pandion haliaetus,Osprey,Manceau Lionel,Creative Commons Attribution-NonCommercial-ShareAlike 4.0,5.0,15:00,https://www.xeno-canto.org/615691,osprey/XC615691.ogg
osprey,[],['uncertain'],62.0787,25.3993,Pandion haliaetus,Osprey,Mikko Viholainen,Creative Commons Attribution-NonCommercial-ShareAlike 4.0,4.0,15:00,https://www.xeno-canto.org/616516,osprey/XC616516.ogg
osprey,[],['call'],36.6483,136.7001,Pandion haliaetus,Osprey,Anon Torimi,Creative Commons Attribution-NonCommercial-ShareAlike 4.0,4.0,10:30,https://www.xeno-canto.org/624596,osprey/XC624596.ogg
osprey,[],"['adult', 'call', 'sex uncertain']",26.7754,-113.1536,Pandion haliaetus,Osprey,Richard E. Webster,Creative Commons Attribution-NonCommercial-ShareAlike 4.0,5.0,12:10,https://www.xeno-canto.org/661303,osprey/XC661303.ogg
osprey,['moudov'],"['adult', 'call', 'sex uncertain']",44.444,-70.0261,Pandion haliaetus,Osprey,Lance A. M. Benner,Creative Commons Attribution-NonCommercial-ShareAlike 4.0,4.5,18:10,https://www.xeno-canto.org/664256,osprey/XC664256.ogg
pagplo,[],['call'],20.7652,-156.4536,Pluvialis fulva,Pacific Golden-Plover,Lance A. M. Benner,Creative Commons Attribution-NonCommercial-ShareAlike 3.0,4.0,17:45,https://www.xeno-canto.org/113321,pagplo/XC113321.ogg
pagplo,[],['flight call'],20.702,58.667,Pluvialis fulva,Pacific Golden-Plover,Thijs Fijen,Creative Commons Attribution-NonCommercial-ShareAlike 3.0,4.0,08:15,https://www.xeno-canto.org/118151,pagplo/XC118151.ogg
pagplo,[],['Call'],20.702,58.667,Pluvialis fulva,Pacific Golden-Plover,Thijs Fijen,Creative Commons Attribution-NonCommercial-ShareAlike 3.0,4.0,08:15,https://www.xeno-canto.org/118152,pagplo/XC118152.ogg
pagplo,[],['Call'],20.702,58.667,Pluvialis fulva,Pacific Golden-Plover,Thijs Fijen,Creative Commons Attribution-NonCommercial-ShareAlike 3.0,4.0,08:15,https://www.xeno-canto.org/118153,pagplo/XC118153.ogg
pagplo,[],['call'],64.7314,-165.9681,Pluvialis fulva,Pacific Golden-Plover,Andrew Spencer,Creative Commons Attribution-NonCommercial-ShareAlike 3.0,5.0,23:00,https://www.xeno-canto.org/141711,pagplo/XC141711.ogg
pagplo,[],"['call', 'song']",64.7314,-165.9681,Pluvialis fulva,Pacific Golden-Plover,Andrew Spencer,Creative Commons Attribution-NonCommercial-ShareAlike 3.0,5.0,23:00,https://www.xeno-canto.org/141712,pagplo/XC141712.ogg
pagplo,[],['song'],71.251,-156.7719,Pluvialis fulva,Pacific Golden-Plover,Andrew Spencer,Creative Commons Attribution-NonCommercial-ShareAlike 3.0,5.0,23:35,https://www.xeno-canto.org/141731,pagplo/XC141731.ogg
pagplo,[],"['call', 'flight call']",41.9626,-70.6384,Pluvialis fulva,Pacific Golden-Plover,Tim Spahr,Creative Commons Attribution-NonCommercial-ShareAlike 3.0,3.0,18:30,https://www.xeno-canto.org/155692,pagplo/XC155692.ogg
pagplo,['brtcur'],['call'],21.6853,-157.9473,Pluvialis fulva,Pacific Golden-Plover,Dan Lane,Creative Commons Attribution-NonCommercial-ShareAlike 4.0,2.5,02:30,https://www.xeno-canto.org/174846,pagplo/XC174846.ogg
pagplo,[],['call'],-14.3416,-170.7223,Pluvialis fulva,Pacific Golden-Plover,Samuel Jones,Creative Commons Attribution-NonCommercial-ShareAlike 4.0,4.0,18:00,https://www.xeno-canto.org/180833,pagplo/XC180833.ogg
pagplo,[],['flight call'],-14.3199,-170.7028,Pluvialis fulva,Pacific Golden-Plover,Samuel Jones,Creative Commons Attribution-NonCommercial-ShareAlike 4.0,4.0,16:00,https://www.xeno-canto.org/180835,pagplo/XC180835.ogg
pagplo,[],['flight call'],46.9853,4.6763,Pluvialis fulva,Pacific Golden-Plover,Philippe Gayet,Creative Commons Attribution-NonCommercial-ShareAlike 4.0,2.0,16:00,https://www.xeno-canto.org/192334,pagplo/XC192334.ogg
pagplo,[],['flight call'],26.4533,127.9404,Pluvialis fulva,Pacific Golden-Plover,Ross Gallardy,Creative Commons Attribution-NonCommercial-ShareAlike 4.0,5.0,08:00,https://www.xeno-canto.org/192401,pagplo/XC192401.ogg
pagplo,[],['alarm call'],20.623,58.8687,Pluvialis fulva,Pacific Golden-Plover,Oscar Campbell,Creative Commons Attribution-NonCommercial-ShareAlike 4.0,5.0,08:00,https://www.xeno-canto.org/199353,pagplo/XC199353.ogg
pagplo,[],['song'],64.4692,-165.1678,Pluvialis fulva,Pacific Golden-Plover,Daniel Lane,Creative Commons Attribution-NonCommercial-ShareAlike 3.0,4.0,22:55,https://www.xeno-canto.org/27543,pagplo/XC27543.ogg
pagplo,[],['call'],10.0653,76.2565,Pluvialis fulva,Pacific Golden-Plover,Dilip KG,Creative Commons Attribution-NonCommercial-ShareAlike 4.0,4.0,08:30,https://www.xeno-canto.org/277192,pagplo/XC277192.ogg
pagplo,[],['call'],12.5794,109.1872,Pluvialis fulva,Pacific Golden-Plover,Albert Lastukhin & Yuri Glushchenko,Creative Commons Attribution-NonCommercial-ShareAlike 4.0,2.5,08:00,https://www.xeno-canto.org/304080,pagplo/XC304080.ogg
pagplo,[],['call'],12.5794,109.1872,Pluvialis fulva,Pacific Golden-Plover,Albert Lastukhin & Yuri Glushchenko,Creative Commons Attribution-NonCommercial-ShareAlike 4.0,3.0,08:00,https://www.xeno-canto.org/304081,pagplo/XC304081.ogg
pagplo,[],['call'],12.5794,109.1872,Pluvialis fulva,Pacific Golden-Plover,Albert Lastukhin & Yuri Glushchenko,Creative Commons Attribution-NonCommercial-ShareAlike 4.0,3.0,08:00,https://www.xeno-canto.org/304082,pagplo/XC304082.ogg
pagplo,['rinphe'],['flight call'],49.8699,127.6447,Pluvialis fulva,Pacific Golden-Plover,Tom Wulf,Creative Commons Attribution-NonCommercial-ShareAlike 4.0,3.5,14:29,https://www.xeno-canto.org/327180,pagplo/XC327180.ogg
pagplo,[],['flight call'],11.5112,92.6993,Pluvialis fulva,Pacific Golden-Plover,Oscar Campbell,Creative Commons Attribution-NonCommercial-ShareAlike 4.0,4.0,07:00,https://www.xeno-canto.org/341300,pagplo/XC341300.ogg
pagplo,[],['call'],8.6901,98.2481,Pluvialis fulva,Pacific Golden-Plover,Tero Linjama,Creative Commons Attribution-NonCommercial-ShareAlike 4.0,5.0,07:00,https://www.xeno-canto.org/341987,pagplo/XC341987.ogg
pagplo,[],['flight call'],32.564,-117.1256,Pluvialis fulva,Pacific Golden-Plover,Paul Marvin,Creative Commons Attribution-NonCommercial-ShareAlike 4.0,5.0,09:20,https://www.xeno-canto.org/349608,pagplo/XC349608.ogg
pagplo,[],['alarm call'],46.1437,9.3678,Pluvialis fulva,Pacific Golden-Plover,Luca Giussani,Creative Commons Attribution-NonCommercial-ShareAlike 4.0,5.0,16:00,https://www.xeno-canto.org/351301,pagplo/XC351301.ogg
pagplo,[],['call'],1.4467,103.7274,Pluvialis fulva,Pacific Golden-Plover,Yeo SB,Creative Commons Attribution-NonCommercial-ShareAlike 4.0,5.0,12:00,https://www.xeno-canto.org/361606,pagplo/XC361606.ogg
pagplo,[],['flight call'],12.4197,99.9799,Pluvialis fulva,Pacific Golden-Plover,Albert Lastukhin,Creative Commons Attribution-NonCommercial-ShareAlike 4.0,3.0,09:00,https://www.xeno-canto.org/362761,pagplo/XC362761.ogg
pagplo,['skylar'],"['call', 'flight call']",34.6776,134.9253,Pluvialis fulva,Pacific Golden-Plover,Anon Torimi,Creative Commons Attribution-NonCommercial-ShareAlike 4.0,2.5,14:00,https://www.xeno-canto.org/365953,pagplo/XC365953.ogg
pagplo,[],"['call', 'flight call']",34.6776,134.9253,Pluvialis fulva,Pacific Golden-Plover,Anon Torimi,Creative Commons Attribution-NonCommercial-ShareAlike 4.0,2.0,14:00,https://www.xeno-canto.org/365958,pagplo/XC365958.ogg
pagplo,[],['call'],-6.9172,110.4815,Pluvialis fulva,Pacific Golden-Plover,Karyadi Baskoro,Creative Commons Attribution-NonCommercial-ShareAlike 4.0,4.0,10:00,https://www.xeno-canto.org/377473,pagplo/XC377473.ogg
pagplo,[],['call'],-6.9172,110.4815,Pluvialis fulva,Pacific Golden-Plover,Karyadi Baskoro,Creative Commons Attribution-NonCommercial-ShareAlike 4.0,4.0,10:00,https://www.xeno-canto.org/377474,pagplo/XC377474.ogg
pagplo,[],['call'],64.7864,178.7517,Pluvialis fulva,Pacific Golden-Plover,Jens Kirkeby,Creative Commons Attribution-NonCommercial-ShareAlike 4.0,0.0,08:00,https://www.xeno-canto.org/382135,pagplo/XC382135.ogg
pagplo,[],['call'],70.9409,147.9749,Pluvialis fulva,Pacific Golden-Plover,Sunny,Creative Commons Attribution-NonCommercial-ShareAlike 4.0,5.0,13:30,https://www.xeno-canto.org/396677,pagplo/XC396677.ogg
pagplo,[],['song'],64.5035,-165.4053,Pluvialis fulva,Pacific Golden-Plover,Patrik Åberg,Creative Commons Attribution-NonCommercial-ShareAlike 4.0,4.0,10:31,https://www.xeno-canto.org/406199,pagplo/XC406199.ogg
pagplo,[],['song'],64.5035,-165.4053,Pluvialis fulva,Pacific Golden-Plover,Patrik Åberg,Creative Commons Attribution-NonCommercial-ShareAlike 4.0,3.0,05:21,https://www.xeno-canto.org/406200,pagplo/XC406200.ogg
pagplo,[],['song'],64.5035,-165.4053,Pluvialis fulva,Pacific Golden-Plover,Patrik Åberg,Creative Commons Attribution-NonCommercial-ShareAlike 4.0,3.0,11:36,https://www.xeno-canto.org/406201,pagplo/XC406201.ogg
pagplo,[],['song'],64.5035,-165.4053,Pluvialis fulva,Pacific Golden-Plover,Patrik Åberg,Creative Commons Attribution-NonCommercial-ShareAlike 4.0,4.0,11:47,https://www.xeno-canto.org/406202,pagplo/XC406202.ogg
pagplo,[],['song'],64.9018,-166.1706,Pluvialis fulva,Pacific Golden-Plover,Steve Hampton,Creative Commons Attribution-NonCommercial-ShareAlike 4.0,5.0,14:30,https://www.xeno-canto.org/420229,pagplo/XC420229.ogg
pagplo,[],"['call', 'flight call']",46.0171,-123.9204,Pluvialis fulva,Pacific Golden-Plover,Ross Barnes-Rickett,Creative Commons Attribution-NonCommercial-ShareAlike 4.0,0.0,13:00,https://www.xeno-canto.org/432095,pagplo/XC432095.ogg
pagplo,[],"['flight call', 'life stage uncertain', 'sex uncertain']",13.7995,79.5436,Pluvialis fulva,Pacific Golden-Plover,Viral joshi,Creative Commons Attribution-NonCommercial-ShareAlike 4.0,3.0,16:00,https://www.xeno-canto.org/525881,pagplo/XC525881.ogg
pagplo,[],"['adult', 'call', 'sex uncertain']",23.7576,121.4787,Pluvialis fulva,Pacific Golden-Plover,Chie-Jen Jerome Ko,Creative Commons Attribution-NonCommercial-ShareAlike 4.0,2.5,06:40,https://www.xeno-canto.org/555539,pagplo/XC555539.ogg
pagplo,[],['flight call'],17.9456,102.6562,Pluvialis fulva,Pacific Golden-Plover,Bram Piot,Creative Commons Attribution-NonCommercial-ShareAlike 4.0,4.0,06:45,https://www.xeno-canto.org/587949,pagplo/XC587949.ogg
pagplo,[],['flight call'],15.4195,73.893,Pluvialis fulva,Pacific Golden-Plover,Mandar Bhagat,Creative Commons Attribution-NonCommercial-ShareAlike 4.0,5.0,07:15,https://www.xeno-canto.org/592950,pagplo/XC592950.ogg
pagplo,[],"['adult', 'call', 'sex uncertain']",-19.5057,169.2447,Pluvialis fulva,Pacific Golden-Plover,Dominik Maximilián Ramík,Creative Commons Attribution-NonCommercial-ShareAlike 4.0,5.0,00:04,https://www.xeno-canto.org/595644,pagplo/XC595644.ogg
pagplo,[],"['call', 'life stage uncertain', 'sex uncertain']",35.4596,-120.968,Pluvialis fulva,Pacific Golden-Plover,Thomas G. Graves,Creative Commons Attribution-NonCommercial-ShareAlike 4.0,2.5,16:18,https://www.xeno-canto.org/599291,pagplo/XC599291.ogg
pagplo,[],"['alarm call', 'life stage uncertain', 'sex uncertain']",35.4596,-120.968,Pluvialis fulva,Pacific Golden-Plover,Thomas G. Graves,Creative Commons Attribution-NonCommercial-ShareAlike 4.0,4.0,12:07,https://www.xeno-canto.org/599330,pagplo/XC599330.ogg
pagplo,[],"['adult', 'call', 'sex uncertain']",-19.5057,169.2447,Pluvialis fulva,Pacific Golden-Plover,Dominik Maximilián Ramík,Creative Commons Attribution-NonCommercial-ShareAlike 4.0,4.0,18:16,https://www.xeno-canto.org/612153,pagplo/XC612153.ogg
pagplo,[],"['adult', 'call', 'sex uncertain']",-19.5057,169.2447,Pluvialis fulva,Pacific Golden-Plover,Dominik Maximilián Ramík,Creative Commons Attribution-NonCommercial-ShareAlike 4.0,3.0,18:16,https://www.xeno-canto.org/612155,pagplo/XC612155.ogg
pagplo,[],"['adult', 'call', 'sex uncertain']",-19.5057,169.2447,Pluvialis fulva,Pacific Golden-Plover,Dominik Maximilián Ramík,Creative Commons Attribution-NonCommercial-ShareAlike 4.0,3.0,18:16,https://www.xeno-canto.org/612156,pagplo/XC612156.ogg
pagplo,[],"['call', 'flight call']",-17.4529,-143.4711,Pluvialis fulva,Pacific Golden-Plover,AUDEVARD Aurélien,Creative Commons Attribution-NonCommercial-ShareAlike 4.0,4.0,16:30,https://www.xeno-canto.org/619073,pagplo/XC619073.ogg
pagplo,[],['call'],64.7887,178.7489,Pluvialis fulva,Pacific Golden-Plover,Jens Kirkeby,Creative Commons Attribution-NonCommercial-ShareAlike 4.0,4.5,09:30,https://www.xeno-canto.org/622920,pagplo/XC622920.ogg
pagplo,['zebdov'],['flight call'],17.9456,102.6562,Pluvialis fulva,Pacific Golden-Plover,Bram Piot,Creative Commons Attribution-NonCommercial-ShareAlike 4.0,3.5,08:30,https://www.xeno-canto.org/635646,pagplo/XC635646.ogg
pagplo,[],['uncertain'],47.4079,-0.7051,Pluvialis fulva,Pacific Golden-Plover,Siméon Béasse,Creative Commons Attribution-NonCommercial-ShareAlike 4.0,3.0,06:30,https://www.xeno-canto.org/665856,pagplo/XC665856.ogg
pagplo,[],['call'],9.529,138.105,Pluvialis fulva,Pacific Golden-Plover,Todd Mark,Creative Commons Attribution-NonCommercial-ShareAlike 3.0,2.0,?,https://www.xeno-canto.org/75453,pagplo/XC75453.ogg
palila,"['apapan', 'hawama', 'warwhe1']",['call'],19.8317,-155.5978,Loxioides bailleui,Palila,Brooks Rownd,Creative Commons Attribution-NonCommercial-ShareAlike 3.0,2.5,00:00,https://www.xeno-canto.org/122208,palila/XC122208.ogg
palila,"['hawama', 'warwhe1']",['call'],19.8317,-155.5978,Loxioides bailleui,Palila,Brooks Rownd,Creative Commons Attribution-NonCommercial-ShareAlike 3.0,3.5,16:18,https://www.xeno-canto.org/122212,palila/XC122212.ogg
palila,"['hawama', 'houfin', 'warwhe1']","['call', 'song']",19.8317,-155.5978,Loxioides bailleui,Palila,Brooks Rownd,Creative Commons Attribution-NonCommercial-ShareAlike 3.0,2.5,17:04,https://www.xeno-canto.org/122383,palila/XC122383.ogg
palila,[],['song'],19.8253,-155.605,Loxioides bailleui,Palila,Eric VanderWerf,Creative Commons Attribution-NonCommercial-ShareAlike 3.0,5.0,14:00,https://www.xeno-canto.org/145608,palila/XC145608.ogg
palila,[],['song'],19.8344,-155.5905,Loxioides bailleui,Palila,Tim Burr,Creative Commons Attribution-NonCommercial-ShareAlike 3.0,5.0,08:08,https://www.xeno-canto.org/146104,palila/XC146104.ogg
palila,['hawama'],['call'],19.8239,-155.6089,Loxioides bailleui,Palila,Dan Lane,Creative Commons Attribution-NonCommercial-ShareAlike 4.0,3.5,13:30,https://www.xeno-canto.org/175241,palila/XC175241.ogg
palila,['hawama'],['call'],19.8239,-155.6089,Loxioides bailleui,Palila,Daniel Lane,Creative Commons Attribution-NonCommercial-ShareAlike 3.0,2.5,11:00,https://www.xeno-canto.org/27357,palila/XC27357.ogg
parjae,[],"['call', 'flight call']",69.586,18.044,Stercorarius parasiticus,Parasitic Jaeger,Stein Ø. Nilsen,Creative Commons Attribution-NonCommercial-ShareAlike 3.0,4.0,23:30,https://www.xeno-canto.org/143319,parjae/XC143319.ogg
parjae,[],"['call', 'flight call']",69.586,18.044,Stercorarius parasiticus,Parasitic Jaeger,Stein Ø. Nilsen,Creative Commons Attribution-NonCommercial-ShareAlike 3.0,3.5,23:30,https://www.xeno-canto.org/143320,parjae/XC143320.ogg
parjae,[],['alarm call'],71.0764,28.2091,Stercorarius parasiticus,Parasitic Jaeger,Rob van Bemmelen,Creative Commons Attribution-NonCommercial-ShareAlike 4.0,4.0,17:30,https://www.xeno-canto.org/198120,parjae/XC198120.ogg
parjae,[],"['alarm call', 'call']",71.0764,28.2091,Stercorarius parasiticus,Parasitic Jaeger,Rob van Bemmelen,Creative Commons Attribution-NonCommercial-ShareAlike 4.0,4.5,12:00,https://www.xeno-canto.org/198123,parjae/XC198123.ogg
parjae,[],"['alarm call', 'call']",71.0764,28.2091,Stercorarius parasiticus,Parasitic Jaeger,Rob van Bemmelen,Creative Commons Attribution-NonCommercial-ShareAlike 4.0,3.5,12:00,https://www.xeno-canto.org/198124,parjae/XC198124.ogg
parjae,[],['call'],71.2564,-156.5514,Stercorarius parasiticus,Parasitic Jaeger,Andrew Spencer,Creative Commons Attribution-NonCommercial-ShareAlike 4.0,5.0,10:30,https://www.xeno-canto.org/203452,parjae/XC203452.ogg
parjae,[],['call'],71.2564,-156.5514,Stercorarius parasiticus,Parasitic Jaeger,Andrew Spencer,Creative Commons Attribution-NonCommercial-ShareAlike 4.0,5.0,10:30,https://www.xeno-canto.org/203453,parjae/XC203453.ogg
parjae,[],['distraction display'],71.2564,-156.5514,Stercorarius parasiticus,Parasitic Jaeger,Andrew Spencer,Creative Commons Attribution-NonCommercial-ShareAlike 4.0,5.0,10:30,https://www.xeno-canto.org/203454,parjae/XC203454.ogg
parjae,['pomjae'],"['call', 'distraction display']",71.2564,-156.5514,Stercorarius parasiticus,Parasitic Jaeger,Andrew Spencer,Creative Commons Attribution-NonCommercial-ShareAlike 4.0,4.5,10:30,https://www.xeno-canto.org/203457,parjae/XC203457.ogg
parjae,[],['call'],59.5883,19.4288,Stercorarius parasiticus,Parasitic Jaeger,Jelmer Poelstra,Creative Commons Attribution-NonCommercial-ShareAlike 4.0,5.0,08:57,https://www.xeno-canto.org/315964,parjae/XC315964.ogg
parjae,[],"['call', 'flight call']",69.5782,18.0352,Stercorarius parasiticus,Parasitic Jaeger,Stein Ø. Nilsen,Creative Commons Attribution-NonCommercial-ShareAlike 4.0,5.0,23:30,https://www.xeno-canto.org/318712,parjae/XC318712.ogg
parjae,[],"['call', 'flight call']",69.5782,18.0352,Stercorarius parasiticus,Parasitic Jaeger,Stein Ø. Nilsen,Creative Commons Attribution-NonCommercial-ShareAlike 4.0,5.0,00:00,https://www.xeno-canto.org/318713,parjae/XC318713.ogg
parjae,[],"['call', 'flight call']",69.5782,18.0352,Stercorarius parasiticus,Parasitic Jaeger,Stein Ø. Nilsen,Creative Commons Attribution-NonCommercial-ShareAlike 4.0,3.5,00:00,https://www.xeno-canto.org/318714,parjae/XC318714.ogg
parjae,[],['call'],60.7046,21.1779,Stercorarius parasiticus,Parasitic Jaeger,Tero Linjama,Creative Commons Attribution-NonCommercial-ShareAlike 4.0,5.0,07:00,https://www.xeno-canto.org/342925,parjae/XC342925.ogg
parjae,[],['alarm call'],60.7046,21.1779,Stercorarius parasiticus,Parasitic Jaeger,Tero Linjama,Creative Commons Attribution-NonCommercial-ShareAlike 4.0,5.0,07:00,https://www.xeno-canto.org/342926,parjae/XC342926.ogg
parjae,[],['call'],58.135921,-6.674194,Stercorarius parasiticus,Parasitic Jaeger,David Farrow,Creative Commons Attribution-NonCommercial-ShareAlike 3.0,4.0,?:?,https://www.xeno-canto.org/37418,parjae/XC37418.ogg
parjae,[],"['call', 'flight call']",69.8322,18.8964,Stercorarius parasiticus,Parasitic Jaeger,Stein Ø. Nilsen,Creative Commons Attribution-NonCommercial-ShareAlike 4.0,5.0,23:00,https://www.xeno-canto.org/428823,parjae/XC428823.ogg
parjae,[],"['alarm call', 'call', 'female', 'flight call', 'juvenile', 'male']",65.643,-14.2804,Stercorarius parasiticus,Parasitic Jaeger,Stanislas Wroza,Creative Commons Attribution-NonCommercial-ShareAlike 4.0,5.0,07:00,https://www.xeno-canto.org/432780,parjae/XC432780.ogg
parjae,[],['flight call'],71.0901,28.1859,Stercorarius parasiticus,Parasitic Jaeger,Karl-Birger Strann,Creative Commons Attribution-NonCommercial-ShareAlike 4.0,4.0,08:30,https://www.xeno-canto.org/443562,parjae/XC443562.ogg
parjae,[],['flight call'],78.247,15.392,Stercorarius parasiticus,Parasitic Jaeger,Stein Ø. Nilsen,Creative Commons Attribution-NonCommercial-ShareAlike 4.0,5.0,03:00,https://www.xeno-canto.org/457539,parjae/XC457539.ogg
parjae,[],"['call', 'female', 'male']",63.6832,20.3362,Stercorarius parasiticus,Parasitic Jaeger,Lars Edenius,Creative Commons Attribution-NonCommercial-ShareAlike 4.0,4.0,06:00,https://www.xeno-canto.org/475654,parjae/XC475654.ogg
parjae,[],['flight call'],60.054,-1.3533,Stercorarius parasiticus,Parasitic Jaeger,Andrew Harrop,Creative Commons Attribution-NonCommercial-ShareAlike 4.0,3.5,11:00,https://www.xeno-canto.org/476530,parjae/XC476530.ogg
parjae,[],"['call', 'flight call']",65.6417,-14.2895,Stercorarius parasiticus,Parasitic Jaeger,Stanislas Wroza,Creative Commons Attribution-NonCommercial-ShareAlike 4.0,0.0,20:00,https://www.xeno-canto.org/479309,parjae/XC479309.ogg
parjae,[],"['adult attacking a young', 'call', 'flight call']",65.6417,-14.2895,Stercorarius parasiticus,Parasitic Jaeger,Stanislas Wroza,Creative Commons Attribution-NonCommercial-ShareAlike 4.0,0.0,20:00,https://www.xeno-canto.org/479310,parjae/XC479310.ogg
parjae,[],"['adult', 'call', 'flight call']",65.6417,-14.2895,Stercorarius parasiticus,Parasitic Jaeger,Stanislas Wroza,Creative Commons Attribution-NonCommercial-ShareAlike 4.0,0.0,20:00,https://www.xeno-canto.org/479311,parjae/XC479311.ogg
parjae,[],['alarm call'],65.6417,-14.2895,Stercorarius parasiticus,Parasitic Jaeger,Stanislas Wroza,Creative Commons Attribution-NonCommercial-ShareAlike 4.0,0.0,20:00,https://www.xeno-canto.org/479312,parjae/XC479312.ogg
parjae,[],['alarm call'],65.6417,-14.2895,Stercorarius parasiticus,Parasitic Jaeger,Stanislas Wroza,Creative Commons Attribution-NonCommercial-ShareAlike 4.0,0.0,20:00,https://www.xeno-canto.org/479313,parjae/XC479313.ogg
parjae,[],['alarm call'],65.6417,-14.2895,Stercorarius parasiticus,Parasitic Jaeger,Stanislas Wroza,Creative Commons Attribution-NonCommercial-ShareAlike 4.0,0.0,20:00,https://www.xeno-canto.org/479314,parjae/XC479314.ogg
parjae,[],['alarm call'],65.6417,-14.2895,Stercorarius parasiticus,Parasitic Jaeger,Stanislas Wroza,Creative Commons Attribution-NonCommercial-ShareAlike 4.0,0.0,20:00,https://www.xeno-canto.org/479315,parjae/XC479315.ogg
parjae,[],['alarm call'],65.6417,-14.2895,Stercorarius parasiticus,Parasitic Jaeger,Stanislas Wroza,Creative Commons Attribution-NonCommercial-ShareAlike 4.0,0.0,20:00,https://www.xeno-canto.org/479316,parjae/XC479316.ogg
parjae,[],['alarm call'],65.6417,-14.2895,Stercorarius parasiticus,Parasitic Jaeger,Stanislas Wroza,Creative Commons Attribution-NonCommercial-ShareAlike 4.0,0.0,20:00,https://www.xeno-canto.org/479317,parjae/XC479317.ogg
parjae,[],['alarm call'],65.6417,-14.2895,Stercorarius parasiticus,Parasitic Jaeger,Stanislas Wroza,Creative Commons Attribution-NonCommercial-ShareAlike 4.0,0.0,20:00,https://www.xeno-canto.org/479318,parjae/XC479318.ogg
parjae,[],['alarm call'],65.6417,-14.2895,Stercorarius parasiticus,Parasitic Jaeger,Stanislas Wroza,Creative Commons Attribution-NonCommercial-ShareAlike 4.0,0.0,20:00,https://www.xeno-canto.org/479319,parjae/XC479319.ogg
parjae,[],['alarm call'],65.6417,-14.2895,Stercorarius parasiticus,Parasitic Jaeger,Stanislas Wroza,Creative Commons Attribution-NonCommercial-ShareAlike 4.0,0.0,20:00,https://www.xeno-canto.org/479320,parjae/XC479320.ogg
parjae,[],['alarm call'],65.6417,-14.2895,Stercorarius parasiticus,Parasitic Jaeger,Stanislas Wroza,Creative Commons Attribution-NonCommercial-ShareAlike 4.0,0.0,20:00,https://www.xeno-canto.org/479321,parjae/XC479321.ogg
parjae,[],"['call', 'flight call', 'long call', 'short call']",65.6417,-14.2895,Stercorarius parasiticus,Parasitic Jaeger,Stanislas Wroza,Creative Commons Attribution-NonCommercial-ShareAlike 4.0,0.0,20:00,https://www.xeno-canto.org/479322,parjae/XC479322.ogg
parjae,[],"['alarm call', 'call', 'flight call', 'song', 'various calls']",65.6417,-14.2895,Stercorarius parasiticus,Parasitic Jaeger,Stanislas Wroza,Creative Commons Attribution-NonCommercial-ShareAlike 4.0,0.0,20:00,https://www.xeno-canto.org/479323,parjae/XC479323.ogg
parjae,[],"['alarm call', 'call', 'flight call', 'song', 'various calls']",65.6417,-14.2895,Stercorarius parasiticus,Parasitic Jaeger,Stanislas Wroza,Creative Commons Attribution-NonCommercial-ShareAlike 4.0,0.0,20:00,https://www.xeno-canto.org/479325,parjae/XC479325.ogg
parjae,[],"['alarm call', 'call', 'flight call', 'song', 'various calls']",65.6417,-14.2895,Stercorarius parasiticus,Parasitic Jaeger,Stanislas Wroza,Creative Commons Attribution-NonCommercial-ShareAlike 4.0,0.0,20:00,https://www.xeno-canto.org/479326,parjae/XC479326.ogg
parjae,[],['song'],65.6417,-14.2895,Stercorarius parasiticus,Parasitic Jaeger,Stanislas Wroza,Creative Commons Attribution-NonCommercial-ShareAlike 4.0,0.0,20:00,https://www.xeno-canto.org/479327,parjae/XC479327.ogg
parjae,[],['song'],65.6417,-14.2895,Stercorarius parasiticus,Parasitic Jaeger,Stanislas Wroza,Creative Commons Attribution-NonCommercial-ShareAlike 4.0,0.0,20:00,https://www.xeno-canto.org/479328,parjae/XC479328.ogg
parjae,[],"['call', 'juvenile']",65.6417,-14.2895,Stercorarius parasiticus,Parasitic Jaeger,Stanislas Wroza,Creative Commons Attribution-NonCommercial-ShareAlike 4.0,0.0,20:00,https://www.xeno-canto.org/479329,parjae/XC479329.ogg
parjae,[],"['call', 'juvenile']",65.6417,-14.2895,Stercorarius parasiticus,Parasitic Jaeger,Stanislas Wroza,Creative Commons Attribution-NonCommercial-ShareAlike 4.0,0.0,20:00,https://www.xeno-canto.org/479330,parjae/XC479330.ogg
parjae,[],"['call', 'juvenile']",65.6417,-14.2895,Stercorarius parasiticus,Parasitic Jaeger,Stanislas Wroza,Creative Commons Attribution-NonCommercial-ShareAlike 4.0,0.0,20:00,https://www.xeno-canto.org/479331,parjae/XC479331.ogg
parjae,[],"['attack', 'flight call']",65.6417,-14.2895,Stercorarius parasiticus,Parasitic Jaeger,Stanislas Wroza,Creative Commons Attribution-NonCommercial-ShareAlike 4.0,0.0,20:00,https://www.xeno-canto.org/479332,parjae/XC479332.ogg
parjae,[],"['call', 'flight call']",65.6417,-14.2895,Stercorarius parasiticus,Parasitic Jaeger,Stanislas Wroza,Creative Commons Attribution-NonCommercial-ShareAlike 4.0,0.0,20:00,https://www.xeno-canto.org/479333,parjae/XC479333.ogg
parjae,[],"['attack', 'call', 'flight call']",65.6417,-14.2895,Stercorarius parasiticus,Parasitic Jaeger,Stanislas Wroza,Creative Commons Attribution-NonCommercial-ShareAlike 4.0,4.0,20:00,https://www.xeno-canto.org/479368,parjae/XC479368.ogg
parjae,[],"['call', 'distraction calls', 'flight call']",65.6417,-14.2895,Stercorarius parasiticus,Parasitic Jaeger,Stanislas Wroza,Creative Commons Attribution-NonCommercial-ShareAlike 4.0,4.0,20:00,https://www.xeno-canto.org/479369,parjae/XC479369.ogg
parjae,[],"['alarm call', 'call', 'flight call', 'song', 'various calls']",65.6417,-14.2895,Stercorarius parasiticus,Parasitic Jaeger,Stanislas Wroza,Creative Commons Attribution-NonCommercial-ShareAlike 4.0,0.0,20:00,https://www.xeno-canto.org/479370,parjae/XC479370.ogg
parjae,[],"['call', 'flight call']",64.6032,-22.1424,Stercorarius parasiticus,Parasitic Jaeger,Stanislas Wroza,Creative Commons Attribution-NonCommercial-ShareAlike 4.0,0.0,05:00,https://www.xeno-canto.org/487314,parjae/XC487314.ogg
parjae,[],"['call', 'flight call']",64.6032,-22.1424,Stercorarius parasiticus,Parasitic Jaeger,Stanislas Wroza,Creative Commons Attribution-NonCommercial-ShareAlike 4.0,0.0,05:00,https://www.xeno-canto.org/487315,parjae/XC487315.ogg
parjae,[],"['call', 'flight call']",64.6032,-22.1424,Stercorarius parasiticus,Parasitic Jaeger,Stanislas Wroza,Creative Commons Attribution-NonCommercial-ShareAlike 4.0,0.0,05:00,https://www.xeno-canto.org/487316,parjae/XC487316.ogg
parjae,[],['flight call'],63.6904,20.4628,Stercorarius parasiticus,Parasitic Jaeger,Lars Edenius,Creative Commons Attribution-NonCommercial-ShareAlike 4.0,4.0,20:00,https://www.xeno-canto.org/488943,parjae/XC488943.ogg
parjae,[],['flight call'],63.6904,20.4628,Stercorarius parasiticus,Parasitic Jaeger,Lars Edenius,Creative Commons Attribution-NonCommercial-ShareAlike 4.0,5.0,20:00,https://www.xeno-canto.org/488944,parjae/XC488944.ogg
parjae,[],['nocturnal flight call'],47.661,-3.1838,Stercorarius parasiticus,Parasitic Jaeger,Philippe J. DUBOIS,Creative Commons Attribution-NonCommercial-ShareAlike 4.0,0.0,23:30,https://www.xeno-canto.org/496381,parjae/XC496381.ogg
parjae,['cangoo'],"['alarm call', 'call', 'female', 'flight call', 'male']",58.7444,-93.8784,Stercorarius parasiticus,Parasitic Jaeger,Doug Hynes,Creative Commons Attribution-ShareAlike 4.0,4.5,11:05,https://www.xeno-canto.org/609518,parjae/XC609518.ogg
parjae,[],"['adult', 'flight call']",60.1225,-2.0538,Stercorarius parasiticus,Parasitic Jaeger,Andrew Harrop,Creative Commons Attribution-NonCommercial-ShareAlike 4.0,5.0,09:00,https://www.xeno-canto.org/656971,parjae/XC656971.ogg
parjae,[],"['adult', 'flight call']",60.1225,-2.0538,Stercorarius parasiticus,Parasitic Jaeger,Andrew Harrop,Creative Commons Attribution-NonCommercial-ShareAlike 4.0,5.0,09:00,https://www.xeno-canto.org/656972,parjae/XC656972.ogg
parjae,[],"['adult', 'call', 'female', 'male']",63.4325,19.6575,Stercorarius parasiticus,Parasitic Jaeger,Lars Edenius,Creative Commons Attribution-NonCommercial-ShareAlike 4.0,4.0,07:00,https://www.xeno-canto.org/657936,parjae/XC657936.ogg
parjae,[],"['adult', 'alarm call']",63.4325,19.6575,Stercorarius parasiticus,Parasitic Jaeger,Lars Edenius,Creative Commons Attribution-NonCommercial-ShareAlike 4.0,5.0,07:00,https://www.xeno-canto.org/657937,parjae/XC657937.ogg
parjae,[],"['adult', 'alarm call']",63.4325,19.6575,Stercorarius parasiticus,Parasitic Jaeger,Lars Edenius,Creative Commons Attribution-NonCommercial-ShareAlike 4.0,5.0,08:00,https://www.xeno-canto.org/658091,parjae/XC658091.ogg
parjae,[],"['adult', 'alarm call']",63.4325,19.6575,Stercorarius parasiticus,Parasitic Jaeger,Lars Edenius,Creative Commons Attribution-NonCommercial-ShareAlike 4.0,5.0,08:00,https://www.xeno-canto.org/658093,parjae/XC658093.ogg
pecsan,[],['flight call'],36.067,-83.231,Calidris melanotos,Pectoral Sandpiper,Mike Nelson,Creative Commons Attribution-NonCommercial-ShareAlike 3.0,4.0,12:00,https://www.xeno-canto.org/109321,pecsan/XC109321.ogg
pecsan,['leasan'],['flight call'],36.067,-83.231,Calidris melanotos,Pectoral Sandpiper,Mike Nelson,Creative Commons Attribution-NonCommercial-ShareAlike 3.0,3.5,12:00,https://www.xeno-canto.org/109322,pecsan/XC109322.ogg
pecsan,[],['call'],46.9459,-124.1499,Calidris melanotos,Pectoral Sandpiper,Andrew Spencer,Creative Commons Attribution-NonCommercial-ShareAlike 3.0,5.0,15:00,https://www.xeno-canto.org/109917,pecsan/XC109917.ogg
pecsan,[],['call'],46.9459,-124.1499,Calidris melanotos,Pectoral Sandpiper,Andrew Spencer,Creative Commons Attribution-NonCommercial-ShareAlike 3.0,5.0,15:00,https://www.xeno-canto.org/109918,pecsan/XC109918.ogg
pecsan,[],['call'],46.9459,-124.1499,Calidris melanotos,Pectoral Sandpiper,Tayler Brooks,Creative Commons Attribution-NonCommercial-ShareAlike 3.0,4.0,13:30,https://www.xeno-canto.org/113149,pecsan/XC113149.ogg
pecsan,[],['call'],46.9459,-124.1499,Calidris melanotos,Pectoral Sandpiper,Tayler Brooks,Creative Commons Attribution-NonCommercial-ShareAlike 3.0,5.0,13:30,https://www.xeno-canto.org/113150,pecsan/XC113150.ogg
pecsan,[],['call'],18.0024,-94.5653,Calidris melanotos,Pectoral Sandpiper,Manuel Grosselet,Creative Commons Attribution-NonCommercial-ShareAlike 3.0,2.5,09:00,https://www.xeno-canto.org/127494,pecsan/XC127494.ogg
pecsan,[],['call'],18.0024,-94.5653,Calidris melanotos,Pectoral Sandpiper,Manuel Grosselet,Creative Commons Attribution-NonCommercial-ShareAlike 3.0,3.0,08:30,https://www.xeno-canto.org/127732,pecsan/XC127732.ogg
pecsan,[],['call'],18.0024,-94.5653,Calidris melanotos,Pectoral Sandpiper,Manuel Grosselet,Creative Commons Attribution-NonCommercial-ShareAlike 3.0,3.0,08:30,https://www.xeno-canto.org/127733,pecsan/XC127733.ogg
pecsan,[],['display'],71.2564,-156.5514,Calidris melanotos,Pectoral Sandpiper,Andrew Spencer,Creative Commons Attribution-NonCommercial-ShareAlike 3.0,5.0,23:00,https://www.xeno-canto.org/139702,pecsan/XC139702.ogg
pecsan,[],['display'],71.2564,-156.5514,Calidris melanotos,Pectoral Sandpiper,Andrew Spencer,Creative Commons Attribution-NonCommercial-ShareAlike 3.0,5.0,23:00,https://www.xeno-canto.org/139703,pecsan/XC139703.ogg
pecsan,[],['call'],71.251,-156.7719,Calidris melanotos,Pectoral Sandpiper,Andrew Spencer,Creative Commons Attribution-NonCommercial-ShareAlike 3.0,5.0,00:50,https://www.xeno-canto.org/139704,pecsan/XC139704.ogg
pecsan,[],['call'],71.2564,-156.5514,Calidris melanotos,Pectoral Sandpiper,Andrew Spencer,Creative Commons Attribution-NonCommercial-ShareAlike 3.0,4.0,01:40,https://www.xeno-canto.org/139705,pecsan/XC139705.ogg
pecsan,['dunlin'],['call'],64.4669,-164.7537,Calidris melanotos,Pectoral Sandpiper,Andrew Spencer,Creative Commons Attribution-NonCommercial-ShareAlike 3.0,4.5,00:50,https://www.xeno-canto.org/141707,pecsan/XC141707.ogg
pecsan,[],['call'],-11.0189,-66.0995,Calidris melanotos,Pectoral Sandpiper,Andrew Spencer,Creative Commons Attribution-NonCommercial-ShareAlike 3.0,5.0,16:30,https://www.xeno-canto.org/147095,pecsan/XC147095.ogg
pecsan,[],['call'],-11.0189,-66.0995,Calidris melanotos,Pectoral Sandpiper,Andrew Spencer,Creative Commons Attribution-NonCommercial-ShareAlike 3.0,5.0,16:30,https://www.xeno-canto.org/147096,pecsan/XC147096.ogg
pecsan,[],['call'],-11.0189,-66.0995,Calidris melanotos,Pectoral Sandpiper,Andrew Spencer,Creative Commons Attribution-NonCommercial-ShareAlike 3.0,5.0,16:30,https://www.xeno-canto.org/147097,pecsan/XC147097.ogg
pecsan,[],['flight call'],-8.8734,-69.2802,Calidris melanotos,Pectoral Sandpiper,GABRIEL LEITE,Creative Commons Attribution-NonCommercial-ShareAlike 3.0,4.0,10:00,https://www.xeno-canto.org/151892,pecsan/XC151892.ogg
pecsan,[],['flight call'],-10.7054,-73.7509,Calidris melanotos,Pectoral Sandpiper,Herman van Oosten,Creative Commons Attribution-NonCommercial-ShareAlike 3.0,3.0,16:42,https://www.xeno-canto.org/152422,pecsan/XC152422.ogg
pecsan,[],['Flight calls after being flushed'],-22.4203,-65.9926,Calidris melanotos,Pectoral Sandpiper,Niels Krabbe,Creative Commons Attribution-NonCommercial-ShareAlike 3.0,4.0,?,https://www.xeno-canto.org/16192,pecsan/XC16192.ogg
pecsan,[],"['flight call', 'song']",-26.7144,-49.4833,Calidris melanotos,Pectoral Sandpiper,Douglas Meyer,Creative Commons Attribution-NonCommercial-ShareAlike 4.0,2.0,15:18,https://www.xeno-canto.org/176521,pecsan/XC176521.ogg
pecsan,[],['call'],71.2435,-156.6335,Calidris melanotos,Pectoral Sandpiper,Andrew Spencer,Creative Commons Attribution-NonCommercial-ShareAlike 4.0,5.0,06:30,https://www.xeno-canto.org/188559,pecsan/XC188559.ogg
pecsan,[],"['call', 'female', 'male']",-5.7673,-67.7723,Calidris melanotos,Pectoral Sandpiper,GABRIEL LEITE,Creative Commons Attribution-NonCommercial-ShareAlike 4.0,4.0,11:00,https://www.xeno-canto.org/206730,pecsan/XC206730.ogg
pecsan,[],['flight call'],30.1487,-92.7658,Calidris melanotos,Pectoral Sandpiper,Dan Lane,Creative Commons Attribution-NonCommercial-ShareAlike 4.0,4.0,10:30,https://www.xeno-canto.org/239618,pecsan/XC239618.ogg
pecsan,[],['flight call'],30.1487,-92.7658,Calidris melanotos,Pectoral Sandpiper,Dan Lane,Creative Commons Attribution-NonCommercial-ShareAlike 4.0,3.5,10:30,https://www.xeno-canto.org/239619,pecsan/XC239619.ogg
pecsan,[],"['call', 'alarm call']",-0.614,-78.475,Calidris melanotos,Pectoral Sandpiper,Niels Krabbe,Creative Commons Attribution-ShareAlike 4.0,2.5,15:15,https://www.xeno-canto.org/250563,pecsan/XC250563.ogg
pecsan,[],['call'],34.3945,-90.212,Calidris melanotos,Pectoral Sandpiper,J.R. Rigby,Creative Commons Attribution-NonCommercial-ShareAlike 4.0,4.5,10:30,https://www.xeno-canto.org/308705,pecsan/XC308705.ogg
pecsan,[],['flight call'],28.6328,-80.7717,Calidris melanotos,Pectoral Sandpiper,Paul Marvin,Creative Commons Attribution-NonCommercial-ShareAlike 4.0,4.0,07:37,https://www.xeno-canto.org/332519,pecsan/XC332519.ogg
pecsan,[],['flight call'],53.5395,-0.9523,Calidris melanotos,Pectoral Sandpiper,Tim Jones,Creative Commons Attribution-NonCommercial-ShareAlike 4.0,3.0,19:00,https://www.xeno-canto.org/333469,pecsan/XC333469.ogg
pecsan,[],['flight call'],51.8387,-8.0159,Calidris melanotos,Pectoral Sandpiper,Harry Hussey,Creative Commons Attribution-NonCommercial-ShareAlike 4.0,3.5,17:30,https://www.xeno-canto.org/384947,pecsan/XC384947.ogg
pecsan,[],['flight call'],52.324,-9.8358,Calidris melanotos,Pectoral Sandpiper,Seamus Enright,Creative Commons Attribution-NonCommercial-ShareAlike 4.0,5.0,17:30,https://www.xeno-canto.org/385019,pecsan/XC385019.ogg
pecsan,[],['call'],70.9409,147.9749,Calidris melanotos,Pectoral Sandpiper,Sunny,Creative Commons Attribution-NonCommercial-ShareAlike 4.0,5.0,19:30,https://www.xeno-canto.org/396666,pecsan/XC396666.ogg
pecsan,[],['call'],70.9409,147.9749,Calidris melanotos,Pectoral Sandpiper,Sunny,Creative Commons Attribution-NonCommercial-ShareAlike 4.0,5.0,14:00,https://www.xeno-canto.org/396681,pecsan/XC396681.ogg
pecsan,[],['call'],70.9409,147.9749,Calidris melanotos,Pectoral Sandpiper,Sunny,Creative Commons Attribution-NonCommercial-ShareAlike 4.0,5.0,14:00,https://www.xeno-canto.org/396682,pecsan/XC396682.ogg
pecsan,[],['flight call'],71.2973,-156.7737,Calidris melanotos,Pectoral Sandpiper,Patrik Åberg,Creative Commons Attribution-NonCommercial-ShareAlike 4.0,4.0,22:50,https://www.xeno-canto.org/406452,pecsan/XC406452.ogg
pecsan,[],['call'],71.2973,-156.7737,Calidris melanotos,Pectoral Sandpiper,Patrik Åberg,Creative Commons Attribution-NonCommercial-ShareAlike 4.0,4.0,22:18,https://www.xeno-canto.org/406453,pecsan/XC406453.ogg
pecsan,[],['flight call'],71.2973,-156.7737,Calidris melanotos,Pectoral Sandpiper,Patrik Åberg,Creative Commons Attribution-NonCommercial-ShareAlike 4.0,4.0,22:58,https://www.xeno-canto.org/406454,pecsan/XC406454.ogg
pecsan,[],['call'],71.2973,-156.7737,Calidris melanotos,Pectoral Sandpiper,Patrik Åberg,Creative Commons Attribution-NonCommercial-ShareAlike 4.0,4.0,20:44,https://www.xeno-canto.org/406455,pecsan/XC406455.ogg
pecsan,[],['flushed call'],71.2973,-156.7737,Calidris melanotos,Pectoral Sandpiper,Patrik Åberg,Creative Commons Attribution-NonCommercial-ShareAlike 4.0,4.0,08:19,https://www.xeno-canto.org/406456,pecsan/XC406456.ogg
pecsan,[],['call'],71.2973,-156.7737,Calidris melanotos,Pectoral Sandpiper,Patrik Åberg,Creative Commons Attribution-NonCommercial-ShareAlike 4.0,5.0,08:28,https://www.xeno-canto.org/406457,pecsan/XC406457.ogg
pecsan,[],['flushed call'],71.2973,-156.7737,Calidris melanotos,Pectoral Sandpiper,Patrik Åberg,Creative Commons Attribution-NonCommercial-ShareAlike 4.0,5.0,08:46,https://www.xeno-canto.org/406458,pecsan/XC406458.ogg
pecsan,[],['flushed call'],71.2973,-156.7737,Calidris melanotos,Pectoral Sandpiper,Patrik Åberg,Creative Commons Attribution-NonCommercial-ShareAlike 4.0,5.0,08:57,https://www.xeno-canto.org/406459,pecsan/XC406459.ogg
pecsan,[],"['call', 'song']",71.2973,-156.7737,Calidris melanotos,Pectoral Sandpiper,Patrik Åberg,Creative Commons Attribution-NonCommercial-ShareAlike 4.0,3.5,15:08,https://www.xeno-canto.org/406460,pecsan/XC406460.ogg
pecsan,[],['song'],71.2973,-156.7737,Calidris melanotos,Pectoral Sandpiper,Patrik Åberg,Creative Commons Attribution-NonCommercial-ShareAlike 4.0,4.0,03:27,https://www.xeno-canto.org/406461,pecsan/XC406461.ogg
pecsan,[],['song'],71.2973,-156.7737,Calidris melanotos,Pectoral Sandpiper,Patrik Åberg,Creative Commons Attribution-NonCommercial-ShareAlike 4.0,3.5,04:17,https://www.xeno-canto.org/406462,pecsan/XC406462.ogg
pecsan,[],['song'],71.2973,-156.7737,Calidris melanotos,Pectoral Sandpiper,Patrik Åberg,Creative Commons Attribution-NonCommercial-ShareAlike 4.0,3.5,16:15,https://www.xeno-canto.org/406463,pecsan/XC406463.ogg
pecsan,[],['song'],71.2973,-156.7737,Calidris melanotos,Pectoral Sandpiper,Patrik Åberg,Creative Commons Attribution-NonCommercial-ShareAlike 4.0,4.0,16:37,https://www.xeno-canto.org/406464,pecsan/XC406464.ogg
pecsan,[],['song'],71.2973,-156.7737,Calidris melanotos,Pectoral Sandpiper,Patrik Åberg,Creative Commons Attribution-NonCommercial-ShareAlike 4.0,3.5,19:51,https://www.xeno-canto.org/406465,pecsan/XC406465.ogg
pecsan,[],['song'],71.2973,-156.7737,Calidris melanotos,Pectoral Sandpiper,Patrik Åberg,Creative Commons Attribution-NonCommercial-ShareAlike 4.0,4.0,19:57,https://www.xeno-canto.org/406466,pecsan/XC406466.ogg
pecsan,[],['song'],71.2973,-156.7737,Calidris melanotos,Pectoral Sandpiper,Patrik Åberg,Creative Commons Attribution-NonCommercial-ShareAlike 4.0,4.0,20:36,https://www.xeno-canto.org/406468,pecsan/XC406468.ogg
pecsan,[],['song'],71.2973,-156.7737,Calidris melanotos,Pectoral Sandpiper,Patrik Åberg,Creative Commons Attribution-NonCommercial-ShareAlike 4.0,4.0,18:10,https://www.xeno-canto.org/406469,pecsan/XC406469.ogg
pecsan,[],['song'],71.2973,-156.7737,Calidris melanotos,Pectoral Sandpiper,Patrik Åberg,Creative Commons Attribution-NonCommercial-ShareAlike 4.0,5.0,08:16,https://www.xeno-canto.org/406470,pecsan/XC406470.ogg
pecsan,[],['song'],71.2973,-156.7737,Calidris melanotos,Pectoral Sandpiper,Patrik Åberg,Creative Commons Attribution-NonCommercial-ShareAlike 4.0,4.0,08:50,https://www.xeno-canto.org/406471,pecsan/XC406471.ogg
pecsan,[],['song'],70.9409,147.9749,Calidris melanotos,Pectoral Sandpiper,Ukolov Ilya,Creative Commons Attribution-NonCommercial-ShareAlike 4.0,4.0,12:00,https://www.xeno-canto.org/424286,pecsan/XC424286.ogg
pecsan,"['dunlin', 'redpha1']",['song'],71.2789,-156.6485,Calidris melanotos,Pectoral Sandpiper,Jarmo Pirhonen,Creative Commons Attribution-NonCommercial-ShareAlike 4.0,4.5,13:30,https://www.xeno-canto.org/426277,pecsan/XC426277.ogg
pecsan,[],['flight call'],-4.2889,-70.2948,Calidris melanotos,Pectoral Sandpiper,Jerome Fischer,Creative Commons Attribution-NonCommercial-ShareAlike 4.0,3.0,17:30,https://www.xeno-canto.org/431393,pecsan/XC431393.ogg
pecsan,[],['flight call'],-4.2889,-70.2948,Calidris melanotos,Pectoral Sandpiper,Jerome Fischer,Creative Commons Attribution-NonCommercial-ShareAlike 4.0,0.0,16:30,https://www.xeno-canto.org/440690,pecsan/XC440690.ogg
pecsan,[],['flight call'],28.229,-80.813,Calidris melanotos,Pectoral Sandpiper,Paul Marvin,Creative Commons Attribution-NonCommercial-ShareAlike 4.0,2.5,06:45,https://www.xeno-canto.org/451677,pecsan/XC451677.ogg
pecsan,[],['flight call'],48.5599,3.0049,Calidris melanotos,Pectoral Sandpiper,Stanislas Wroza,Creative Commons Attribution-NonCommercial-ShareAlike 4.0,0.0,11:00,https://www.xeno-canto.org/461097,pecsan/XC461097.ogg
pecsan,[],['flush calls of flock'],-14.5667,-73.5501,Calidris melanotos,Pectoral Sandpiper,Niels Krabbe,Creative Commons Attribution-NonCommercial-ShareAlike 3.0,4.0,.,https://www.xeno-canto.org/47213,pecsan/XC47213.ogg
pecsan,[],['flight call'],-16.5728,-49.3122,Calidris melanotos,Pectoral Sandpiper,JAYRSON ARAUJO DE OLIVEIRA,Creative Commons Attribution-NonCommercial-ShareAlike 4.0,5.0,11:13,https://www.xeno-canto.org/506602,pecsan/XC506602.ogg
pecsan,[],['song'],-22.193127,-63.94455,Calidris melanotos,Pectoral Sandpiper,Bernabe Lopez-Lanus,Creative Commons Attribution-NonCommercial-ShareAlike 3.0,4.0,?:?,https://www.xeno-canto.org/51882,pecsan/XC51882.ogg
pecsan,[],['song'],-22.193127,-63.94455,Calidris melanotos,Pectoral Sandpiper,Bernabe Lopez-Lanus,Creative Commons Attribution-NonCommercial-ShareAlike 3.0,3.0,?:?,https://www.xeno-canto.org/51884,pecsan/XC51884.ogg
pecsan,[],['song'],-22.193127,-63.94455,Calidris melanotos,Pectoral Sandpiper,Bernabe Lopez-Lanus,Creative Commons Attribution-NonCommercial-ShareAlike 3.0,3.0,?:?,https://www.xeno-canto.org/51885,pecsan/XC51885.ogg
pecsan,[],"['call', 'flight call', 'nocturnal flight call']",53.9299,-2.9833,Calidris melanotos,Pectoral Sandpiper,Chris Batty,Creative Commons Attribution-NonCommercial-ShareAlike 4.0,2.5,05:11,https://www.xeno-canto.org/536335,pecsan/XC536335.ogg
pecsan,[],"['adult', 'call', 'sex uncertain']",45.6123,-122.7352,Calidris melanotos,Pectoral Sandpiper,Thomas Magarian,Creative Commons Attribution-NonCommercial-ShareAlike 4.0,0.0,13:06,https://www.xeno-canto.org/545885,pecsan/XC545885.ogg
pecsan,[],['call'],68.0064,-139.3449,Calidris melanotos,Pectoral Sandpiper,Logan McLeod,Creative Commons Attribution-NonCommercial-ShareAlike 4.0,1.5,07:30,https://www.xeno-canto.org/549233,pecsan/XC549233.ogg
pecsan,[],"['call', 'flight call']",19.2726,-98.9868,Calidris melanotos,Pectoral Sandpiper,Isain Contreras Rodríguez,Creative Commons Attribution-NonCommercial-ShareAlike 4.0,3.5,08:30,https://www.xeno-canto.org/583609,pecsan/XC583609.ogg
pecsan,[],"['flight call', 'juvenile']",53.4168,15.2115,Calidris melanotos,Pectoral Sandpiper,Marcin Sołowiej,Creative Commons Attribution-NonCommercial-ShareAlike 4.0,4.0,12:00,https://www.xeno-canto.org/591563,pecsan/XC591563.ogg
pecsan,[],"['adult', 'call', 'flight call', 'sex uncertain']",-4.2889,-70.2948,Calidris melanotos,Pectoral Sandpiper,GABRIEL LEITE,Creative Commons Attribution-NonCommercial-ShareAlike 4.0,4.0,17:00,https://www.xeno-canto.org/591974,pecsan/XC591974.ogg
pecsan,[],"['flight call', 'juvenile']",40.7744,0.6916,Calidris melanotos,Pectoral Sandpiper,Xavier Riera,Creative Commons Attribution-NonCommercial-ShareAlike 4.0,4.0,08:30,https://www.xeno-canto.org/595243,pecsan/XC595243.ogg
pecsan,[],"['adult', 'alarm call', 'flight call', 'sex uncertain']",-19.4561,169.2262,Calidris melanotos,Pectoral Sandpiper,Dominik Maximilián Ramík,Creative Commons Attribution-NonCommercial-ShareAlike 4.0,2.0,16:30,https://www.xeno-canto.org/596696,pecsan/XC596696.ogg
pecsan,[],"['adult', 'alarm call', 'flight call', 'sex uncertain']",-19.4561,169.2262,Calidris melanotos,Pectoral Sandpiper,Dominik Maximilián Ramík,Creative Commons Attribution-NonCommercial-ShareAlike 4.0,4.0,16:30,https://www.xeno-canto.org/596697,pecsan/XC596697.ogg
pecsan,[],"['adult', 'alarm call', 'flight call', 'sex uncertain']",-19.4561,169.2262,Calidris melanotos,Pectoral Sandpiper,Dominik Maximilián Ramík,Creative Commons Attribution-NonCommercial-ShareAlike 4.0,4.0,16:30,https://www.xeno-canto.org/596698,pecsan/XC596698.ogg
pecsan,[],"['alarm call', 'call', 'flight call', 'juvenile', 'sex uncertain']",39.6859,-31.1041,Calidris melanotos,Pectoral Sandpiper,Peter Stronach,Creative Commons Attribution-NonCommercial-ShareAlike 4.0,4.0,16:30,https://www.xeno-canto.org/598357,pecsan/XC598357.ogg
peflov,[],['call'],33.4763,-112.0906,Agapornis roseicollis,Rosy-faced Lovebird,Lauren Harter,Creative Commons Attribution-NonCommercial-ShareAlike 3.0,4.0,15:00,https://www.xeno-canto.org/144112,peflov/XC144112.ogg
peflov,[],['call'],33.4763,-112.0906,Agapornis roseicollis,Rosy-faced Lovebird,Lauren Harter,Creative Commons Attribution-NonCommercial-ShareAlike 3.0,4.0,15:00,https://www.xeno-canto.org/144113,peflov/XC144113.ogg
peflov,['houspa'],"['call', 'flight call']",-22.5654,17.0747,Agapornis roseicollis,Rosy-faced Lovebird,Rolf A. de By,Creative Commons Attribution-NonCommercial-ShareAlike 3.0,4.5,08:05,https://www.xeno-canto.org/153528,peflov/XC153528.ogg
peflov,[],['call'],33.4448,-112.077,Agapornis roseicollis,Rosy-faced Lovebird,Dalton,Creative Commons Attribution-NonCommercial-ShareAlike 4.0,5.0,16:59,https://www.xeno-canto.org/191528,peflov/XC191528.ogg
peflov,[],['call'],33.4712,-112.0795,Agapornis roseicollis,Rosy-faced Lovebird,Elias Aristides Elias,Creative Commons Attribution-NonCommercial-ShareAlike 4.0,5.0,15:11,https://www.xeno-canto.org/196665,peflov/XC196665.ogg
peflov,[],['call'],33.4768,-112.0906,Agapornis roseicollis,Rosy-faced Lovebird,Elias Aristides Elias,Creative Commons Attribution-NonCommercial-ShareAlike 4.0,4.0,16:10,https://www.xeno-canto.org/196713,peflov/XC196713.ogg
peflov,[],['call'],33.4763,-112.0906,Agapornis roseicollis,Rosy-faced Lovebird,Andrew Spencer,Creative Commons Attribution-NonCommercial-ShareAlike 4.0,5.0,09:50,https://www.xeno-canto.org/267027,peflov/XC267027.ogg
peflov,[],['call'],33.4763,-112.0906,Agapornis roseicollis,Rosy-faced Lovebird,Andrew Spencer,Creative Commons Attribution-NonCommercial-ShareAlike 4.0,5.0,09:50,https://www.xeno-canto.org/267028,peflov/XC267028.ogg
peflov,[],['call'],33.4763,-112.0906,Agapornis roseicollis,Rosy-faced Lovebird,Andrew Spencer,Creative Commons Attribution-NonCommercial-ShareAlike 4.0,5.0,09:50,https://www.xeno-canto.org/267029,peflov/XC267029.ogg
peflov,[],['call'],33.4763,-112.0906,Agapornis roseicollis,Rosy-faced Lovebird,Andrew Spencer,Creative Commons Attribution-NonCommercial-ShareAlike 4.0,5.0,09:50,https://www.xeno-canto.org/267030,peflov/XC267030.ogg
peflov,[],['call'],33.4763,-112.0906,Agapornis roseicollis,Rosy-faced Lovebird,Andrew Spencer,Creative Commons Attribution-NonCommercial-ShareAlike 4.0,5.0,09:50,https://www.xeno-canto.org/267031,peflov/XC267031.ogg
peflov,[],['call'],33.4763,-112.0906,Agapornis roseicollis,Rosy-faced Lovebird,Andrew Spencer,Creative Commons Attribution-NonCommercial-ShareAlike 4.0,5.0,09:50,https://www.xeno-canto.org/267032,peflov/XC267032.ogg
peflov,[],['call'],33.3769,-111.9415,Agapornis roseicollis,Rosy-faced Lovebird,Jim Holmes,Creative Commons Attribution-NonCommercial-ShareAlike 4.0,4.0,13:00,https://www.xeno-canto.org/305112,peflov/XC305112.ogg
peflov,[],['call'],33.3769,-111.9415,Agapornis roseicollis,Rosy-faced Lovebird,Jim Holmes,Creative Commons Attribution-NonCommercial-ShareAlike 4.0,4.0,13:00,https://www.xeno-canto.org/305119,peflov/XC305119.ogg
peflov,[],['call'],43.742,7.314,Agapornis roseicollis,Rosy-faced Lovebird,Joss Deffarges,Creative Commons Attribution-NonCommercial-ShareAlike 4.0,3.0,12:21,https://www.xeno-canto.org/309867,peflov/XC309867.ogg
peflov,[],['call'],33.5145,-111.906,Agapornis roseicollis,Rosy-faced Lovebird,Nick Komar,Creative Commons Attribution-NonCommercial-ShareAlike 4.0,5.0,12:20,https://www.xeno-canto.org/339567,peflov/XC339567.ogg
peflov,"['houfin', 'houspa']",['call'],33.3578,-111.9402,Agapornis roseicollis,Rosy-faced Lovebird,Ryan P. O'Donnell,Creative Commons Attribution-NonCommercial-ShareAlike 4.0,4.5,10:48,https://www.xeno-canto.org/345740,peflov/XC345740.ogg
peflov,[],['flight call'],-22.6029,17.1426,Agapornis roseicollis,Rosy-faced Lovebird,James Lidster,Creative Commons Attribution-NonCommercial-ShareAlike 4.0,3.5,08:15,https://www.xeno-canto.org/357568,peflov/XC357568.ogg
peflov,[],['call'],43.0104,12.6388,Agapornis roseicollis,Rosy-faced Lovebird,Luca Fabbriccini,Creative Commons Attribution-NonCommercial-ShareAlike 4.0,4.0,19:30,https://www.xeno-canto.org/379349,peflov/XC379349.ogg
peflov,[],['call'],-19.233,18.4999,Agapornis roseicollis,Rosy-faced Lovebird,Barry Edmonston,Creative Commons Attribution-NonCommercial-ShareAlike 4.0,3.5,14:00,https://www.xeno-canto.org/379752,peflov/XC379752.ogg
peflov,[],['call'],37.4176,-5.9972,Agapornis roseicollis,Rosy-faced Lovebird,Stanislas Wroza,Creative Commons Attribution-NonCommercial-ShareAlike 4.0,0.0,10:00,https://www.xeno-canto.org/414636,peflov/XC414636.ogg
peflov,['houfin'],['call'],32.2326,-110.9332,Agapornis roseicollis,Rosy-faced Lovebird,Scott Olmstead,Creative Commons Attribution-NonCommercial-ShareAlike 4.0,4.5,10:30,https://www.xeno-canto.org/432873,peflov/XC432873.ogg
peflov,[],['call'],-17.3524,13.8784,Agapornis roseicollis,Rosy-faced Lovebird,Gareth K.,Creative Commons Attribution-NonCommercial-ShareAlike 4.0,4.0,07:00,https://www.xeno-canto.org/446068,peflov/XC446068.ogg
peflov,[],['flight call'],33.4759,-112.0892,Agapornis roseicollis,Rosy-faced Lovebird,Paul Marvin,Creative Commons Attribution-NonCommercial-ShareAlike 4.0,4.0,08:44,https://www.xeno-canto.org/453132,peflov/XC453132.ogg
peflov,[],['call'],33.4759,-112.0892,Agapornis roseicollis,Rosy-faced Lovebird,Paul Marvin,Creative Commons Attribution-NonCommercial-ShareAlike 4.0,4.0,09:21,https://www.xeno-canto.org/453159,peflov/XC453159.ogg
peflov,[],"['call', 'flight call']",33.4759,-112.0892,Agapornis roseicollis,Rosy-faced Lovebird,Paul Marvin,Creative Commons Attribution-NonCommercial-ShareAlike 4.0,4.0,09:21,https://www.xeno-canto.org/453160,peflov/XC453160.ogg
peflov,[],"['call', 'flight call']",33.4759,-112.0892,Agapornis roseicollis,Rosy-faced Lovebird,Paul Marvin,Creative Commons Attribution-NonCommercial-ShareAlike 4.0,4.0,08:34,https://www.xeno-canto.org/453162,peflov/XC453162.ogg
peflov,[],['call'],33.4759,-112.0892,Agapornis roseicollis,Rosy-faced Lovebird,Paul Marvin,Creative Commons Attribution-NonCommercial-ShareAlike 4.0,4.0,10:02,https://www.xeno-canto.org/453163,peflov/XC453163.ogg
peflov,[],"['call', 'flight call']",33.4759,-112.0892,Agapornis roseicollis,Rosy-faced Lovebird,Paul Marvin,Creative Commons Attribution-NonCommercial-ShareAlike 4.0,4.0,09:23,https://www.xeno-canto.org/453165,peflov/XC453165.ogg
peflov,[],['call'],33.4759,-112.0892,Agapornis roseicollis,Rosy-faced Lovebird,Paul Marvin,Creative Commons Attribution-NonCommercial-ShareAlike 4.0,2.5,08:43,https://www.xeno-canto.org/453166,peflov/XC453166.ogg
peflov,[],['flight call'],33.4759,-112.0892,Agapornis roseicollis,Rosy-faced Lovebird,Paul Marvin,Creative Commons Attribution-NonCommercial-ShareAlike 4.0,4.0,08:18,https://www.xeno-canto.org/453167,peflov/XC453167.ogg
peflov,[],['call'],33.4759,-112.0892,Agapornis roseicollis,Rosy-faced Lovebird,Paul Marvin,Creative Commons Attribution-NonCommercial-ShareAlike 4.0,4.0,09:12,https://www.xeno-canto.org/453168,peflov/XC453168.ogg
peflov,[],['call'],33.5349,-111.9636,Agapornis roseicollis,Rosy-faced Lovebird,Barry Edmonston,Creative Commons Attribution-NonCommercial-ShareAlike 4.0,5.0,10:30,https://www.xeno-canto.org/469510,peflov/XC469510.ogg
peflov,[],['call'],33.5349,-111.9636,Agapornis roseicollis,Rosy-faced Lovebird,Barry Edmonston,Creative Commons Attribution-NonCommercial-ShareAlike 4.0,5.0,10:30,https://www.xeno-canto.org/469511,peflov/XC469511.ogg
peflov,[],['flight call'],33.5349,-111.9636,Agapornis roseicollis,Rosy-faced Lovebird,Barry Edmonston,Creative Commons Attribution-NonCommercial-ShareAlike 4.0,5.0,10:30,https://www.xeno-canto.org/469512,peflov/XC469512.ogg
peflov,[],['call'],33.5349,-111.9636,Agapornis roseicollis,Rosy-faced Lovebird,Barry Edmonston,Creative Commons Attribution-NonCommercial-ShareAlike 4.0,5.0,10:30,https://www.xeno-canto.org/469513,peflov/XC469513.ogg
peflov,[],['call'],33.4758,-112.0889,Agapornis roseicollis,Rosy-faced Lovebird,Phoenix Birder,Creative Commons Attribution-NonCommercial-ShareAlike 4.0,3.5,06:00,https://www.xeno-canto.org/489755,peflov/XC489755.ogg
peflov,['cangoo'],['call'],33.4758,-112.0889,Agapornis roseicollis,Rosy-faced Lovebird,Phoenix Birder,Creative Commons Attribution-NonCommercial-ShareAlike 4.0,3.5,06:12,https://www.xeno-canto.org/489756,peflov/XC489756.ogg
perfal,[],['flight call'],-24.0458,-52.3828,Falco peregrinus,Peregrine Falcon,Luiz C.  Silva,Creative Commons Attribution-NonCommercial-ShareAlike 3.0,4.0,18:00,https://www.xeno-canto.org/129749,perfal/XC129749.ogg
perfal,[],"['call', 'song']",48.9661,12.0138,Falco peregrinus,Peregrine Falcon,Lars Lachmann,Creative Commons Attribution-NonCommercial-ShareAlike 3.0,4.5,13:10,https://www.xeno-canto.org/133325,perfal/XC133325.ogg
perfal,[],['call'],53.4914,6.1743,Falco peregrinus,Peregrine Falcon,Rob van Bemmelen,Creative Commons Attribution-NonCommercial-ShareAlike 3.0,4.0,15:14,https://www.xeno-canto.org/153806,perfal/XC153806.ogg
perfal,[],['call'],-5.9286,155.0118,Falco peregrinus,Peregrine Falcon,Todd Mark,Creative Commons Attribution-NonCommercial-ShareAlike 4.0,4.5,10:30,https://www.xeno-canto.org/184351,perfal/XC184351.ogg
perfal,[],['call'],-37.8158,144.9569,Falco peregrinus,Peregrine Falcon,nick talbot,Creative Commons Attribution-NonCommercial-ShareAlike 4.0,2.0,14:00,https://www.xeno-canto.org/188407,perfal/XC188407.ogg
perfal,[],"['call', 'none']",48.4703,-123.3761,Falco peregrinus,Peregrine Falcon,Brent Beach,Creative Commons Attribution-NonCommercial-ShareAlike 4.0,5.0,08:30,https://www.xeno-canto.org/189998,perfal/XC189998.ogg
perfal,[],['alarm call'],39.8276,-6.0577,Falco peregrinus,Peregrine Falcon,Uku Paal,Creative Commons Attribution-NonCommercial-ShareAlike 4.0,5.0,11:30,https://www.xeno-canto.org/190488,perfal/XC190488.ogg
perfal,[],"['call', 'female']",3.8882,11.4859,Falco peregrinus,Peregrine Falcon,Bram Piot,Creative Commons Attribution-NonCommercial-ShareAlike 4.0,3.5,14:30,https://www.xeno-canto.org/193961,perfal/XC193961.ogg
perfal,[],['alarm call'],51.7673,4.7955,Falco peregrinus,Peregrine Falcon,Albert de Jong,Creative Commons Attribution-NonCommercial-ShareAlike 4.0,4.0,15:30,https://www.xeno-canto.org/197384,perfal/XC197384.ogg
perfal,[],"['call', 'immature bird']",50.776,4.423,Falco peregrinus,Peregrine Falcon,Franck HIDVEGI,Creative Commons Attribution-NonCommercial-ShareAlike 4.0,4.0,12:30,https://www.xeno-canto.org/197890,perfal/XC197890.ogg
perfal,[],"['call', 'juvenile']",50.8381,4.432,Falco peregrinus,Peregrine Falcon,Paulo Paixão,Creative Commons Attribution-NonCommercial-ShareAlike 4.0,4.0,07:25,https://www.xeno-canto.org/198259,perfal/XC198259.ogg
perfal,[],['call'],48.4814,-123.5399,Falco peregrinus,Peregrine Falcon,Ian Cruickshank,Creative Commons Attribution-NonCommercial-ShareAlike 4.0,4.0,12:00,https://www.xeno-canto.org/209343,perfal/XC209343.ogg
perfal,[],['call'],19.1864,73.0213,Falco peregrinus,Peregrine Falcon,Sushant more,Creative Commons Attribution-NonCommercial-ShareAlike 4.0,5.0,12:30,https://www.xeno-canto.org/212924,perfal/XC212924.ogg
perfal,[],"['alarm call', 'female']",52.2821,20.9763,Falco peregrinus,Peregrine Falcon,Jarek Matusiak,Creative Commons Attribution-NonCommercial-ShareAlike 4.0,5.0,13:40,https://www.xeno-canto.org/213531,perfal/XC213531.ogg
perfal,[],"['male', 'song']",52.2821,20.9763,Falco peregrinus,Peregrine Falcon,Jarek Matusiak,Creative Commons Attribution-NonCommercial-ShareAlike 4.0,5.0,13:40,https://www.xeno-canto.org/213533,perfal/XC213533.ogg
perfal,[],"['begging call', 'female']",52.2821,20.9763,Falco peregrinus,Peregrine Falcon,Jarek Matusiak,Creative Commons Attribution-NonCommercial-ShareAlike 4.0,5.0,13:40,https://www.xeno-canto.org/213535,perfal/XC213535.ogg
perfal,[],"['call', 'female', 'flight call', 'male']",-23.9571,-52.1851,Falco peregrinus,Peregrine Falcon,Luiz C.  Silva,Creative Commons Attribution-NonCommercial-ShareAlike 4.0,4.0,18:00,https://www.xeno-canto.org/214335,perfal/XC214335.ogg
perfal,[],['alarm call'],43.0923,-0.4415,Falco peregrinus,Peregrine Falcon,Bernard BOUSQUET,Creative Commons Attribution-NonCommercial-ShareAlike 4.0,3.0,17:00,https://www.xeno-canto.org/244432,perfal/XC244432.ogg
perfal,[],['alarm call'],43.0923,-0.4415,Falco peregrinus,Peregrine Falcon,Bernard BOUSQUET,Creative Commons Attribution-NonCommercial-ShareAlike 4.0,5.0,17:00,https://www.xeno-canto.org/244433,perfal/XC244433.ogg
perfal,[],['juvenile'],43.0923,-0.4415,Falco peregrinus,Peregrine Falcon,Bernard BOUSQUET,Creative Commons Attribution-NonCommercial-ShareAlike 4.0,5.0,17:00,https://www.xeno-canto.org/244434,perfal/XC244434.ogg
perfal,[],"['call', 'female']",29.3638,79.234,Falco peregrinus,Peregrine Falcon,vir joshi,Creative Commons Attribution-NonCommercial-ShareAlike 4.0,4.0,07:30,https://www.xeno-canto.org/252127,perfal/XC252127.ogg
perfal,[],['call'],47.3454,6.3791,Falco peregrinus,Peregrine Falcon,Manuelle François,Creative Commons Attribution-NonCommercial-ShareAlike 4.0,4.0,16:42,https://www.xeno-canto.org/253422,perfal/XC253422.ogg
perfal,[],['call'],33.0495,-108.5382,Falco peregrinus,Peregrine Falcon,Jarrod Swackhamer,Creative Commons Attribution-NonCommercial-ShareAlike 4.0,5.0,09:30,https://www.xeno-canto.org/254335,perfal/XC254335.ogg
perfal,[],['calls'],-2.247,-80.941,Falco peregrinus,Peregrine Falcon,John V. Moore,Creative Commons Attribution-NonCommercial-ShareAlike 4.0,5.0,?,https://www.xeno-canto.org/257405,perfal/XC257405.ogg
perfal,[],['calls'],-2.247,-80.941,Falco peregrinus,Peregrine Falcon,John V. Moore,Creative Commons Attribution-NonCommercial-ShareAlike 4.0,5.0,?,https://www.xeno-canto.org/257406,perfal/XC257406.ogg
perfal,[],['wing noise'],-2.247,-80.941,Falco peregrinus,Peregrine Falcon,John V. Moore,Creative Commons Attribution-NonCommercial-ShareAlike 4.0,4.0,?,https://www.xeno-canto.org/257407,perfal/XC257407.ogg
perfal,[],['call'],50.4612,16.359,Falco peregrinus,Peregrine Falcon,Romuald Mikusek,Creative Commons Attribution-NonCommercial-ShareAlike 4.0,3.5,07:30,https://www.xeno-canto.org/266616,perfal/XC266616.ogg
perfal,[],"['alarm call', 'call', 'female', 'male']",33.0238,-114.6153,Falco peregrinus,Peregrine Falcon,Lauren Harter,Creative Commons Attribution-NonCommercial-ShareAlike 4.0,4.0,08:20,https://www.xeno-canto.org/283091,perfal/XC283091.ogg
perfal,[],"['begging call', 'juvenile']",34.2541,-113.9918,Falco peregrinus,Peregrine Falcon,Eric Hough,Creative Commons Attribution-NonCommercial-ShareAlike 4.0,3.5,06:30,https://www.xeno-canto.org/291159,perfal/XC291159.ogg
perfal,[],['begging call'],58.1629,13.1204,Falco peregrinus,Peregrine Falcon,Patrik Åberg,Creative Commons Attribution-NonCommercial-ShareAlike 4.0,3.0,06:11,https://www.xeno-canto.org/293034,perfal/XC293034.ogg
perfal,[],['alarm call'],58.1629,13.1204,Falco peregrinus,Peregrine Falcon,Patrik Åberg,Creative Commons Attribution-NonCommercial-ShareAlike 4.0,4.5,05:46,https://www.xeno-canto.org/293035,perfal/XC293035.ogg
perfal,[],['alarm call'],58.1629,13.1204,Falco peregrinus,Peregrine Falcon,Patrik Åberg,Creative Commons Attribution-NonCommercial-ShareAlike 4.0,4.5,05:59,https://www.xeno-canto.org/293036,perfal/XC293036.ogg
perfal,[],"['female', 'flight call', 'male']",18.0024,-94.5653,Falco peregrinus,Peregrine Falcon,Manuel Grosselet,Creative Commons Attribution-NonCommercial-ShareAlike 4.0,3.0,09:00,https://www.xeno-canto.org/294044,perfal/XC294044.ogg
perfal,[],['call'],46.9786,4.6449,Falco peregrinus,Peregrine Falcon,Gerard OLIVIER,Creative Commons Attribution-NonCommercial-ShareAlike 4.0,4.0,08:00,https://www.xeno-canto.org/296658,perfal/XC296658.ogg
perfal,[],['male'],41.4922,-7.498,Falco peregrinus,Peregrine Falcon,Paulo Belo,Creative Commons Attribution-NonCommercial-ShareAlike 4.0,4.0,11:00,https://www.xeno-canto.org/305058,perfal/XC305058.ogg
perfal,[],['female'],41.4922,-7.498,Falco peregrinus,Peregrine Falcon,Paulo Belo,Creative Commons Attribution-NonCommercial-ShareAlike 4.0,2.0,11:00,https://www.xeno-canto.org/305059,perfal/XC305059.ogg
perfal,[],"['female', 'male']",45.8612,8.7913,Falco peregrinus,Peregrine Falcon,Mirko Tomasi,Creative Commons Attribution-NonCommercial-ShareAlike 4.0,4.0,16:00,https://www.xeno-canto.org/308293,perfal/XC308293.ogg
perfal,[],"['begging call', 'female']",50.4649,16.3907,Falco peregrinus,Peregrine Falcon,Romuald Mikusek,Creative Commons Attribution-NonCommercial-ShareAlike 4.0,2.5,06:00,https://www.xeno-canto.org/309785,perfal/XC309785.ogg
perfal,[],['call'],35.7438,8.3801,Falco peregrinus,Peregrine Falcon,Cedric Mroczko,Creative Commons Attribution-NonCommercial-ShareAlike 4.0,2.0,09:40,https://www.xeno-canto.org/310184,perfal/XC310184.ogg
perfal,[],['alarm call'],35.7438,8.3801,Falco peregrinus,Peregrine Falcon,Cedric Mroczko,Creative Commons Attribution-NonCommercial-ShareAlike 4.0,4.0,13:10,https://www.xeno-canto.org/310195,perfal/XC310195.ogg
perfal,[],['song'],47.1765,7.3232,Falco peregrinus,Peregrine Falcon,Pascal Christe,Creative Commons Attribution-NonCommercial-ShareAlike 4.0,1.0,09:00,https://www.xeno-canto.org/314272,perfal/XC314272.ogg
perfal,[],"['call', 'female']",50.4612,16.359,Falco peregrinus,Peregrine Falcon,Romuald Mikusek,Creative Commons Attribution-NonCommercial-ShareAlike 4.0,1.5,05:30,https://www.xeno-canto.org/317921,perfal/XC317921.ogg
perfal,"['jabwar', 'warwhe1']","['begging call', 'juvenile', 'voice of fledglings']",34.8961,135.8476,Falco peregrinus,Peregrine Falcon,Anon Torimi,Creative Commons Attribution-NonCommercial-ShareAlike 4.0,3.5,11:00,https://www.xeno-canto.org/318022,perfal/XC318022.ogg
perfal,[],['flight call'],49.5876,13.7916,Falco peregrinus,Peregrine Falcon,VlkStinu,Creative Commons Attribution-NonCommercial-ShareAlike 4.0,1.5,15:30,https://www.xeno-canto.org/318415,perfal/XC318415.ogg
perfal,[],['call'],40.5611,15.778,Falco peregrinus,Peregrine Falcon,Egidio Fulco,Creative Commons Attribution-NonCommercial-ShareAlike 4.0,2.5,10:30,https://www.xeno-canto.org/335708,perfal/XC335708.ogg
perfal,[],['call'],34.684,135.5274,Falco peregrinus,Peregrine Falcon,Anon Torimi,Creative Commons Attribution-NonCommercial-ShareAlike 4.0,3.0,08:30,https://www.xeno-canto.org/340526,perfal/XC340526.ogg
perfal,[],['call'],67.416,26.589,Falco peregrinus,Peregrine Falcon,Tero Linjama,Creative Commons Attribution-NonCommercial-ShareAlike 4.0,5.0,07:00,https://www.xeno-canto.org/341726,perfal/XC341726.ogg
perfal,[],['flight call'],16.46,-85.8662,Falco peregrinus,Peregrine Falcon,Roland Rumm,Creative Commons Attribution-NonCommercial-ShareAlike 4.0,3.0,11:30,https://www.xeno-canto.org/344846,perfal/XC344846.ogg
perfal,[],['alarm call'],42.6934,131.368,Falco peregrinus,Peregrine Falcon,Albert Lastukhin & Yuri Glushchenko,Creative Commons Attribution-NonCommercial-ShareAlike 4.0,5.0,10:00,https://www.xeno-canto.org/344930,perfal/XC344930.ogg
perfal,[],['call'],30.0158,-115.5361,Falco peregrinus,Peregrine Falcon,Richard E. Webster,Creative Commons Attribution-NonCommercial-ShareAlike 4.0,2.0,11:25,https://www.xeno-canto.org/347965,perfal/XC347965.ogg
perfal,[],['call'],-8.7689,121.8221,Falco peregrinus,Peregrine Falcon,Raf Drijvers,Creative Commons Attribution-NonCommercial-ShareAlike 4.0,2.0,?,https://www.xeno-canto.org/350546,perfal/XC350546.ogg
perfal,[],['call'],-8.7689,121.8221,Falco peregrinus,Peregrine Falcon,Raf Drijvers,Creative Commons Attribution-NonCommercial-ShareAlike 4.0,2.0,?,https://www.xeno-canto.org/350547,perfal/XC350547.ogg
perfal,[],['alarm call'],44.0046,1.6899,Falco peregrinus,Peregrine Falcon,Cedric Mroczko,Creative Commons Attribution-NonCommercial-ShareAlike 4.0,2.5,19:35,https://www.xeno-canto.org/356179,perfal/XC356179.ogg
perfal,[],['flight call'],28.666,-81.0674,Falco peregrinus,Peregrine Falcon,Paul Marvin,Creative Commons Attribution-NonCommercial-ShareAlike 4.0,4.0,08:09,https://www.xeno-canto.org/357620,perfal/XC357620.ogg
perfal,[],"['female', 'male', 'song']",-2.2191,-56.6905,Falco peregrinus,Peregrine Falcon,GABRIEL LEITE,Creative Commons Attribution-NonCommercial-ShareAlike 4.0,5.0,07:30,https://www.xeno-canto.org/357721,perfal/XC357721.ogg
perfal,[],"['female', 'male', 'song']",-2.2191,-56.6905,Falco peregrinus,Peregrine Falcon,GABRIEL LEITE,Creative Commons Attribution-NonCommercial-ShareAlike 4.0,4.0,07:30,https://www.xeno-canto.org/357722,perfal/XC357722.ogg
perfal,[],['call'],-33.419,148.5066,Falco peregrinus,Peregrine Falcon,Greg McLachlan,Creative Commons Attribution-NonCommercial-ShareAlike 4.0,5.0,15:00,https://www.xeno-canto.org/365189,perfal/XC365189.ogg
perfal,[],"['call', 'female']",42.827,13.7118,Falco peregrinus,Peregrine Falcon,Dimitri,Creative Commons Attribution-NonCommercial-ShareAlike 4.0,3.0,11:00,https://www.xeno-canto.org/368243,perfal/XC368243.ogg
perfal,[],['begging call'],56.3022,12.4464,Falco peregrinus,Peregrine Falcon,Mats Rellmar,Creative Commons Attribution-NonCommercial-ShareAlike 4.0,5.0,08:30,https://www.xeno-canto.org/374236,perfal/XC374236.ogg
perfal,[],"['call', 'flight call', 'juvenile']",42.9922,6.1862,Falco peregrinus,Peregrine Falcon,Stanislas Wroza,Creative Commons Attribution-NonCommercial-ShareAlike 4.0,5.0,20:00,https://www.xeno-canto.org/376868,perfal/XC376868.ogg
perfal,[],['call'],50.1789,-120.5085,Falco peregrinus,Peregrine Falcon,James Bradley,Creative Commons Attribution-NonCommercial-ShareAlike 4.0,5.0,11:30,https://www.xeno-canto.org/381787,perfal/XC381787.ogg
perfal,[],['flight call'],59.3132,24.1129,Falco peregrinus,Peregrine Falcon,Juha Saari,Creative Commons Attribution-NonCommercial-ShareAlike 4.0,2.5,11:45,https://www.xeno-canto.org/385592,perfal/XC385592.ogg
perfal,[],['call'],54.1374,-131.6808,Falco peregrinus,Peregrine Falcon,Ian Cruickshank,Creative Commons Attribution-NonCommercial-ShareAlike 4.0,3.0,10:00,https://www.xeno-canto.org/390759,perfal/XC390759.ogg
perfal,[],['flight call'],-34.5796,-58.4863,Falco peregrinus,Peregrine Falcon,Anahí Sofía Vaccaro,Creative Commons Attribution-NonCommercial-ShareAlike 4.0,2.0,16:05,https://www.xeno-canto.org/391879,perfal/XC391879.ogg
perfal,[],['alarm call'],52.964,14.4278,Falco peregrinus,Peregrine Falcon,Marcin Sołowiej,Creative Commons Attribution-NonCommercial-ShareAlike 4.0,4.0,15:30,https://www.xeno-canto.org/391901,perfal/XC391901.ogg
perfal,[],['alarm call'],51.2292,5.255,Falco peregrinus,Peregrine Falcon,Toon Jansen,Creative Commons Attribution-NonCommercial-ShareAlike 4.0,3.0,10:00,https://www.xeno-canto.org/393752,perfal/XC393752.ogg
perfal,[],['call'],70.9409,147.9749,Falco peregrinus,Peregrine Falcon,Sunny,Creative Commons Attribution-NonCommercial-ShareAlike 4.0,5.0,14:00,https://www.xeno-canto.org/396633,perfal/XC396633.ogg
perfal,[],['call'],70.9409,147.9749,Falco peregrinus,Peregrine Falcon,Sunny,Creative Commons Attribution-NonCommercial-ShareAlike 4.0,5.0,14:00,https://www.xeno-canto.org/396634,perfal/XC396634.ogg
perfal,[],['call'],70.9409,147.9749,Falco peregrinus,Peregrine Falcon,Sunny,Creative Commons Attribution-NonCommercial-ShareAlike 4.0,5.0,14:00,https://www.xeno-canto.org/396635,perfal/XC396635.ogg
perfal,[],['call'],70.9409,147.9749,Falco peregrinus,Peregrine Falcon,Sunny,Creative Commons Attribution-NonCommercial-ShareAlike 4.0,5.0,14:00,https://www.xeno-canto.org/396636,perfal/XC396636.ogg
perfal,[],"['adult', 'call', 'juvenile']",-12.2408,122.9632,Falco peregrinus,Peregrine Falcon,Nigel Jackett,Creative Commons Attribution-NonCommercial-ShareAlike 4.0,2.0,16:25,https://www.xeno-canto.org/400696,perfal/XC400696.ogg
perfal,[],"['begging call', 'juvenile']",68.8588,15.7251,Falco peregrinus,Peregrine Falcon,Karl-Birger Strann,Creative Commons Attribution-NonCommercial-ShareAlike 4.0,4.0,11:00,https://www.xeno-canto.org/401971,perfal/XC401971.ogg
perfal,[],"['female', 'male', 'mating']",50.4594,16.381,Falco peregrinus,Peregrine Falcon,Romuald Mikusek,Creative Commons Attribution-NonCommercial-ShareAlike 4.0,3.5,08:00,https://www.xeno-canto.org/405709,perfal/XC405709.ogg
perfal,[],"['female', 'mating']",50.4594,16.381,Falco peregrinus,Peregrine Falcon,Romuald Mikusek,Creative Commons Attribution-NonCommercial-ShareAlike 4.0,3.5,08:00,https://www.xeno-canto.org/405710,perfal/XC405710.ogg
perfal,[],['flight call'],46.9846,7.2564,Falco peregrinus,Peregrine Falcon,Jerome Fischer,Creative Commons Attribution-NonCommercial-ShareAlike 4.0,4.0,13:30,https://www.xeno-canto.org/406302,perfal/XC406302.ogg
perfal,[],['call'],46.9846,7.2564,Falco peregrinus,Peregrine Falcon,Jerome Fischer,Creative Commons Attribution-NonCommercial-ShareAlike 4.0,4.0,13:30,https://www.xeno-canto.org/406304,perfal/XC406304.ogg
perfal,[],['alarm call'],46.9846,7.2564,Falco peregrinus,Peregrine Falcon,Jerome Fischer,Creative Commons Attribution-NonCommercial-ShareAlike 4.0,4.0,14:00,https://www.xeno-canto.org/406325,perfal/XC406325.ogg
perfal,[],"['alarm call', 'female']",-23.9657,-46.3161,Falco peregrinus,Peregrine Falcon,Robson Silva e Silva,Creative Commons Attribution-NonCommercial-ShareAlike 4.0,4.0,14:00,https://www.xeno-canto.org/406805,perfal/XC406805.ogg
perfal,[],"['call', 'male']",63.8986,19.8494,Falco peregrinus,Peregrine Falcon,Lars Edenius,Creative Commons Attribution-NonCommercial-ShareAlike 4.0,3.5,21:30,https://www.xeno-canto.org/417173,perfal/XC417173.ogg
perfal,[],['call'],47.1794,7.1999,Falco peregrinus,Peregrine Falcon,Pascal Christe,Creative Commons Attribution-NonCommercial-ShareAlike 4.0,3.0,09:30,https://www.xeno-canto.org/419859,perfal/XC419859.ogg
perfal,[],"['alarm call', 'female', 'male']",49.4167,20.4591,Falco peregrinus,Peregrine Falcon,Romuald Mikusek,Creative Commons Attribution-NonCommercial-ShareAlike 4.0,5.0,9:30,https://www.xeno-canto.org/421684,perfal/XC421684.ogg
perfal,[],['call'],42.779,13.5782,Falco peregrinus,Peregrine Falcon,Dimitri,Creative Commons Attribution-NonCommercial-ShareAlike 4.0,4.0,12:30,https://www.xeno-canto.org/425039,perfal/XC425039.ogg
perfal,['eurwig'],['flight call'],67.6375,52.9032,Falco peregrinus,Peregrine Falcon,Albert Lastukhin,Creative Commons Attribution-NonCommercial-ShareAlike 4.0,1.5,20:00,https://www.xeno-canto.org/430805,perfal/XC430805.ogg
perfal,[],['call'],50.8436,14.7582,Falco peregrinus,Peregrine Falcon,Annette Hamann,Creative Commons Attribution-NonCommercial-ShareAlike 4.0,3.0,16:00,https://www.xeno-canto.org/431298,perfal/XC431298.ogg
perfal,[],"['begging call', 'call']",48.4194,11.7839,Falco peregrinus,Peregrine Falcon,Julia Wittmann,Creative Commons Attribution-NonCommercial-ShareAlike 4.0,5.0,10:30,https://www.xeno-canto.org/437532,perfal/XC437532.ogg
perfal,[],['call'],49.4167,20.4591,Falco peregrinus,Peregrine Falcon,Romuald Mikusek,Creative Commons Attribution-NonCommercial-ShareAlike 4.0,4.5,06:00,https://www.xeno-canto.org/437624,perfal/XC437624.ogg
perfal,[],['call'],49.4167,20.4591,Falco peregrinus,Peregrine Falcon,Romuald Mikusek,Creative Commons Attribution-NonCommercial-ShareAlike 4.0,4.0,06:00,https://www.xeno-canto.org/437625,perfal/XC437625.ogg
perfal,[],['call'],-31.3875,-57.9661,Falco peregrinus,Peregrine Falcon,Luciano Buck,Creative Commons Attribution-NonCommercial-ShareAlike 4.0,2.0,03:00,https://www.xeno-canto.org/444069,perfal/XC444069.ogg
perfal,[],"['call', 'juvenile']",51.5071,-0.0805,Falco peregrinus,Peregrine Falcon,David Darrell-Lambert,Creative Commons Attribution-NonCommercial-ShareAlike 4.0,4.0,07:00,https://www.xeno-canto.org/447133,perfal/XC447133.ogg
perfal,[],['call'],49.4167,20.4591,Falco peregrinus,Peregrine Falcon,Romuald Mikusek,Creative Commons Attribution-NonCommercial-ShareAlike 4.0,1.5,08:00,https://www.xeno-canto.org/448557,perfal/XC448557.ogg
perfal,[],['flight call'],49.4167,20.4591,Falco peregrinus,Peregrine Falcon,Romuald Mikusek,Creative Commons Attribution-NonCommercial-ShareAlike 4.0,5.0,08:00,https://www.xeno-canto.org/448562,perfal/XC448562.ogg
perfal,[],"['alarm call', 'flight call']",49.4167,20.4591,Falco peregrinus,Peregrine Falcon,Romuald Mikusek,Creative Commons Attribution-NonCommercial-ShareAlike 4.0,3.5,08:30,https://www.xeno-canto.org/448574,perfal/XC448574.ogg
perfal,[],"['begging call', 'call']",49.4167,20.4591,Falco peregrinus,Peregrine Falcon,Romuald Mikusek,Creative Commons Attribution-NonCommercial-ShareAlike 4.0,2.5,09:00,https://www.xeno-canto.org/448591,perfal/XC448591.ogg
perfal,[],['call'],32.686,-117.243,Falco peregrinus,Peregrine Falcon,Paul Marvin,Creative Commons Attribution-NonCommercial-ShareAlike 4.0,5.0,09:15,https://www.xeno-canto.org/448952,perfal/XC448952.ogg
perfal,[],['call'],32.686,-117.243,Falco peregrinus,Peregrine Falcon,Paul Marvin,Creative Commons Attribution-NonCommercial-ShareAlike 4.0,4.0,10:04,https://www.xeno-canto.org/449508,perfal/XC449508.ogg
perfal,['norcar'],['call'],29.3252,-110.5363,Falco peregrinus,Peregrine Falcon,Richard E. Webster,Creative Commons Attribution-NonCommercial-ShareAlike 4.0,4.5,06:40,https://www.xeno-canto.org/453092,perfal/XC453092.ogg
perfal,[],['call'],45.4708,10.9892,Falco peregrinus,Peregrine Falcon,maudoc,Creative Commons Attribution-NonCommercial-ShareAlike 4.0,3.0,10:00,https://www.xeno-canto.org/460102,perfal/XC460102.ogg
perfal,[],['call'],41.6092,-8.4078,Falco peregrinus,Peregrine Falcon,Jorge Leitão,Creative Commons Attribution-NonCommercial-ShareAlike 4.0,2.5,10:21,https://www.xeno-canto.org/461600,perfal/XC461600.ogg
perfal,[],['call'],51.5806,-0.0556,Falco peregrinus,Peregrine Falcon,nick talbot,Creative Commons Attribution-NonCommercial-ShareAlike 4.0,3.5,14:30,https://www.xeno-canto.org/463087,perfal/XC463087.ogg
perfal,[],['alarm call'],-31.387,-57.9656,Falco peregrinus,Peregrine Falcon,Luciano Buck,Creative Commons Attribution-NonCommercial-ShareAlike 4.0,4.0,07:00,https://www.xeno-canto.org/463104,perfal/XC463104.ogg
perfal,[],['flight call'],-31.3869,-57.9655,Falco peregrinus,Peregrine Falcon,Luciano Buck,Creative Commons Attribution-NonCommercial-ShareAlike 4.0,4.0,14:00,https://www.xeno-canto.org/463106,perfal/XC463106.ogg
perfal,[],"['alarm call', 'flight call']",-31.3869,-57.9655,Falco peregrinus,Peregrine Falcon,Luciano Buck,Creative Commons Attribution-NonCommercial-ShareAlike 4.0,4.0,14:10,https://www.xeno-canto.org/463107,perfal/XC463107.ogg
perfal,[],"['call', 'male']",51.5171,-0.1775,Falco peregrinus,Peregrine Falcon,Charles Farrell,Creative Commons Attribution-NonCommercial-ShareAlike 4.0,2.5,07:30,https://www.xeno-canto.org/467385,perfal/XC467385.ogg
perfal,[],"['call', 'flight call']",51.4024,4.4309,Falco peregrinus,Peregrine Falcon,Bram Vogels,Creative Commons Attribution-NonCommercial-ShareAlike 4.0,5.0,00:00,https://www.xeno-canto.org/474915,perfal/XC474915.ogg
perfal,[],['call'],54.9749,12.548,Falco peregrinus,Peregrine Falcon,Niels Krabbe,Creative Commons Attribution-NonCommercial-ShareAlike 4.0,5.0,10:15,https://www.xeno-canto.org/481761,perfal/XC481761.ogg
perfal,[],['begging call'],54.5497,-3.5926,Falco peregrinus,Peregrine Falcon,Harry Hussey,Creative Commons Attribution-NonCommercial-ShareAlike 4.0,4.5,15:24,https://www.xeno-canto.org/488156,perfal/XC488156.ogg
perfal,[],"['alarm call', 'call']",-34.2075,150.8612,Falco peregrinus,Peregrine Falcon,Greg McLachlan,Creative Commons Attribution-NonCommercial-ShareAlike 4.0,4.5,09:00,https://www.xeno-canto.org/488748,perfal/XC488748.ogg
perfal,[],"['begging call', 'juvenile']",64.5927,18.6786,Falco peregrinus,Peregrine Falcon,Lars Edenius,Creative Commons Attribution-NonCommercial-ShareAlike 4.0,5.0,06:00,https://www.xeno-canto.org/493700,perfal/XC493700.ogg
perfal,[],"['begging call', 'juvenile']",64.5927,18.6786,Falco peregrinus,Peregrine Falcon,Lars Edenius,Creative Commons Attribution-NonCommercial-ShareAlike 4.0,5.0,06:00,https://www.xeno-canto.org/493701,perfal/XC493701.ogg
perfal,[],['call'],64.5927,18.6786,Falco peregrinus,Peregrine Falcon,Lars Edenius,Creative Commons Attribution-NonCommercial-ShareAlike 4.0,5.0,06:00,https://www.xeno-canto.org/493702,perfal/XC493702.ogg
perfal,[],['call'],64.5927,18.6786,Falco peregrinus,Peregrine Falcon,Lars Edenius,Creative Commons Attribution-NonCommercial-ShareAlike 4.0,5.0,06:00,https://www.xeno-canto.org/493703,perfal/XC493703.ogg
perfal,[],"['begging call', 'call']",64.5927,18.6786,Falco peregrinus,Peregrine Falcon,Lars Edenius,Creative Commons Attribution-NonCommercial-ShareAlike 4.0,5.0,06:30,https://www.xeno-canto.org/496049,perfal/XC496049.ogg
perfal,[],['call'],35.1723,136.1676,Falco peregrinus,Peregrine Falcon,Anon Torimi,Creative Commons Attribution-NonCommercial-ShareAlike 4.0,1.0,08:00,https://www.xeno-canto.org/499204,perfal/XC499204.ogg
perfal,[],['call'],35.1723,136.1676,Falco peregrinus,Peregrine Falcon,Anon Torimi,Creative Commons Attribution-NonCommercial-ShareAlike 4.0,2.0,08:05,https://www.xeno-canto.org/499207,perfal/XC499207.ogg
perfal,[],['flight call'],56.0593,47.5277,Falco peregrinus,Peregrine Falcon,Albert Lastukhin,Creative Commons Attribution-NonCommercial-ShareAlike 4.0,4.0,07:30,https://www.xeno-canto.org/499281,perfal/XC499281.ogg
perfal,[],"['begging call', 'flight call']",-2.839,-78.9411,Falco peregrinus,Peregrine Falcon,Paul Molina Abril,Creative Commons Attribution-NonCommercial-ShareAlike 4.0,0.0,10:00,https://www.xeno-canto.org/502886,perfal/XC502886.ogg
perfal,[],['call'],53.9299,-2.9833,Falco peregrinus,Peregrine Falcon,Chris Batty,Creative Commons Attribution-NonCommercial-ShareAlike 4.0,3.0,08:37,https://www.xeno-canto.org/503577,perfal/XC503577.ogg
perfal,[],['call'],53.9299,-2.9833,Falco peregrinus,Peregrine Falcon,Chris Batty,Creative Commons Attribution-NonCommercial-ShareAlike 4.0,2.5,08:27,https://www.xeno-canto.org/503578,perfal/XC503578.ogg
perfal,[],['call'],53.9299,-2.9833,Falco peregrinus,Peregrine Falcon,Chris Batty,Creative Commons Attribution-NonCommercial-ShareAlike 4.0,2.5,08:43,https://www.xeno-canto.org/503579,perfal/XC503579.ogg
perfal,[],['call'],53.9299,-2.9833,Falco peregrinus,Peregrine Falcon,Chris Batty,Creative Commons Attribution-NonCommercial-ShareAlike 4.0,2.5,12:04,https://www.xeno-canto.org/503580,perfal/XC503580.ogg
perfal,[],['call'],53.9299,-2.9833,Falco peregrinus,Peregrine Falcon,Chris Batty,Creative Commons Attribution-NonCommercial-ShareAlike 4.0,2.5,07:35,https://www.xeno-canto.org/503581,perfal/XC503581.ogg
perfal,[],['call'],53.9299,-2.9833,Falco peregrinus,Peregrine Falcon,Chris Batty,Creative Commons Attribution-NonCommercial-ShareAlike 4.0,2.5,08:43,https://www.xeno-canto.org/503582,perfal/XC503582.ogg
perfal,[],"['call', 'life stage uncertain', 'sex uncertain']",53.5337,-1.7832,Falco peregrinus,Peregrine Falcon,David Pennington,Creative Commons Attribution-NonCommercial-ShareAlike 4.0,4.5,08:45,https://www.xeno-canto.org/503949,perfal/XC503949.ogg
perfal,[],"['call', 'sex uncertain']",-31.3872,-57.9689,Falco peregrinus,Peregrine Falcon,Pedro Rinaldi,Creative Commons Attribution-NonCommercial-ShareAlike 4.0,4.0,10:00,https://www.xeno-canto.org/510907,perfal/XC510907.ogg
perfal,[],['call'],-8.5004,35.9066,Falco peregrinus,Peregrine Falcon,Louis A. Hansen,Creative Commons Attribution-NonCommercial-ShareAlike 4.0,3.0,12:17,https://www.xeno-canto.org/517284,perfal/XC517284.ogg
perfal,[],"['adult', 'alarm call']",50.5914,-1.2219,Falco peregrinus,Peregrine Falcon,Jonathan Sparshott,Creative Commons Attribution-NonCommercial-ShareAlike 4.0,2.5,13:00,https://www.xeno-canto.org/524492,perfal/XC524492.ogg
perfal,[],"['aberrant', 'adult', 'alarm call', 'male']",-16.6869,-49.2648,Falco peregrinus,Peregrine Falcon,Nunes D'Acosta,Creative Commons Attribution-NonCommercial-ShareAlike 4.0,2.5,09:30,https://www.xeno-canto.org/531886,perfal/XC531886.ogg
perfal,[],"['life stage uncertain', 'sex uncertain', 'song']",-16.6869,-49.2648,Falco peregrinus,Peregrine Falcon,NUNES D'ACOSTA,Creative Commons Attribution-NonCommercial-ShareAlike 4.0,2.5,07:30,https://www.xeno-canto.org/533792,perfal/XC533792.ogg
perfal,[],"['begging call', 'call', 'juvenile', 'sex uncertain']",25.2162,121.701,Falco peregrinus,Peregrine Falcon,LIN Wen-Horn,Creative Commons Attribution-NonCommercial-ShareAlike 4.0,5.0,10:00,https://www.xeno-canto.org/538832,perfal/XC538832.ogg
perfal,[],"['adult', 'begging call', 'call', 'juvenile', 'sex uncertain']",45.5575,-122.6912,Falco peregrinus,Peregrine Falcon,Thomas Magarian,Creative Commons Attribution-NonCommercial-ShareAlike 4.0,4.0,11:56,https://www.xeno-canto.org/545881,perfal/XC545881.ogg
perfal,[],"['adult', 'begging call', 'call', 'juvenile', 'sex uncertain']",45.5575,-122.6912,Falco peregrinus,Peregrine Falcon,Thomas Magarian,Creative Commons Attribution-NonCommercial-ShareAlike 4.0,3.0,11:57,https://www.xeno-canto.org/545882,perfal/XC545882.ogg
perfal,[],"['adult', 'begging call', 'call', 'juvenile', 'sex uncertain']",45.5575,-122.6912,Falco peregrinus,Peregrine Falcon,Thomas Magarian,Creative Commons Attribution-NonCommercial-ShareAlike 4.0,3.0,11:58,https://www.xeno-canto.org/545883,perfal/XC545883.ogg
perfal,[],['alarm call'],43.3288,5.2262,Falco peregrinus,Peregrine Falcon,Charlie Bodin,Creative Commons Attribution-NonCommercial-ShareAlike 4.0,5.0,07:00,https://www.xeno-canto.org/549863,perfal/XC549863.ogg
perfal,[],"['call', 'flight call']",49.0101,-1.0627,Falco peregrinus,Peregrine Falcon,Franck Letellier ,Creative Commons Attribution-NonCommercial-ShareAlike 4.0,3.0,15:30,https://www.xeno-canto.org/552453,perfal/XC552453.ogg
perfal,[],"['begging call', 'call', 'flight call', 'juvenile', 'male']",49.0801,1.6729,Falco peregrinus,Peregrine Falcon,Stanislas Wroza,Creative Commons Attribution-NonCommercial-ShareAlike 4.0,2.0,17:00,https://www.xeno-canto.org/563847,perfal/XC563847.ogg
perfal,[],"['begging call', 'call', 'flight call', 'juvenile', 'male']",49.0801,1.6729,Falco peregrinus,Peregrine Falcon,Stanislas Wroza,Creative Commons Attribution-NonCommercial-ShareAlike 4.0,3.0,17:00,https://www.xeno-canto.org/563848,perfal/XC563848.ogg
perfal,[],"['begging call', 'call', 'flight call', 'juvenile', 'male']",49.0801,1.6729,Falco peregrinus,Peregrine Falcon,Stanislas Wroza,Creative Commons Attribution-NonCommercial-ShareAlike 4.0,3.0,17:00,https://www.xeno-canto.org/563849,perfal/XC563849.ogg
perfal,[],"['begging call', 'call', 'flight call', 'juvenile', 'male', 'various calls on the nest']",49.0801,1.6729,Falco peregrinus,Peregrine Falcon,Stanislas Wroza,Creative Commons Attribution-NonCommercial-ShareAlike 4.0,3.0,17:00,https://www.xeno-canto.org/563851,perfal/XC563851.ogg
perfal,[],"['flight call', 'juvenile', 'male']",49.0801,1.6729,Falco peregrinus,Peregrine Falcon,Stanislas Wroza,Creative Commons Attribution-NonCommercial-ShareAlike 4.0,5.0,17:00,https://www.xeno-canto.org/563852,perfal/XC563852.ogg
perfal,[],['call'],53.5022,6.2696,Falco peregrinus,Peregrine Falcon,Rob van Bemmelen,Creative Commons Attribution-NonCommercial-ShareAlike 4.0,4.0,13:00,https://www.xeno-canto.org/565766,perfal/XC565766.ogg
perfal,[],"['begging call', 'flight call', 'juvenile']",42.3534,-0.7945,Falco peregrinus,Peregrine Falcon,Eduardo Realinho,Creative Commons Attribution-NonCommercial-ShareAlike 4.0,3.5,18:30,https://www.xeno-canto.org/569799,perfal/XC569799.ogg
perfal,[],"['call', 'female', 'male']",64.5927,18.6786,Falco peregrinus,Peregrine Falcon,Lars Edenius,Creative Commons Attribution-NonCommercial-ShareAlike 4.0,4.0,16:00,https://www.xeno-canto.org/569837,perfal/XC569837.ogg
perfal,[],"['call', 'female', 'male']",64.5927,18.6786,Falco peregrinus,Peregrine Falcon,Lars Edenius,Creative Commons Attribution-NonCommercial-ShareAlike 4.0,4.0,16:00,https://www.xeno-canto.org/569838,perfal/XC569838.ogg
perfal,[],"['call', 'female', 'male']",64.5927,18.6786,Falco peregrinus,Peregrine Falcon,Lars Edenius,Creative Commons Attribution-NonCommercial-ShareAlike 4.0,4.0,16:00,https://www.xeno-canto.org/569839,perfal/XC569839.ogg
perfal,[],"['adult', 'call']",64.5927,18.6786,Falco peregrinus,Peregrine Falcon,Lars Edenius,Creative Commons Attribution-NonCommercial-ShareAlike 4.0,5.0,08:00,https://www.xeno-canto.org/571133,perfal/XC571133.ogg
perfal,[],"['adult', 'call', 'female', 'male']",64.5927,18.6786,Falco peregrinus,Peregrine Falcon,Lars Edenius,Creative Commons Attribution-NonCommercial-ShareAlike 4.0,5.0,08:00,https://www.xeno-canto.org/571135,perfal/XC571135.ogg
perfal,[],"['adult', 'call']",64.5927,18.6786,Falco peregrinus,Peregrine Falcon,Lars Edenius,Creative Commons Attribution-NonCommercial-ShareAlike 4.0,5.0,08:00,https://www.xeno-canto.org/571136,perfal/XC571136.ogg
perfal,[],['call'],64.5927,18.6786,Falco peregrinus,Peregrine Falcon,Lars Edenius,Creative Commons Attribution-NonCommercial-ShareAlike 4.0,4.5,10:00,https://www.xeno-canto.org/572102,perfal/XC572102.ogg
perfal,[],"['adult', 'flight call', 'sex uncertain']",-24.1029,-52.3171,Falco peregrinus,Peregrine Falcon,Luiz C.  Silva,Creative Commons Attribution-NonCommercial-ShareAlike 4.0,4.0,10:30,https://www.xeno-canto.org/573902,perfal/XC573902.ogg
perfal,[],"['call', 'flight call']",42.7852,-8.3939,Falco peregrinus,Peregrine Falcon,Jacobo Ramil MIllarengo,Creative Commons Attribution-NonCommercial-ShareAlike 4.0,2.5,19:00,https://www.xeno-canto.org/574178,perfal/XC574178.ogg
perfal,[],"['flight call', 'nocturnal flight call']",51.0406,3.713,Falco peregrinus,Peregrine Falcon,Koen Lepla,Creative Commons Attribution-NonCommercial-ShareAlike 4.0,1.0,01:00,https://www.xeno-canto.org/579941,perfal/XC579941.ogg
perfal,[],"['flight call', 'sex uncertain']",39.5379,15.9059,Falco peregrinus,Peregrine Falcon,Francesco Sottile,Creative Commons Attribution-NonCommercial-ShareAlike 4.0,2.0,18:00,https://www.xeno-canto.org/580834,perfal/XC580834.ogg
perfal,[],"['adult', 'call', 'male']",55.1831,-7.9722,Falco peregrinus,Peregrine Falcon,Oscar Campbell,Creative Commons Attribution-NonCommercial-ShareAlike 4.0,4.5,12:00,https://www.xeno-canto.org/582320,perfal/XC582320.ogg
perfal,[],"['adult', 'call', 'male']",55.1831,-7.9722,Falco peregrinus,Peregrine Falcon,Oscar Campbell,Creative Commons Attribution-NonCommercial-ShareAlike 4.0,4.0,12:00,https://www.xeno-canto.org/582321,perfal/XC582321.ogg
perfal,[],"['adult', 'male', 'song']",-25.5969,-54.589,Falco peregrinus,Peregrine Falcon,Dante Gabriel Moresco,Creative Commons Attribution-NonCommercial-ShareAlike 4.0,3.0,18:00,https://www.xeno-canto.org/585140,perfal/XC585140.ogg
perfal,[],"['alarm call', 'life stage uncertain', 'sex uncertain']",48.7166,-2.9321,Falco peregrinus,Peregrine Falcon,LE ROY Renaud,Creative Commons Attribution-NonCommercial-ShareAlike 4.0,4.0,11:30,https://www.xeno-canto.org/586013,perfal/XC586013.ogg
perfal,[],"['alarm call', 'life stage uncertain', 'sex uncertain']",48.7686,-3.1002,Falco peregrinus,Peregrine Falcon,LE ROY Renaud,Creative Commons Attribution-NonCommercial-ShareAlike 4.0,3.0,11:00,https://www.xeno-canto.org/586501,perfal/XC586501.ogg
perfal,[],"['alarm call', 'flight call', 'interaction calls', 'two birds chasing each other']",48.0372,-4.8622,Falco peregrinus,Peregrine Falcon,Stanislas Wroza,Creative Commons Attribution-NonCommercial-ShareAlike 4.0,5.0,07:00,https://www.xeno-canto.org/587278,perfal/XC587278.ogg
perfal,[],"['alarm call', 'flight call']",51.7073,-8.3975,Falco peregrinus,Peregrine Falcon,Mr Mark Shorten,Creative Commons Attribution-NonCommercial-ShareAlike 4.0,3.0,11:00,https://www.xeno-canto.org/588702,perfal/XC588702.ogg
perfal,[],"['flight call', 'nocturnal flight call']",51.0406,3.713,Falco peregrinus,Peregrine Falcon,Koen Lepla,Creative Commons Attribution-NonCommercial-ShareAlike 4.0,3.0,01:00,https://www.xeno-canto.org/589064,perfal/XC589064.ogg
perfal,['skylar'],"['begging call', 'female', 'juvenile']",51.2019,-3.0649,Falco peregrinus,Peregrine Falcon,Craig Brookes,Creative Commons Attribution-NonCommercial-ShareAlike 4.0,1.5,09:00,https://www.xeno-canto.org/590220,perfal/XC590220.ogg
perfal,[],"['adult', 'call']",52.0778,4.2361,Falco peregrinus,Peregrine Falcon,Rinse van der Vliet,Creative Commons Attribution-NonCommercial-ShareAlike 4.0,4.0,09:00,https://www.xeno-canto.org/594428,perfal/XC594428.ogg
perfal,[],"['adult', 'song']",9.0095,-79.4684,Falco peregrinus,Peregrine Falcon,Kent Livezey,Creative Commons Attribution-NonCommercial-ShareAlike 4.0,2.5,08:50,https://www.xeno-canto.org/594997,perfal/XC594997.ogg
perfal,[],"['adult', 'call', 'male', 'sex uncertain']",50.1684,8.758,Falco peregrinus,Peregrine Falcon,W. Agster,Creative Commons Attribution-NonCommercial-ShareAlike 4.0,4.0,11:30,https://www.xeno-canto.org/596286,perfal/XC596286.ogg
perfal,[],"['call', 'life stage uncertain', 'sex uncertain']",41.2243,1.7254,Falco peregrinus,Peregrine Falcon,Sergi,Creative Commons Attribution-NonCommercial-ShareAlike 4.0,4.0,00:22,https://www.xeno-canto.org/603121,perfal/XC603121.ogg
perfal,[],"['alarm call', 'female']",64.5927,18.6786,Falco peregrinus,Peregrine Falcon,Lars Edenius,Creative Commons Attribution-NonCommercial-ShareAlike 4.0,3.5,06:00,https://www.xeno-canto.org/605203,perfal/XC605203.ogg
perfal,[],"['call', 'life stage uncertain', 'sex uncertain']",41.2243,1.7254,Falco peregrinus,Peregrine Falcon,Sergi,Creative Commons Attribution-NonCommercial-ShareAlike 4.0,4.0,07:20,https://www.xeno-canto.org/605389,perfal/XC605389.ogg
perfal,[],['nocturnal flight call'],41.9919,1.5099,Falco peregrinus,Peregrine Falcon,Lluís Brotons,Creative Commons Attribution-NonCommercial-ShareAlike 4.0,3.5,04:30,https://www.xeno-canto.org/605514,perfal/XC605514.ogg
perfal,[],"['begging call', 'juvenile']",64.5927,18.6786,Falco peregrinus,Peregrine Falcon,Lars Edenius,Creative Commons Attribution-NonCommercial-ShareAlike 4.0,5.0,08:00,https://www.xeno-canto.org/606825,perfal/XC606825.ogg
perfal,[],"['adult', 'call', 'sex uncertain']",45.7772,4.8659,Falco peregrinus,Peregrine Falcon,Manceau Lionel,Creative Commons Attribution-NonCommercial-ShareAlike 4.0,4.0,07:30,https://www.xeno-canto.org/615810,perfal/XC615810.ogg
perfal,[],"['adult', 'flight call']",52.6696,-0.7266,Falco peregrinus,Peregrine Falcon,Andrew Harrop,Creative Commons Attribution-NonCommercial-ShareAlike 4.0,3.0,11:30,https://www.xeno-canto.org/619747,perfal/XC619747.ogg
perfal,[],"['adult', 'call', 'female', 'male']",47.8637,-0.4776,Falco peregrinus,Peregrine Falcon,Manceau Lionel,Creative Commons Attribution-NonCommercial-ShareAlike 4.0,4.0,10:00,https://www.xeno-canto.org/621841,perfal/XC621841.ogg
perfal,[],['call'],53.9299,-2.9833,Falco peregrinus,Peregrine Falcon,Chris Batty,Creative Commons Attribution-NonCommercial-ShareAlike 4.0,2.5,07:42,https://www.xeno-canto.org/622205,perfal/XC622205.ogg
perfal,[],"['adult', 'call', 'female']",52.4365,16.9886,Falco peregrinus,Peregrine Falcon,Sławomir Karpicki-Ignatowski,Creative Commons Attribution-NonCommercial-ShareAlike 4.0,3.0,06:30,https://www.xeno-canto.org/624604,perfal/XC624604.ogg
perfal,[],"['call', 'life stage uncertain', 'sex uncertain']",41.2243,1.7254,Falco peregrinus,Peregrine Falcon,Sergi,Creative Commons Attribution-NonCommercial-ShareAlike 4.0,4.0,06:45,https://www.xeno-canto.org/627669,perfal/XC627669.ogg
perfal,[],"['adult', 'call', 'sex uncertain']",34.2101,-113.6902,Falco peregrinus,Peregrine Falcon,Bobby Wilcox,Creative Commons Attribution-NonCommercial-ShareAlike 4.0,3.0,14:00,https://www.xeno-canto.org/630360,perfal/XC630360.ogg
perfal,[],"['adult', 'sex uncertain']",44.0494,5.3233,Falco peregrinus,Peregrine Falcon,paul MENARD,Creative Commons Attribution-NonCommercial-ShareAlike 4.0,5.0,15:30,https://www.xeno-canto.org/636650,perfal/XC636650.ogg
perfal,[],"['adult', 'call']",41.6078,-7.7209,Falco peregrinus,Peregrine Falcon,Paulo Alves,Creative Commons Attribution-NonCommercial-ShareAlike 4.0,4.5,10:00,https://www.xeno-canto.org/645494,perfal/XC645494.ogg
perfal,[],"['adult', 'alarm call', 'female']",47.07,15.4553,Falco peregrinus,Peregrine Falcon,Leander Khil,Creative Commons Attribution-NonCommercial-ShareAlike 4.0,5.0,18:00,https://www.xeno-canto.org/646910,perfal/XC646910.ogg
perfal,[],"['adult', 'alarm call', 'female']",47.07,15.4553,Falco peregrinus,Peregrine Falcon,Leander Khil,Creative Commons Attribution-NonCommercial-ShareAlike 4.0,5.0,18:00,https://www.xeno-canto.org/646911,perfal/XC646911.ogg
perfal,[],"['adult', 'alarm call', 'female']",47.07,15.4553,Falco peregrinus,Peregrine Falcon,Leander Khil,Creative Commons Attribution-NonCommercial-ShareAlike 4.0,5.0,18:00,https://www.xeno-canto.org/646915,perfal/XC646915.ogg
perfal,[],"['call', 'life stage uncertain', 'sex uncertain']",23.2785,120.8391,Falco peregrinus,Peregrine Falcon,Jerome Chie-Jen Ko,Creative Commons Attribution-NonCommercial-ShareAlike 4.0,2.5,05:34,https://www.xeno-canto.org/657797,perfal/XC657797.ogg
perfal,[],"['adult', 'call']",-12.3346,49.3545,Falco peregrinus,Peregrine Falcon,Ken Behrens,Creative Commons Attribution-NonCommercial-ShareAlike 4.0,4.5,11:55,https://www.xeno-canto.org/660192,perfal/XC660192.ogg
perfal,[],"['adult', 'call']",-12.3346,49.3545,Falco peregrinus,Peregrine Falcon,Ken Behrens,Creative Commons Attribution-NonCommercial-ShareAlike 4.0,4.5,11:58,https://www.xeno-canto.org/660193,perfal/XC660193.ogg
perfal,[],"['adult', 'alarm call', 'sex uncertain']",57.0028,-6.3306,Falco peregrinus,Peregrine Falcon,Sean Morris,Creative Commons Attribution-NonCommercial-ShareAlike 4.0,4.0,13:54,https://www.xeno-canto.org/661639,perfal/XC661639.ogg
perfal,[],['uncertain'],48.126,11.5952,Falco peregrinus,Peregrine Falcon,Mathias Götz,Creative Commons Attribution-NonCommercial-ShareAlike 4.0,5.0,06:45,https://www.xeno-canto.org/665917,perfal/XC665917.ogg
pibgre,[],['call'],37.475,-106.158,Podilymbus podiceps,Pied-billed Grebe,Andrew Spencer,Creative Commons Attribution-NonCommercial-ShareAlike 3.0,5.0,15:00,https://www.xeno-canto.org/109907,pibgre/XC109907.ogg
pibgre,[],['call'],37.475,-106.158,Podilymbus podiceps,Pied-billed Grebe,Andrew Spencer,Creative Commons Attribution-NonCommercial-ShareAlike 3.0,5.0,15:00,https://www.xeno-canto.org/109908,pibgre/XC109908.ogg
pibgre,[],['call'],37.475,-106.158,Podilymbus podiceps,Pied-billed Grebe,Andrew Spencer,Creative Commons Attribution-NonCommercial-ShareAlike 3.0,5.0,15:20,https://www.xeno-canto.org/109909,pibgre/XC109909.ogg
pibgre,[],['call'],37.475,-106.158,Podilymbus podiceps,Pied-billed Grebe,Andrew Spencer,Creative Commons Attribution-NonCommercial-ShareAlike 3.0,5.0,15:20,https://www.xeno-canto.org/109910,pibgre/XC109910.ogg
pibgre,[],['call'],39.764,-120.354,Podilymbus podiceps,Pied-billed Grebe,Eric DeFonso,Creative Commons Attribution-NonCommercial-ShareAlike 3.0,3.5,08:38,https://www.xeno-canto.org/113810,pibgre/XC113810.ogg
pibgre,[],['begging call'],39.764,-120.354,Podilymbus podiceps,Pied-billed Grebe,Eric DeFonso,Creative Commons Attribution-NonCommercial-ShareAlike 3.0,3.5,09:29,https://www.xeno-canto.org/113811,pibgre/XC113811.ogg
pibgre,[],['song'],30.006,-92.91,Podilymbus podiceps,Pied-billed Grebe,Dan Lane,Creative Commons Attribution-NonCommercial-ShareAlike 3.0,2.5,10:30,https://www.xeno-canto.org/113927,pibgre/XC113927.ogg
pibgre,[],['call'],-37.9108,-73.2852,Podilymbus podiceps,Pied-billed Grebe,Francisco Rivas Fuenzalida,Creative Commons Attribution-NonCommercial-ShareAlike 3.0,5.0,21:30,https://www.xeno-canto.org/115066,pibgre/XC115066.ogg
pibgre,[],"['begging call', 'call', 'juvenile']",43.5308,-88.6128,Podilymbus podiceps,Pied-billed Grebe,Todd Wilson,Creative Commons Attribution-NonCommercial-ShareAlike 3.0,5.0,06:00,https://www.xeno-canto.org/152210,pibgre/XC152210.ogg
pibgre,[],['call'],43.5308,-88.6128,Podilymbus podiceps,Pied-billed Grebe,Todd Wilson,Creative Commons Attribution-NonCommercial-ShareAlike 3.0,5.0,06:00,https://www.xeno-canto.org/152211,pibgre/XC152211.ogg
pibgre,[],['call'],28.2267,-80.7645,Podilymbus podiceps,Pied-billed Grebe,Paul Marvin,Creative Commons Attribution-NonCommercial-ShareAlike 3.0,4.0,09:00,https://www.xeno-canto.org/161377,pibgre/XC161377.ogg
pibgre,[],['call'],28.2267,-80.7645,Podilymbus podiceps,Pied-billed Grebe,Paul Marvin,Creative Commons Attribution-NonCommercial-ShareAlike 3.0,4.0,09:29,https://www.xeno-canto.org/161378,pibgre/XC161378.ogg
pibgre,[],['call'],28.2267,-80.7645,Podilymbus podiceps,Pied-billed Grebe,Paul Marvin,Creative Commons Attribution-NonCommercial-ShareAlike 3.0,4.0,09:35,https://www.xeno-canto.org/161380,pibgre/XC161380.ogg
pibgre,[],['call'],28.2267,-80.7645,Podilymbus podiceps,Pied-billed Grebe,Paul Marvin,Creative Commons Attribution-NonCommercial-ShareAlike 3.0,3.0,09:17,https://www.xeno-canto.org/161382,pibgre/XC161382.ogg
pibgre,[],['call'],28.2267,-80.7645,Podilymbus podiceps,Pied-billed Grebe,Paul Marvin,Creative Commons Attribution-NonCommercial-ShareAlike 3.0,5.0,11:12,https://www.xeno-canto.org/162113,pibgre/XC162113.ogg
pibgre,['comgal1'],['song'],18.012,-67.1043,Podilymbus podiceps,Pied-billed Grebe,Eric DeFonso,Creative Commons Attribution-NonCommercial-ShareAlike 4.0,3.5,08:30,https://www.xeno-canto.org/173687,pibgre/XC173687.ogg
pibgre,[],['song'],-27.5218,-49.6199,Podilymbus podiceps,Pied-billed Grebe,Douglas Meyer,Creative Commons Attribution-NonCommercial-ShareAlike 4.0,4.0,12:10,https://www.xeno-canto.org/176529,pibgre/XC176529.ogg
pibgre,[],['song'],45.0394,-74.4613,Podilymbus podiceps,Pied-billed Grebe,Martin St-Michel,Creative Commons Attribution-NonCommercial-ShareAlike 4.0,4.5,06:58,https://www.xeno-canto.org/179587,pibgre/XC179587.ogg
pibgre,[],['song'],-31.6832,-53.7472,Podilymbus podiceps,Pied-billed Grebe,Roberto Buss Stringari,Creative Commons Attribution-NonCommercial-ShareAlike 4.0,4.0,13:00,https://www.xeno-canto.org/181731,pibgre/XC181731.ogg
pibgre,"['comgal1', 'grbher3']","['begging call', 'call', 'juvenile']",28.2267,-80.7645,Podilymbus podiceps,Pied-billed Grebe,Paul Marvin,Creative Commons Attribution-NonCommercial-ShareAlike 4.0,3.5,09:29,https://www.xeno-canto.org/192530,pibgre/XC192530.ogg
pibgre,[],['call'],56.7264,-111.3803,Podilymbus podiceps,Pied-billed Grebe,Luis A Villamil,Creative Commons Attribution-NonCommercial-ShareAlike 4.0,2.5,23:00,https://www.xeno-canto.org/204860,pibgre/XC204860.ogg
pibgre,[],['call'],56.7264,-111.3803,Podilymbus podiceps,Pied-billed Grebe,Luis A Villamil,Creative Commons Attribution-NonCommercial-ShareAlike 4.0,3.0,05:00,https://www.xeno-canto.org/205272,pibgre/XC205272.ogg
pibgre,[],['song'],-23.7192,-46.717,Podilymbus podiceps,Pied-billed Grebe,Fernando Igor de Godoy,Creative Commons Attribution-NonCommercial-ShareAlike 4.0,4.0,10:00,https://www.xeno-canto.org/211749,pibgre/XC211749.ogg
pibgre,[],['alarm call'],5.5446,-72.9283,Podilymbus podiceps,Pied-billed Grebe,Diana Carolina Macana,Creative Commons Attribution-NonCommercial-ShareAlike 4.0,4.0,21:00,https://www.xeno-canto.org/215091,pibgre/XC215091.ogg
pibgre,[],"['alarm call', 'call']",5.5292,-72.9369,Podilymbus podiceps,Pied-billed Grebe,Diana Carolina Macana,Creative Commons Attribution-NonCommercial-ShareAlike 4.0,3.5,21:00,https://www.xeno-canto.org/215092,pibgre/XC215092.ogg
pibgre,[],['song'],40.7275,-106.2975,Podilymbus podiceps,Pied-billed Grebe,Dan Lane,Creative Commons Attribution-NonCommercial-ShareAlike 4.0,5.0,16:00,https://www.xeno-canto.org/216673,pibgre/XC216673.ogg
pibgre,[],"['female', 'male']",13.3325,-88.2486,Podilymbus podiceps,Pied-billed Grebe,Susana Jeaneth Vásquez López,Creative Commons Attribution-NonCommercial-ShareAlike 4.0,5.0,09:00,https://www.xeno-canto.org/240545,pibgre/XC240545.ogg
pibgre,[],['song'],42.373,-73.3677,Podilymbus podiceps,Pied-billed Grebe,Tim Spahr,Creative Commons Attribution-NonCommercial-ShareAlike 4.0,3.0,03:30,https://www.xeno-canto.org/246271,pibgre/XC246271.ogg
pibgre,[],['aggression calls'],-1.733,-78.75,Podilymbus podiceps,Pied-billed Grebe,John V. Moore,Creative Commons Attribution-NonCommercial-ShareAlike 4.0,4.0,?,https://www.xeno-canto.org/257254,pibgre/XC257254.ogg
pibgre,[],['call'],37.8566,-25.7836,Podilymbus podiceps,Pied-billed Grebe,Cedric Mroczko,Creative Commons Attribution-NonCommercial-ShareAlike 4.0,2.5,15:30,https://www.xeno-canto.org/263199,pibgre/XC263199.ogg
pibgre,['houspa'],['song'],37.8562,-25.784,Podilymbus podiceps,Pied-billed Grebe,Cedric Mroczko,Creative Commons Attribution-NonCommercial-ShareAlike 4.0,1.5,16:00,https://www.xeno-canto.org/263209,pibgre/XC263209.ogg
pibgre,[],['song'],37.8562,-25.7839,Podilymbus podiceps,Pied-billed Grebe,Cedric Mroczko,Creative Commons Attribution-NonCommercial-ShareAlike 4.0,4.0,16:30,https://www.xeno-canto.org/263214,pibgre/XC263214.ogg
pibgre,['nutman'],['song'],32.7896,-117.0443,Podilymbus podiceps,Pied-billed Grebe,Paul Marvin,Creative Commons Attribution-NonCommercial-ShareAlike 4.0,3.5,08:02,https://www.xeno-canto.org/283477,pibgre/XC283477.ogg
pibgre,[],['song'],32.5547,-117.0634,Podilymbus podiceps,Pied-billed Grebe,Paul Marvin,Creative Commons Attribution-NonCommercial-ShareAlike 4.0,3.5,07:55,https://www.xeno-canto.org/283519,pibgre/XC283519.ogg
pibgre,[],"['call', 'juvenile']",0.3756,-78.1107,Podilymbus podiceps,Pied-billed Grebe,Patricio Mena Valenzuela,Creative Commons Attribution-NonCommercial-ShareAlike 4.0,3.0,12:05,https://www.xeno-canto.org/287248,pibgre/XC287248.ogg
pibgre,[],"['adult', 'calls', 'juvenile']",0.3756,-78.1107,Podilymbus podiceps,Pied-billed Grebe,Patricio Mena Valenzuela,Creative Commons Attribution-NonCommercial-ShareAlike 4.0,4.0,12:10,https://www.xeno-canto.org/287249,pibgre/XC287249.ogg
pibgre,[],"['call', 'juvenile']",0.3756,-78.1107,Podilymbus podiceps,Pied-billed Grebe,Patricio Mena Valenzuela,Creative Commons Attribution-NonCommercial-ShareAlike 4.0,3.0,12:05,https://www.xeno-canto.org/287250,pibgre/XC287250.ogg
pibgre,[],"['call', 'juvenile']",0.3756,-78.1107,Podilymbus podiceps,Pied-billed Grebe,Patricio Mena Valenzuela,Creative Commons Attribution-NonCommercial-ShareAlike 4.0,4.0,12:12,https://www.xeno-canto.org/287251,pibgre/XC287251.ogg
pibgre,[],"['call', 'juvenile']",0.3756,-78.1107,Podilymbus podiceps,Pied-billed Grebe,Patricio Mena Valenzuela,Creative Commons Attribution-NonCommercial-ShareAlike 4.0,4.0,11:10,https://www.xeno-canto.org/287252,pibgre/XC287252.ogg
pibgre,[],"['call', 'juvenile']",0.3756,-78.1107,Podilymbus podiceps,Pied-billed Grebe,Patricio Mena Valenzuela,Creative Commons Attribution-NonCommercial-ShareAlike 4.0,3.5,11:20,https://www.xeno-canto.org/287253,pibgre/XC287253.ogg
pibgre,[],['call'],56.7264,-111.3803,Podilymbus podiceps,Pied-billed Grebe,Julie,Creative Commons Attribution-NonCommercial-ShareAlike 4.0,3.0,22:00,https://www.xeno-canto.org/295598,pibgre/XC295598.ogg
pibgre,[],['call'],56.7264,-111.3803,Podilymbus podiceps,Pied-billed Grebe,Julie,Creative Commons Attribution-NonCommercial-ShareAlike 4.0,3.0,22:00,https://www.xeno-canto.org/295599,pibgre/XC295599.ogg
pibgre,[],['call'],14.7927,-88.0149,Podilymbus podiceps,Pied-billed Grebe,Alfonso Auerbach,Creative Commons Attribution-NonCommercial-ShareAlike 4.0,1.5,07:00,https://www.xeno-canto.org/302873,pibgre/XC302873.ogg
pibgre,[],['call'],19.0905,-97.5299,Podilymbus podiceps,Pied-billed Grebe,James Bradley,Creative Commons Attribution-NonCommercial-ShareAlike 4.0,4.0,11:15,https://www.xeno-canto.org/305803,pibgre/XC305803.ogg
pibgre,['houfin'],['song'],33.592,-117.0423,Podilymbus podiceps,Pied-billed Grebe,Nick Komar,Creative Commons Attribution-NonCommercial-ShareAlike 4.0,2.5,17:00,https://www.xeno-canto.org/306172,pibgre/XC306172.ogg
pibgre,[],['call'],33.0279,-108.1562,Podilymbus podiceps,Pied-billed Grebe,Jarrod Swackhamer,Creative Commons Attribution-NonCommercial-ShareAlike 4.0,3.0,14:00,https://www.xeno-canto.org/306674,pibgre/XC306674.ogg
pibgre,[],['Call'],43.7745,-83.9378,Podilymbus podiceps,Pied-billed Grebe,Allen T. Chartier,Creative Commons Attribution-NonCommercial-ShareAlike 3.0,2.5,?,https://www.xeno-canto.org/31290,pibgre/XC31290.ogg
pibgre,[],['call'],42.037,-79.4194,Podilymbus podiceps,Pied-billed Grebe,Jim Berry,Creative Commons Attribution-NonCommercial-ShareAlike 4.0,4.0,07:30,https://www.xeno-canto.org/313219,pibgre/XC313219.ogg
pibgre,"['houfin', 'pibgre', 'wesmea']","['call', 'song']",37.174,-120.8015,Podilymbus podiceps,Pied-billed Grebe,Thomas G. Graves,Creative Commons Attribution-NonCommercial-ShareAlike 4.0,4.5,11:45,https://www.xeno-canto.org/318376,pibgre/XC318376.ogg
pibgre,[],['call'],46.154,-72.7455,Podilymbus podiceps,Pied-billed Grebe,Martin St-Michel,Creative Commons Attribution-NonCommercial-ShareAlike 4.0,3.5,05:40,https://www.xeno-canto.org/320521,pibgre/XC320521.ogg
pibgre,[],"['call', 'song']",46.154,-72.7455,Podilymbus podiceps,Pied-billed Grebe,Martin St-Michel,Creative Commons Attribution-NonCommercial-ShareAlike 4.0,4.5,05:59,https://www.xeno-canto.org/320666,pibgre/XC320666.ogg
pibgre,[],['call'],46.154,-72.7455,Podilymbus podiceps,Pied-billed Grebe,Martin St-Michel,Creative Commons Attribution-NonCommercial-ShareAlike 4.0,4.5,06:03,https://www.xeno-canto.org/320667,pibgre/XC320667.ogg
pibgre,[],['song'],46.154,-72.7455,Podilymbus podiceps,Pied-billed Grebe,Martin St-Michel,Creative Commons Attribution-NonCommercial-ShareAlike 4.0,3.5,06:05,https://www.xeno-canto.org/320668,pibgre/XC320668.ogg
pibgre,[],['call'],46.154,-72.7455,Podilymbus podiceps,Pied-billed Grebe,Martin St-Michel,Creative Commons Attribution-NonCommercial-ShareAlike 4.0,3.5,07:29,https://www.xeno-canto.org/320780,pibgre/XC320780.ogg
pibgre,[],"['call', 'female', 'male']",46.154,-72.7455,Podilymbus podiceps,Pied-billed Grebe,Martin St-Michel,Creative Commons Attribution-NonCommercial-ShareAlike 4.0,3.5,07:49,https://www.xeno-canto.org/321525,pibgre/XC321525.ogg
pibgre,[],['call'],35.8934,-105.9825,Podilymbus podiceps,Pied-billed Grebe,Ed MacKerrow,Creative Commons Attribution-NonCommercial-ShareAlike 4.0,3.0,13:00,https://www.xeno-canto.org/322780,pibgre/XC322780.ogg
pibgre,[],['call'],28.2267,-80.7645,Podilymbus podiceps,Pied-billed Grebe,Paul Marvin,Creative Commons Attribution-NonCommercial-ShareAlike 4.0,3.5,07:01,https://www.xeno-canto.org/345275,pibgre/XC345275.ogg
pibgre,[],['song'],48.2374,-108.4548,Podilymbus podiceps,Pied-billed Grebe,Thomas Magarian,Creative Commons Attribution-NonCommercial-ShareAlike 4.0,3.5,14:08,https://www.xeno-canto.org/349622,pibgre/XC349622.ogg
pibgre,[],['song'],48.2374,-108.4548,Podilymbus podiceps,Pied-billed Grebe,Thomas Magarian,Creative Commons Attribution-NonCommercial-ShareAlike 4.0,3.5,14:11,https://www.xeno-canto.org/349623,pibgre/XC349623.ogg
pibgre,[],['call'],33.8045,-106.891,Podilymbus podiceps,Pied-billed Grebe,Russ Wigh,Creative Commons Attribution-NonCommercial-ShareAlike 4.0,5.0,08:30,https://www.xeno-canto.org/370849,pibgre/XC370849.ogg
pibgre,[],['song'],46.154,-72.7455,Podilymbus podiceps,Pied-billed Grebe,Martin St-Michel,Creative Commons Attribution-NonCommercial-ShareAlike 4.0,4.0,05:42,https://www.xeno-canto.org/384472,pibgre/XC384472.ogg
pibgre,[],"['call', 'female', 'male']",46.154,-72.7455,Podilymbus podiceps,Pied-billed Grebe,Martin St-Michel,Creative Commons Attribution-NonCommercial-ShareAlike 4.0,4.0,05:59,https://www.xeno-canto.org/384473,pibgre/XC384473.ogg
pibgre,[],"['call', 'female', 'male', 'song']",46.154,-72.7455,Podilymbus podiceps,Pied-billed Grebe,Martin St-Michel,Creative Commons Attribution-NonCommercial-ShareAlike 4.0,5.0,06:06,https://www.xeno-canto.org/384474,pibgre/XC384474.ogg
pibgre,[],['song'],-31.4275,-58.0131,Podilymbus podiceps,Pied-billed Grebe,Pedro Rinaldi,Creative Commons Attribution-NonCommercial-ShareAlike 4.0,3.0,12:00,https://www.xeno-canto.org/389905,pibgre/XC389905.ogg
pibgre,[],"['Wailing call', 'call']",44.2486,-83.4583,Podilymbus podiceps,Pied-billed Grebe,Antonio Xeira,Creative Commons Attribution-NonCommercial-ShareAlike 4.0,4.0,05:30,https://www.xeno-canto.org/391148,pibgre/XC391148.ogg
pibgre,[],"['call', 'female', 'male']",-16.6869,-49.2648,Podilymbus podiceps,Pied-billed Grebe,Nunes D'Acosta,Creative Commons Attribution-NonCommercial-ShareAlike 4.0,3.0,05:30,https://www.xeno-canto.org/394676,pibgre/XC394676.ogg
pibgre,[],"['call', 'female', 'male']",-16.6869,-49.2648,Podilymbus podiceps,Pied-billed Grebe,Nunes D'Acosta,Creative Commons Attribution-NonCommercial-ShareAlike 4.0,3.0,06:30,https://www.xeno-canto.org/394677,pibgre/XC394677.ogg
pibgre,[],"['call', 'female', 'male']",-16.6869,-49.2648,Podilymbus podiceps,Pied-billed Grebe,Nunes D'Acosta,Creative Commons Attribution-NonCommercial-ShareAlike 4.0,3.0,05:30,https://www.xeno-canto.org/394743,pibgre/XC394743.ogg
pibgre,[],['song'],-17.0548,-49.6184,Podilymbus podiceps,Pied-billed Grebe,JAYRSON ARAUJO DE OLIVEIRA,Creative Commons Attribution-NonCommercial-ShareAlike 4.0,2.5,6:08,https://www.xeno-canto.org/415849,pibgre/XC415849.ogg
pibgre,[],['call'],-22.7036,-47.6068,Podilymbus podiceps,Pied-billed Grebe,Fernando Igor de Godoy,Creative Commons Attribution-NonCommercial-ShareAlike 4.0,3.0,08:30,https://www.xeno-canto.org/435970,pibgre/XC435970.ogg
pibgre,[],['call'],-22.6997,-47.6297,Podilymbus podiceps,Pied-billed Grebe,Fernando Igor de Godoy,Creative Commons Attribution-NonCommercial-ShareAlike 4.0,3.0,09:00,https://www.xeno-canto.org/435989,pibgre/XC435989.ogg
pibgre,[],['song'],-16.5728,-49.3122,Podilymbus podiceps,Pied-billed Grebe,JAYRSON ARAUJO DE OLIVEIRA,Creative Commons Attribution-NonCommercial-ShareAlike 4.0,4.0,16:09,https://www.xeno-canto.org/444932,pibgre/XC444932.ogg
pibgre,[],['song'],-14.625,-49.0051,Podilymbus podiceps,Pied-billed Grebe,JAYRSON ARAUJO DE OLIVEIRA,Creative Commons Attribution-NonCommercial-ShareAlike 4.0,1.5,6:54,https://www.xeno-canto.org/448477,pibgre/XC448477.ogg
pibgre,[],['call'],31.4,-111.088,Podilymbus podiceps,Pied-billed Grebe,Paul Marvin,Creative Commons Attribution-NonCommercial-ShareAlike 4.0,5.0,08:20,https://www.xeno-canto.org/451357,pibgre/XC451357.ogg
pibgre,[],['call'],31.4,-111.088,Podilymbus podiceps,Pied-billed Grebe,Paul Marvin,Creative Commons Attribution-NonCommercial-ShareAlike 4.0,5.0,07:58,https://www.xeno-canto.org/451358,pibgre/XC451358.ogg
pibgre,[],['call'],31.4,-111.088,Podilymbus podiceps,Pied-billed Grebe,Paul Marvin,Creative Commons Attribution-NonCommercial-ShareAlike 4.0,4.0,09:14,https://www.xeno-canto.org/451361,pibgre/XC451361.ogg
pibgre,[],['call'],31.4,-111.088,Podilymbus podiceps,Pied-billed Grebe,Paul Marvin,Creative Commons Attribution-NonCommercial-ShareAlike 4.0,5.0,08:36,https://www.xeno-canto.org/451362,pibgre/XC451362.ogg
pibgre,[],['call'],28.2267,-80.7645,Podilymbus podiceps,Pied-billed Grebe,Paul Marvin,Creative Commons Attribution-NonCommercial-ShareAlike 4.0,3.5,09:04,https://www.xeno-canto.org/451476,pibgre/XC451476.ogg
pibgre,[],['song'],33.2016,-115.597,Podilymbus podiceps,Pied-billed Grebe,Paul Marvin,Creative Commons Attribution-NonCommercial-ShareAlike 4.0,3.5,11:42,https://www.xeno-canto.org/452095,pibgre/XC452095.ogg
pibgre,[],['song'],33.2016,-115.597,Podilymbus podiceps,Pied-billed Grebe,Paul Marvin,Creative Commons Attribution-NonCommercial-ShareAlike 4.0,3.5,12:35,https://www.xeno-canto.org/452096,pibgre/XC452096.ogg
pibgre,[],['call'],33.2016,-115.597,Podilymbus podiceps,Pied-billed Grebe,Paul Marvin,Creative Commons Attribution-NonCommercial-ShareAlike 4.0,3.5,11:38,https://www.xeno-canto.org/452097,pibgre/XC452097.ogg
pibgre,[],['song'],33.2016,-115.597,Podilymbus podiceps,Pied-billed Grebe,Paul Marvin,Creative Commons Attribution-NonCommercial-ShareAlike 4.0,3.5,11:53,https://www.xeno-canto.org/452098,pibgre/XC452098.ogg
pibgre,[],['song'],31.4,-111.088,Podilymbus podiceps,Pied-billed Grebe,Paul Marvin,Creative Commons Attribution-NonCommercial-ShareAlike 4.0,4.0,11:35,https://www.xeno-canto.org/452186,pibgre/XC452186.ogg
pibgre,['belkin1'],['call'],31.4,-111.088,Podilymbus podiceps,Pied-billed Grebe,Paul Marvin,Creative Commons Attribution-NonCommercial-ShareAlike 4.0,3.5,17:24,https://www.xeno-canto.org/452187,pibgre/XC452187.ogg
pibgre,[],['song'],31.4,-111.088,Podilymbus podiceps,Pied-billed Grebe,Paul Marvin,Creative Commons Attribution-NonCommercial-ShareAlike 4.0,4.0,09:16,https://www.xeno-canto.org/452188,pibgre/XC452188.ogg
pibgre,[],['Song'],4.6834,-74.3834,Podilymbus podiceps,Pied-billed Grebe,Bernabe Lopez-Lanus,Creative Commons Attribution-NonCommercial-ShareAlike 3.0,3.0,am,https://www.xeno-canto.org/45466,pibgre/XC45466.ogg
pibgre,[],['call'],4.6834,-74.3834,Podilymbus podiceps,Pied-billed Grebe,Bernabe Lopez-Lanus,Creative Commons Attribution-NonCommercial-ShareAlike 3.0,4.0,am,https://www.xeno-canto.org/45467,pibgre/XC45467.ogg
pibgre,[],"['call', 'song']",30.9708,-103.7245,Podilymbus podiceps,Pied-billed Grebe,Paul Marvin,Creative Commons Attribution-NonCommercial-ShareAlike 4.0,5.0,11:25,https://www.xeno-canto.org/454672,pibgre/XC454672.ogg
pibgre,[],['call'],4.6834,-74.3834,Podilymbus podiceps,Pied-billed Grebe,Bernabe Lopez-Lanus,Creative Commons Attribution-NonCommercial-ShareAlike 3.0,5.0,am,https://www.xeno-canto.org/45468,pibgre/XC45468.ogg
pibgre,[],"['call', 'song']",33.2094,-115.5224,Podilymbus podiceps,Pied-billed Grebe,Paul Marvin,Creative Commons Attribution-NonCommercial-ShareAlike 4.0,5.0,16:42,https://www.xeno-canto.org/459166,pibgre/XC459166.ogg
pibgre,[],['call'],42.0164,-79.4475,Podilymbus podiceps,Pied-billed Grebe,Jim Berry,Creative Commons Attribution-NonCommercial-ShareAlike 4.0,5.0,07:00,https://www.xeno-canto.org/469127,pibgre/XC469127.ogg
pibgre,[],"['call', 'juvenile']",-16.6914,-49.2668,Podilymbus podiceps,Pied-billed Grebe,NUNES  D'ACOSTA,Creative Commons Attribution-NonCommercial-ShareAlike 4.0,3.0,05:30,https://www.xeno-canto.org/477813,pibgre/XC477813.ogg
pibgre,[],"['call', 'wail calls']",51.3142,-121.8012,Podilymbus podiceps,Pied-billed Grebe,Sunny Tseng,Creative Commons Attribution-NonCommercial-ShareAlike 4.0,4.0,15:30,https://www.xeno-canto.org/479775,pibgre/XC479775.ogg
pibgre,[],"['call', 'wail calls']",51.3142,-121.8012,Podilymbus podiceps,Pied-billed Grebe,Sunny Tseng,Creative Commons Attribution-NonCommercial-ShareAlike 4.0,4.0,15:30,https://www.xeno-canto.org/479780,pibgre/XC479780.ogg
pibgre,[],"['begging call', 'juvenile']",32.6287,-116.923,Podilymbus podiceps,Pied-billed Grebe,Paul Marvin,Creative Commons Attribution-NonCommercial-ShareAlike 4.0,4.0,07:14,https://www.xeno-canto.org/485515,pibgre/XC485515.ogg
pibgre,['moudov'],"['adult', 'call']",34.159,-117.7702,Podilymbus podiceps,Pied-billed Grebe,Lance A. M. Benner,Creative Commons Attribution-NonCommercial-ShareAlike 4.0,0.0,18:01,https://www.xeno-canto.org/542616,pibgre/XC542616.ogg
pibgre,[],"['adult', 'song']",34.159,-117.7702,Podilymbus podiceps,Pied-billed Grebe,Lance A. M. Benner,Creative Commons Attribution-NonCommercial-ShareAlike 4.0,0.0,19:12,https://www.xeno-canto.org/542619,pibgre/XC542619.ogg
pibgre,[],"['adult', 'song']",34.159,-117.7702,Podilymbus podiceps,Pied-billed Grebe,Lance A. M. Benner,Creative Commons Attribution-NonCommercial-ShareAlike 4.0,0.0,19:12,https://www.xeno-canto.org/542620,pibgre/XC542620.ogg
pibgre,[],"['adult', 'sex uncertain', 'song']",35.2663,-120.6867,Podilymbus podiceps,Pied-billed Grebe,Thomas G. Graves,Creative Commons Attribution-NonCommercial-ShareAlike 4.0,4.0,17:30,https://www.xeno-canto.org/551063,pibgre/XC551063.ogg
pibgre,[],"['call', 'juvenile', 'sex uncertain']",-16.5631,-49.285,Podilymbus podiceps,Pied-billed Grebe,JAYRSON ARAUJO DE OLIVEIRA,Creative Commons Attribution-NonCommercial-ShareAlike 4.0,4.5,6:43,https://www.xeno-canto.org/552802,pibgre/XC552802.ogg
pibgre,[],['song'],40.5541,-112.0015,Podilymbus podiceps,Pied-billed Grebe,Daniel Hinckley,Creative Commons Attribution-NonCommercial-ShareAlike 4.0,5.0,09:30,https://www.xeno-canto.org/563118,pibgre/XC563118.ogg
pibgre,['fragul'],"['adult', 'female', 'male', 'sex uncertain', 'song']",41.4591,-112.3019,Podilymbus podiceps,Pied-billed Grebe,Richard E. Webster,Creative Commons Attribution-NonCommercial-ShareAlike 4.0,3.5,06:03,https://www.xeno-canto.org/565873,pibgre/XC565873.ogg
pibgre,[],"['adult', 'call', 'sex uncertain']",41.4591,-112.3019,Podilymbus podiceps,Pied-billed Grebe,Richard E. Webster,Creative Commons Attribution-NonCommercial-ShareAlike 4.0,2.5,05:45,https://www.xeno-canto.org/565874,pibgre/XC565874.ogg
pibgre,[],"['adult', 'sex uncertain', 'song']",40.1756,-115.4798,Podilymbus podiceps,Pied-billed Grebe,Richard E. Webster,Creative Commons Attribution-NonCommercial-ShareAlike 4.0,3.5,10:40,https://www.xeno-canto.org/565875,pibgre/XC565875.ogg
pibgre,[],"['adult', 'call', 'sex uncertain']",40.1756,-115.4798,Podilymbus podiceps,Pied-billed Grebe,Richard E. Webster,Creative Commons Attribution-NonCommercial-ShareAlike 4.0,3.5,12:19,https://www.xeno-canto.org/565876,pibgre/XC565876.ogg
pibgre,[],"['call', 'juvenile', 'sex uncertain']",40.1756,-115.4798,Podilymbus podiceps,Pied-billed Grebe,Richard E. Webster,Creative Commons Attribution-NonCommercial-ShareAlike 4.0,5.0,11:07,https://www.xeno-canto.org/565877,pibgre/XC565877.ogg
pibgre,[],"['begging call', 'bird in hand', 'call', 'hatchling or nestling', 'sex uncertain']",4.9488,-73.9577,Podilymbus podiceps,Pied-billed Grebe,Fernando Castro,Creative Commons Attribution-NonCommercial-ShareAlike 4.0,5.0,10:00,https://www.xeno-canto.org/575479,pibgre/XC575479.ogg
pibgre,[],"['call', 'song']",32.6287,-116.923,Podilymbus podiceps,Pied-billed Grebe,Paul Marvin,Creative Commons Attribution-NonCommercial-ShareAlike 4.0,5.0,07:13,https://www.xeno-canto.org/576861,pibgre/XC576861.ogg
pibgre,[],"['call', 'song']",32.6287,-116.923,Podilymbus podiceps,Pied-billed Grebe,Paul Marvin,Creative Commons Attribution-NonCommercial-ShareAlike 4.0,5.0,07:00,https://www.xeno-canto.org/576864,pibgre/XC576864.ogg
pibgre,[],['song'],-30.3847,-57.6105,Podilymbus podiceps,Pied-billed Grebe,Pedro Rinaldi,Creative Commons Attribution-NonCommercial-ShareAlike 4.0,5.0,15:00,https://www.xeno-canto.org/582912,pibgre/XC582912.ogg
pibgre,[],['call'],32.6287,-116.923,Podilymbus podiceps,Pied-billed Grebe,Paul Marvin,Creative Commons Attribution-NonCommercial-ShareAlike 4.0,5.0,06:57,https://www.xeno-canto.org/585734,pibgre/XC585734.ogg
pibgre,[],['call'],19.295,-99.095,Podilymbus podiceps,Pied-billed Grebe,Isain Contreras Rodríguez,Creative Commons Attribution-NonCommercial-ShareAlike 4.0,4.0,07:30,https://www.xeno-canto.org/593005,pibgre/XC593005.ogg
pibgre,[],['call'],19.295,-99.095,Podilymbus podiceps,Pied-billed Grebe,Isain Contreras Rodríguez,Creative Commons Attribution-NonCommercial-ShareAlike 4.0,4.0,07:30,https://www.xeno-canto.org/593006,pibgre/XC593006.ogg
pibgre,[],"['call', 'duet', 'juvenile', 'sex uncertain']",4.6564,-74.096,Podilymbus podiceps,Pied-billed Grebe,Erick Nicolás Patiño Acosta,Creative Commons Attribution-NonCommercial-ShareAlike 4.0,5.0,09:53,https://www.xeno-canto.org/596469,pibgre/XC596469.ogg
pibgre,['normoc'],"['adult', 'call', 'sex uncertain', 'song']",31.34,-109.273,Podilymbus podiceps,Pied-billed Grebe,Richard E. Webster,Creative Commons Attribution-NonCommercial-ShareAlike 4.0,3.5,13:32,https://www.xeno-canto.org/600724,pibgre/XC600724.ogg
pibgre,[],"['adult', 'alarm call', 'sex uncertain']",31.34,-109.273,Podilymbus podiceps,Pied-billed Grebe,Richard E. Webster,Creative Commons Attribution-NonCommercial-ShareAlike 4.0,4.5,12:34,https://www.xeno-canto.org/600726,pibgre/XC600726.ogg
pibgre,['moudov'],"['adult', 'pair contact calls', 'sex uncertain']",31.34,-109.273,Podilymbus podiceps,Pied-billed Grebe,Richard E. Webster,Creative Commons Attribution-NonCommercial-ShareAlike 4.0,3.5,13:52,https://www.xeno-canto.org/600727,pibgre/XC600727.ogg
pibgre,['houfin'],"['adult', 'pair contact calls', 'sex uncertain']",31.34,-109.273,Podilymbus podiceps,Pied-billed Grebe,Richard E. Webster,Creative Commons Attribution-NonCommercial-ShareAlike 4.0,3.5,12:44,https://www.xeno-canto.org/600729,pibgre/XC600729.ogg
pibgre,[],"['adult', 'pair contact calls', 'sex uncertain', 'song']",31.34,-109.273,Podilymbus podiceps,Pied-billed Grebe,Richard E. Webster,Creative Commons Attribution-NonCommercial-ShareAlike 4.0,3.5,12:48,https://www.xeno-canto.org/600730,pibgre/XC600730.ogg
pibgre,['amewig'],"['adult', 'pair contact calls', 'sex uncertain', 'song']",31.34,-109.273,Podilymbus podiceps,Pied-billed Grebe,Richard E. Webster,Creative Commons Attribution-NonCommercial-ShareAlike 4.0,3.5,12:26,https://www.xeno-canto.org/600732,pibgre/XC600732.ogg
pibgre,['normoc'],"['adult', 'female', 'male', 'pair contact calls', 'song']",31.34,-109.273,Podilymbus podiceps,Pied-billed Grebe,Richard E. Webster,Creative Commons Attribution-NonCommercial-ShareAlike 4.0,4.5,12:18,https://www.xeno-canto.org/601314,pibgre/XC601314.ogg
pibgre,"['moudov', 'normoc']","['adult', 'alarm call', 'female', 'male', 'pair interaction calls', 'song']",31.34,-109.273,Podilymbus podiceps,Pied-billed Grebe,Richard E. Webster,Creative Commons Attribution-NonCommercial-ShareAlike 4.0,4.5,12:32,https://www.xeno-canto.org/601316,pibgre/XC601316.ogg
pibgre,[],"['adult', 'call', 'sex uncertain']",31.34,-109.273,Podilymbus podiceps,Pied-billed Grebe,Richard E. Webster,Creative Commons Attribution-NonCommercial-ShareAlike 4.0,4.0,11:43,https://www.xeno-canto.org/601318,pibgre/XC601318.ogg
pibgre,['normoc'],"['adult', 'alarm call', 'begging call', 'sex uncertain']",31.34,-109.273,Podilymbus podiceps,Pied-billed Grebe,Richard E. Webster,Creative Commons Attribution-NonCommercial-ShareAlike 4.0,4.5,12:38,https://www.xeno-canto.org/601320,pibgre/XC601320.ogg
pibgre,['houfin'],"['adult', 'alarm call', 'begging call', 'juvenile', 'pair interaction calls', 'sex uncertain']",31.34,-109.273,Podilymbus podiceps,Pied-billed Grebe,Richard E. Webster,Creative Commons Attribution-NonCommercial-ShareAlike 4.0,4.5,12:08,https://www.xeno-canto.org/601327,pibgre/XC601327.ogg
pibgre,[],"['adult', 'alarm call', 'pair interaction calls', 'sex uncertain']",31.34,-109.273,Podilymbus podiceps,Pied-billed Grebe,Richard E. Webster,Creative Commons Attribution-NonCommercial-ShareAlike 4.0,3.5,12:55,https://www.xeno-canto.org/601328,pibgre/XC601328.ogg
pibgre,"['moudov', 'normoc']","['adult', 'alarm call', 'begging call', 'juvenile', 'sex uncertain']",31.34,-109.273,Podilymbus podiceps,Pied-billed Grebe,Richard E. Webster,Creative Commons Attribution-NonCommercial-ShareAlike 4.0,4.5,11:59,https://www.xeno-canto.org/601330,pibgre/XC601330.ogg
pibgre,[],"['adult', 'alarm call', 'interaction calls', 'sex uncertain']",31.34,-109.273,Podilymbus podiceps,Pied-billed Grebe,Richard E. Webster,Creative Commons Attribution-NonCommercial-ShareAlike 4.0,4.5,14:28,https://www.xeno-canto.org/601651,pibgre/XC601651.ogg
pibgre,['belkin1'],"['adult', 'alarm call', 'interaction calls', 'sex uncertain']",31.34,-109.273,Podilymbus podiceps,Pied-billed Grebe,Richard E. Webster,Creative Commons Attribution-NonCommercial-ShareAlike 4.0,4.5,13:34,https://www.xeno-canto.org/601659,pibgre/XC601659.ogg
pibgre,[],"['adult', 'alarm call', 'interaction calls', 'sex uncertain']",31.34,-109.273,Podilymbus podiceps,Pied-billed Grebe,Richard E. Webster,Creative Commons Attribution-NonCommercial-ShareAlike 4.0,4.5,13:57,https://www.xeno-canto.org/601665,pibgre/XC601665.ogg
pibgre,['moudov'],"['adult', 'alarm call', 'begging call', 'juvenile', 'sex uncertain']",31.34,-109.273,Podilymbus podiceps,Pied-billed Grebe,Richard E. Webster,Creative Commons Attribution-NonCommercial-ShareAlike 4.0,3.5,11:49,https://www.xeno-canto.org/601678,pibgre/XC601678.ogg
pibgre,['moudov'],"['adult', 'alarm call', 'sex uncertain']",31.34,-109.273,Podilymbus podiceps,Pied-billed Grebe,Richard E. Webster,Creative Commons Attribution-NonCommercial-ShareAlike 4.0,4.5,13:17,https://www.xeno-canto.org/601685,pibgre/XC601685.ogg
pibgre,"['houfin', 'normoc']","['adult', 'begging call', 'call', 'juvenile', 'pair contact calls', 'sex uncertain', 'song']",31.34,-109.273,Podilymbus podiceps,Pied-billed Grebe,Richard E. Webster,Creative Commons Attribution-NonCommercial-ShareAlike 4.0,3.5,11:30,https://www.xeno-canto.org/601705,pibgre/XC601705.ogg
pibgre,[],"['adult', 'pair interaction calls', 'sex uncertain', 'song']",31.34,-109.273,Podilymbus podiceps,Pied-billed Grebe,Richard E. Webster,Creative Commons Attribution-NonCommercial-ShareAlike 4.0,4.5,12:53,https://www.xeno-canto.org/601708,pibgre/XC601708.ogg
pibgre,['moudov'],"['adult', 'begging call', 'juvenile', 'pair contact calls', 'sex uncertain', 'song']",31.34,-109.273,Podilymbus podiceps,Pied-billed Grebe,Richard E. Webster,Creative Commons Attribution-NonCommercial-ShareAlike 4.0,3.5,12:37,https://www.xeno-canto.org/601713,pibgre/XC601713.ogg
pibgre,[],"['adult', 'call', 'male']",49.287,-119.5804,Podilymbus podiceps,Pied-billed Grebe,Peter Ward and Ken Hall,Creative Commons Attribution-NonCommercial-ShareAlike 4.0,5.0,10:00,https://www.xeno-canto.org/601773,pibgre/XC601773.ogg
pibgre,[],"['call', 'hatchling or nestling', 'sex uncertain']",4.9488,-73.9577,Podilymbus podiceps,Pied-billed Grebe,Fernando Castro,Creative Commons Attribution-NonCommercial-ShareAlike 4.0,5.0,10:00,https://www.xeno-canto.org/605564,pibgre/XC605564.ogg
pibgre,[],['uncertain'],19.295,-99.095,Podilymbus podiceps,Pied-billed Grebe,Isain Contreras Rodríguez,Creative Commons Attribution-NonCommercial-ShareAlike 4.0,4.0,07:00,https://www.xeno-canto.org/609112,pibgre/XC609112.ogg
pibgre,['gadwal'],"['call', 'life stage uncertain', 'sex uncertain']",31.4988,-110.8447,Podilymbus podiceps,Pied-billed Grebe,Sue Riffe,Creative Commons Attribution-NonCommercial-ShareAlike 4.0,3.5,18:24,https://www.xeno-canto.org/617525,pibgre/XC617525.ogg
pibgre,['amewig'],"['adult', 'alarm call', 'contact calls', 'female', 'male']",31.34,-109.273,Podilymbus podiceps,Pied-billed Grebe,Richard E. Webster,Creative Commons Attribution-NonCommercial-ShareAlike 4.0,4.5,12:03,https://www.xeno-canto.org/624563,pibgre/XC624563.ogg
pibgre,['gamqua'],"['adult', 'alarm call', 'contact calls', 'female', 'male']",31.34,-109.273,Podilymbus podiceps,Pied-billed Grebe,Richard E. Webster,Creative Commons Attribution-NonCommercial-ShareAlike 4.0,4.5,12:05,https://www.xeno-canto.org/624564,pibgre/XC624564.ogg
pibgre,['amewig'],"['adult', 'contact calls', 'duet', 'female', 'male', 'song']",31.34,-109.273,Podilymbus podiceps,Pied-billed Grebe,Richard E. Webster,Creative Commons Attribution-NonCommercial-ShareAlike 4.0,4.5,11:57,https://www.xeno-canto.org/624565,pibgre/XC624565.ogg
pibgre,[],"['adult', 'call', 'contact calls', 'duet', 'female', 'male', 'song']",31.34,-109.273,Podilymbus podiceps,Pied-billed Grebe,Richard E. Webster,Creative Commons Attribution-NonCommercial-ShareAlike 4.0,5.0,11:30,https://www.xeno-canto.org/624566,pibgre/XC624566.ogg
pibgre,['belkin1'],"['adult', 'female', 'interaction calls', 'male']",31.34,-109.273,Podilymbus podiceps,Pied-billed Grebe,Richard E. Webster,Creative Commons Attribution-NonCommercial-ShareAlike 4.0,3.5,11:37,https://www.xeno-canto.org/624577,pibgre/XC624577.ogg
pibgre,[],"['adult', 'duet', 'female', 'male', 'pair contact calls', 'song']",31.34,-109.273,Podilymbus podiceps,Pied-billed Grebe,Richard E. Webster,Creative Commons Attribution-NonCommercial-ShareAlike 4.0,3.5,11:35,https://www.xeno-canto.org/624578,pibgre/XC624578.ogg
pibgre,[],"['adult', 'female', 'interaction calls', 'male']",31.34,-109.273,Podilymbus podiceps,Pied-billed Grebe,Richard E. Webster,Creative Commons Attribution-NonCommercial-ShareAlike 4.0,3.5,12:50,https://www.xeno-canto.org/624579,pibgre/XC624579.ogg
pibgre,[],"['adult', 'female', 'male', 'pair interaction calls']",31.34,-109.273,Podilymbus podiceps,Pied-billed Grebe,Richard E. Webster,Creative Commons Attribution-NonCommercial-ShareAlike 4.0,4.5,12:38,https://www.xeno-canto.org/624580,pibgre/XC624580.ogg
pibgre,['amewig'],"['adult', 'begging call', 'female', 'juvenile', 'male', 'pair interaction calls']",31.34,-109.273,Podilymbus podiceps,Pied-billed Grebe,Richard E. Webster,Creative Commons Attribution-NonCommercial-ShareAlike 4.0,3.5,06:42,https://www.xeno-canto.org/624581,pibgre/XC624581.ogg
pibgre,[],"['adult', 'interaction calls', 'sex uncertain']",31.34,-109.273,Podilymbus podiceps,Pied-billed Grebe,Richard E. Webster,Creative Commons Attribution-NonCommercial-ShareAlike 4.0,3.5,12:31,https://www.xeno-canto.org/624582,pibgre/XC624582.ogg
pibgre,['amewig'],"['adult', 'extra-pair interaction calls', 'female', 'male', 'pair interaction calls']",31.34,-109.273,Podilymbus podiceps,Pied-billed Grebe,Richard E. Webster,Creative Commons Attribution-NonCommercial-ShareAlike 4.0,4.5,12:32,https://www.xeno-canto.org/624583,pibgre/XC624583.ogg
pibgre,[],['song'],32.6287,-116.923,Podilymbus podiceps,Pied-billed Grebe,Paul Marvin,Creative Commons Attribution-NonCommercial-ShareAlike 4.0,5.0,07:48,https://www.xeno-canto.org/629177,pibgre/XC629177.ogg
pibgre,[],['duet'],-0.7097,-80.2075,Podilymbus podiceps,Pied-billed Grebe,Francisco Sornoza,Creative Commons Attribution-NonCommercial-ShareAlike 4.0,3.5,07:40,https://www.xeno-canto.org/633002,pibgre/XC633002.ogg
pibgre,[],"['adult', 'female', 'male', 'song']",4.9488,-73.9577,Podilymbus podiceps,Pied-billed Grebe,Fernando Castro,Creative Commons Attribution-NonCommercial-ShareAlike 4.0,5.0,15:30,https://www.xeno-canto.org/638537,pibgre/XC638537.ogg
pibgre,[],"['adult', 'call', 'female', 'male', 'song']",27.3015,-112.8875,Podilymbus podiceps,Pied-billed Grebe,Richard E. Webster,Creative Commons Attribution-NonCommercial-ShareAlike 4.0,2.5,06:10,https://www.xeno-canto.org/661131,pibgre/XC661131.ogg
pibgre,[],"['adult', 'alarm call', 'sex uncertain']",32.1119,-115.2471,Podilymbus podiceps,Pied-billed Grebe,Richard E. Webster,Creative Commons Attribution-NonCommercial-ShareAlike 4.0,4.5,15:19,https://www.xeno-canto.org/661842,pibgre/XC661842.ogg
pibgre,"['moudov', 'rinphe']","['adult', 'begging call', 'female', 'juvenile', 'male', 'pair interaction calls']",32.2003,-115.1111,Podilymbus podiceps,Pied-billed Grebe,Richard E. Webster,Creative Commons Attribution-NonCommercial-ShareAlike 4.0,4.5,06:26,https://www.xeno-canto.org/661843,pibgre/XC661843.ogg
pibgre,['moudov'],"['adult', 'alarm call', 'begging call', 'juvenile', 'sex uncertain']",32.1119,-115.2471,Podilymbus podiceps,Pied-billed Grebe,Richard E. Webster,Creative Commons Attribution-NonCommercial-ShareAlike 4.0,4.5,15:03,https://www.xeno-canto.org/661844,pibgre/XC661844.ogg
pibgre,[],"['Male and female duet', 'adult', 'female', 'male', 'song']",35.1075,-120.6256,Podilymbus podiceps,Pied-billed Grebe,Thomas G. Graves,Creative Commons Attribution-NonCommercial-ShareAlike 4.0,3.5,6:36,https://www.xeno-canto.org/663526,pibgre/XC663526.ogg
pibgre,[],"['Male and female duet', 'adult', 'female', 'male', 'song']",35.1075,-120.6256,Podilymbus podiceps,Pied-billed Grebe,Thomas G. Graves,Creative Commons Attribution-NonCommercial-ShareAlike 4.0,3.5,6:37,https://www.xeno-canto.org/663528,pibgre/XC663528.ogg
pibgre,[],"['begging call', 'juvenile']",32.6287,-116.923,Podilymbus podiceps,Pied-billed Grebe,Paul Marvin,Creative Commons Attribution-NonCommercial-ShareAlike 4.0,5.0,08:45,https://www.xeno-canto.org/664843,pibgre/XC664843.ogg
pibgre,['calqua'],"['adult', 'call', 'sex uncertain']",37.9149,-122.2023,Podilymbus podiceps,Pied-billed Grebe,Denise Wight,Creative Commons Attribution-NonCommercial-ShareAlike 4.0,2.5,11:00,https://www.xeno-canto.org/664880,pibgre/XC664880.ogg
pibgre,[],"['adult', 'begging call', 'call', 'juvenile']",32.6287,-116.923,Podilymbus podiceps,Pied-billed Grebe,Paul Marvin,Creative Commons Attribution-NonCommercial-ShareAlike 4.0,5.0,06:17,https://www.xeno-canto.org/665162,pibgre/XC665162.ogg
pomjae,[],['call'],71.2564,-156.5514,Stercorarius pomarinus,Pomarine Jaeger,Andrew Spencer,Creative Commons Attribution-NonCommercial-ShareAlike 4.0,5.0,11:00,https://www.xeno-canto.org/184383,pomjae/XC184383.ogg
pomjae,[],['alarm call'],71.2435,-156.6335,Stercorarius pomarinus,Pomarine Jaeger,Andrew Spencer,Creative Commons Attribution-NonCommercial-ShareAlike 4.0,5.0,05:50,https://www.xeno-canto.org/184384,pomjae/XC184384.ogg
pomjae,[],['call'],13.3156,-89.8553,Stercorarius pomarinus,Pomarine Jaeger,Oliver Komar,Creative Commons Attribution-NonCommercial-ShareAlike 4.0,1.0,10:00,https://www.xeno-canto.org/206893,pomjae/XC206893.ogg
pomjae,[],['flight call'],-34.4444,151.1897,Stercorarius pomarinus,Pomarine Jaeger,Stewart Ford,Creative Commons Attribution-NonCommercial-ShareAlike 4.0,4.0,14:00,https://www.xeno-canto.org/211500,pomjae/XC211500.ogg
pomjae,['wetshe'],['flight call'],-34.4444,151.1897,Stercorarius pomarinus,Pomarine Jaeger,Stewart Ford,Creative Commons Attribution-NonCommercial-ShareAlike 4.0,1.5,14:00,https://www.xeno-canto.org/211501,pomjae/XC211501.ogg
pomjae,[],['song'],13.3355,-89.8528,Stercorarius pomarinus,Pomarine Jaeger,Mario Trejo,Creative Commons Attribution-NonCommercial-ShareAlike 4.0,4.0,10:00,https://www.xeno-canto.org/452843,pomjae/XC452843.ogg
pomjae,[],"['call', 'juvenile', 'sex uncertain']",47.9829,11.0954,Stercorarius pomarinus,Pomarine Jaeger,Christian Haass,Creative Commons Attribution-NonCommercial-ShareAlike 4.0,3.5,15:00,https://www.xeno-canto.org/504876,pomjae/XC504876.ogg
puaioh,"['aniani', 'apapan']",['song'],22.0815,-159.555,Myadestes palmeri,Puaiohi,Eric VanderWerf,Creative Commons Attribution-NonCommercial-ShareAlike 3.0,3.5,14:30,https://www.xeno-canto.org/144892,puaioh/XC144892.ogg
puaioh,"['aniani', 'apapan']",['call'],22.0815,-159.555,Myadestes palmeri,Puaiohi,Eric VanderWerf,Creative Commons Attribution-NonCommercial-ShareAlike 3.0,3.5,09:30,https://www.xeno-canto.org/144893,puaioh/XC144893.ogg
puaioh,[],"['begging call', 'juvenile']",22.0815,-159.555,Myadestes palmeri,Puaiohi,Eric VanderWerf,Creative Commons Attribution-NonCommercial-ShareAlike 3.0,3.0,09:30,https://www.xeno-canto.org/144894,puaioh/XC144894.ogg
reccar,[],['call'],-16.3834,-56.6167,Paroaria coronata,Red-crested Cardinal,Andrew Spencer,Creative Commons Attribution-NonCommercial-ShareAlike 3.0,5.0,08:30,https://www.xeno-canto.org/115735,reccar/XC115735.ogg
reccar,[],['song'],-16.3834,-56.6167,Paroaria coronata,Red-crested Cardinal,Andrew Spencer,Creative Commons Attribution-NonCommercial-ShareAlike 3.0,5.0,08:30,https://www.xeno-canto.org/115736,reccar/XC115736.ogg
reccar,[],['song'],-16.3834,-56.6167,Paroaria coronata,Red-crested Cardinal,Andrew Spencer,Creative Commons Attribution-NonCommercial-ShareAlike 3.0,5.0,08:30,https://www.xeno-canto.org/115737,reccar/XC115737.ogg
reccar,[],"['male', 'song']",-23.59,-46.66,Paroaria coronata,Red-crested Cardinal,Antonio Silveira,Creative Commons Attribution-NonCommercial-ShareAlike 3.0,5.0,09:00,https://www.xeno-canto.org/144401,reccar/XC144401.ogg
reccar,[],['call'],-16.3811,-56.3503,Paroaria coronata,Red-crested Cardinal,GABRIEL LEITE,Creative Commons Attribution-NonCommercial-ShareAlike 4.0,3.0,09:30,https://www.xeno-canto.org/171671,reccar/XC171671.ogg
reccar,[],['song'],-31.335,-56.755,Paroaria coronata,Red-crested Cardinal,Pedro Rinaldi,Creative Commons Attribution-NonCommercial-ShareAlike 4.0,0.0,07:00,https://www.xeno-canto.org/188951,reccar/XC188951.ogg
reccar,[],"['call', 'male', 'song']",21.3561,-158.0205,Paroaria coronata,Red-crested Cardinal,Ross Gallardy,Creative Commons Attribution-NonCommercial-ShareAlike 4.0,5.0,11:00,https://www.xeno-canto.org/209514,reccar/XC209514.ogg
reccar,[],['call'],21.8973,-159.6032,Paroaria coronata,Red-crested Cardinal,Ross Gallardy,Creative Commons Attribution-NonCommercial-ShareAlike 4.0,5.0,17:30,https://www.xeno-canto.org/210359,reccar/XC210359.ogg
reccar,[],['song'],-28.3864,-53.8633,Paroaria coronata,Red-crested Cardinal,Fernando Igor de Godoy,Creative Commons Attribution-NonCommercial-ShareAlike 4.0,0.0,08:30,https://www.xeno-canto.org/211670,reccar/XC211670.ogg
reccar,[],['song'],-23.59,-46.66,Paroaria coronata,Red-crested Cardinal,Fernando Igor de Godoy,Creative Commons Attribution-NonCommercial-ShareAlike 4.0,5.0,11:00,https://www.xeno-canto.org/211671,reccar/XC211671.ogg
reccar,[],['song'],-23.59,-46.66,Paroaria coronata,Red-crested Cardinal,Fernando Igor de Godoy,Creative Commons Attribution-NonCommercial-ShareAlike 4.0,5.0,11:00,https://www.xeno-canto.org/211672,reccar/XC211672.ogg
reccar,[],['song'],-30.1834,-57.4501,Paroaria coronata,Red-crested Cardinal,Jeremy Minns,Creative Commons Attribution-NonCommercial-ShareAlike 4.0,5.0,07:17,https://www.xeno-canto.org/215507,reccar/XC215507.ogg
reccar,"['jabwar', 'redjun', 'warwhe1']",['song'],22.0713,-159.6628,Paroaria coronata,Red-crested Cardinal,Dan Lane,Creative Commons Attribution-NonCommercial-ShareAlike 4.0,3.5,06:30,https://www.xeno-canto.org/234998,reccar/XC234998.ogg
reccar,[],"['call', 'male', 'song']",-28.6161,-48.9934,Paroaria coronata,Red-crested Cardinal,Luiz C.  Silva,Creative Commons Attribution-NonCommercial-ShareAlike 4.0,2.0,15:00,https://www.xeno-canto.org/308347,reccar/XC308347.ogg
reccar,[],"['call', 'male', 'song']",-28.6161,-48.9934,Paroaria coronata,Red-crested Cardinal,Luiz C.  Silva,Creative Commons Attribution-NonCommercial-ShareAlike 4.0,5.0,13:30,https://www.xeno-canto.org/308410,reccar/XC308410.ogg
reccar,[],['song'],-32.144,-53.728,Paroaria coronata,Red-crested Cardinal,Pedro Rinaldi,Creative Commons Attribution-NonCommercial-ShareAlike 4.0,0.0,06:00,https://www.xeno-canto.org/313535,reccar/XC313535.ogg
reccar,[],['song'],21.876,-159.4424,Paroaria coronata,Red-crested Cardinal,Bobby Wilcox,Creative Commons Attribution-NonCommercial-ShareAlike 4.0,0.0,08:00,https://www.xeno-canto.org/314703,reccar/XC314703.ogg
reccar,[],['song'],-27.6023,-56.7213,Paroaria coronata,Red-crested Cardinal,Aves del NEA,Creative Commons Attribution-NonCommercial-ShareAlike 4.0,3.5,08:30,https://www.xeno-canto.org/329568,reccar/XC329568.ogg
reccar,[],['song'],-26.2593,-59.9874,Paroaria coronata,Red-crested Cardinal,Bobby Wilcox,Creative Commons Attribution-NonCommercial-ShareAlike 4.0,4.0,13:00,https://www.xeno-canto.org/364815,reccar/XC364815.ogg
reccar,[],['song'],-26.8109,-59.597,Paroaria coronata,Red-crested Cardinal,Bobby Wilcox,Creative Commons Attribution-NonCommercial-ShareAlike 4.0,4.0,05:30,https://www.xeno-canto.org/365543,reccar/XC365543.ogg
reccar,[],['song'],-28.5332,-57.167,Paroaria coronata,Red-crested Cardinal,Franco Vushurovich,Creative Commons Attribution-NonCommercial-ShareAlike 4.0,4.5,08:00,https://www.xeno-canto.org/367773,reccar/XC367773.ogg
reccar,[],['song'],-31.0679,-57.0651,Paroaria coronata,Red-crested Cardinal,Pedro Rinaldi,Creative Commons Attribution-NonCommercial-ShareAlike 4.0,0.0,09:00,https://www.xeno-canto.org/370601,reccar/XC370601.ogg
reccar,[],['song'],-25.0719,-58.141,Paroaria coronata,Red-crested Cardinal,Franco Vushurovich,Creative Commons Attribution-NonCommercial-ShareAlike 4.0,4.0,08:00,https://www.xeno-canto.org/413107,reccar/XC413107.ogg
reccar,[],['song'],-25.0719,-58.141,Paroaria coronata,Red-crested Cardinal,Franco Vushurovich,Creative Commons Attribution-NonCommercial-ShareAlike 4.0,4.5,09:00,https://www.xeno-canto.org/425967,reccar/XC425967.ogg
reccar,[],"['female', 'male', 'song']",-27.7001,-57.1834,Paroaria coronata,Red-crested Cardinal,Rosendo Manuel Fraga,Creative Commons Attribution-NonCommercial-ShareAlike 4.0,0.0,08:30,https://www.xeno-canto.org/454242,reccar/XC454242.ogg
reccar,[],['Song'],-34.234167,-58.886111,Paroaria coronata,Red-crested Cardinal,Bernabe Lopez-Lanus,Creative Commons Attribution-NonCommercial-ShareAlike 3.0,5.0,Dawn,https://www.xeno-canto.org/47079,reccar/XC47079.ogg
reccar,[],['Alarm call'],-30.583027,-59.948959,Paroaria coronata,Red-crested Cardinal,Bernabe Lopez-Lanus,Creative Commons Attribution-NonCommercial-ShareAlike 3.0,5.0,?,https://www.xeno-canto.org/47080,reccar/XC47080.ogg
reccar,[],['song'],-31.2892,-51.0912,Paroaria coronata,Red-crested Cardinal,Ricardo Gagliardi,Creative Commons Attribution-NonCommercial-ShareAlike 4.0,0.0,10:15,https://www.xeno-canto.org/471309,reccar/XC471309.ogg
reccar,[],['song'],-34.234167,-58.886111,Paroaria coronata,Red-crested Cardinal,Bernabe Lopez-Lanus,Creative Commons Attribution-NonCommercial-ShareAlike 3.0,4.0,?:?,https://www.xeno-canto.org/50739,reccar/XC50739.ogg
reccar,[],['song'],-30.583027,-59.948959,Paroaria coronata,Red-crested Cardinal,Bernabe Lopez-Lanus,Creative Commons Attribution-NonCommercial-ShareAlike 3.0,5.0,?:?,https://www.xeno-canto.org/50740,reccar/XC50740.ogg
reccar,[],['song'],-30.583027,-59.948959,Paroaria coronata,Red-crested Cardinal,Bernabe Lopez-Lanus,Creative Commons Attribution-NonCommercial-ShareAlike 3.0,5.0,?:?,https://www.xeno-canto.org/50741,reccar/XC50741.ogg
reccar,[],['song'],-30.583027,-59.948959,Paroaria coronata,Red-crested Cardinal,Bernabe Lopez-Lanus,Creative Commons Attribution-NonCommercial-ShareAlike 3.0,3.0,?:?,https://www.xeno-canto.org/50742,reccar/XC50742.ogg
reccar,[],"['adult', 'call', 'male']",-30.2037,-57.5145,Paroaria coronata,Red-crested Cardinal,GABRIEL LEITE,Creative Commons Attribution-NonCommercial-ShareAlike 4.0,4.0,07:00,https://www.xeno-canto.org/510924,reccar/XC510924.ogg
reccar,[],['begging call'],-34.6081,-58.3509,Paroaria coronata,Red-crested Cardinal,Christopher Moser-Purdy,Creative Commons Attribution-NonCommercial-ShareAlike 4.0,5.0,10:00,https://www.xeno-canto.org/531780,reccar/XC531780.ogg
reccar,[],"['adult', 'call', 'sex uncertain']",-30.9068,-58.4628,Paroaria coronata,Red-crested Cardinal, Guillermo Treboux,Creative Commons Attribution-NonCommercial-ShareAlike 4.0,0.0,07:30,https://www.xeno-canto.org/552906,reccar/XC552906.ogg
reccar,[],['song'],-32.8606,-60.6486,Paroaria coronata,Red-crested Cardinal,Franco Vushurovich,Creative Commons Attribution-NonCommercial-ShareAlike 4.0,5.0,11:30,https://www.xeno-canto.org/573496,reccar/XC573496.ogg
reccar,[],"['adult', 'call']",-0.1865,-78.4849,Paroaria coronata,Red-crested Cardinal,Edison Ocaña,Creative Commons Attribution-NonCommercial-ShareAlike 4.0,4.0,08:14,https://www.xeno-canto.org/593895,reccar/XC593895.ogg
reccar,[],"['adult', 'call', 'song']",-0.1865,-78.4849,Paroaria coronata,Red-crested Cardinal,Edison Ocaña,Creative Commons Attribution-NonCommercial-ShareAlike 4.0,4.0,08:14,https://www.xeno-canto.org/593896,reccar/XC593896.ogg
reccar,[],['song'],-22.5612,-59.6862,Paroaria coronata,Red-crested Cardinal,Fabrice Schmitt,Creative Commons Attribution-NonCommercial-ShareAlike 4.0,5.0,08:30,https://www.xeno-canto.org/616257,reccar/XC616257.ogg
reccar,[],['Song'],-19.26667,-57.01667,Paroaria coronata,Red-crested Cardinal,Jeremy Minns,Creative Commons Attribution-NonCommercial-ShareAlike 3.0,3.5,06:12,https://www.xeno-canto.org/84598,reccar/XC84598.ogg
reccar,[],['Dawn song'],-16.7501,-56.8501,Paroaria coronata,Red-crested Cardinal,Jeremy Minns,Creative Commons Attribution-NonCommercial-ShareAlike 3.0,3.5,05:41,https://www.xeno-canto.org/84599,reccar/XC84599.ogg
reccar,[],['Variant of normal song'],-30.1834,-57.4501,Paroaria coronata,Red-crested Cardinal,Jeremy Minns,Creative Commons Attribution-NonCommercial-ShareAlike 3.0,4.0,09:50,https://www.xeno-canto.org/84600,reccar/XC84600.ogg
redava,[],['call'],-18.046,178.431,Amandava amandava,Red Avadavat,Matthias Feuersenger,Creative Commons Attribution-NonCommercial-ShareAlike 3.0,3.5,09:00,https://www.xeno-canto.org/110428,redava/XC110428.ogg
redava,[],['call'],-18.046,178.431,Amandava amandava,Red Avadavat,Matthias Feuersenger,Creative Commons Attribution-NonCommercial-ShareAlike 3.0,3.5,15:00,https://www.xeno-canto.org/110429,redava/XC110429.ogg
redava,[],"['call', 'song']",28.464,76.893,Amandava amandava,Red Avadavat,Mike Nelson,Creative Commons Attribution-NonCommercial-ShareAlike 3.0,4.0,16:00,https://www.xeno-canto.org/116823,redava/XC116823.ogg
redava,[],['call'],5.8758,116.0957,Amandava amandava,Red Avadavat,Mike Nelson,Creative Commons Attribution-NonCommercial-ShareAlike 3.0,3.0,16:00,https://www.xeno-canto.org/150712,redava/XC150712.ogg
redava,[],"['call', 'song']",15.6093,73.8964,Amandava amandava,Red Avadavat,Eveny Luis,Creative Commons Attribution-NonCommercial-ShareAlike 3.0,5.0,09:21,https://www.xeno-canto.org/165596,redava/XC165596.ogg
redava,[],['call'],19.8801,-155.7254,Amandava amandava,Red Avadavat,Dan Lane,Creative Commons Attribution-NonCommercial-ShareAlike 4.0,4.0,08:30,https://www.xeno-canto.org/175521,redava/XC175521.ogg
redava,[],['flight call'],16.843,74.5568,Amandava amandava,Red Avadavat,Sharad Apte,Creative Commons Attribution-NonCommercial-ShareAlike 4.0,4.0,08:00,https://www.xeno-canto.org/188847,redava/XC188847.ogg
redava,[],['call'],16.867,74.567,Amandava amandava,Red Avadavat,Sharad Apte,Creative Commons Attribution-NonCommercial-ShareAlike 4.0,4.0,08:30,https://www.xeno-canto.org/188848,redava/XC188848.ogg
redava,[],['song'],16.8548,74.5735,Amandava amandava,Red Avadavat,Sharad Apte,Creative Commons Attribution-NonCommercial-ShareAlike 4.0,5.0,07:30,https://www.xeno-canto.org/188849,redava/XC188849.ogg
redava,[],"['male', 'song']",18.7616,98.9303,Amandava amandava,Red Avadavat,Woraphot Bunkhwamdi,Creative Commons Attribution-NonCommercial-ShareAlike 4.0,4.0,07:19,https://www.xeno-canto.org/190014,redava/XC190014.ogg
redava,[],['call'],20.2864,100.0577,Amandava amandava,Red Avadavat,Woraphot Bunkhwamdi,Creative Commons Attribution-NonCommercial-ShareAlike 4.0,4.0,10:39,https://www.xeno-canto.org/305394,redava/XC305394.ogg
redava,[],"['call', 'male', 'song']",20.2864,100.0577,Amandava amandava,Red Avadavat,Woraphot Bunkhwamdi,Creative Commons Attribution-NonCommercial-ShareAlike 4.0,4.0,16:58,https://www.xeno-canto.org/305517,redava/XC305517.ogg
redava,[],['call'],18.3243,99.3959,Amandava amandava,Red Avadavat,Chai,Creative Commons Attribution-NonCommercial-ShareAlike 4.0,3.0,08:30,https://www.xeno-canto.org/329465,redava/XC329465.ogg
redava,[],['song'],37.0425,-7.9867,Amandava amandava,Red Avadavat,Sérgio Correia,Creative Commons Attribution-NonCommercial-ShareAlike 4.0,2.0,18:00,https://www.xeno-canto.org/341312,redava/XC341312.ogg
redava,[],['song'],1.4238,103.8773,Amandava amandava,Red Avadavat,marcel finlay,Creative Commons Attribution-NonCommercial-ShareAlike 4.0,3.0,07:05,https://www.xeno-canto.org/354657,redava/XC354657.ogg
redava,[],"['call', 'female', 'flight call', 'male']",21.0489,75.8664,Amandava amandava,Red Avadavat,Lakshmikant Rajaram Neve,Creative Commons Attribution-NonCommercial-ShareAlike 4.0,4.0,10:39:21,https://www.xeno-canto.org/421090,redava/XC421090.ogg
redava,[],['call'],21.0489,75.8664,Amandava amandava,Red Avadavat,Lakshmikant Rajaram Neve,Creative Commons Attribution-NonCommercial-ShareAlike 4.0,4.0,10:39:21,https://www.xeno-canto.org/421096,redava/XC421096.ogg
redava,[],['song'],39.0067,-8.3401,Amandava amandava,Red Avadavat,Paulo Alves,Creative Commons Attribution-NonCommercial-ShareAlike 4.0,2.5,07:00,https://www.xeno-canto.org/433049,redava/XC433049.ogg
redava,[],['call'],22.2446,70.7009,Amandava amandava,Red Avadavat,Hemanya Radadia,Creative Commons Attribution-NonCommercial-ShareAlike 4.0,4.0,17:30,https://www.xeno-canto.org/443328,redava/XC443328.ogg
redava,[],"['call', 'song']",21.1637,81.2395,Amandava amandava,Red Avadavat,Sreekumar Chirukandoth,Creative Commons Attribution-NonCommercial-ShareAlike 4.0,5.0,08:00,https://www.xeno-canto.org/444177,redava/XC444177.ogg
redava,[],['song'],24.1988,91.8644,Amandava amandava,Red Avadavat,Sayam U. Chowdhury ,Creative Commons Attribution-NonCommercial-ShareAlike 4.0,5.0,10:00,https://www.xeno-canto.org/446694,redava/XC446694.ogg
redava,[],['call'],13.7472,100.8191,Amandava amandava,Red Avadavat,Peter Ericsson,Creative Commons Attribution-NonCommercial-ShareAlike 4.0,4.0,09:00,https://www.xeno-canto.org/462179,redava/XC462179.ogg
redava,[],['call'],23.1383,72.3926,Amandava amandava,Red Avadavat,Viral Patel & Pankaj Maheria,Creative Commons Attribution-NonCommercial-ShareAlike 4.0,3.5,08:21,https://www.xeno-canto.org/464191,redava/XC464191.ogg
redava,[],['song'],13.7472,100.8191,Amandava amandava,Red Avadavat,Peter Ericsson,Creative Commons Attribution-NonCommercial-ShareAlike 4.0,0.0,07:30,https://www.xeno-canto.org/475043,redava/XC475043.ogg
redava,[],['call'],13.7472,100.8191,Amandava amandava,Red Avadavat,Peter Ericsson,Creative Commons Attribution-NonCommercial-ShareAlike 4.0,0.0,07:30,https://www.xeno-canto.org/475044,redava/XC475044.ogg
redava,[],"['call', 'male', 'song']",43.8158,10.8047,Amandava amandava,Red Avadavat,Mathieu Waldeck,Creative Commons Attribution-NonCommercial-ShareAlike 4.0,4.0,12:30,https://www.xeno-canto.org/508653,redava/XC508653.ogg
redava,[],"['adult', 'call', 'male']",16.866,75.7371,Amandava amandava,Red Avadavat,Ramesh Desai,Creative Commons Attribution-NonCommercial-ShareAlike 4.0,3.0,07:30,https://www.xeno-canto.org/514062,redava/XC514062.ogg
redava,[],['song'],13.7472,100.8191,Amandava amandava,Red Avadavat,Peter Ericsson,Creative Commons Attribution-NonCommercial-ShareAlike 4.0,5.0,08:00,https://www.xeno-canto.org/545983,redava/XC545983.ogg
redava,[],['song'],17.8269,102.6764,Amandava amandava,Red Avadavat,Bram Piot,Creative Commons Attribution-NonCommercial-ShareAlike 4.0,3.5,07:30,https://www.xeno-canto.org/552807,redava/XC552807.ogg
redava,[],"['call', 'song']",17.8269,102.6764,Amandava amandava,Red Avadavat,Bram Piot,Creative Commons Attribution-NonCommercial-ShareAlike 4.0,3.5,07:30,https://www.xeno-canto.org/553145,redava/XC553145.ogg
redava,[],['call'],17.958,102.6078,Amandava amandava,Red Avadavat,Bram Piot,Creative Commons Attribution-NonCommercial-ShareAlike 4.0,3.5,17:30,https://www.xeno-canto.org/558374,redava/XC558374.ogg
redava,[],['call'],17.9456,102.6562,Amandava amandava,Red Avadavat,Bram Piot,Creative Commons Attribution-NonCommercial-ShareAlike 4.0,4.0,08:15,https://www.xeno-canto.org/585074,redava/XC585074.ogg
redava,[],"['call', 'male']",18.3293,99.4861,Amandava amandava,Red Avadavat,Somkiat Pakapinyo (Chai),Creative Commons Attribution-NonCommercial-ShareAlike 4.0,4.0,09:00,https://www.xeno-canto.org/596760,redava/XC596760.ogg
redava,[],"['adult', 'call', 'flight call', 'sex uncertain']",-16.7799,179.3381,Amandava amandava,Red Avadavat,Phil Gregory,Creative Commons Attribution-NonCommercial-ShareAlike 4.0,5.0,14:30,https://www.xeno-canto.org/607143,redava/XC607143.ogg
redava,[],['call'],17.8269,102.6764,Amandava amandava,Red Avadavat,Bram Piot,Creative Commons Attribution-NonCommercial-ShareAlike 4.0,3.5,06:45,https://www.xeno-canto.org/610712,redava/XC610712.ogg
redava,[],['call'],24.3495,46.9339,Amandava amandava,Red Avadavat,Gregory Askew,Creative Commons Attribution-NonCommercial-ShareAlike 4.0,4.0,08:30,https://www.xeno-canto.org/646730,redava/XC646730.ogg
redjun,[],['song'],26.6667,93.3501,Gallus gallus,Red Junglefowl,Mike Nelson,Creative Commons Attribution-NonCommercial-ShareAlike 3.0,5.0,17:00,https://www.xeno-canto.org/116829,redjun/XC116829.ogg
redjun,['spodov'],['song'],13.9667,104.8833,Gallus gallus,Red Junglefowl,Patrik Åberg,Creative Commons Attribution-NonCommercial-ShareAlike 3.0,4.5,06:04,https://www.xeno-canto.org/124403,redjun/XC124403.ogg
redjun,['spodov'],['song'],13.9667,104.8833,Gallus gallus,Red Junglefowl,Patrik Åberg,Creative Commons Attribution-NonCommercial-ShareAlike 3.0,3.5,06:16,https://www.xeno-canto.org/124405,redjun/XC124405.ogg
redjun,['spodov'],['song'],13.9667,104.8833,Gallus gallus,Red Junglefowl,Patrik Åberg,Creative Commons Attribution-NonCommercial-ShareAlike 3.0,3.5,06:21,https://www.xeno-canto.org/124406,redjun/XC124406.ogg
redjun,[],['call'],-8.4001,127.0145,Gallus gallus,Red Junglefowl,Colin Trainor,Creative Commons Attribution-NonCommercial-ShareAlike 3.0,2.5,17:30,https://www.xeno-canto.org/131357,redjun/XC131357.ogg
redjun,[],['song'],5.2205,118.5499,Gallus gallus,Red Junglefowl,Mike Nelson,Creative Commons Attribution-NonCommercial-ShareAlike 3.0,4.0,07:30,https://www.xeno-canto.org/151087,redjun/XC151087.ogg
redjun,[],['song'],19.9001,99.0414,Gallus gallus,Red Junglefowl,Tero Linjama,Creative Commons Attribution-NonCommercial-ShareAlike 3.0,3.5,06:00,https://www.xeno-canto.org/163498,redjun/XC163498.ogg
redjun,[],"['call', 'female']",18.4989,98.5073,Gallus gallus,Red Junglefowl,Greg Irving,Creative Commons Attribution-NonCommercial-ShareAlike 4.0,4.0,15:30,https://www.xeno-canto.org/188013,redjun/XC188013.ogg
redjun,[],['call'],22.2983,80.5883,Gallus gallus,Red Junglefowl,Shailendra Patil,Creative Commons Attribution-NonCommercial-ShareAlike 4.0,5.0,07:30,https://www.xeno-canto.org/189335,redjun/XC189335.ogg
redjun,[],"['alarm call', 'male']",22.2983,80.5883,Gallus gallus,Red Junglefowl,Shailendra Patil,Creative Commons Attribution-NonCommercial-ShareAlike 4.0,5.0,16:30,https://www.xeno-canto.org/189337,redjun/XC189337.ogg
redjun,[],"['call', 'song']",14.7821,120.302,Gallus gallus,Red Junglefowl,Cedric MROCZKO,Creative Commons Attribution-NonCommercial-ShareAlike 4.0,3.5,11:00,https://www.xeno-canto.org/204814,redjun/XC204814.ogg
redjun,[],['male'],9.3668,-83.6623,Gallus gallus,Red Junglefowl,Jorge Solís Campos,Creative Commons Attribution-NonCommercial-ShareAlike 4.0,4.5,10:51,https://www.xeno-canto.org/205483,redjun/XC205483.ogg
redjun,['normoc'],['song'],19.4664,-70.7156,Gallus gallus,Red Junglefowl,Albert Lastukhin & Max Lastukhin,Creative Commons Attribution-NonCommercial-ShareAlike 4.0,3.5,11:00,https://www.xeno-canto.org/214483,redjun/XC214483.ogg
redjun,[],['call'],24.4739,92.2877,Gallus gallus,Red Junglefowl,Vijay Anand Ismavel,Creative Commons Attribution-NonCommercial-ShareAlike 4.0,4.0,09:00,https://www.xeno-canto.org/215930,redjun/XC215930.ogg
redjun,[],"['call', 'male', 'song']",15.2106,98.8535,Gallus gallus,Red Junglefowl,Greg Irving,Creative Commons Attribution-NonCommercial-ShareAlike 4.0,5.0,18:30,https://www.xeno-canto.org/236491,redjun/XC236491.ogg
redjun,[],"['alarm call', 'call']",18.2132,104.8341,Gallus gallus,Red Junglefowl,Mike Nelson,Creative Commons Attribution-NonCommercial-ShareAlike 4.0,4.0,15:30,https://www.xeno-canto.org/239791,redjun/XC239791.ogg
redjun,[],['call'],13.9667,104.8833,Gallus gallus,Red Junglefowl,Mike Nelson,Creative Commons Attribution-NonCommercial-ShareAlike 4.0,4.0,08:30,https://www.xeno-canto.org/240360,redjun/XC240360.ogg
redjun,[],['call'],28.6142,81.3193,Gallus gallus,Red Junglefowl,Benj+Ram (BCN),Creative Commons Attribution-NonCommercial-ShareAlike 4.0,4.0,09:30,https://www.xeno-canto.org/251853,redjun/XC251853.ogg
redjun,[],['song'],20.1856,96.4863,Gallus gallus,Red Junglefowl,Albert Lastukhin & Yuri Glushchenko,Creative Commons Attribution-NonCommercial-ShareAlike 4.0,2.5,08:30,https://www.xeno-canto.org/289525,redjun/XC289525.ogg
redjun,[],['call'],5.482,118.2376,Gallus gallus,Red Junglefowl,Mike Nelson,Creative Commons Attribution-NonCommercial-ShareAlike 4.0,4.0,10:30,https://www.xeno-canto.org/292737,redjun/XC292737.ogg
redjun,['redjun'],['song'],18.9897,-99.2546,Gallus gallus,Red Junglefowl,Jorge Daniel Ruiz Contreras,Creative Commons Attribution-NonCommercial-ShareAlike 4.0,4.5,07:11,https://www.xeno-canto.org/296771,redjun/XC296771.ogg
redjun,[],['call'],3.3402,101.2498,Gallus gallus,Red Junglefowl,Benj Smelt for MNS,Creative Commons Attribution-NonCommercial-ShareAlike 4.0,4.0,05:30,https://www.xeno-canto.org/297725,redjun/XC297725.ogg
redjun,[],['song'],12.8469,99.5799,Gallus gallus,Red Junglefowl,Qin Huang,Creative Commons Attribution-NonCommercial-ShareAlike 4.0,4.0,07:30,https://www.xeno-canto.org/303546,redjun/XC303546.ogg
redjun,[],"['alarm call', 'male']",9.1258,98.6655,Gallus gallus,Red Junglefowl,Greg Irving,Creative Commons Attribution-NonCommercial-ShareAlike 4.0,5.0,07:00,https://www.xeno-canto.org/303772,redjun/XC303772.ogg
redjun,[],"['alarm call', 'call']",14.7765,120.3102,Gallus gallus,Red Junglefowl,Mike Nelson,Creative Commons Attribution-NonCommercial-ShareAlike 4.0,5.0,10:00,https://www.xeno-canto.org/308925,redjun/XC308925.ogg
redjun,[],['Call'],27.6334,84.2001,Gallus gallus,Red Junglefowl,Allen T. Chartier,Creative Commons Attribution-NonCommercial-ShareAlike 3.0,2.5,?,https://www.xeno-canto.org/31548,redjun/XC31548.ogg
redjun,[],['call'],24.1174,91.6324,Gallus gallus,Red Junglefowl,az dipu,Creative Commons Attribution-NonCommercial-ShareAlike 4.0,1.0,14:00,https://www.xeno-canto.org/321350,redjun/XC321350.ogg
redjun,[],['call'],-4.4339,123.0647,Gallus gallus,Red Junglefowl,Joseph Monkhouse,Creative Commons Attribution-NonCommercial-ShareAlike 4.0,2.5,?,https://www.xeno-canto.org/333605,redjun/XC333605.ogg
redjun,[],['call'],1.3131,103.8137,Gallus gallus,Red Junglefowl,Kim Chuah Lim,Creative Commons Attribution-NonCommercial-ShareAlike 4.0,5.0,18:00,https://www.xeno-canto.org/341564,redjun/XC341564.ogg
redjun,[],['song'],13.4608,120.9375,Gallus gallus,Red Junglefowl,Albert Lastukhin,Creative Commons Attribution-NonCommercial-ShareAlike 4.0,4.0,05:00,https://www.xeno-canto.org/348096,redjun/XC348096.ogg
redjun,[],['Song'],6.6212,-73.5003,Gallus gallus,Red Junglefowl,Myornis,Creative Commons Attribution-NonCommercial-ShareAlike 3.0,1.0,xx:xx,https://www.xeno-canto.org/34911,redjun/XC34911.ogg
redjun,[],"['distress call', 'juvenile']",1.3131,103.8137,Gallus gallus,Red Junglefowl,marcel finlay,Creative Commons Attribution-NonCommercial-ShareAlike 4.0,5.0,18:16,https://www.xeno-canto.org/352425,redjun/XC352425.ogg
redjun,[],['song'],14.4646,101.3702,Gallus gallus,Red Junglefowl,Bernard BOUSQUET,Creative Commons Attribution-NonCommercial-ShareAlike 4.0,3.5,09:30,https://www.xeno-canto.org/360389,redjun/XC360389.ogg
redjun,[],"['call', 'communal calls']",11.4377,107.4193,Gallus gallus,Red Junglefowl,Rolf A. de By,Creative Commons Attribution-NonCommercial-ShareAlike 4.0,5.0,12:09,https://www.xeno-canto.org/371935,redjun/XC371935.ogg
redjun,[],['song'],26.9498,92.7053,Gallus gallus,Red Junglefowl,David Farrow,Creative Commons Attribution-NonCommercial-ShareAlike 3.0,4.0,?:?,https://www.xeno-canto.org/37583,redjun/XC37583.ogg
redjun,[],['call'],26.8726,88.8701,Gallus gallus,Red Junglefowl,Sudipto Roy,Creative Commons Attribution-NonCommercial-ShareAlike 4.0,4.0,08:30,https://www.xeno-canto.org/414703,redjun/XC414703.ogg
redjun,[],"['male', 'song']",14.4639,101.3697,Gallus gallus,Red Junglefowl,Remco Hofland,Creative Commons Attribution-NonCommercial-ShareAlike 4.0,4.0,09:20,https://www.xeno-canto.org/439384,redjun/XC439384.ogg
redjun,[],['song'],18.6708,98.655,Gallus gallus,Red Junglefowl,Albert Lastukhin,Creative Commons Attribution-NonCommercial-ShareAlike 4.0,3.0,11:00,https://www.xeno-canto.org/447640,redjun/XC447640.ogg
redjun,[],['call'],24.3415,91.7976,Gallus gallus,Red Junglefowl,Sayam U. Chowdhury ,Creative Commons Attribution-NonCommercial-ShareAlike 4.0,5.0,06:30,https://www.xeno-canto.org/447977,redjun/XC447977.ogg
redjun,"['rorpar', 'spodov']",['alarm call'],30.2805,77.9608,Gallus gallus,Red Junglefowl,Sreekumar Chirukandoth,Creative Commons Attribution-NonCommercial-ShareAlike 4.0,2.5,08:30,https://www.xeno-canto.org/467876,redjun/XC467876.ogg
redjun,['rorpar'],"['call', 'song']",30.2824,77.974,Gallus gallus,Red Junglefowl,Sreekumar Chirukandoth,Creative Commons Attribution-NonCommercial-ShareAlike 4.0,3.5,18:30,https://www.xeno-canto.org/486594,redjun/XC486594.ogg
redjun,[],['call'],1.4126,103.9577,Gallus gallus,Red Junglefowl,Tan Kok Hui,Creative Commons Attribution-NonCommercial-ShareAlike 4.0,0.0,08:59,https://www.xeno-canto.org/498034,redjun/XC498034.ogg
redjun,"['commyn', 'zebdov']",['call'],22.1309,-159.6556,Gallus gallus,Red Junglefowl,Phoenix Birder,Creative Commons Attribution-NonCommercial-ShareAlike 4.0,4.5,05:31,https://www.xeno-canto.org/502076,redjun/XC502076.ogg
redjun,[],['call'],29.5334,78.9334,Gallus gallus,Red Junglefowl,Jean Roché,Creative Commons Attribution-NonCommercial-ShareAlike 4.0,4.0,?,https://www.xeno-canto.org/507744,redjun/XC507744.ogg
redjun,[],['call'],29.5334,78.9334,Gallus gallus,Red Junglefowl,Jean Roché,Creative Commons Attribution-NonCommercial-ShareAlike 4.0,3.5,?,https://www.xeno-canto.org/507745,redjun/XC507745.ogg
redjun,[],[''],9.63,-74.9122222,Gallus gallus,Red Junglefowl,Mauricio Álvarez-Rebolledo (Colección de Sonidos Ambientales - Instituto Humboldt),Creative Commons Attribution-NonCommercial-ShareAlike 4.0,4.0,?,https://www.xeno-canto.org/523898,redjun/XC523898.ogg
redjun,[],"['adult', 'male', 'song']",41.347,2.0221,Gallus gallus,Red Junglefowl,Iván Vega ,Creative Commons Attribution-NonCommercial-ShareAlike 4.0,5.0,07:30,https://www.xeno-canto.org/528092,redjun/XC528092.ogg
redjun,[],[''],-3.2927778,-70.1455556,Gallus gallus,Red Junglefowl,Mauricio Álvarez-Rebolledo (Colección de Sonidos Ambientales - Instituto Humboldt),Creative Commons Attribution-NonCommercial-ShareAlike 4.0,4.0,?,https://www.xeno-canto.org/529570,redjun/XC529570.ogg
redjun,[],"['adult', 'male', 'song']",4.0189,-76.2169,Gallus gallus,Red Junglefowl,Luis Lozano,Creative Commons Attribution-NonCommercial-ShareAlike 4.0,5.0,16:30,https://www.xeno-canto.org/571659,redjun/XC571659.ogg
redjun,[],['song'],44.254,3.4001,Gallus gallus,Red Junglefowl,Olivier SWIFT,Creative Commons Attribution-NonCommercial-ShareAlike 4.0,4.5,18:30,https://www.xeno-canto.org/577803,redjun/XC577803.ogg
redjun,[],['song'],46.6509,-0.3557,Gallus gallus,Red Junglefowl,Olivier SWIFT,Creative Commons Attribution-NonCommercial-ShareAlike 4.0,4.5,05:50,https://www.xeno-canto.org/577805,redjun/XC577805.ogg
redjun,['houspa'],['song'],46.6509,-0.3557,Gallus gallus,Red Junglefowl,Olivier SWIFT,Creative Commons Attribution-NonCommercial-ShareAlike 4.0,4.5,05:53,https://www.xeno-canto.org/577807,redjun/XC577807.ogg
redjun,[],['song'],47.3961,-1.3021,Gallus gallus,Red Junglefowl,Olivier SWIFT,Creative Commons Attribution-NonCommercial-ShareAlike 4.0,5.0,06:49,https://www.xeno-canto.org/577809,redjun/XC577809.ogg
redjun,[],['song'],47.3961,-1.3021,Gallus gallus,Red Junglefowl,Olivier SWIFT,Creative Commons Attribution-NonCommercial-ShareAlike 4.0,5.0,06:56,https://www.xeno-canto.org/577810,redjun/XC577810.ogg
redjun,[],['song'],47.3961,-1.3021,Gallus gallus,Red Junglefowl,Olivier SWIFT,Creative Commons Attribution-NonCommercial-ShareAlike 4.0,5.0,07:10,https://www.xeno-canto.org/577812,redjun/XC577812.ogg
redjun,[],['song'],43.1071,0.1528,Gallus gallus,Red Junglefowl,Olivier SWIFT,Creative Commons Attribution-NonCommercial-ShareAlike 4.0,4.5,09:06,https://www.xeno-canto.org/577813,redjun/XC577813.ogg
redjun,['houspa'],['song'],43.1071,0.1528,Gallus gallus,Red Junglefowl,Olivier SWIFT,Creative Commons Attribution-NonCommercial-ShareAlike 4.0,4.5,09:08,https://www.xeno-canto.org/577814,redjun/XC577814.ogg
redjun,[],['call'],47.2565,6.0503,Gallus gallus,Red Junglefowl,Langlade,Creative Commons Attribution-NonCommercial-ShareAlike 4.0,3.0,07:00,https://www.xeno-canto.org/589764,redjun/XC589764.ogg
redjun,['houspa'],"['adult', 'male', 'song']",17.18,-96.77,Gallus gallus,Red Junglefowl,Manuel Grosselet,Creative Commons Attribution-NonCommercial-ShareAlike 4.0,4.5,10:30,https://www.xeno-canto.org/598078,redjun/XC598078.ogg
redjun,[],"['adult', 'alarm call', 'female']",-19.438,169.2891,Gallus gallus,Red Junglefowl,Dominik Maximilián Ramík,Creative Commons Attribution-NonCommercial-ShareAlike 4.0,5.0,8:00,https://www.xeno-canto.org/599861,redjun/XC599861.ogg
redjun,[],"['adult', 'call', 'male']",-19.438,169.2891,Gallus gallus,Red Junglefowl,Dominik Maximilián Ramík,Creative Commons Attribution-NonCommercial-ShareAlike 4.0,4.0,8:00,https://www.xeno-canto.org/599862,redjun/XC599862.ogg
redjun,[],"['adult', 'male']",1.2738,103.8175,Gallus gallus,Red Junglefowl,Sreekar,Creative Commons Attribution-NonCommercial-ShareAlike 4.0,4.0,06:30,https://www.xeno-canto.org/603625,redjun/XC603625.ogg
redjun,[],"['adult', 'male', 'song']",4.3854,102.3982,Gallus gallus,Red Junglefowl,Beatrix Saadi-Varchmin,Creative Commons Attribution-NonCommercial-ShareAlike 4.0,5.0,07:15,https://www.xeno-canto.org/607520,redjun/XC607520.ogg
redjun,[],"['adult', 'male', 'song']",4.3854,102.3982,Gallus gallus,Red Junglefowl,Beatrix Saadi-Varchmin,Creative Commons Attribution-NonCommercial-ShareAlike 4.0,4.5,07:15,https://www.xeno-canto.org/607521,redjun/XC607521.ogg
redjun,[],"['call', 'female']",1.2738,103.8175,Gallus gallus,Red Junglefowl,Sreekar,Creative Commons Attribution-NonCommercial-ShareAlike 4.0,3.0,11:30,https://www.xeno-canto.org/607688,redjun/XC607688.ogg
redjun,[],['Call'],1.3638,103.776,Gallus gallus,Red Junglefowl,Okamoto Keita Sin,Creative Commons Attribution-NonCommercial-ShareAlike 4.0,4.0,09:10,https://www.xeno-canto.org/610745,redjun/XC610745.ogg
redjun,[],['call'],-18.7893,169.2,Gallus gallus,Red Junglefowl,Dominik Maximilián Ramík,Creative Commons Attribution-NonCommercial-ShareAlike 4.0,3.0,04:52,https://www.xeno-canto.org/613043,redjun/XC613043.ogg
redjun,[],['call'],-18.8616,169.2844,Gallus gallus,Red Junglefowl,Dominik Maximilián Ramík,Creative Commons Attribution-NonCommercial-ShareAlike 4.0,4.0,04:33,https://www.xeno-canto.org/613075,redjun/XC613075.ogg
redjun,[],['call'],-18.8616,169.2844,Gallus gallus,Red Junglefowl,Dominik Maximilián Ramík,Creative Commons Attribution-NonCommercial-ShareAlike 4.0,4.0,05:17,https://www.xeno-canto.org/613077,redjun/XC613077.ogg
redjun,[],['call'],-18.8616,169.2844,Gallus gallus,Red Junglefowl,Dominik Maximilián Ramík,Creative Commons Attribution-NonCommercial-ShareAlike 4.0,4.0,05:23,https://www.xeno-canto.org/613078,redjun/XC613078.ogg
redjun,[],"['call', 'male']",20.707,102.1118,Gallus gallus,Red Junglefowl,Bram Piot,Creative Commons Attribution-NonCommercial-ShareAlike 4.0,3.5,09:45,https://www.xeno-canto.org/628959,redjun/XC628959.ogg
redjun,[],"['adult', 'male', 'song']",49.3324,0.5446,Gallus gallus,Red Junglefowl,Olivier SWIFT,Creative Commons Attribution-NonCommercial-ShareAlike 4.0,4.5,05:12,https://www.xeno-canto.org/659356,redjun/XC659356.ogg
redjun,['redjun'],['song'],-12.3346,49.3545,Gallus gallus,Red Junglefowl,Ken Behrens,Creative Commons Attribution-NonCommercial-ShareAlike 4.0,4.5,06:10,https://www.xeno-canto.org/660179,redjun/XC660179.ogg
redjun,[],"['call', 'life stage uncertain', 'sex uncertain']",1.4091,103.9544,Gallus gallus,Red Junglefowl,Kim Chuah Lim,Creative Commons Attribution-NonCommercial-ShareAlike 4.0,4.0,09:16,https://www.xeno-canto.org/665890,redjun/XC665890.ogg
redjun,[],['song'],14.4,101.4,Gallus gallus,Red Junglefowl,David Edwards,Creative Commons Attribution-NonCommercial-ShareAlike 3.0,5.0,??:??,https://www.xeno-canto.org/86929,redjun/XC86929.ogg
redpha1,[],['call'],71.251,-156.7719,Phalaropus fulicarius,Red Phalarope,Andrew Spencer,Creative Commons Attribution-NonCommercial-ShareAlike 3.0,5.0,11:30,https://www.xeno-canto.org/141740,redpha1/XC141740.ogg
redpha1,[],['call'],71.2564,-156.5514,Phalaropus fulicarius,Red Phalarope,Andrew Spencer,Creative Commons Attribution-NonCommercial-ShareAlike 3.0,5.0,10:20,https://www.xeno-canto.org/141741,redpha1/XC141741.ogg
redpha1,[],['call'],71.2564,-156.5514,Phalaropus fulicarius,Red Phalarope,Andrew Spencer,Creative Commons Attribution-NonCommercial-ShareAlike 3.0,5.0,11:00,https://www.xeno-canto.org/141742,redpha1/XC141742.ogg
redpha1,[],['call'],71.251,-156.7719,Phalaropus fulicarius,Red Phalarope,Andrew Spencer,Creative Commons Attribution-NonCommercial-ShareAlike 3.0,5.0,23:50,https://www.xeno-canto.org/141743,redpha1/XC141743.ogg
redpha1,[],['call'],71.251,-156.7719,Phalaropus fulicarius,Red Phalarope,Andrew Spencer,Creative Commons Attribution-NonCommercial-ShareAlike 3.0,5.0,23:55,https://www.xeno-canto.org/141744,redpha1/XC141744.ogg
redpha1,[],"['call', 'display']",71.251,-156.7719,Phalaropus fulicarius,Red Phalarope,Andrew Spencer,Creative Commons Attribution-NonCommercial-ShareAlike 3.0,5.0,01:00,https://www.xeno-canto.org/141745,redpha1/XC141745.ogg
redpha1,[],"['call', 'display']",71.2435,-156.6335,Phalaropus fulicarius,Red Phalarope,Andrew Spencer,Creative Commons Attribution-NonCommercial-ShareAlike 3.0,5.0,14:00,https://www.xeno-canto.org/141746,redpha1/XC141746.ogg
redpha1,[],"['call', 'display']",71.2435,-156.6335,Phalaropus fulicarius,Red Phalarope,Andrew Spencer,Creative Commons Attribution-NonCommercial-ShareAlike 3.0,5.0,14:00,https://www.xeno-canto.org/141747,redpha1/XC141747.ogg
redpha1,[],"['call', 'display']",71.2435,-156.6335,Phalaropus fulicarius,Red Phalarope,Andrew Spencer,Creative Commons Attribution-NonCommercial-ShareAlike 3.0,5.0,02:30,https://www.xeno-canto.org/141748,redpha1/XC141748.ogg
redpha1,[],"['call', 'female', 'male', 'song']",78.9783,12.0755,Phalaropus fulicarius,Red Phalarope,Stein Ø. Nilsen,Creative Commons Attribution-NonCommercial-ShareAlike 4.0,5.0,12:00,https://www.xeno-canto.org/211120,redpha1/XC211120.ogg
redpha1,"['lobdow', 'pecsan']",['song'],71.2973,-156.7737,Phalaropus fulicarius,Red Phalarope,Patrik Åberg,Creative Commons Attribution-NonCommercial-ShareAlike 4.0,4.5,08:08,https://www.xeno-canto.org/406372,redpha1/XC406372.ogg
redpha1,[],['song'],71.2973,-156.7737,Phalaropus fulicarius,Red Phalarope,Patrik Åberg,Creative Commons Attribution-NonCommercial-ShareAlike 4.0,4.5,23:19,https://www.xeno-canto.org/406373,redpha1/XC406373.ogg
redpha1,[],['song'],71.2973,-156.7737,Phalaropus fulicarius,Red Phalarope,Patrik Åberg,Creative Commons Attribution-NonCommercial-ShareAlike 4.0,5.0,03:58,https://www.xeno-canto.org/406374,redpha1/XC406374.ogg
redpha1,[],['song'],71.2973,-156.7737,Phalaropus fulicarius,Red Phalarope,Patrik Åberg,Creative Commons Attribution-NonCommercial-ShareAlike 4.0,5.0,04:03,https://www.xeno-canto.org/406376,redpha1/XC406376.ogg
redpha1,[],['song'],71.2973,-156.7737,Phalaropus fulicarius,Red Phalarope,Patrik Åberg,Creative Commons Attribution-NonCommercial-ShareAlike 4.0,5.0,16:06,https://www.xeno-canto.org/406377,redpha1/XC406377.ogg
redpha1,[],['song'],71.2973,-156.7737,Phalaropus fulicarius,Red Phalarope,Patrik Åberg,Creative Commons Attribution-NonCommercial-ShareAlike 4.0,5.0,05:40,https://www.xeno-canto.org/406378,redpha1/XC406378.ogg
redpha1,[],['song'],71.2973,-156.7737,Phalaropus fulicarius,Red Phalarope,Patrik Åberg,Creative Commons Attribution-NonCommercial-ShareAlike 4.0,5.0,22:20,https://www.xeno-canto.org/406379,redpha1/XC406379.ogg
redpha1,[],"['call', 'female']",71.2973,-156.7737,Phalaropus fulicarius,Red Phalarope,Patrik Åberg,Creative Commons Attribution-NonCommercial-ShareAlike 4.0,5.0,16:10,https://www.xeno-canto.org/406380,redpha1/XC406380.ogg
redpha1,[],['call'],71.2973,-156.7737,Phalaropus fulicarius,Red Phalarope,Patrik Åberg,Creative Commons Attribution-NonCommercial-ShareAlike 4.0,5.0,22:16,https://www.xeno-canto.org/406381,redpha1/XC406381.ogg
redpha1,[],"['call', 'song']",71.2973,-156.7737,Phalaropus fulicarius,Red Phalarope,Patrik Åberg,Creative Commons Attribution-NonCommercial-ShareAlike 4.0,5.0,08:36,https://www.xeno-canto.org/406382,redpha1/XC406382.ogg
redpha1,[],"['call', 'song']",71.2973,-156.7737,Phalaropus fulicarius,Red Phalarope,Patrik Åberg,Creative Commons Attribution-NonCommercial-ShareAlike 4.0,5.0,08:39,https://www.xeno-canto.org/406383,redpha1/XC406383.ogg
redpha1,['pecsan'],['call'],71.2973,-156.7737,Phalaropus fulicarius,Red Phalarope,Patrik Åberg,Creative Commons Attribution-NonCommercial-ShareAlike 4.0,4.5,08:41,https://www.xeno-canto.org/406384,redpha1/XC406384.ogg
redpha1,['pecsan'],"['call', 'song']",71.2973,-156.7737,Phalaropus fulicarius,Red Phalarope,Patrik Åberg,Creative Commons Attribution-NonCommercial-ShareAlike 4.0,4.5,08:42,https://www.xeno-canto.org/406385,redpha1/XC406385.ogg
redpha1,[],"['call', 'song']",71.2973,-156.7737,Phalaropus fulicarius,Red Phalarope,Patrik Åberg,Creative Commons Attribution-NonCommercial-ShareAlike 4.0,5.0,08:45,https://www.xeno-canto.org/406386,redpha1/XC406386.ogg
redpha1,['pecsan'],"['call', 'song']",71.2973,-156.7737,Phalaropus fulicarius,Red Phalarope,Patrik Åberg,Creative Commons Attribution-NonCommercial-ShareAlike 4.0,4.5,23:20,https://www.xeno-canto.org/406387,redpha1/XC406387.ogg
redpha1,[],"['call', 'song']",71.2973,-156.7737,Phalaropus fulicarius,Red Phalarope,Patrik Åberg,Creative Commons Attribution-NonCommercial-ShareAlike 4.0,5.0,07:51,https://www.xeno-canto.org/406388,redpha1/XC406388.ogg
redpha1,[],"['call', 'female', 'male', 'song']",78.1926,15.8011,Phalaropus fulicarius,Red Phalarope,Stein Ø. Nilsen,Creative Commons Attribution-NonCommercial-ShareAlike 4.0,4.5,05:00,https://www.xeno-canto.org/420150,redpha1/XC420150.ogg
redpha1,[],"['Mating calls', 'call', 'female', 'male', 'song']",78.1926,15.8011,Phalaropus fulicarius,Red Phalarope,Stein Ø. Nilsen,Creative Commons Attribution-NonCommercial-ShareAlike 4.0,5.0,05:00,https://www.xeno-canto.org/420151,redpha1/XC420151.ogg
redpha1,[],"['call', 'female', 'flight call']",78.1926,15.8011,Phalaropus fulicarius,Red Phalarope,Stein Ø. Nilsen,Creative Commons Attribution-NonCommercial-ShareAlike 4.0,5.0,05:00,https://www.xeno-canto.org/420154,redpha1/XC420154.ogg
redpha1,[],['call'],70.9409,147.9749,Phalaropus fulicarius,Red Phalarope,Ukolov Ilya,Creative Commons Attribution-NonCommercial-ShareAlike 4.0,5.0,12:00,https://www.xeno-canto.org/424289,redpha1/XC424289.ogg
redpha1,[],"['call', 'male', 'song']",78.1926,15.8011,Phalaropus fulicarius,Red Phalarope,Stein Ø. Nilsen,Creative Commons Attribution-NonCommercial-ShareAlike 4.0,5.0,05:00,https://www.xeno-canto.org/424557,redpha1/XC424557.ogg
redpha1,[],"['alarm call', 'call', 'flight call', 'juvenile']",49.4154,-1.1749,Phalaropus fulicarius,Red Phalarope,Stanislas Wroza,Creative Commons Attribution-NonCommercial-ShareAlike 4.0,5.0,09:00,https://www.xeno-canto.org/436603,redpha1/XC436603.ogg
redpha1,[],['flight call'],71.2789,-156.6485,Phalaropus fulicarius,Red Phalarope,Jarmo Pirhonen,Creative Commons Attribution-NonCommercial-ShareAlike 4.0,5.0,14:00,https://www.xeno-canto.org/438755,redpha1/XC438755.ogg
redpha1,[],['flight call'],71.2789,-156.6485,Phalaropus fulicarius,Red Phalarope,Jarmo Pirhonen,Creative Commons Attribution-NonCommercial-ShareAlike 4.0,5.0,14:00,https://www.xeno-canto.org/438756,redpha1/XC438756.ogg
redpha1,['comsan'],"['flight call', 'juvenile', 'sex uncertain']",51.2808,-2.7943,Phalaropus fulicarius,Red Phalarope,Paul Williams,Creative Commons Attribution-NonCommercial-ShareAlike 4.0,2.5,07:30,https://www.xeno-canto.org/586850,redpha1/XC586850.ogg
redpha1,[],"['call', 'chatting', 'excitement call', 'flight call']",43.6257,-1.453,Phalaropus fulicarius,Red Phalarope,Frédéric Cazaban,Creative Commons Attribution-NonCommercial-ShareAlike 4.0,4.5,11:33,https://www.xeno-canto.org/612489,redpha1/XC612489.ogg
redpha1,[],"['call', 'chatting', 'excitement call', 'flight call', 'social call']",43.6257,-1.453,Phalaropus fulicarius,Red Phalarope,Frédéric Cazaban,Creative Commons Attribution-NonCommercial-ShareAlike 4.0,4.5,11:33,https://www.xeno-canto.org/612497,redpha1/XC612497.ogg
redpha1,[],"['call', 'chatting', 'excitement call', 'flight call', 'social call']",43.6257,-1.453,Phalaropus fulicarius,Red Phalarope,Frédéric Cazaban,Creative Commons Attribution-NonCommercial-ShareAlike 4.0,4.5,11:33,https://www.xeno-canto.org/612501,redpha1/XC612501.ogg
redpha1,[],"['call', 'chatting', 'excitement call', 'flight call', 'social call']",43.6257,-1.453,Phalaropus fulicarius,Red Phalarope,Frédéric Cazaban,Creative Commons Attribution-NonCommercial-ShareAlike 4.0,5.0,11:33,https://www.xeno-canto.org/612505,redpha1/XC612505.ogg
refboo,[],['call'],0.3068,-89.9428,Sula sula,Red-footed Booby,Eric DeFonso,Creative Commons Attribution-NonCommercial-ShareAlike 3.0,3.5,09:05,https://www.xeno-canto.org/114010,refboo/XC114010.ogg
refboo,[],['call'],0.3068,-89.9428,Sula sula,Red-footed Booby,Eric DeFonso,Creative Commons Attribution-NonCommercial-ShareAlike 3.0,3.5,09:02,https://www.xeno-canto.org/114011,refboo/XC114011.ogg
refboo,[],['song'],0.3155,-89.9449,Sula sula,Red-footed Booby,Eric DeFonso,Creative Commons Attribution-NonCommercial-ShareAlike 3.0,3.5,16:55,https://www.xeno-canto.org/114015,refboo/XC114015.ogg
refboo,[],['song'],0.3178,-89.9595,Sula sula,Red-footed Booby,Roger Ahlman,Creative Commons Attribution-NonCommercial-ShareAlike 3.0,4.0,07:40,https://www.xeno-canto.org/135240,refboo/XC135240.ogg
refboo,[],['call'],0.3178,-89.9595,Sula sula,Red-footed Booby,Roger Ahlman,Creative Commons Attribution-NonCommercial-ShareAlike 3.0,3.5,09:30,https://www.xeno-canto.org/135241,refboo/XC135241.ogg
refboo,[],['call'],21.4581,-157.7252,Sula sula,Red-footed Booby,Ross Gallardy,Creative Commons Attribution-NonCommercial-ShareAlike 4.0,4.0,17:00,https://www.xeno-canto.org/207433,refboo/XC207433.ogg
refboo,[],['call'],21.4581,-157.7252,Sula sula,Red-footed Booby,Ross Gallardy,Creative Commons Attribution-NonCommercial-ShareAlike 4.0,4.0,17:00,https://www.xeno-canto.org/207434,refboo/XC207434.ogg
refboo,[],['call'],21.4581,-157.7252,Sula sula,Red-footed Booby,Ross Gallardy,Creative Commons Attribution-NonCommercial-ShareAlike 4.0,3.0,17:00,https://www.xeno-canto.org/207435,refboo/XC207435.ogg
refboo,[],"['call', 'female', 'male']",21.4581,-157.7252,Sula sula,Red-footed Booby,Ross Gallardy,Creative Commons Attribution-NonCommercial-ShareAlike 4.0,4.0,17:00,https://www.xeno-canto.org/207436,refboo/XC207436.ogg
refboo,[],['call'],21.4581,-157.7252,Sula sula,Red-footed Booby,Ross Gallardy,Creative Commons Attribution-NonCommercial-ShareAlike 4.0,4.0,18:00,https://www.xeno-canto.org/207437,refboo/XC207437.ogg
refboo,[],['call'],21.4581,-157.7252,Sula sula,Red-footed Booby,Ross Gallardy,Creative Commons Attribution-NonCommercial-ShareAlike 4.0,4.0,18:00,https://www.xeno-canto.org/207439,refboo/XC207439.ogg
refboo,[],['call'],21.4581,-157.7252,Sula sula,Red-footed Booby,Ross Gallardy,Creative Commons Attribution-NonCommercial-ShareAlike 4.0,3.0,18:00,https://www.xeno-canto.org/207440,refboo/XC207440.ogg
refboo,[],['call'],21.4581,-157.7252,Sula sula,Red-footed Booby,Ross Gallardy,Creative Commons Attribution-NonCommercial-ShareAlike 4.0,4.0,18:00,https://www.xeno-canto.org/207441,refboo/XC207441.ogg
refboo,[],"['call', 'flight call']",21.4581,-157.7252,Sula sula,Red-footed Booby,Ross Gallardy,Creative Commons Attribution-NonCommercial-ShareAlike 4.0,4.0,18:00,https://www.xeno-canto.org/207442,refboo/XC207442.ogg
refboo,[],['flight call'],-15.8876,54.5191,Sula sula,Red-footed Booby,Daniel Danckwerts,Creative Commons Attribution-NonCommercial-ShareAlike 4.0,4.0,07:00,https://www.xeno-canto.org/233853,refboo/XC233853.ogg
refboo,[],['flight call'],-15.8876,54.5191,Sula sula,Red-footed Booby,Daniel Danckwerts,Creative Commons Attribution-NonCommercial-ShareAlike 4.0,4.0,07:00,https://www.xeno-canto.org/233854,refboo/XC233854.ogg
refboo,[],['flight call'],-15.8876,54.5191,Sula sula,Red-footed Booby,Daniel Danckwerts,Creative Commons Attribution-NonCommercial-ShareAlike 4.0,4.0,07:00,https://www.xeno-canto.org/233855,refboo/XC233855.ogg
refboo,[],['flight call'],-15.8876,54.5191,Sula sula,Red-footed Booby,Daniel Danckwerts,Creative Commons Attribution-NonCommercial-ShareAlike 4.0,4.0,07:00,https://www.xeno-canto.org/233856,refboo/XC233856.ogg
refboo,[],['call'],-15.8876,54.5191,Sula sula,Red-footed Booby,Daniel Danckwerts,Creative Commons Attribution-NonCommercial-ShareAlike 4.0,4.0,11:00,https://www.xeno-canto.org/233888,refboo/XC233888.ogg
refboo,[],['call'],-15.8876,54.5191,Sula sula,Red-footed Booby,Daniel Danckwerts,Creative Commons Attribution-NonCommercial-ShareAlike 4.0,4.0,11:00,https://www.xeno-canto.org/233889,refboo/XC233889.ogg
refboo,[],['call'],-15.8876,54.5191,Sula sula,Red-footed Booby,Daniel Danckwerts,Creative Commons Attribution-NonCommercial-ShareAlike 4.0,4.0,11:00,https://www.xeno-canto.org/233890,refboo/XC233890.ogg
refboo,[],"['call', 'juvenile']",-15.8876,54.5191,Sula sula,Red-footed Booby,Daniel Danckwerts,Creative Commons Attribution-NonCommercial-ShareAlike 4.0,4.0,11:00,https://www.xeno-canto.org/233891,refboo/XC233891.ogg
refboo,[],"['call', 'juvenile']",-15.8876,54.5191,Sula sula,Red-footed Booby,Daniel Danckwerts,Creative Commons Attribution-NonCommercial-ShareAlike 4.0,4.0,11:00,https://www.xeno-canto.org/233892,refboo/XC233892.ogg
refboo,[],"['call', 'juvenile']",-15.8876,54.5191,Sula sula,Red-footed Booby,Daniel Danckwerts,Creative Commons Attribution-NonCommercial-ShareAlike 4.0,4.0,11:00,https://www.xeno-canto.org/233893,refboo/XC233893.ogg
refboo,[],"['call', 'juvenile']",-15.8876,54.5191,Sula sula,Red-footed Booby,Daniel Danckwerts,Creative Commons Attribution-NonCommercial-ShareAlike 4.0,4.0,11:00,https://www.xeno-canto.org/233894,refboo/XC233894.ogg
refboo,[],"['call', 'juvenile']",-15.8876,54.5191,Sula sula,Red-footed Booby,Daniel Danckwerts,Creative Commons Attribution-NonCommercial-ShareAlike 4.0,4.0,11:00,https://www.xeno-canto.org/233895,refboo/XC233895.ogg
refboo,[],"['call', 'juvenile']",-15.8876,54.5191,Sula sula,Red-footed Booby,Daniel Danckwerts,Creative Commons Attribution-NonCommercial-ShareAlike 4.0,4.0,11:00,https://www.xeno-canto.org/233896,refboo/XC233896.ogg
refboo,[],"['call', 'juvenile']",-15.8876,54.5191,Sula sula,Red-footed Booby,Daniel Danckwerts,Creative Commons Attribution-NonCommercial-ShareAlike 4.0,4.0,11:00,https://www.xeno-canto.org/233897,refboo/XC233897.ogg
refboo,[],"['call', 'juvenile']",-15.8876,54.5191,Sula sula,Red-footed Booby,Daniel Danckwerts,Creative Commons Attribution-NonCommercial-ShareAlike 4.0,4.0,11:00,https://www.xeno-canto.org/233898,refboo/XC233898.ogg
refboo,[],"['call', 'juvenile']",-15.8876,54.5191,Sula sula,Red-footed Booby,Daniel Danckwerts,Creative Commons Attribution-NonCommercial-ShareAlike 4.0,4.0,11:00,https://www.xeno-canto.org/233899,refboo/XC233899.ogg
refboo,[],['call'],22.2285,-159.4046,Sula sula,Red-footed Booby,Dan Lane,Creative Commons Attribution-NonCommercial-ShareAlike 4.0,3.0,16:00,https://www.xeno-canto.org/317135,refboo/XC317135.ogg
refboo,[],['call'],0.3155,-89.9449,Sula sula,Red-footed Booby,Oscar Campbell,Creative Commons Attribution-NonCommercial-ShareAlike 4.0,5.0,08:30,https://www.xeno-canto.org/332844,refboo/XC332844.ogg
refboo,[],['call'],0.3155,-89.9449,Sula sula,Red-footed Booby,Oscar Campbell,Creative Commons Attribution-NonCommercial-ShareAlike 4.0,3.5,16:00,https://www.xeno-canto.org/332847,refboo/XC332847.ogg
refboo,[],['song'],-3.85,-32.45,Sula sula,Red-footed Booby,Jeremy Minns,Creative Commons Attribution-NonCommercial-ShareAlike 4.0,2.5,06:54,https://www.xeno-canto.org/338673,refboo/XC338673.ogg
refboo,['sooter1'],"['call', 'female', 'male']",-12.2408,122.9632,Sula sula,Red-footed Booby,Nigel Jackett,Creative Commons Attribution-NonCommercial-ShareAlike 4.0,3.5,17:35,https://www.xeno-canto.org/400698,refboo/XC400698.ogg
refboo,['blknod'],['song'],-3.85,-32.4167,Sula sula,Red-footed Booby,JAYRSON ARAUJO DE OLIVEIRA,Creative Commons Attribution-NonCommercial-ShareAlike 4.0,3.5,9:04,https://www.xeno-canto.org/431272,refboo/XC431272.ogg
refboo,[],"['call', 'contact call and grunting']",0.3178,-89.9595,Sula sula,Red-footed Booby,Charlie Vogt,Creative Commons Attribution-NonCommercial-ShareAlike 4.0,4.0,08:00,https://www.xeno-canto.org/443039,refboo/XC443039.ogg
refboo,[],"['Diving for fish sound', 'flight call']",10.5,102.7,Sula sula,Red-footed Booby,Aladdin,Creative Commons Attribution-NonCommercial-ShareAlike 4.0,1.0,17:30,https://www.xeno-canto.org/614177,refboo/XC614177.ogg
refboo,[],"['alarm call', 'call']",-16.9586,-144.7337,Sula sula,Red-footed Booby,AUDEVARD Aurélien,Creative Commons Attribution-NonCommercial-ShareAlike 4.0,4.0,16:20,https://www.xeno-canto.org/619247,refboo/XC619247.ogg
refboo,[],"['alarm call', 'call']",-16.9586,-144.7337,Sula sula,Red-footed Booby,AUDEVARD Aurélien,Creative Commons Attribution-NonCommercial-ShareAlike 4.0,4.0,16:20,https://www.xeno-canto.org/619248,refboo/XC619248.ogg
rempar,[],['call'],-6.5395,-79.4751,Psittacara erythrogenys,Red-masked Parakeet,Eric DeFonso,Creative Commons Attribution-NonCommercial-ShareAlike 3.0,3.0,16:27,https://www.xeno-canto.org/120230,rempar/XC120230.ogg
rempar,[],['call'],-4.0025,-79.2,Psittacara erythrogenys,Red-masked Parakeet,Leonardo Ordóñez-Delgado,Creative Commons Attribution-NonCommercial-ShareAlike 3.0,5.0,07:30,https://www.xeno-canto.org/128175,rempar/XC128175.ogg
rempar,[],['call'],25.6815,-80.2724,Psittacara erythrogenys,Red-masked Parakeet,Paul Marvin,Creative Commons Attribution-NonCommercial-ShareAlike 3.0,5.0,08:38,https://www.xeno-canto.org/167936,rempar/XC167936.ogg
rempar,[],['flight call'],25.6815,-80.2724,Psittacara erythrogenys,Red-masked Parakeet,Paul Marvin,Creative Commons Attribution-NonCommercial-ShareAlike 3.0,5.0,08:46,https://www.xeno-canto.org/167939,rempar/XC167939.ogg
rempar,[],"['call', 'song']",-4.272,-80.329,Psittacara erythrogenys,Red-masked Parakeet,Leonardo Ordóñez-Delgado,Creative Commons Attribution-NonCommercial-ShareAlike 3.0,5.0,10:30,https://www.xeno-canto.org/170828,rempar/XC170828.ogg
rempar,[],['flight call'],-6.3167,-79.4501,Psittacara erythrogenys,Red-masked Parakeet,Mike Nelson,Creative Commons Attribution-NonCommercial-ShareAlike 4.0,4.0,07:00,https://www.xeno-canto.org/180778,rempar/XC180778.ogg
rempar,[],['call'],0.1861,-79.2265,Psittacara erythrogenys,Red-masked Parakeet,GABRIEL LEITE,Creative Commons Attribution-NonCommercial-ShareAlike 4.0,3.5,08:00,https://www.xeno-canto.org/186931,rempar/XC186931.ogg
rempar,[],['flight call'],0.1861,-79.2265,Psittacara erythrogenys,Red-masked Parakeet,GABRIEL LEITE,Creative Commons Attribution-NonCommercial-ShareAlike 4.0,3.5,08:00,https://www.xeno-canto.org/186932,rempar/XC186932.ogg
rempar,[],"['call', 'song']",-4.272,-80.329,Psittacara erythrogenys,Red-masked Parakeet,Leonardo Ordóñez-Delgado,Creative Commons Attribution-NonCommercial-ShareAlike 4.0,4.5,10:30,https://www.xeno-canto.org/198474,rempar/XC198474.ogg
rempar,[],"['call', 'song']",-4.272,-80.329,Psittacara erythrogenys,Red-masked Parakeet,Leonardo Ordóñez-Delgado,Creative Commons Attribution-NonCommercial-ShareAlike 4.0,5.0,10:30,https://www.xeno-canto.org/198475,rempar/XC198475.ogg
rempar,[],"['call', 'song']",-4.272,-80.329,Psittacara erythrogenys,Red-masked Parakeet,Leonardo Ordóñez-Delgado,Creative Commons Attribution-NonCommercial-ShareAlike 4.0,5.0,10:30,https://www.xeno-canto.org/198476,rempar/XC198476.ogg
rempar,[],['call'],-4.3667,-79.9001,Psittacara erythrogenys,Red-masked Parakeet,Jerome Fischer,Creative Commons Attribution-NonCommercial-ShareAlike 4.0,5.0,10:00,https://www.xeno-canto.org/210964,rempar/XC210964.ogg
rempar,[],['flight calls'],-1.673,-80.786,Psittacara erythrogenys,Red-masked Parakeet,Niels Krabbe,Creative Commons Attribution-NonCommercial-ShareAlike 3.0,5.0,6:45,https://www.xeno-canto.org/238919,rempar/XC238919.ogg
rempar,[],['flight calls'],-1.673,-80.786,Psittacara erythrogenys,Red-masked Parakeet,Niels Krabbe,Creative Commons Attribution-NonCommercial-ShareAlike 3.0,5.0,7:20,https://www.xeno-canto.org/238920,rempar/XC238920.ogg
rempar,[],['flight calls'],-3.654,-79.753,Psittacara erythrogenys,Red-masked Parakeet,Niels Krabbe,Creative Commons Attribution-NonCommercial-ShareAlike 3.0,4.0,6:00,https://www.xeno-canto.org/238921,rempar/XC238921.ogg
rempar,[],"['calls', 'flight calls']",-4.401,-79.854,Psittacara erythrogenys,Red-masked Parakeet,Niels Krabbe,Creative Commons Attribution-NonCommercial-ShareAlike 3.0,4.5,8:50,https://www.xeno-canto.org/238922,rempar/XC238922.ogg
rempar,[],['alarm calls'],-4.401,-79.854,Psittacara erythrogenys,Red-masked Parakeet,Niels Krabbe,Creative Commons Attribution-NonCommercial-ShareAlike 3.0,5.0,7:00,https://www.xeno-canto.org/238923,rempar/XC238923.ogg
rempar,[],['calls'],-3.491,-79.748,Psittacara erythrogenys,Red-masked Parakeet,Niels Krabbe,Creative Commons Attribution-NonCommercial-ShareAlike 3.0,5.0,11:30,https://www.xeno-canto.org/238924,rempar/XC238924.ogg
rempar,[],['calls'],-4.3,-80.033,Psittacara erythrogenys,Red-masked Parakeet,John V. Moore,Creative Commons Attribution-NonCommercial-ShareAlike 4.0,5.0,?,https://www.xeno-canto.org/257643,rempar/XC257643.ogg
rempar,[],['flight calls'],-4.183,-79.867,Psittacara erythrogenys,Red-masked Parakeet,John V. Moore,Creative Commons Attribution-NonCommercial-ShareAlike 4.0,5.0,?,https://www.xeno-canto.org/257644,rempar/XC257644.ogg
rempar,[],['flight calls'],-3.654,-79.753,Psittacara erythrogenys,Red-masked Parakeet,John V. Moore,Creative Commons Attribution-NonCommercial-ShareAlike 4.0,5.0,?,https://www.xeno-canto.org/257645,rempar/XC257645.ogg
rempar,[],['call'],-4.0025,-79.2,Psittacara erythrogenys,Red-masked Parakeet,Leonardo Ordóñez-Delgado,Creative Commons Attribution-NonCommercial-ShareAlike 4.0,5.0,07:00,https://www.xeno-canto.org/277982,rempar/XC277982.ogg
rempar,[],['call'],-5.7078,-79.7251,Psittacara erythrogenys,Red-masked Parakeet,Ross Gallardy,Creative Commons Attribution-NonCommercial-ShareAlike 4.0,5.0,14:00,https://www.xeno-canto.org/297081,rempar/XC297081.ogg
rempar,[],['flight call'],32.7415,-117.2137,Psittacara erythrogenys,Red-masked Parakeet,Nick Komar,Creative Commons Attribution-NonCommercial-ShareAlike 4.0,4.0,17:00,https://www.xeno-canto.org/306119,rempar/XC306119.ogg
rempar,[],['flight call'],32.7415,-117.2137,Psittacara erythrogenys,Red-masked Parakeet,Nick Komar,Creative Commons Attribution-NonCommercial-ShareAlike 4.0,5.0,17:00,https://www.xeno-canto.org/306121,rempar/XC306121.ogg
rempar,[],['call'],32.7205,-117.2503,Psittacara erythrogenys,Red-masked Parakeet,Paul Marvin,Creative Commons Attribution-NonCommercial-ShareAlike 4.0,4.0,08:56,https://www.xeno-canto.org/384952,rempar/XC384952.ogg
rempar,[],"['call', 'flight call']",-1.6779,-80.7952,Psittacara erythrogenys,Red-masked Parakeet,Bobby Wilcox,Creative Commons Attribution-NonCommercial-ShareAlike 4.0,3.0,18:00,https://www.xeno-canto.org/411737,rempar/XC411737.ogg
rempar,[],['calls of flock in flight'],-5.86,-79.71,Psittacara erythrogenys,Red-masked Parakeet,Niels Krabbe,Creative Commons Attribution-NonCommercial-ShareAlike 3.0,4.0,.,https://www.xeno-canto.org/47203,rempar/XC47203.ogg
rempar,[],['flight call'],39.4801,-0.387,Psittacara erythrogenys,Red-masked Parakeet,Jorge Leitão,Creative Commons Attribution-NonCommercial-ShareAlike 4.0,0.0,12:51,https://www.xeno-canto.org/489698,rempar/XC489698.ogg
rempar,[],"['call', 'flight call']",39.4755,-0.3863,Psittacara erythrogenys,Red-masked Parakeet,Jorge Leitão,Creative Commons Attribution-NonCommercial-ShareAlike 4.0,0.0,19:09,https://www.xeno-canto.org/489702,rempar/XC489702.ogg
rempar,[],['flight call'],39.4755,-0.3863,Psittacara erythrogenys,Red-masked Parakeet,Jorge Leitão,Creative Commons Attribution-NonCommercial-ShareAlike 4.0,0.0,19:26,https://www.xeno-canto.org/489707,rempar/XC489707.ogg
rempar,[],"['alarm call', 'call']",39.4755,-0.3863,Psittacara erythrogenys,Red-masked Parakeet,Jorge Leitão,Creative Commons Attribution-NonCommercial-ShareAlike 4.0,0.0,20:26,https://www.xeno-canto.org/489708,rempar/XC489708.ogg
rempar,[],['call'],39.4755,-0.3863,Psittacara erythrogenys,Red-masked Parakeet,Jorge Leitão,Creative Commons Attribution-NonCommercial-ShareAlike 4.0,0.0,20:29,https://www.xeno-canto.org/489709,rempar/XC489709.ogg
rempar,['rorpar'],['call'],39.4755,-0.3863,Psittacara erythrogenys,Red-masked Parakeet,Jorge Leitão,Creative Commons Attribution-NonCommercial-ShareAlike 4.0,0.0,20:39,https://www.xeno-canto.org/489712,rempar/XC489712.ogg
rempar,[],['flight call'],32.7205,-117.2503,Psittacara erythrogenys,Red-masked Parakeet,Paul Marvin,Creative Commons Attribution-NonCommercial-ShareAlike 4.0,5.0,08:51,https://www.xeno-canto.org/498595,rempar/XC498595.ogg
rempar,[],['Call'],-4.327,-79.7903,Psittacara erythrogenys,Red-masked Parakeet,Bernabe Lopez-Lanus,Creative Commons Attribution-NonCommercial-ShareAlike 3.0,0.0,?,https://www.xeno-canto.org/50412,rempar/XC50412.ogg
rempar,[],"['adult', 'call', 'song']",-3.5679,-80.1399,Psittacara erythrogenys,Red-masked Parakeet,Leonardo Ordóñez-Delgado,Creative Commons Attribution-NonCommercial-ShareAlike 4.0,5.0,07:00,https://www.xeno-canto.org/513934,rempar/XC513934.ogg
rempar,[],['call'],0.9143,-79.5397,Psittacara erythrogenys,Red-masked Parakeet,Patricio Mena Valenzuela,Creative Commons Attribution-NonCommercial-ShareAlike 4.0,3.5,?,https://www.xeno-canto.org/525878,rempar/XC525878.ogg
rempar,[],"['call', 'juvenile', 'sex uncertain']",-12.0954,-76.9947,Psittacara erythrogenys,Red-masked Parakeet,Nicole Henriod,Creative Commons Attribution-NonCommercial-ShareAlike 4.0,3.0,02:30,https://www.xeno-canto.org/578470,rempar/XC578470.ogg
rettro,['rettro'],['call'],-18.9136,-159.8277,Phaethon rubricauda,Red-tailed Tropicbird,Matthias Feuersenger,Creative Commons Attribution-NonCommercial-ShareAlike 3.0,2.5,11:22,https://www.xeno-canto.org/110867,rettro/XC110867.ogg
rettro,[],"['call', 'juvenile']",-18.9136,-159.8277,Phaethon rubricauda,Red-tailed Tropicbird,Matthias Feuersenger,Creative Commons Attribution-NonCommercial-ShareAlike 3.0,4.0,11:16,https://www.xeno-canto.org/110868,rettro/XC110868.ogg
rettro,[],"['begging call', 'juvenile']",-18.9136,-159.8277,Phaethon rubricauda,Red-tailed Tropicbird,Matthias Feuersenger,Creative Commons Attribution-NonCommercial-ShareAlike 3.0,4.0,11:29,https://www.xeno-canto.org/110869,rettro/XC110869.ogg
rettro,[],"['begging call', 'juvenile']",-18.9136,-159.8277,Phaethon rubricauda,Red-tailed Tropicbird,Matthias Feuersenger,Creative Commons Attribution-NonCommercial-ShareAlike 3.0,4.0,11:30,https://www.xeno-canto.org/110870,rettro/XC110870.ogg
rettro,[],"['call', 'juvenile']",-18.9144,-159.8342,Phaethon rubricauda,Red-tailed Tropicbird,Matthias Feuersenger,Creative Commons Attribution-NonCommercial-ShareAlike 3.0,4.0,12:20,https://www.xeno-canto.org/110871,rettro/XC110871.ogg
rettro,[],['call'],-21.2236,-159.7908,Phaethon rubricauda,Red-tailed Tropicbird,Matthias Feuersenger,Creative Commons Attribution-NonCommercial-ShareAlike 3.0,4.0,15:12,https://www.xeno-canto.org/110977,rettro/XC110977.ogg
rettro,[],['call'],-21.2236,-159.7908,Phaethon rubricauda,Red-tailed Tropicbird,Matthias Feuersenger,Creative Commons Attribution-NonCommercial-ShareAlike 3.0,5.0,15:15,https://www.xeno-canto.org/110978,rettro/XC110978.ogg
rettro,[],['call'],-21.2236,-159.7908,Phaethon rubricauda,Red-tailed Tropicbird,Matthias Feuersenger,Creative Commons Attribution-NonCommercial-ShareAlike 3.0,4.0,15:37,https://www.xeno-canto.org/110979,rettro/XC110979.ogg
rettro,[],['alarm call'],-19.8509,57.7874,Phaethon rubricauda,Red-tailed Tropicbird,Johannes Fischer,Creative Commons Attribution-NonCommercial-ShareAlike 3.0,5.0,13:30,https://www.xeno-canto.org/148671,rettro/XC148671.ogg
rettro,[],['call'],-19.8509,57.7874,Phaethon rubricauda,Red-tailed Tropicbird,Johannes Fischer,Creative Commons Attribution-NonCommercial-ShareAlike 3.0,4.0,13:30,https://www.xeno-canto.org/148672,rettro/XC148672.ogg
rettro,[],"['call', 'flight call']",-23.643,43.596,Phaethon rubricauda,Red-tailed Tropicbird,Mike Nelson,Creative Commons Attribution-NonCommercial-ShareAlike 3.0,4.0,10:00,https://www.xeno-canto.org/162874,rettro/XC162874.ogg
rettro,[],['call'],22.2285,-159.4046,Phaethon rubricauda,Red-tailed Tropicbird,Dan Lane,Creative Commons Attribution-NonCommercial-ShareAlike 4.0,4.0,10:30,https://www.xeno-canto.org/174962,rettro/XC174962.ogg
rettro,['norcar'],['call'],22.2285,-159.4046,Phaethon rubricauda,Red-tailed Tropicbird,Dan Lane,Creative Commons Attribution-NonCommercial-ShareAlike 4.0,3.5,14:30,https://www.xeno-canto.org/234987,rettro/XC234987.ogg
rettro,[],['call'],-23.643,43.596,Phaethon rubricauda,Red-tailed Tropicbird,Patrik Åberg,Creative Commons Attribution-NonCommercial-ShareAlike 4.0,4.0,11:16,https://www.xeno-canto.org/294603,rettro/XC294603.ogg
rettro,[],['call'],-57.2125,-27.7734,Phaethon rubricauda,Red-tailed Tropicbird,Patrik Åberg,Creative Commons Attribution-NonCommercial-ShareAlike 4.0,4.0,12:19,https://www.xeno-canto.org/294604,rettro/XC294604.ogg
rettro,[],['call'],-12.2408,122.9632,Phaethon rubricauda,Red-tailed Tropicbird,Nigel Jackett,Creative Commons Attribution-NonCommercial-ShareAlike 4.0,4.0,08:32,https://www.xeno-canto.org/343105,rettro/XC343105.ogg
rettro,[],"['call', 'flight call']",14.1558,145.248,Phaethon rubricauda,Red-tailed Tropicbird,Andria Kroner,Creative Commons Attribution-NonCommercial-ShareAlike 4.0,3.0,11:00,https://www.xeno-canto.org/403091,rettro/XC403091.ogg
rettro,[],"['call', 'flight call']",-23.643,43.596,Phaethon rubricauda,Red-tailed Tropicbird,Derek Solomon,Creative Commons Attribution-NonCommercial-ShareAlike 4.0,0.0,09:00,https://www.xeno-canto.org/439010,rettro/XC439010.ogg
rettro,[],"['call', 'juvenile']",-23.643,43.596,Phaethon rubricauda,Red-tailed Tropicbird,Derek Solomon,Creative Commons Attribution-NonCommercial-ShareAlike 4.0,0.0,09:30,https://www.xeno-canto.org/439030,rettro/XC439030.ogg
rettro,[],"['call', 'hatchling or nestling']",-23.643,43.596,Phaethon rubricauda,Red-tailed Tropicbird,Dries Van de Loock,Creative Commons Attribution-NonCommercial-ShareAlike 4.0,0.0,?,https://www.xeno-canto.org/537024,rettro/XC537024.ogg
rettro,[],"['adult', 'call', 'flight call']",-23.643,43.596,Phaethon rubricauda,Red-tailed Tropicbird,Dries Van de Loock,Creative Commons Attribution-NonCommercial-ShareAlike 4.0,0.0,?,https://www.xeno-canto.org/537025,rettro/XC537025.ogg
rettro,[],"['adult', 'call', 'sex uncertain']",22.2312,-159.4017,Phaethon rubricauda,Red-tailed Tropicbird,Ron Overholtz,Creative Commons Attribution-NonCommercial-ShareAlike 4.0,0.0,12:00,https://www.xeno-canto.org/558994,rettro/XC558994.ogg
rettro,[],['flight call'],-23.646,43.602,Phaethon rubricauda,Red-tailed Tropicbird,Garry Bakker,Creative Commons Attribution-NonCommercial-ShareAlike 4.0,4.0,12:26,https://www.xeno-canto.org/573565,rettro/XC573565.ogg
rettro,[],['flight call'],-23.646,43.602,Phaethon rubricauda,Red-tailed Tropicbird,Garry Bakker,Creative Commons Attribution-NonCommercial-ShareAlike 4.0,4.0,12:26,https://www.xeno-canto.org/573566,rettro/XC573566.ogg
rettro,[],['flight call'],-17.8474,-143.0691,Phaethon rubricauda,Red-tailed Tropicbird,AUDEVARD Aurélien,Creative Commons Attribution-NonCommercial-ShareAlike 4.0,5.0,09:00,https://www.xeno-canto.org/619616,rettro/XC619616.ogg
rettro,[],['flight call'],-17.8474,-143.0691,Phaethon rubricauda,Red-tailed Tropicbird,AUDEVARD Aurélien,Creative Commons Attribution-NonCommercial-ShareAlike 4.0,5.0,16:00,https://www.xeno-canto.org/620170,rettro/XC620170.ogg
rettro,[],['flight call'],-17.8474,-143.0691,Phaethon rubricauda,Red-tailed Tropicbird,AUDEVARD Aurélien,Creative Commons Attribution-NonCommercial-ShareAlike 4.0,5.0,16:00,https://www.xeno-canto.org/620172,rettro/XC620172.ogg
rettro,['whiter'],['flight call'],-17.8474,-143.0691,Phaethon rubricauda,Red-tailed Tropicbird,AUDEVARD Aurélien,Creative Commons Attribution-NonCommercial-ShareAlike 4.0,4.5,16:00,https://www.xeno-canto.org/620173,rettro/XC620173.ogg
rettro,[],['flight call'],-17.8474,-143.0691,Phaethon rubricauda,Red-tailed Tropicbird,AUDEVARD Aurélien,Creative Commons Attribution-NonCommercial-ShareAlike 4.0,5.0,09:30,https://www.xeno-canto.org/620178,rettro/XC620178.ogg
rettro,[],"['female', 'male']",-17.8474,-143.0691,Phaethon rubricauda,Red-tailed Tropicbird,AUDEVARD Aurélien,Creative Commons Attribution-NonCommercial-ShareAlike 4.0,5.0,09:30,https://www.xeno-canto.org/620182,rettro/XC620182.ogg
rettro,[],"['female', 'male']",-17.8474,-143.0691,Phaethon rubricauda,Red-tailed Tropicbird,AUDEVARD Aurélien,Creative Commons Attribution-NonCommercial-ShareAlike 4.0,5.0,09:30,https://www.xeno-canto.org/620183,rettro/XC620183.ogg
rettro,[],"['female', 'male']",-17.8474,-143.0691,Phaethon rubricauda,Red-tailed Tropicbird,AUDEVARD Aurélien,Creative Commons Attribution-NonCommercial-ShareAlike 4.0,5.0,09:30,https://www.xeno-canto.org/620185,rettro/XC620185.ogg
ribgul,['cangoo'],['call'],42.0226,-83.2048,Larus delawarensis,Ring-billed Gull,Allen T. Chartier,Creative Commons Attribution-NonCommercial-ShareAlike 3.0,3.5,?,https://www.xeno-canto.org/11857,ribgul/XC11857.ogg
ribgul,['cangoo'],"['Calls', 'courtship?']",42.0226,-83.2048,Larus delawarensis,Ring-billed Gull,Allen T. Chartier,Creative Commons Attribution-NonCommercial-ShareAlike 3.0,3.5,?,https://www.xeno-canto.org/11858,ribgul/XC11858.ogg
ribgul,"['cangoo', 'cangoo']",['Flock calls'],42.0226,-83.2048,Larus delawarensis,Ring-billed Gull,Allen T. Chartier,Creative Commons Attribution-NonCommercial-ShareAlike 3.0,3.5,?,https://www.xeno-canto.org/11859,ribgul/XC11859.ogg
ribgul,[],['call'],41.9162,-83.3387,Larus delawarensis,Ring-billed Gull,Allen T. Chartier,Creative Commons Attribution-NonCommercial-ShareAlike 3.0,3.0,?,https://www.xeno-canto.org/11860,ribgul/XC11860.ogg
ribgul,[],"['call', 'song']",41.2344,-105.854,Larus delawarensis,Ring-billed Gull,GABRIEL LEITE,Creative Commons Attribution-NonCommercial-ShareAlike 3.0,4.0,09:00,https://www.xeno-canto.org/125403,ribgul/XC125403.ogg
ribgul,[],['call'],32.7003,-117.1737,Larus delawarensis,Ring-billed Gull,Paul Marvin,Creative Commons Attribution-NonCommercial-ShareAlike 3.0,4.0,08:38,https://www.xeno-canto.org/140793,ribgul/XC140793.ogg
ribgul,[],"['""Kaa""-', 'flight call']",40.8708,-73.5398,Larus delawarensis,Ring-billed Gull,Albert & Max Lastukhin,Creative Commons Attribution-NonCommercial-ShareAlike 3.0,2.0,05:30,https://www.xeno-canto.org/142756,ribgul/XC142756.ogg
ribgul,[],['flight call'],33.0754,-115.5103,Larus delawarensis,Ring-billed Gull,Paul Marvin,Creative Commons Attribution-NonCommercial-ShareAlike 3.0,3.0,14:49,https://www.xeno-canto.org/143761,ribgul/XC143761.ogg
ribgul,[],"['call', 'female', 'juvenile', 'male']",41.1898,-73.8827,Larus delawarensis,Ring-billed Gull,Daniel Parker,Creative Commons Attribution-NonCommercial-ShareAlike 3.0,3.0,15:00,https://www.xeno-canto.org/151285,ribgul/XC151285.ogg
ribgul,[],['call'],32.7802,-117.2154,Larus delawarensis,Ring-billed Gull,Paul Marvin,Creative Commons Attribution-NonCommercial-ShareAlike 3.0,5.0,07:15,https://www.xeno-canto.org/161499,ribgul/XC161499.ogg
ribgul,[],['flight call'],33.0754,-115.5103,Larus delawarensis,Ring-billed Gull,Paul Marvin,Creative Commons Attribution-NonCommercial-ShareAlike 3.0,5.0,15:37,https://www.xeno-canto.org/161500,ribgul/XC161500.ogg
ribgul,[],['flight call'],33.0754,-115.5103,Larus delawarensis,Ring-billed Gull,Paul Marvin,Creative Commons Attribution-NonCommercial-ShareAlike 3.0,5.0,15:37,https://www.xeno-canto.org/161501,ribgul/XC161501.ogg
ribgul,[],['call'],33.1612,-115.6414,Larus delawarensis,Ring-billed Gull,Paul Marvin,Creative Commons Attribution-NonCommercial-ShareAlike 3.0,3.0,12:09,https://www.xeno-canto.org/161502,ribgul/XC161502.ogg
ribgul,[],['flight call'],44.0863,-73.3446,Larus delawarensis,Ring-billed Gull,Paul Marvin,Creative Commons Attribution-NonCommercial-ShareAlike 3.0,5.0,14:58,https://www.xeno-canto.org/161505,ribgul/XC161505.ogg
ribgul,[],['flight call'],28.6781,-80.7717,Larus delawarensis,Ring-billed Gull,Paul Marvin,Creative Commons Attribution-NonCommercial-ShareAlike 3.0,3.0,09:12,https://www.xeno-canto.org/161506,ribgul/XC161506.ogg
ribgul,[],"['flight call', 'juvenile']",28.4077,-80.5912,Larus delawarensis,Ring-billed Gull,Paul Marvin,Creative Commons Attribution-NonCommercial-ShareAlike 3.0,4.0,07:42,https://www.xeno-canto.org/163980,ribgul/XC163980.ogg
ribgul,[],['call'],28.6179,-80.8045,Larus delawarensis,Ring-billed Gull,Paul Marvin,Creative Commons Attribution-NonCommercial-ShareAlike 3.0,3.0,09:15,https://www.xeno-canto.org/164754,ribgul/XC164754.ogg
ribgul,[],['call'],28.6179,-80.8045,Larus delawarensis,Ring-billed Gull,Paul Marvin,Creative Commons Attribution-NonCommercial-ShareAlike 3.0,4.0,08:59,https://www.xeno-canto.org/164755,ribgul/XC164755.ogg
ribgul,[],"['call', 'juvenile']",28.6179,-80.8045,Larus delawarensis,Ring-billed Gull,Paul Marvin,Creative Commons Attribution-NonCommercial-ShareAlike 3.0,4.0,08:58,https://www.xeno-canto.org/164756,ribgul/XC164756.ogg
ribgul,[],"['call', 'juvenile']",28.6179,-80.8045,Larus delawarensis,Ring-billed Gull,Paul Marvin,Creative Commons Attribution-NonCommercial-ShareAlike 3.0,5.0,09:03,https://www.xeno-canto.org/164757,ribgul/XC164757.ogg
ribgul,['lessca'],"['call', 'short and long calls']",30.462,-91.186,Larus delawarensis,Ring-billed Gull,Dan Lane,Creative Commons Attribution-NonCommercial-ShareAlike 3.0,3.5,01:00,https://www.xeno-canto.org/165032,ribgul/XC165032.ogg
ribgul,[],"['call', 'short and long calls']",30.462,-91.186,Larus delawarensis,Ring-billed Gull,Dan Lane,Creative Commons Attribution-NonCommercial-ShareAlike 3.0,4.0,01:30,https://www.xeno-canto.org/165037,ribgul/XC165037.ogg
ribgul,[],['flight call'],28.4077,-80.5912,Larus delawarensis,Ring-billed Gull,Paul Marvin,Creative Commons Attribution-NonCommercial-ShareAlike 3.0,4.0,07:37,https://www.xeno-canto.org/165349,ribgul/XC165349.ogg
ribgul,[],['call'],42.3473,-82.9753,Larus delawarensis,Ring-billed Gull,Allen T. Chartier,Creative Commons Attribution-NonCommercial-ShareAlike 3.0,4.0,?,https://www.xeno-canto.org/16921,ribgul/XC16921.ogg
ribgul,[],['call'],28.6245,-80.7936,Larus delawarensis,Ring-billed Gull,Paul Marvin,Creative Commons Attribution-NonCommercial-ShareAlike 3.0,5.0,11:59,https://www.xeno-canto.org/169250,ribgul/XC169250.ogg
ribgul,[],['call'],28.6245,-80.7936,Larus delawarensis,Ring-billed Gull,Paul Marvin,Creative Commons Attribution-NonCommercial-ShareAlike 3.0,5.0,11:57,https://www.xeno-canto.org/169252,ribgul/XC169252.ogg
ribgul,[],['call'],45.4047,-73.9591,Larus delawarensis,Ring-billed Gull,Patrick Turgeon,Creative Commons Attribution-NonCommercial-ShareAlike 4.0,2.0,17:57,https://www.xeno-canto.org/171889,ribgul/XC171889.ogg
ribgul,[],['call'],28.3288,-80.6059,Larus delawarensis,Ring-billed Gull,Paul Marvin,Creative Commons Attribution-NonCommercial-ShareAlike 4.0,3.0,07:53,https://www.xeno-canto.org/177304,ribgul/XC177304.ogg
ribgul,"['bknsti', 'leasan']",['call'],33.5258,-112.2822,Larus delawarensis,Ring-billed Gull,Phoenix Birder,Creative Commons Attribution-NonCommercial-ShareAlike 4.0,4.5,10:23,https://www.xeno-canto.org/190806,ribgul/XC190806.ogg
ribgul,[],['call'],44.3211,-78.3264,Larus delawarensis,Ring-billed Gull,Iain,Creative Commons Attribution-NonCommercial-ShareAlike 4.0,2.0,18:00,https://www.xeno-canto.org/234786,ribgul/XC234786.ogg
ribgul,[],['call'],34.3998,-89.8076,Larus delawarensis,Ring-billed Gull,J.R. Rigby,Creative Commons Attribution-NonCommercial-ShareAlike 4.0,4.5,09:00,https://www.xeno-canto.org/290058,ribgul/XC290058.ogg
ribgul,[],['call'],40.4194,-105.0944,Larus delawarensis,Ring-billed Gull,Nick Komar,Creative Commons Attribution-NonCommercial-ShareAlike 4.0,5.0,11:30,https://www.xeno-canto.org/320745,ribgul/XC320745.ogg
ribgul,[],"['call', 'long call']",40.414,-103.3855,Larus delawarensis,Ring-billed Gull,Nick Komar,Creative Commons Attribution-NonCommercial-ShareAlike 4.0,4.5,16:05,https://www.xeno-canto.org/330063,ribgul/XC330063.ogg
ribgul,[],['song'],40.414,-103.3855,Larus delawarensis,Ring-billed Gull,Sue Riffe,Creative Commons Attribution-NonCommercial-ShareAlike 4.0,5.0,16:00,https://www.xeno-canto.org/332148,ribgul/XC332148.ogg
ribgul,[],['call'],32.7003,-117.1737,Larus delawarensis,Ring-billed Gull,Paul Marvin,Creative Commons Attribution-NonCommercial-ShareAlike 4.0,3.0,15:08,https://www.xeno-canto.org/362783,ribgul/XC362783.ogg
ribgul,[],['long call'],39.198,-75.014,Larus delawarensis,Ring-billed Gull,Dan Lane,Creative Commons Attribution-NonCommercial-ShareAlike 4.0,3.5,04:30,https://www.xeno-canto.org/368796,ribgul/XC368796.ogg
ribgul,[],"['call', 'female', 'male']",48.01,-106.4336,Larus delawarensis,Ring-billed Gull,Matt Wistrand,Creative Commons Attribution-NonCommercial-ShareAlike 4.0,5.0,18:16,https://www.xeno-canto.org/374603,ribgul/XC374603.ogg
ribgul,[],"['alarm call', 'call', 'flight call']",46.1302,-1.127,Larus delawarensis,Ring-billed Gull,Stanislas Wroza,Creative Commons Attribution-NonCommercial-ShareAlike 4.0,4.5,17:00,https://www.xeno-canto.org/396189,ribgul/XC396189.ogg
ribgul,[],"['alarm call', 'call', 'flight call']",46.1302,-1.127,Larus delawarensis,Ring-billed Gull,Stanislas Wroza,Creative Commons Attribution-NonCommercial-ShareAlike 4.0,2.5,17:00,https://www.xeno-canto.org/396190,ribgul/XC396190.ogg
ribgul,[],"['alarm call', 'call', 'flight call']",46.1302,-1.127,Larus delawarensis,Ring-billed Gull,Stanislas Wroza,Creative Commons Attribution-NonCommercial-ShareAlike 4.0,3.5,17:00,https://www.xeno-canto.org/396193,ribgul/XC396193.ogg
ribgul,[],"['alarm call', 'call', 'flight call']",46.1302,-1.127,Larus delawarensis,Ring-billed Gull,Stanislas Wroza,Creative Commons Attribution-NonCommercial-ShareAlike 4.0,3.5,17:00,https://www.xeno-canto.org/396194,ribgul/XC396194.ogg
ribgul,[],"['long call', 'song']",45.5572,-0.9624,Larus delawarensis,Ring-billed Gull,Stanislas Wroza,Creative Commons Attribution-NonCommercial-ShareAlike 4.0,0.0,13:00,https://www.xeno-canto.org/417720,ribgul/XC417720.ogg
ribgul,[],['call'],33.1621,-115.6474,Larus delawarensis,Ring-billed Gull,Janine McCabe,Creative Commons Attribution-NonCommercial-ShareAlike 4.0,3.0,03:00,https://www.xeno-canto.org/444327,ribgul/XC444327.ogg
ribgul,[],['call'],38.891,-77.043,Larus delawarensis,Ring-billed Gull,Thomas ARMAND,Creative Commons Attribution-NonCommercial-ShareAlike 4.0,4.0,13:30,https://www.xeno-canto.org/445793,ribgul/XC445793.ogg
ribgul,[],['call'],51.8993,-8.4558,Larus delawarensis,Ring-billed Gull,Sean Ronayne,Creative Commons Attribution-NonCommercial-ShareAlike 4.0,2.0,15:00,https://www.xeno-canto.org/448810,ribgul/XC448810.ogg
ribgul,[],['call'],29.3334,-94.742,Larus delawarensis,Ring-billed Gull,Paul Marvin,Creative Commons Attribution-NonCommercial-ShareAlike 4.0,4.0,15:20,https://www.xeno-canto.org/452825,ribgul/XC452825.ogg
ribgul,[],['call'],26.1375,-97.1743,Larus delawarensis,Ring-billed Gull,Paul Marvin,Creative Commons Attribution-NonCommercial-ShareAlike 4.0,4.0,12:32,https://www.xeno-canto.org/452965,ribgul/XC452965.ogg
ribgul,[],['call'],19.3893,-100.4005,Larus delawarensis,Ring-billed Gull,Manuel Grosselet,Creative Commons Attribution-NonCommercial-ShareAlike 4.0,4.5,18:30,https://www.xeno-canto.org/457112,ribgul/XC457112.ogg
ribgul,[],['call'],19.3893,-100.4005,Larus delawarensis,Ring-billed Gull,Manuel Grosselet,Creative Commons Attribution-NonCommercial-ShareAlike 4.0,3.5,18:30,https://www.xeno-canto.org/457113,ribgul/XC457113.ogg
ribgul,[],"['call', 'flight call']",33.1612,-115.6414,Larus delawarensis,Ring-billed Gull,Paul Marvin,Creative Commons Attribution-NonCommercial-ShareAlike 4.0,4.0,10:16,https://www.xeno-canto.org/459328,ribgul/XC459328.ogg
ribgul,[],['flight call'],33.1612,-115.6414,Larus delawarensis,Ring-billed Gull,Paul Marvin,Creative Commons Attribution-NonCommercial-ShareAlike 4.0,3.0,10:14,https://www.xeno-canto.org/459331,ribgul/XC459331.ogg
ribgul,[],"['call', 'flight call']",28.6179,-80.8045,Larus delawarensis,Ring-billed Gull,Paul Marvin,Creative Commons Attribution-NonCommercial-ShareAlike 4.0,5.0,08:22,https://www.xeno-canto.org/461003,ribgul/XC461003.ogg
ribgul,[],"['call', 'flight call']",37.2825,-97.3873,Larus delawarensis,Ring-billed Gull,Ves,Creative Commons Attribution-NonCommercial-ShareAlike 4.0,4.0,16:30,https://www.xeno-canto.org/461533,ribgul/XC461533.ogg
ribgul,[],['call'],42.0361,-82.5099,Larus delawarensis,Ring-billed Gull,David Darrell-Lambert,Creative Commons Attribution-NonCommercial-ShareAlike 4.0,5.0,13:00,https://www.xeno-canto.org/477057,ribgul/XC477057.ogg
ribgul,[],['call'],40.6422,-74.0732,Larus delawarensis,Ring-billed Gull,nick talbot,Creative Commons Attribution-NonCommercial-ShareAlike 4.0,4.0,11:00,https://www.xeno-canto.org/504338,ribgul/XC504338.ogg
ribgul,[],['call'],40.6422,-74.0732,Larus delawarensis,Ring-billed Gull,nick talbot,Creative Commons Attribution-NonCommercial-ShareAlike 4.0,4.0,11:00,https://www.xeno-canto.org/504340,ribgul/XC504340.ogg
ribgul,[],"['Long Call', 'call']",40.476,-74.2676,Larus delawarensis,Ring-billed Gull,William Whitehead,Creative Commons Attribution-NonCommercial-ShareAlike 4.0,4.0,10:00,https://www.xeno-canto.org/507780,ribgul/XC507780.ogg
ribgul,[],"['adult', 'call', 'flight call', 'sex uncertain']",42.1104,-71.1785,Larus delawarensis,Ring-billed Gull,Will Sweet,Creative Commons Attribution-NonCommercial-ShareAlike 4.0,4.0,16:00,https://www.xeno-canto.org/510510,ribgul/XC510510.ogg
ribgul,[],"['adult', 'call', 'sex uncertain']",38.868,-90.1492,Larus delawarensis,Ring-billed Gull,Phoenix Birder,Creative Commons Attribution-NonCommercial-ShareAlike 4.0,3.0,09:40,https://www.xeno-canto.org/513208,ribgul/XC513208.ogg
ribgul,[],"['adult', 'call', 'sex uncertain']",27.9368,-81.2252,Larus delawarensis,Ring-billed Gull,Bruce Lagerquist,Creative Commons Attribution-NonCommercial-ShareAlike 4.0,2.5,16:30,https://www.xeno-canto.org/527917,ribgul/XC527917.ogg
ribgul,[],"['life stage uncertain', 'male', 'sex uncertain', 'song']",25.6007,-109.0504,Larus delawarensis,Ring-billed Gull,Manuel Grosselet,Creative Commons Attribution-NonCommercial-ShareAlike 4.0,5.0,09:00,https://www.xeno-canto.org/531833,ribgul/XC531833.ogg
ribgul,[],"['Single note', 'call']",40.6052,-74.2495,Larus delawarensis,Ring-billed Gull,William Whitehead,Creative Commons Attribution-NonCommercial-ShareAlike 4.0,4.5,07:30,https://www.xeno-canto.org/533687,ribgul/XC533687.ogg
ribgul,[],['Courtship display song'],42.5372,-76.5494,Larus delawarensis,Ring-billed Gull,Meena Haribal,Creative Commons Attribution-NonCommercial-ShareAlike 4.0,0.0,08:30,https://www.xeno-canto.org/543313,ribgul/XC543313.ogg
ribgul,"['grbher3', 'norcar']",['call'],35.849,-84.151,Larus delawarensis,Ring-billed Gull,Mike Nelson,Creative Commons Attribution-NonCommercial-ShareAlike 3.0,3.5,9:30am,https://www.xeno-canto.org/54371,ribgul/XC54371.ogg
ribgul,[],"['call', 'life stage uncertain', 'sex uncertain']",40.7885,-73.9624,Larus delawarensis,Ring-billed Gull,David,Creative Commons Attribution-NonCommercial-ShareAlike 4.0,2.0,09:52,https://www.xeno-canto.org/592236,ribgul/XC592236.ogg
ribgul,"['gamqua', 'normoc']","['call', 'life stage uncertain', 'sex uncertain']",32.084,-109.051,Larus delawarensis,Ring-billed Gull,Richard E. Webster,Creative Commons Attribution-NonCommercial-ShareAlike 4.0,3.5,07:09,https://www.xeno-canto.org/603250,ribgul/XC603250.ogg
ribgul,[],['call'],50.0116,-119.4914,Larus delawarensis,Ring-billed Gull,Peter Ward and Ken Hall,Creative Commons Attribution-NonCommercial-ShareAlike 4.0,5.0,07:00,https://www.xeno-canto.org/613536,ribgul/XC613536.ogg
ribgul,[],"['call', 'life stage uncertain', 'sex uncertain']",45.2823,-75.6858,Larus delawarensis,Ring-billed Gull,Matt Osborne,Creative Commons Attribution-NonCommercial-ShareAlike 4.0,2.0,7:29,https://www.xeno-canto.org/630765,ribgul/XC630765.ogg
ribgul,[],"['adult', 'call']",43.6701,-79.4243,Larus delawarensis,Ring-billed Gull,Thomas Ryder Payne,Creative Commons Attribution-NonCommercial-ShareAlike 4.0,5.0,06:00,https://www.xeno-canto.org/636397,ribgul/XC636397.ogg
ribgul,[],"['adult', 'call']",43.6701,-79.4243,Larus delawarensis,Ring-billed Gull,Thomas Ryder Payne,Creative Commons Attribution-NonCommercial-ShareAlike 4.0,4.0,07:00,https://www.xeno-canto.org/636571,ribgul/XC636571.ogg
ribgul,[],"['call', 'life stage uncertain']",42.08,-79.2293,Larus delawarensis,Ring-billed Gull,Jim Berry,Creative Commons Attribution-NonCommercial-ShareAlike 4.0,4.5,06:00,https://www.xeno-canto.org/657948,ribgul/XC657948.ogg
ribgul,[],['call'],35.853,-84.098,Larus delawarensis,Ring-billed Gull,Mike Nelson,Creative Commons Attribution-NonCommercial-ShareAlike 3.0,3.0,2:45pm,https://www.xeno-canto.org/70951,ribgul/XC70951.ogg
ribgul,[],['call'],35.791,-84.246,Larus delawarensis,Ring-billed Gull,Mike Nelson,Creative Commons Attribution-NonCommercial-ShareAlike 3.0,4.0,11:30am,https://www.xeno-canto.org/71563,ribgul/XC71563.ogg
ribgul,[],['call'],35.791,-84.246,Larus delawarensis,Ring-billed Gull,Mike Nelson,Creative Commons Attribution-NonCommercial-ShareAlike 3.0,4.0,11:30am,https://www.xeno-canto.org/71564,ribgul/XC71564.ogg
ribgul,[],['call'],35.791,-84.246,Larus delawarensis,Ring-billed Gull,Mike Nelson,Creative Commons Attribution-NonCommercial-ShareAlike 3.0,4.0,11:30am,https://www.xeno-canto.org/71565,ribgul/XC71565.ogg
ribgul,[],['call'],35.791,-84.246,Larus delawarensis,Ring-billed Gull,Mike Nelson,Creative Commons Attribution-NonCommercial-ShareAlike 3.0,3.0,11:30am,https://www.xeno-canto.org/71566,ribgul/XC71566.ogg
ribgul,[],['call'],35.791,-84.246,Larus delawarensis,Ring-billed Gull,Mike Nelson,Creative Commons Attribution-NonCommercial-ShareAlike 3.0,3.0,11:30am,https://www.xeno-canto.org/71567,ribgul/XC71567.ogg
ribgul,[],['call'],44.942,-93.259,Larus delawarensis,Ring-billed Gull,Jonathon Jongsma,Creative Commons Attribution-ShareAlike 3.0,4.0,13:47,https://www.xeno-canto.org/75111,ribgul/XC75111.ogg
rinduc,[],"['call', 'male']",41.313,-105.5787,Aythya collaris,Ring-necked Duck,GABRIEL LEITE,Creative Commons Attribution-NonCommercial-ShareAlike 3.0,3.0,09:00,https://www.xeno-canto.org/139900,rinduc/XC139900.ogg
rinduc,[],"['alarm call', 'female']",47.7312,-70.4221,Aythya collaris,Ring-necked Duck,Martin St-Michel,Creative Commons Attribution-NonCommercial-ShareAlike 3.0,3.5,07:22,https://www.xeno-canto.org/143031,rinduc/XC143031.ogg
rinduc,[],['call'],56.7264,-111.3803,Aythya collaris,Ring-necked Duck,Dugan Maynard,Creative Commons Attribution-NonCommercial-ShareAlike 3.0,1.0,23:00,https://www.xeno-canto.org/152763,rinduc/XC152763.ogg
rinduc,[],['call'],48.4633,-123.3728,Aythya collaris,Ring-necked Duck,Ian Cruickshank,Creative Commons Attribution-NonCommercial-ShareAlike 3.0,3.0,07:30,https://www.xeno-canto.org/157581,rinduc/XC157581.ogg
rinduc,[],"['call', 'female']",40.1175,-75.3641,Aythya collaris,Ring-necked Duck,Paul Driver,Creative Commons Attribution-NonCommercial-ShareAlike 3.0,4.0,07:30,https://www.xeno-canto.org/170064,rinduc/XC170064.ogg
rinduc,[],['call'],40.186,-75.0004,Aythya collaris,Ring-necked Duck,Paul Driver,Creative Commons Attribution-NonCommercial-ShareAlike 3.0,4.0,13:30,https://www.xeno-canto.org/170970,rinduc/XC170970.ogg
rinduc,[],['call'],40.186,-75.0004,Aythya collaris,Ring-necked Duck,Paul Driver,Creative Commons Attribution-NonCommercial-ShareAlike 3.0,4.0,13:30,https://www.xeno-canto.org/170972,rinduc/XC170972.ogg
rinduc,[],['call'],40.186,-75.0004,Aythya collaris,Ring-necked Duck,Paul Driver,Creative Commons Attribution-NonCommercial-ShareAlike 3.0,4.0,13:30,https://www.xeno-canto.org/170973,rinduc/XC170973.ogg
rinduc,[],['call'],40.186,-75.0004,Aythya collaris,Ring-necked Duck,Paul Driver,Creative Commons Attribution-NonCommercial-ShareAlike 3.0,4.0,13:30,https://www.xeno-canto.org/170974,rinduc/XC170974.ogg
rinduc,[],['call'],39.8641,-75.19,Aythya collaris,Ring-necked Duck,Paul Driver,Creative Commons Attribution-NonCommercial-ShareAlike 4.0,4.0,07:00,https://www.xeno-canto.org/184658,rinduc/XC184658.ogg
rinduc,[],['call'],39.8641,-75.19,Aythya collaris,Ring-necked Duck,Paul Driver,Creative Commons Attribution-NonCommercial-ShareAlike 4.0,4.0,07:00,https://www.xeno-canto.org/184659,rinduc/XC184659.ogg
rinduc,[],['call'],39.8641,-75.19,Aythya collaris,Ring-necked Duck,Paul Driver,Creative Commons Attribution-NonCommercial-ShareAlike 4.0,4.0,07:00,https://www.xeno-canto.org/184660,rinduc/XC184660.ogg
rinduc,[],['call'],64.4221,-138.2863,Aythya collaris,Ring-necked Duck,Andrew Spencer,Creative Commons Attribution-NonCommercial-ShareAlike 4.0,4.0,10:00,https://www.xeno-canto.org/203611,rinduc/XC203611.ogg
rinduc,[],['call'],42.0366,-79.4256,Aythya collaris,Ring-necked Duck,Jim Berry,Creative Commons Attribution-NonCommercial-ShareAlike 4.0,2.5,08:40,https://www.xeno-canto.org/313323,rinduc/XC313323.ogg
rinduc,[],"['call', 'female']",55.3968,-123.2112,Aythya collaris,Ring-necked Duck,James Bradley,Creative Commons Attribution-NonCommercial-ShareAlike 4.0,5.0,19:30,https://www.xeno-canto.org/333894,rinduc/XC333894.ogg
rinduc,[],['call'],46.154,-72.7455,Aythya collaris,Ring-necked Duck,Martin St-Michel,Creative Commons Attribution-NonCommercial-ShareAlike 4.0,4.0,07:38,https://www.xeno-canto.org/384685,rinduc/XC384685.ogg
rinduc,[],"['call', 'female', 'male']",46.154,-72.7455,Aythya collaris,Ring-necked Duck,Martin St-Michel,Creative Commons Attribution-NonCommercial-ShareAlike 4.0,3.5,07:41,https://www.xeno-canto.org/384686,rinduc/XC384686.ogg
rinduc,[],['alarm call'],32.1232,-110.9976,Aythya collaris,Ring-necked Duck,Janine McCabe,Creative Commons Attribution-NonCommercial-ShareAlike 4.0,2.0,13:00,https://www.xeno-canto.org/398306,rinduc/XC398306.ogg
rinduc,[],['call'],40.5032,-105.0629,Aythya collaris,Ring-necked Duck,Nick Komar,Creative Commons Attribution-NonCommercial-ShareAlike 4.0,4.0,17:30,https://www.xeno-canto.org/403007,rinduc/XC403007.ogg
rinduc,[],"['call', 'female', 'flight call']",28.2267,-80.7645,Aythya collaris,Ring-necked Duck,Paul Marvin,Creative Commons Attribution-NonCommercial-ShareAlike 4.0,3.0,08:15,https://www.xeno-canto.org/403685,rinduc/XC403685.ogg
rinduc,[],['flight call'],29.6689,-96.2668,Aythya collaris,Ring-necked Duck,Paul Marvin,Creative Commons Attribution-NonCommercial-ShareAlike 4.0,4.0,09:35,https://www.xeno-canto.org/452614,rinduc/XC452614.ogg
rinduc,[],['call'],48.8353,2.4589,Aythya collaris,Ring-necked Duck,Stanislas Wroza,Creative Commons Attribution-NonCommercial-ShareAlike 4.0,0.0,13:00,https://www.xeno-canto.org/474014,rinduc/XC474014.ogg
rinduc,[],"['adult', 'call', 'female']",31.34,-109.273,Aythya collaris,Ring-necked Duck,Richard E. Webster,Creative Commons Attribution-NonCommercial-ShareAlike 4.0,4.0,11:12,https://www.xeno-canto.org/583809,rinduc/XC583809.ogg
rinduc,[],"['adult', 'call', 'female']",31.34,-109.273,Aythya collaris,Ring-necked Duck,Richard E. Webster,Creative Commons Attribution-NonCommercial-ShareAlike 4.0,4.0,12:12,https://www.xeno-canto.org/621692,rinduc/XC621692.ogg
rinduc,[],"['adult', 'call', 'sex uncertain']",31.34,-109.273,Aythya collaris,Ring-necked Duck,Richard E. Webster,Creative Commons Attribution-NonCommercial-ShareAlike 4.0,3.5,10:01,https://www.xeno-canto.org/621693,rinduc/XC621693.ogg
rinduc,[],"['adult', 'call', 'sex uncertain']",48.748,-119.666,Aythya collaris,Ring-necked Duck,Bruce Lagerquist,Creative Commons Attribution-NonCommercial-ShareAlike 4.0,4.5,10:41,https://www.xeno-canto.org/640711,rinduc/XC640711.ogg
rinduc,[],"['adult', 'call', 'sex uncertain']",48.748,-119.666,Aythya collaris,Ring-necked Duck,Bruce Lagerquist,Creative Commons Attribution-NonCommercial-ShareAlike 4.0,4.5,11:14,https://www.xeno-canto.org/640712,rinduc/XC640712.ogg
rinduc,[],['call'],30.462,-91.186,Aythya collaris,Ring-necked Duck,Daniel Lane,Creative Commons Attribution-NonCommercial-ShareAlike 3.0,2.0,13:00,https://www.xeno-canto.org/66135,rinduc/XC66135.ogg
rinduc,[],['call'],30.462,-91.186,Aythya collaris,Ring-necked Duck,Daniel Lane,Creative Commons Attribution-NonCommercial-ShareAlike 3.0,3.5,13:00,https://www.xeno-canto.org/66136,rinduc/XC66136.ogg
rinduc,[],['call'],30.462,-91.186,Aythya collaris,Ring-necked Duck,Daniel Lane,Creative Commons Attribution-NonCommercial-ShareAlike 3.0,2.0,13:00,https://www.xeno-canto.org/66137,rinduc/XC66137.ogg
rinphe,[],['call'],53.4856,6.186,Phasianus colchicus,Ring-necked Pheasant,Sander Bot,Creative Commons Attribution-NonCommercial-ShareAlike 3.0,4.0,09:30,https://www.xeno-canto.org/112465,rinphe/XC112465.ogg
rinphe,[],['call'],43.0802,-96.1643,Phasianus colchicus,Ring-necked Pheasant,Jonathon Jongsma,Creative Commons Attribution-ShareAlike 3.0,4.0,11:26,https://www.xeno-canto.org/115583,rinphe/XC115583.ogg
rinphe,[],['advertising call'],43.1792,67.8365,Phasianus colchicus,Ring-necked Pheasant,Patrick Franke,Creative Commons Attribution-NonCommercial-ShareAlike 3.0,4.5,20:14,https://www.xeno-canto.org/120359,rinphe/XC120359.ogg
rinphe,[],"['flight call', 'male']",51.311,23.0793,Phasianus colchicus,Ring-necked Pheasant,Jarek Matusiak,Creative Commons Attribution-NonCommercial-ShareAlike 3.0,5.0,12:00,https://www.xeno-canto.org/121325,rinphe/XC121325.ogg
rinphe,[],"['alarm call', 'male']",52.359,20.929,Phasianus colchicus,Ring-necked Pheasant,Jarek Matusiak,Creative Commons Attribution-NonCommercial-ShareAlike 3.0,5.0,16:30,https://www.xeno-canto.org/121326,rinphe/XC121326.ogg
rinphe,[],"['Wing sound', 'call', 'male']",54.159,9.122,Phasianus colchicus,Ring-necked Pheasant,Volker Arnold,Creative Commons Attribution-NonCommercial-ShareAlike 3.0,3.5,05:50,https://www.xeno-canto.org/131893,rinphe/XC131893.ogg
rinphe,[],"['call', 'song']",55.9964,-3.4671,Phasianus colchicus,Ring-necked Pheasant,Mike Nelson,Creative Commons Attribution-NonCommercial-ShareAlike 3.0,3.5,17:30,https://www.xeno-canto.org/133927,rinphe/XC133927.ogg
rinphe,[],['alarm call'],43.5848,-1.3987,Phasianus colchicus,Ring-necked Pheasant,Bernard BOUSQUET,Creative Commons Attribution-NonCommercial-ShareAlike 3.0,3.0,10:00,https://www.xeno-canto.org/138601,rinphe/XC138601.ogg
rinphe,[],['song'],47.853,135.5287,Phasianus colchicus,Ring-necked Pheasant,Sander Bot,Creative Commons Attribution-NonCommercial-ShareAlike 3.0,3.0,13:30,https://www.xeno-canto.org/146048,rinphe/XC146048.ogg
rinphe,[],"['call', 'flight call', 'juvenile']",52.6843,21.0977,Phasianus colchicus,Ring-necked Pheasant,Jarek Matusiak,Creative Commons Attribution-NonCommercial-ShareAlike 3.0,5.0,10:30,https://www.xeno-canto.org/150571,rinphe/XC150571.ogg
rinphe,[],"['call', 'juvenile']",52.6843,21.0977,Phasianus colchicus,Ring-necked Pheasant,Jarek Matusiak,Creative Commons Attribution-NonCommercial-ShareAlike 3.0,4.0,10:30,https://www.xeno-canto.org/150572,rinphe/XC150572.ogg
rinphe,[],['call'],58.5731,14.2489,Phasianus colchicus,Ring-necked Pheasant,Patrik Åberg,Creative Commons Attribution-NonCommercial-ShareAlike 3.0,5.0,21:56,https://www.xeno-canto.org/153126,rinphe/XC153126.ogg
rinphe,[],['call'],58.5731,14.2489,Phasianus colchicus,Ring-necked Pheasant,Patrik Åberg,Creative Commons Attribution-NonCommercial-ShareAlike 3.0,5.0,21:59,https://www.xeno-canto.org/153127,rinphe/XC153127.ogg
rinphe,[],['song'],58.5731,14.2489,Phasianus colchicus,Ring-necked Pheasant,Patrik Åberg,Creative Commons Attribution-NonCommercial-ShareAlike 3.0,5.0,21:47,https://www.xeno-canto.org/153129,rinphe/XC153129.ogg
rinphe,[],"['call', 'male']",44.2486,-83.4583,Phasianus colchicus,Ring-necked Pheasant,Paul Marvin,Creative Commons Attribution-NonCommercial-ShareAlike 3.0,4.0,12:06,https://www.xeno-canto.org/163167,rinphe/XC163167.ogg
rinphe,[],"['song', 'wing noise']",47.3222,-114.2117,Phasianus colchicus,Ring-necked Pheasant,Paul Marvin,Creative Commons Attribution-NonCommercial-ShareAlike 3.0,5.0,17:35,https://www.xeno-canto.org/163168,rinphe/XC163168.ogg
rinphe,[],"['Call', 'male']",41.93338,-83.54994,Phasianus colchicus,Ring-necked Pheasant,Allen T. Chartier,Creative Commons Attribution-NonCommercial-ShareAlike 3.0,4.0,?,https://www.xeno-canto.org/16976,rinphe/XC16976.ogg
rinphe,[],"['song', 'wing noise']",47.3222,-114.2117,Phasianus colchicus,Ring-necked Pheasant,Paul Marvin,Creative Commons Attribution-NonCommercial-ShareAlike 4.0,5.0,06:06,https://www.xeno-canto.org/173885,rinphe/XC173885.ogg
rinphe,[],"['call', 'male']",60.7225,11.1095,Phasianus colchicus,Ring-necked Pheasant,Elias A. Ryberg,Creative Commons Attribution-NonCommercial-ShareAlike 4.0,5.0,14:30,https://www.xeno-canto.org/174770,rinphe/XC174770.ogg
rinphe,['cangoo'],"['call', 'song']",44.707,-93.329,Phasianus colchicus,Ring-necked Pheasant,Jonathon Jongsma,Creative Commons Attribution-ShareAlike 4.0,4.5,07:00,https://www.xeno-canto.org/179662,rinphe/XC179662.ogg
rinphe,[],"['call', 'male']",40.435,-75.5254,Phasianus colchicus,Ring-necked Pheasant,Paul Driver,Creative Commons Attribution-NonCommercial-ShareAlike 4.0,4.0,07:00,https://www.xeno-canto.org/181782,rinphe/XC181782.ogg
rinphe,[],"['male', 'song']",44.4449,66.2821,Phasianus colchicus,Ring-necked Pheasant,Albert Lastukhin,Creative Commons Attribution-NonCommercial-ShareAlike 4.0,2.5,05:00,https://www.xeno-canto.org/183219,rinphe/XC183219.ogg
rinphe,[],"['male', 'song']",44.4449,66.2821,Phasianus colchicus,Ring-necked Pheasant,Albert Lastukhin,Creative Commons Attribution-NonCommercial-ShareAlike 4.0,3.5,06:30,https://www.xeno-canto.org/183220,rinphe/XC183220.ogg
rinphe,[],"['male', 'song']",40.9663,68.7289,Phasianus colchicus,Ring-necked Pheasant,Albert Lastukhin,Creative Commons Attribution-NonCommercial-ShareAlike 4.0,4.0,11:00,https://www.xeno-canto.org/183796,rinphe/XC183796.ogg
rinphe,[],"['male', 'song']",40.9663,68.7289,Phasianus colchicus,Ring-necked Pheasant,Albert Lastukhin,Creative Commons Attribution-NonCommercial-ShareAlike 4.0,4.0,11:00,https://www.xeno-canto.org/183797,rinphe/XC183797.ogg
rinphe,['commyn'],"['male', 'song']",40.9663,68.7289,Phasianus colchicus,Ring-necked Pheasant,Albert Lastukhin,Creative Commons Attribution-NonCommercial-ShareAlike 4.0,4.5,11:00,https://www.xeno-canto.org/183798,rinphe/XC183798.ogg
rinphe,[],"['male', 'song']",40.9663,68.7289,Phasianus colchicus,Ring-necked Pheasant,Albert Lastukhin,Creative Commons Attribution-NonCommercial-ShareAlike 4.0,4.0,11:30,https://www.xeno-canto.org/183799,rinphe/XC183799.ogg
rinphe,[],"['male', 'song']",40.9663,68.7289,Phasianus colchicus,Ring-necked Pheasant,Albert Lastukhin,Creative Commons Attribution-NonCommercial-ShareAlike 4.0,3.5,12:00,https://www.xeno-canto.org/183800,rinphe/XC183800.ogg
rinphe,[],"['male', 'song']",42.3999,70.6161,Phasianus colchicus,Ring-necked Pheasant,Albert Lastukhin,Creative Commons Attribution-NonCommercial-ShareAlike 4.0,3.0,04:00,https://www.xeno-canto.org/184001,rinphe/XC184001.ogg
rinphe,[],"['male', 'song']",42.3999,70.6161,Phasianus colchicus,Ring-necked Pheasant,Albert Lastukhin,Creative Commons Attribution-NonCommercial-ShareAlike 4.0,2.5,04:00,https://www.xeno-canto.org/184002,rinphe/XC184002.ogg
rinphe,[],"['male', 'song']",42.3999,70.6161,Phasianus colchicus,Ring-necked Pheasant,Albert Lastukhin,Creative Commons Attribution-NonCommercial-ShareAlike 4.0,3.0,03:30,https://www.xeno-canto.org/184004,rinphe/XC184004.ogg
rinphe,[],"['call', 'male']",42.586,69.2775,Phasianus colchicus,Ring-necked Pheasant,Albert Lastukhin,Creative Commons Attribution-NonCommercial-ShareAlike 4.0,1.5,06:30,https://www.xeno-canto.org/184264,rinphe/XC184264.ogg
rinphe,[],"['male', 'song']",39.4715,64.5245,Phasianus colchicus,Ring-necked Pheasant,Albert Lastukhin,Creative Commons Attribution-NonCommercial-ShareAlike 4.0,3.0,07:30,https://www.xeno-canto.org/184883,rinphe/XC184883.ogg
rinphe,[],"['male', 'song']",39.4715,64.5245,Phasianus colchicus,Ring-necked Pheasant,Albert Lastukhin,Creative Commons Attribution-NonCommercial-ShareAlike 4.0,2.0,07:00,https://www.xeno-canto.org/184884,rinphe/XC184884.ogg
rinphe,[],"['male', 'song']",39.5716,64.6223,Phasianus colchicus,Ring-necked Pheasant,Albert Lastukhin,Creative Commons Attribution-NonCommercial-ShareAlike 4.0,3.5,04:00,https://www.xeno-canto.org/185054,rinphe/XC185054.ogg
rinphe,[],"['male', 'song']",39.5715,64.6238,Phasianus colchicus,Ring-necked Pheasant,Albert Lastukhin,Creative Commons Attribution-NonCommercial-ShareAlike 4.0,4.0,05:00,https://www.xeno-canto.org/185055,rinphe/XC185055.ogg
rinphe,[],"['male', 'song']",39.5725,64.6225,Phasianus colchicus,Ring-necked Pheasant,Albert Lastukhin,Creative Commons Attribution-NonCommercial-ShareAlike 4.0,4.0,05:00,https://www.xeno-canto.org/185056,rinphe/XC185056.ogg
rinphe,[],"['male', 'song']",39.5751,64.6253,Phasianus colchicus,Ring-necked Pheasant,Albert Lastukhin,Creative Commons Attribution-NonCommercial-ShareAlike 4.0,4.0,05:00,https://www.xeno-canto.org/185057,rinphe/XC185057.ogg
rinphe,[],"['male', 'song']",39.5711,64.6225,Phasianus colchicus,Ring-necked Pheasant,Albert Lastukhin,Creative Commons Attribution-NonCommercial-ShareAlike 4.0,4.0,05:00,https://www.xeno-canto.org/185058,rinphe/XC185058.ogg
rinphe,[],"['call', 'song']",48.4183,-107.6657,Phasianus colchicus,Ring-necked Pheasant,Richard E. Webster,Creative Commons Attribution-NonCommercial-ShareAlike 4.0,3.5,05:18,https://www.xeno-canto.org/185573,rinphe/XC185573.ogg
rinphe,[],['call'],36.8157,102.4842,Phasianus colchicus,Ring-necked Pheasant,Mike Nelson,Creative Commons Attribution-NonCommercial-ShareAlike 4.0,4.0,10:00,https://www.xeno-canto.org/191271,rinphe/XC191271.ogg
rinphe,[],['call'],36.8157,102.4842,Phasianus colchicus,Ring-necked Pheasant,Mike Nelson,Creative Commons Attribution-NonCommercial-ShareAlike 4.0,4.0,10:00,https://www.xeno-canto.org/191272,rinphe/XC191272.ogg
rinphe,[],['call'],36.6295,101.8283,Phasianus colchicus,Ring-necked Pheasant,Mike Nelson,Creative Commons Attribution-NonCommercial-ShareAlike 4.0,4.0,16:00,https://www.xeno-canto.org/191317,rinphe/XC191317.ogg
rinphe,[],['call'],36.6295,101.8283,Phasianus colchicus,Ring-necked Pheasant,Mike Nelson,Creative Commons Attribution-NonCommercial-ShareAlike 4.0,3.0,16:00,https://www.xeno-canto.org/191318,rinphe/XC191318.ogg
rinphe,[],['juvenile'],59.6445,17.0934,Phasianus colchicus,Ring-necked Pheasant,Teet Sirotkin,Creative Commons Attribution-NonCommercial-ShareAlike 4.0,4.0,16:12,https://www.xeno-canto.org/197441,rinphe/XC197441.ogg
rinphe,[],"['call', 'flight call', 'male']",43.7053,-96.1792,Phasianus colchicus,Ring-necked Pheasant,Paul Marvin,Creative Commons Attribution-NonCommercial-ShareAlike 4.0,4.0,09:28,https://www.xeno-canto.org/205559,rinphe/XC205559.ogg
rinphe,[],['call'],43.7053,-96.1792,Phasianus colchicus,Ring-necked Pheasant,Paul Marvin,Creative Commons Attribution-NonCommercial-ShareAlike 4.0,4.0,08:33,https://www.xeno-canto.org/205561,rinphe/XC205561.ogg
rinphe,[],"['call', 'male']",51.423,23.2691,Phasianus colchicus,Ring-necked Pheasant,Jarek Matusiak,Creative Commons Attribution-NonCommercial-ShareAlike 4.0,4.5,11:00,https://www.xeno-canto.org/213919,rinphe/XC213919.ogg
rinphe,[],"['call', 'female', 'male', 'wing beat']",35.4421,136.193,Phasianus colchicus,Ring-necked Pheasant,Anon Torimi,Creative Commons Attribution-NonCommercial-ShareAlike 4.0,1.0,11:00,https://www.xeno-canto.org/216043,rinphe/XC216043.ogg
rinphe,[],['display'],62.3668,21.1865,Phasianus colchicus,Ring-necked Pheasant,Tapio alanko,Creative Commons Attribution-NonCommercial-ShareAlike 4.0,4.5,05:30,https://www.xeno-canto.org/235445,rinphe/XC235445.ogg
rinphe,[],"['male', 'song']",34.8029,135.6139,Phasianus colchicus,Ring-necked Pheasant,Anon Torimi,Creative Commons Attribution-NonCommercial-ShareAlike 4.0,4.0,11:00,https://www.xeno-canto.org/235454,rinphe/XC235454.ogg
rinphe,[],['song'],52.6514,13.4729,Phasianus colchicus,Ring-necked Pheasant,Joe Klaiber,Creative Commons Attribution-NonCommercial-ShareAlike 4.0,3.0,00:00,https://www.xeno-canto.org/243601,rinphe/XC243601.ogg
rinphe,[],['song'],52.6514,13.4729,Phasianus colchicus,Ring-necked Pheasant,Joe Klaiber,Creative Commons Attribution-NonCommercial-ShareAlike 4.0,4.0,00:00,https://www.xeno-canto.org/243602,rinphe/XC243602.ogg
rinphe,[],"['call', 'male']",52.3105,13.7634,Phasianus colchicus,Ring-necked Pheasant,Sonnenburg,Creative Commons Attribution-NonCommercial-ShareAlike 4.0,4.5,06:10,https://www.xeno-canto.org/254700,rinphe/XC254700.ogg
rinphe,[],['call'],54.1654,-2.0504,Phasianus colchicus,Ring-necked Pheasant,Aidan Place,Creative Commons Attribution-NonCommercial-ShareAlike 4.0,2.5,12:00,https://www.xeno-canto.org/264952,rinphe/XC264952.ogg
rinphe,[],"['male', 'song']",42.5275,130.692,Phasianus colchicus,Ring-necked Pheasant,Albert Lastukhin,Creative Commons Attribution-NonCommercial-ShareAlike 4.0,4.0,05:30,https://www.xeno-canto.org/266708,rinphe/XC266708.ogg
rinphe,[],"['call', 'male']",42.5275,130.692,Phasianus colchicus,Ring-necked Pheasant,Albert Lastukhin,Creative Commons Attribution-NonCommercial-ShareAlike 4.0,2.5,05:30,https://www.xeno-canto.org/266709,rinphe/XC266709.ogg
rinphe,[],"['male', 'song']",43.4495,132.1592,Phasianus colchicus,Ring-necked Pheasant,Albert Lastukhin,Creative Commons Attribution-NonCommercial-ShareAlike 4.0,3.5,09:30,https://www.xeno-canto.org/266711,rinphe/XC266711.ogg
rinphe,[],"['male', 'song']",43.4495,132.1592,Phasianus colchicus,Ring-necked Pheasant,Albert Lastukhin,Creative Commons Attribution-NonCommercial-ShareAlike 4.0,5.0,08:00,https://www.xeno-canto.org/266712,rinphe/XC266712.ogg
rinphe,[],"['male', 'song']",43.4495,132.1592,Phasianus colchicus,Ring-necked Pheasant,Albert Lastukhin,Creative Commons Attribution-NonCommercial-ShareAlike 4.0,5.0,08:00,https://www.xeno-canto.org/266713,rinphe/XC266713.ogg
rinphe,[],"['male', 'song']",44.7776,132.6866,Phasianus colchicus,Ring-necked Pheasant,Albert Lastukhin,Creative Commons Attribution-NonCommercial-ShareAlike 4.0,4.0,08:00,https://www.xeno-canto.org/266714,rinphe/XC266714.ogg
rinphe,[],"['male', 'song']",42.4294,130.6387,Phasianus colchicus,Ring-necked Pheasant,Albert Lastukhin,Creative Commons Attribution-NonCommercial-ShareAlike 4.0,4.0,10:00,https://www.xeno-canto.org/266715,rinphe/XC266715.ogg
rinphe,[],['song'],30.2423,130.5661,Phasianus colchicus,Ring-necked Pheasant,Chie-Jen Jerome Ko,Creative Commons Attribution-NonCommercial-ShareAlike 4.0,4.0,05:25,https://www.xeno-canto.org/282185,rinphe/XC282185.ogg
rinphe,[],"['call', 'male']",40.8918,-91.0756,Phasianus colchicus,Ring-necked Pheasant,Bobby Wilcox,Creative Commons Attribution-NonCommercial-ShareAlike 4.0,3.0,18:00,https://www.xeno-canto.org/287369,rinphe/XC287369.ogg
rinphe,[],['call'],39.075,121.972,Phasianus colchicus,Ring-necked Pheasant,Tom Beeke,Creative Commons Attribution-NonCommercial-ShareAlike 4.0,5.0,10:00,https://www.xeno-canto.org/295960,rinphe/XC295960.ogg
rinphe,[],"['alarm call', 'call']",49.9701,18.8956,Phasianus colchicus,Ring-necked Pheasant,Szymon Pławecki,Creative Commons Attribution-NonCommercial-ShareAlike 4.0,1.0,09:30,https://www.xeno-canto.org/299294,rinphe/XC299294.ogg
rinphe,[],"['call', 'flight call']",44.4241,11.4743,Phasianus colchicus,Ring-necked Pheasant,Alex Borrini,Creative Commons Attribution-NonCommercial-ShareAlike 4.0,4.5,17:30,https://www.xeno-canto.org/302765,rinphe/XC302765.ogg
rinphe,[],['call'],44.419,11.4687,Phasianus colchicus,Ring-necked Pheasant,Alex Borrini,Creative Commons Attribution-NonCommercial-ShareAlike 4.0,5.0,17:30,https://www.xeno-canto.org/303558,rinphe/XC303558.ogg
rinphe,[],"['call', 'song']",49.0792,8.381,Phasianus colchicus,Ring-necked Pheasant,brickegickel,Creative Commons Attribution-NonCommercial-ShareAlike 4.0,4.0,06:30,https://www.xeno-canto.org/309991,rinphe/XC309991.ogg
rinphe,[],"['male', 'song', 'wing beats']",34.8266,135.645,Phasianus colchicus,Ring-necked Pheasant,Anon Torimi,Creative Commons Attribution-NonCommercial-ShareAlike 4.0,5.0,11:30,https://www.xeno-canto.org/310337,rinphe/XC310337.ogg
rinphe,[],"['male', 'song']",53.06,11.471,Phasianus colchicus,Ring-necked Pheasant,Paul Ehlers,Creative Commons Attribution-NonCommercial-ShareAlike 4.0,4.0,05:00,https://www.xeno-canto.org/315805,rinphe/XC315805.ogg
rinphe,[],['call'],49.8699,127.6447,Phasianus colchicus,Ring-necked Pheasant,Tom Wulf,Creative Commons Attribution-NonCommercial-ShareAlike 4.0,5.0,07:33,https://www.xeno-canto.org/327185,rinphe/XC327185.ogg
rinphe,[],['song'],49.8699,127.6447,Phasianus colchicus,Ring-necked Pheasant,Tom Wulf,Creative Commons Attribution-NonCommercial-ShareAlike 4.0,5.0,05:03,https://www.xeno-canto.org/327186,rinphe/XC327186.ogg
rinphe,[],['song'],42.2405,27.766,Phasianus colchicus,Ring-necked Pheasant,Albert Lastukhin,Creative Commons Attribution-NonCommercial-ShareAlike 4.0,4.0,09:00,https://www.xeno-canto.org/330741,rinphe/XC330741.ogg
rinphe,[],['song'],42.2405,27.766,Phasianus colchicus,Ring-necked Pheasant,Albert Lastukhin,Creative Commons Attribution-NonCommercial-ShareAlike 4.0,4.0,09:00,https://www.xeno-canto.org/330742,rinphe/XC330742.ogg
rinphe,[],['song'],42.2405,27.766,Phasianus colchicus,Ring-necked Pheasant,Albert Lastukhin,Creative Commons Attribution-NonCommercial-ShareAlike 4.0,4.0,09:00,https://www.xeno-canto.org/330743,rinphe/XC330743.ogg
rinphe,[],"['display', 'male']",60.09,24.4872,Phasianus colchicus,Ring-necked Pheasant,Eetu Paljakka,Creative Commons Attribution-NonCommercial-ShareAlike 4.0,5.0,16:35,https://www.xeno-canto.org/332561,rinphe/XC332561.ogg
rinphe,[],"['call', 'male']",42.9037,13.9077,Phasianus colchicus,Ring-necked Pheasant,Dimitri,Creative Commons Attribution-NonCommercial-ShareAlike 4.0,5.0,18:30,https://www.xeno-canto.org/334955,rinphe/XC334955.ogg
rinphe,[],['call'],47.14,47.5748,Phasianus colchicus,Ring-necked Pheasant,Albert Lastukhin,Creative Commons Attribution-NonCommercial-ShareAlike 4.0,3.0,08:00,https://www.xeno-canto.org/339795,rinphe/XC339795.ogg
rinphe,[],['call'],47.14,47.5748,Phasianus colchicus,Ring-necked Pheasant,Albert Lastukhin,Creative Commons Attribution-NonCommercial-ShareAlike 4.0,3.0,08:00,https://www.xeno-canto.org/339796,rinphe/XC339796.ogg
rinphe,[],['song'],47.14,47.5748,Phasianus colchicus,Ring-necked Pheasant,Albert Lastukhin,Creative Commons Attribution-NonCommercial-ShareAlike 4.0,4.0,08:00,https://www.xeno-canto.org/339797,rinphe/XC339797.ogg
rinphe,[],"['male', 'song']",60.652,24.9947,Phasianus colchicus,Ring-necked Pheasant,Tero Linjama,Creative Commons Attribution-NonCommercial-ShareAlike 4.0,4.5,07:00,https://www.xeno-canto.org/340686,rinphe/XC340686.ogg
rinphe,[],['song'],42.5275,130.692,Phasianus colchicus,Ring-necked Pheasant,Albert Lastukhin,Creative Commons Attribution-NonCommercial-ShareAlike 4.0,4.5,11:00,https://www.xeno-canto.org/342048,rinphe/XC342048.ogg
rinphe,[],['call'],40.8978,24.7879,Phasianus colchicus,Ring-necked Pheasant,Giannis Gasteratos,Creative Commons Attribution-NonCommercial-ShareAlike 4.0,3.5,08:30,https://www.xeno-canto.org/342333,rinphe/XC342333.ogg
rinphe,[],['call'],39.6861,67.0667,Phasianus colchicus,Ring-necked Pheasant,Manuel Schweizer,Creative Commons Attribution-NonCommercial-ShareAlike 4.0,1.0,?,https://www.xeno-canto.org/347751,rinphe/XC347751.ogg
rinphe,[],"['call', 'female']",44.9007,11.1994,Phasianus colchicus,Ring-necked Pheasant,Francesco Sottile,Creative Commons Attribution-NonCommercial-ShareAlike 4.0,5.0,14:23,https://www.xeno-canto.org/357232,rinphe/XC357232.ogg
rinphe,[],"['call', 'male']",41.8302,-88.7314,Phasianus colchicus,Ring-necked Pheasant,Matt Wistrand,Creative Commons Attribution-NonCommercial-ShareAlike 4.0,4.0,08:17,https://www.xeno-canto.org/357737,rinphe/XC357737.ogg
rinphe,[],['song'],39.753,3.183,Phasianus colchicus,Ring-necked Pheasant,Jerome Fischer,Creative Commons Attribution-NonCommercial-ShareAlike 4.0,3.5,08:00,https://www.xeno-canto.org/359141,rinphe/XC359141.ogg
rinphe,[],['flight call'],48.6744,1.9187,Phasianus colchicus,Ring-necked Pheasant,Stanislas Wroza,Creative Commons Attribution-NonCommercial-ShareAlike 4.0,4.0,09:00,https://www.xeno-canto.org/360686,rinphe/XC360686.ogg
rinphe,[],['call'],36.2727,-5.8273,Phasianus colchicus,Ring-necked Pheasant,José Carlos Sires,Creative Commons Attribution-NonCommercial-ShareAlike 4.0,3.0,?,https://www.xeno-canto.org/361818,rinphe/XC361818.ogg
rinphe,[],['song'],36.2727,-5.8273,Phasianus colchicus,Ring-necked Pheasant,José Carlos Sires,Creative Commons Attribution-NonCommercial-ShareAlike 4.0,3.0,?,https://www.xeno-canto.org/361819,rinphe/XC361819.ogg
rinphe,[],"['call', 'male']",60.7225,11.1095,Phasianus colchicus,Ring-necked Pheasant,Elias A. Ryberg,Creative Commons Attribution-NonCommercial-ShareAlike 4.0,5.0,14:13,https://www.xeno-canto.org/364387,rinphe/XC364387.ogg
rinphe,[],"['call', 'male']",60.7225,11.1095,Phasianus colchicus,Ring-necked Pheasant,Elias A. Ryberg,Creative Commons Attribution-NonCommercial-ShareAlike 4.0,4.5,14:12,https://www.xeno-canto.org/364710,rinphe/XC364710.ogg
rinphe,[],"['call', 'female', 'male']",60.7225,11.1095,Phasianus colchicus,Ring-necked Pheasant,Elias A. Ryberg,Creative Commons Attribution-NonCommercial-ShareAlike 4.0,5.0,14:20,https://www.xeno-canto.org/364762,rinphe/XC364762.ogg
rinphe,[],"['call', 'male']",60.7225,11.1095,Phasianus colchicus,Ring-necked Pheasant,Elias A. Ryberg,Creative Commons Attribution-NonCommercial-ShareAlike 4.0,3.5,06:12,https://www.xeno-canto.org/364774,rinphe/XC364774.ogg
rinphe,[],"['call', 'male']",52.6058,1.4471,Phasianus colchicus,Ring-necked Pheasant,GABRIEL LEITE,Creative Commons Attribution-NonCommercial-ShareAlike 4.0,4.0,07:30,https://www.xeno-canto.org/364888,rinphe/XC364888.ogg
rinphe,[],"['call', 'male']",60.7225,11.1095,Phasianus colchicus,Ring-necked Pheasant,Elias A. Ryberg,Creative Commons Attribution-NonCommercial-ShareAlike 4.0,4.5,13:45,https://www.xeno-canto.org/364959,rinphe/XC364959.ogg
rinphe,['wesmea'],['song'],39.6453,-102.0551,Phasianus colchicus,Ring-necked Pheasant,Sue Riffe,Creative Commons Attribution-NonCommercial-ShareAlike 4.0,1.5,6:31,https://www.xeno-canto.org/368627,rinphe/XC368627.ogg
rinphe,[],['call'],42.9944,6.221,Phasianus colchicus,Ring-necked Pheasant,Stanislas Wroza,Creative Commons Attribution-NonCommercial-ShareAlike 4.0,4.0,08:00,https://www.xeno-canto.org/370861,rinphe/XC370861.ogg
rinphe,[],['song'],39.781102,64.412842,Phasianus colchicus,Ring-necked Pheasant,David Farrow,Creative Commons Attribution-NonCommercial-ShareAlike 3.0,4.0,?:?,https://www.xeno-canto.org/37452,rinphe/XC37452.ogg
rinphe,[],"['call', 'short call']",42.992,6.1929,Phasianus colchicus,Ring-necked Pheasant,Stanislas Wroza,Creative Commons Attribution-NonCommercial-ShareAlike 4.0,5.0,07:00,https://www.xeno-canto.org/376894,rinphe/XC376894.ogg
rinphe,[],"['call', 'short call']",42.992,6.1929,Phasianus colchicus,Ring-necked Pheasant,Stanislas Wroza,Creative Commons Attribution-NonCommercial-ShareAlike 4.0,5.0,07:00,https://www.xeno-canto.org/376895,rinphe/XC376895.ogg
rinphe,[],['call'],40.4114,115.8514,Phasianus colchicus,Ring-necked Pheasant,Guy Kirwan,Creative Commons Attribution-NonCommercial-ShareAlike 4.0,3.5,11:00,https://www.xeno-canto.org/380345,rinphe/XC380345.ogg
rinphe,[],['call'],52.9661,0.6033,Phasianus colchicus,Ring-necked Pheasant,David Darrell-Lambert,Creative Commons Attribution-NonCommercial-ShareAlike 4.0,5.0,16:30,https://www.xeno-canto.org/383120,rinphe/XC383120.ogg
rinphe,[],['call'],52.0197,7.6518,Phasianus colchicus,Ring-necked Pheasant,Timo Tschentscher,Creative Commons Attribution-NonCommercial-ShareAlike 4.0,4.5,14:27,https://www.xeno-canto.org/384627,rinphe/XC384627.ogg
rinphe,[],['alarm call'],48.4543,-5.1272,Phasianus colchicus,Ring-necked Pheasant,AUDEVARD Aurélien,Creative Commons Attribution-NonCommercial-ShareAlike 4.0,4.0,14:30,https://www.xeno-canto.org/387699,rinphe/XC387699.ogg
rinphe,[],['call'],-36.8053,175.4737,Phasianus colchicus,Ring-necked Pheasant,nick talbot,Creative Commons Attribution-NonCommercial-ShareAlike 4.0,4.0,12:00,https://www.xeno-canto.org/390585,rinphe/XC390585.ogg
rinphe,[],['call'],54.577,11.9226,Phasianus colchicus,Ring-necked Pheasant,Louis A. Hansen,Creative Commons Attribution-NonCommercial-ShareAlike 4.0,2.0,09:31,https://www.xeno-canto.org/393009,rinphe/XC393009.ogg
rinphe,[],"['female', 'wing beats']",34.9998,135.6914,Phasianus colchicus,Ring-necked Pheasant,Anon Torimi,Creative Commons Attribution-NonCommercial-ShareAlike 4.0,4.0,07:15,https://www.xeno-canto.org/393778,rinphe/XC393778.ogg
rinphe,[],['Flying'],48.9575,12.4893,Phasianus colchicus,Ring-necked Pheasant,Antonio Xeira,Creative Commons Attribution-NonCommercial-ShareAlike 4.0,4.0,?,https://www.xeno-canto.org/401850,rinphe/XC401850.ogg
rinphe,[],['call'],35.1529,136.1109,Phasianus colchicus,Ring-necked Pheasant,Anon Torimi,Creative Commons Attribution-NonCommercial-ShareAlike 4.0,3.5,10:05,https://www.xeno-canto.org/402597,rinphe/XC402597.ogg
rinphe,[],['call'],34.8059,135.6221,Phasianus colchicus,Ring-necked Pheasant,Anon Torimi,Creative Commons Attribution-NonCommercial-ShareAlike 4.0,4.0,18:40,https://www.xeno-canto.org/405782,rinphe/XC405782.ogg
rinphe,[],"['call', 'male']",50.7248,15.7362,Phasianus colchicus,Ring-necked Pheasant,Jíri Poteka,Creative Commons Attribution-NonCommercial-ShareAlike 4.0,0.0,13:30,https://www.xeno-canto.org/406063,rinphe/XC406063.ogg
rinphe,[],['song'],42.806,13.8335,Phasianus colchicus,Ring-necked Pheasant,Dimitri,Creative Commons Attribution-NonCommercial-ShareAlike 4.0,4.0,08:30,https://www.xeno-canto.org/408065,rinphe/XC408065.ogg
rinphe,['skylar'],"['call', 'male']",49.9426,18.4156,Phasianus colchicus,Ring-necked Pheasant,Grzegorz Matla,Creative Commons Attribution-NonCommercial-ShareAlike 4.0,0.0,06:00,https://www.xeno-canto.org/414103,rinphe/XC414103.ogg
rinphe,[],['song'],42.78,13.7224,Phasianus colchicus,Ring-necked Pheasant,Dimitri,Creative Commons Attribution-NonCommercial-ShareAlike 4.0,4.0,17:30,https://www.xeno-canto.org/416754,rinphe/XC416754.ogg
rinphe,[],['song'],41.957,-8.7464,Phasianus colchicus,Ring-necked Pheasant,Jorge Leitão,Creative Commons Attribution-NonCommercial-ShareAlike 4.0,4.0,09:11,https://www.xeno-canto.org/422829,rinphe/XC422829.ogg
rinphe,[],['call when flushed'],45.8613,20.2743,Phasianus colchicus,Ring-necked Pheasant,Nils Agster,Creative Commons Attribution-NonCommercial-ShareAlike 4.0,4.0,09:00,https://www.xeno-canto.org/425770,rinphe/XC425770.ogg
rinphe,[],['call'],40.41,116.8416,Phasianus colchicus,Ring-necked Pheasant,Paul Holt,Creative Commons Attribution-NonCommercial-ShareAlike 4.0,5.0,15:30,https://www.xeno-canto.org/434401,rinphe/XC434401.ogg
rinphe,[],['song'],45.9977,11.3018,Phasianus colchicus,Ring-necked Pheasant,Giuseppe Speranza,Creative Commons Attribution-NonCommercial-ShareAlike 4.0,0.0,9:20,https://www.xeno-canto.org/434682,rinphe/XC434682.ogg
rinphe,[],['Call'],51.481,-1.002,Phasianus colchicus,Ring-necked Pheasant,Myornis,Creative Commons Attribution-NonCommercial-ShareAlike 3.0,2.0,15:00,https://www.xeno-canto.org/43538,rinphe/XC43538.ogg
rinphe,[],['call'],45.9538,5.0399,Phasianus colchicus,Ring-necked Pheasant,Vincent Pourchaire,Creative Commons Attribution-NonCommercial-ShareAlike 4.0,3.0,07:30,https://www.xeno-canto.org/436468,rinphe/XC436468.ogg
rinphe,[],['call'],47.3127,-119.3347,Phasianus colchicus,Ring-necked Pheasant,Bruce Lagerquist,Creative Commons Attribution-NonCommercial-ShareAlike 4.0,4.0,18:30,https://www.xeno-canto.org/436848,rinphe/XC436848.ogg
rinphe,[],"['call', 'juvenile']",50.0818,18.9678,Phasianus colchicus,Ring-necked Pheasant,Ireneusz Oleksik,Creative Commons Attribution-NonCommercial-ShareAlike 4.0,4.0,08:30,https://www.xeno-canto.org/437216,rinphe/XC437216.ogg
rinphe,[],"['alarm call', 'female']",45.7534,5.441,Phasianus colchicus,Ring-necked Pheasant,Vincent Pourchaire,Creative Commons Attribution-NonCommercial-ShareAlike 4.0,4.0,09:00,https://www.xeno-canto.org/437422,rinphe/XC437422.ogg
rinphe,[],['call'],36.0256,-106.0734,Phasianus colchicus,Ring-necked Pheasant,Jerry Friedman,Creative Commons Attribution-NonCommercial-ShareAlike 4.0,2.5,11:00,https://www.xeno-canto.org/440537,rinphe/XC440537.ogg
rinphe,[],"['call', 'double calls', 'single calls']",54.9608,9.1162,Phasianus colchicus,Ring-necked Pheasant,Beatrix Saadi-Varchmin,Creative Commons Attribution-NonCommercial-ShareAlike 4.0,5.0,10:37,https://www.xeno-canto.org/441882,rinphe/XC441882.ogg
rinphe,[],['call'],-38.2692,176.394,Phasianus colchicus,Ring-necked Pheasant,Bernard BOUSQUET,Creative Commons Attribution-NonCommercial-ShareAlike 4.0,4.0,10:00,https://www.xeno-canto.org/451331,rinphe/XC451331.ogg
rinphe,[],['call'],45.4708,10.9892,Phasianus colchicus,Ring-necked Pheasant,maudoc,Creative Commons Attribution-NonCommercial-ShareAlike 4.0,5.0,08:00,https://www.xeno-canto.org/461041,rinphe/XC461041.ogg
rinphe,[],"['call', 'male']",23.614,121.4168,Phasianus colchicus,Ring-necked Pheasant,chestnut123tw,Creative Commons Attribution-NonCommercial-ShareAlike 4.0,2.0,14:30,https://www.xeno-canto.org/462169,rinphe/XC462169.ogg
rinphe,[],"['bisyllabic display and soft excitement calls', 'call', 'male', 'song']",48.7181,1.8306,Phasianus colchicus,Ring-necked Pheasant,Stanislas Wroza,Creative Commons Attribution-NonCommercial-ShareAlike 4.0,5.0,07:00,https://www.xeno-canto.org/464102,rinphe/XC464102.ogg
rinphe,[],"['call', 'male', 'soft excitement calls']",48.7181,1.8306,Phasianus colchicus,Ring-necked Pheasant,Stanislas Wroza,Creative Commons Attribution-NonCommercial-ShareAlike 4.0,0.0,07:00,https://www.xeno-canto.org/464103,rinphe/XC464103.ogg
rinphe,[],"['call', 'male']",52.3337,13.6497,Phasianus colchicus,Ring-necked Pheasant,Regina Eidner,Creative Commons Attribution-NonCommercial-ShareAlike 4.0,0.0,16:02,https://www.xeno-canto.org/468863,rinphe/XC468863.ogg
rinphe,[],"['song', 'wing beats']",52.3337,13.6497,Phasianus colchicus,Ring-necked Pheasant,Regina Eidner,Creative Commons Attribution-NonCommercial-ShareAlike 4.0,0.0,16:08,https://www.xeno-canto.org/468864,rinphe/XC468864.ogg
rinphe,[],['song'],44.6347,12.1013,Phasianus colchicus,Ring-necked Pheasant,Giuseppe Speranza,Creative Commons Attribution-NonCommercial-ShareAlike 4.0,0.0,12:00,https://www.xeno-canto.org/469649,rinphe/XC469649.ogg
rinphe,[],"['male', 'song']",50.3912,16.5254,Phasianus colchicus,Ring-necked Pheasant,Ireneusz Oleksik,Creative Commons Attribution-NonCommercial-ShareAlike 4.0,5.0,05:51,https://www.xeno-canto.org/470672,rinphe/XC470672.ogg
rinphe,[],"['call', 'male']",50.3912,16.5254,Phasianus colchicus,Ring-necked Pheasant,Ireneusz Oleksik,Creative Commons Attribution-NonCommercial-ShareAlike 4.0,2.5,05:57,https://www.xeno-canto.org/470677,rinphe/XC470677.ogg
rinphe,[],"['male', 'song']",50.3912,16.5254,Phasianus colchicus,Ring-necked Pheasant,Ireneusz Oleksik,Creative Commons Attribution-NonCommercial-ShareAlike 4.0,4.5,06:03,https://www.xeno-canto.org/470678,rinphe/XC470678.ogg
rinphe,[],['call'],51.4213,5.4732,Phasianus colchicus,Ring-necked Pheasant,Jorge Leitão,Creative Commons Attribution-NonCommercial-ShareAlike 4.0,0.0,09:37,https://www.xeno-canto.org/473292,rinphe/XC473292.ogg
rinphe,[],['alarm call'],43.1829,0.3889,Phasianus colchicus,Ring-necked Pheasant,Manuel Grosselet,Creative Commons Attribution-NonCommercial-ShareAlike 4.0,3.5,08:30,https://www.xeno-canto.org/475954,rinphe/XC475954.ogg
rinphe,[],"['begging call', 'juvenile']",42.7871,13.8063,Phasianus colchicus,Ring-necked Pheasant,Dimitri,Creative Commons Attribution-NonCommercial-ShareAlike 4.0,4.0,14:00,https://www.xeno-canto.org/476801,rinphe/XC476801.ogg
rinphe,[],"['male', 'song']",38.7866,48.4153,Phasianus colchicus,Ring-necked Pheasant,Albert Lastukhin,Creative Commons Attribution-NonCommercial-ShareAlike 4.0,2.5,06:30,https://www.xeno-canto.org/480199,rinphe/XC480199.ogg
rinphe,[],['call'],49.115,1.7346,Phasianus colchicus,Ring-necked Pheasant,Marie-Lan Taÿ Pamart,Creative Commons Attribution-ShareAlike 4.0,4.0,16:30,https://www.xeno-canto.org/484051,rinphe/XC484051.ogg
rinphe,[],"['alarm call', 'male']",52.7381,-0.5577,Phasianus colchicus,Ring-necked Pheasant,Andrew Harrop,Creative Commons Attribution-NonCommercial-ShareAlike 4.0,5.0,10:00,https://www.xeno-canto.org/487821,rinphe/XC487821.ogg
rinphe,[],['call'],59.5549,17.2787,Phasianus colchicus,Ring-necked Pheasant,Ulf Elman,Creative Commons Attribution-NonCommercial-ShareAlike 4.0,5.0,12:14,https://www.xeno-canto.org/490134,rinphe/XC490134.ogg
rinphe,[],['alarm call'],49.692,20.4327,Phasianus colchicus,Ring-necked Pheasant,Ireneusz Oleksik,Creative Commons Attribution-NonCommercial-ShareAlike 4.0,4.5,08:50,https://www.xeno-canto.org/491012,rinphe/XC491012.ogg
rinphe,[],"['alarm call', 'call']",49.692,20.4327,Phasianus colchicus,Ring-necked Pheasant,Ireneusz Oleksik,Creative Commons Attribution-NonCommercial-ShareAlike 4.0,5.0,14:35,https://www.xeno-canto.org/491063,rinphe/XC491063.ogg
rinphe,[],"['call', 'female']",49.3828,-1.767,Phasianus colchicus,Ring-necked Pheasant,Jack Berteau,Creative Commons Attribution-NonCommercial-ShareAlike 4.0,5.0,07:30,https://www.xeno-canto.org/492962,rinphe/XC492962.ogg
rinphe,[],['call'],43.8388,10.3522,Phasianus colchicus,Ring-necked Pheasant,nick talbot,Creative Commons Attribution-NonCommercial-ShareAlike 4.0,4.0,10:00,https://www.xeno-canto.org/495562,rinphe/XC495562.ogg
rinphe,[],"['begging call', 'call', 'female', 'juvenile']",53.7156,10.8115,Phasianus colchicus,Ring-necked Pheasant,Rainer Schütt,Creative Commons Attribution-NonCommercial-ShareAlike 4.0,0.0,11:30,https://www.xeno-canto.org/495665,rinphe/XC495665.ogg
rinphe,[],['call'],41.697,-8.851,Phasianus colchicus,Ring-necked Pheasant,Jorge Leitão,Creative Commons Attribution-NonCommercial-ShareAlike 4.0,4.0,18:44,https://www.xeno-canto.org/500114,rinphe/XC500114.ogg
rinphe,[],"['adult', 'call']",52.0032,4.5002,Phasianus colchicus,Ring-necked Pheasant,Jochem verweij,Creative Commons Attribution-ShareAlike 4.0,3.0,15:23,https://www.xeno-canto.org/503638,rinphe/XC503638.ogg
rinphe,['iiwi'],"['adult', 'call', 'sex uncertain']",20.7692,-156.2346,Phasianus colchicus,Ring-necked Pheasant,Phoenix Birder,Creative Commons Attribution-NonCommercial-ShareAlike 4.0,4.5,17:30,https://www.xeno-canto.org/503672,rinphe/XC503672.ogg
rinphe,[],['alarm call'],50.8763,19.7467,Phasianus colchicus,Ring-necked Pheasant,Grzegorz Kaczorowski,Creative Commons Attribution-NonCommercial-ShareAlike 4.0,4.0,08:30,https://www.xeno-canto.org/506600,rinphe/XC506600.ogg
rinphe,[],"['call', 'flight call', 'nocturnal flight call']",53.9299,-2.9833,Phasianus colchicus,Ring-necked Pheasant,Chris Batty,Creative Commons Attribution-NonCommercial-ShareAlike 4.0,2.0,01:00,https://www.xeno-canto.org/507931,rinphe/XC507931.ogg
rinphe,[],"['flight call', 'song']",53.9299,-2.9833,Phasianus colchicus,Ring-necked Pheasant,Chris Batty,Creative Commons Attribution-NonCommercial-ShareAlike 4.0,2.5,05:49,https://www.xeno-canto.org/507932,rinphe/XC507932.ogg
rinphe,[],"['flight call', 'male']",52.624,-0.7697,Phasianus colchicus,Ring-necked Pheasant,Andrew Harrop,Creative Commons Attribution-NonCommercial-ShareAlike 4.0,5.0,09:00,https://www.xeno-canto.org/509327,rinphe/XC509327.ogg
rinphe,[],['flight call'],48.7027,2.1156,Phasianus colchicus,Ring-necked Pheasant,Stanislas Wroza,Creative Commons Attribution-NonCommercial-ShareAlike 4.0,3.0,08:00,https://www.xeno-canto.org/522607,rinphe/XC522607.ogg
rinphe,[],['flight call'],48.9823,2.1633,Phasianus colchicus,Ring-necked Pheasant,Stanislas Wroza,Creative Commons Attribution-NonCommercial-ShareAlike 4.0,4.0,08:30,https://www.xeno-canto.org/522817,rinphe/XC522817.ogg
rinphe,[],"['call', 'sex uncertain', 'song']",45.5564,10.5739,Phasianus colchicus,Ring-necked Pheasant,Francesco Sottile,Creative Commons Attribution-NonCommercial-ShareAlike 4.0,4.0,12:39,https://www.xeno-canto.org/531888,rinphe/XC531888.ogg
rinphe,[],"['call', 'flight call', 'song']",48.7027,2.1156,Phasianus colchicus,Ring-necked Pheasant,Stanislas Wroza,Creative Commons Attribution-NonCommercial-ShareAlike 4.0,4.0,19:30,https://www.xeno-canto.org/534742,rinphe/XC534742.ogg
rinphe,[],"['alarm call', 'call', 'interaction calls']",48.7027,2.1156,Phasianus colchicus,Ring-necked Pheasant,Stanislas Wroza,Creative Commons Attribution-NonCommercial-ShareAlike 4.0,4.0,19:30,https://www.xeno-canto.org/534743,rinphe/XC534743.ogg
rinphe,[],"['alarm call', 'call', 'interaction calls']",48.7027,2.1156,Phasianus colchicus,Ring-necked Pheasant,Stanislas Wroza,Creative Commons Attribution-NonCommercial-ShareAlike 4.0,4.0,19:30,https://www.xeno-canto.org/534744,rinphe/XC534744.ogg
rinphe,[],['wing beats'],49.0083,1.7567,Phasianus colchicus,Ring-necked Pheasant,Stanislas Wroza,Creative Commons Attribution-NonCommercial-ShareAlike 4.0,4.0,20:30,https://www.xeno-canto.org/535451,rinphe/XC535451.ogg
rinphe,[],['song'],50.0818,18.9678,Phasianus colchicus,Ring-necked Pheasant,Ireneusz Oleksik,Creative Commons Attribution-NonCommercial-ShareAlike 4.0,4.5,18:23,https://www.xeno-canto.org/536132,rinphe/XC536132.ogg
rinphe,[],['song'],50.0818,18.9678,Phasianus colchicus,Ring-necked Pheasant,Ireneusz Oleksik,Creative Commons Attribution-NonCommercial-ShareAlike 4.0,4.0,04:24,https://www.xeno-canto.org/536137,rinphe/XC536137.ogg
rinphe,[],['song'],50.1676,8.7636,Phasianus colchicus,Ring-necked Pheasant,brickegickel,Creative Commons Attribution-NonCommercial-ShareAlike 4.0,4.0,06:30,https://www.xeno-canto.org/538548,rinphe/XC538548.ogg
rinphe,[],['song'],50.1676,8.7636,Phasianus colchicus,Ring-necked Pheasant,brickegickel,Creative Commons Attribution-NonCommercial-ShareAlike 4.0,4.0,06:30,https://www.xeno-canto.org/538549,rinphe/XC538549.ogg
rinphe,[],['song'],50.1676,8.7636,Phasianus colchicus,Ring-necked Pheasant,brickegickel,Creative Commons Attribution-NonCommercial-ShareAlike 4.0,4.0,06:30,https://www.xeno-canto.org/538550,rinphe/XC538550.ogg
rinphe,[],['flight call'],50.0832,18.9544,Phasianus colchicus,Ring-necked Pheasant,Ireneusz Oleksik,Creative Commons Attribution-NonCommercial-ShareAlike 4.0,2.5,18:00,https://www.xeno-canto.org/539322,rinphe/XC539322.ogg
rinphe,[],['flight call'],50.0832,18.9544,Phasianus colchicus,Ring-necked Pheasant,Ireneusz Oleksik,Creative Commons Attribution-NonCommercial-ShareAlike 4.0,4.0,18:05,https://www.xeno-canto.org/539324,rinphe/XC539324.ogg
rinphe,[],['song'],50.0832,18.9544,Phasianus colchicus,Ring-necked Pheasant,Ireneusz Oleksik,Creative Commons Attribution-NonCommercial-ShareAlike 4.0,3.0,18:37,https://www.xeno-canto.org/539325,rinphe/XC539325.ogg
rinphe,[],"['flight call', 'song']",50.0832,18.9544,Phasianus colchicus,Ring-necked Pheasant,Ireneusz Oleksik,Creative Commons Attribution-NonCommercial-ShareAlike 4.0,3.5,19:45,https://www.xeno-canto.org/539930,rinphe/XC539930.ogg
rinphe,[],"['Wing flapping', 'song']",50.4598,3.6947,Phasianus colchicus,Ring-necked Pheasant,Alain Malengreau,Creative Commons Attribution-NonCommercial-ShareAlike 4.0,5.0,10:40,https://www.xeno-canto.org/541013,rinphe/XC541013.ogg
rinphe,[],"['alarm call', 'flight call']",50.4582,3.6962,Phasianus colchicus,Ring-necked Pheasant,Alain Malengreau,Creative Commons Attribution-NonCommercial-ShareAlike 4.0,5.0,21:10,https://www.xeno-canto.org/541189,rinphe/XC541189.ogg
rinphe,[],"['adult', 'male', 'song']",50.1764,8.6559,Phasianus colchicus,Ring-necked Pheasant,W. Agster,Creative Commons Attribution-NonCommercial-ShareAlike 4.0,5.0,08:30,https://www.xeno-canto.org/542665,rinphe/XC542665.ogg
rinphe,[],['song'],60.2337,25.1637,Phasianus colchicus,Ring-necked Pheasant,Hannu Varkki,Creative Commons Attribution-NonCommercial-ShareAlike 4.0,4.5,07:00,https://www.xeno-canto.org/545332,rinphe/XC545332.ogg
rinphe,[],['call'],57.48,-4.1667,Phasianus colchicus,Ring-necked Pheasant,B Whyte,Creative Commons Attribution-NonCommercial-ShareAlike 4.0,4.0,16:00,https://www.xeno-canto.org/545551,rinphe/XC545551.ogg
rinphe,[],"['adult', 'male', 'song']",52.2615,20.6946,Phasianus colchicus,Ring-necked Pheasant,Jarek Matusiak,Creative Commons Attribution-NonCommercial-ShareAlike 4.0,5.0,07:00,https://www.xeno-canto.org/546301,rinphe/XC546301.ogg
rinphe,[],"['adult', 'male', 'song']",52.2615,20.6946,Phasianus colchicus,Ring-necked Pheasant,Jarek Matusiak,Creative Commons Attribution-NonCommercial-ShareAlike 4.0,5.0,07:00,https://www.xeno-canto.org/546302,rinphe/XC546302.ogg
rinphe,[],"['adult', 'call', 'male']",51.952,4.9955,Phasianus colchicus,Ring-necked Pheasant,Albert Noorlander,Creative Commons Attribution-NonCommercial-ShareAlike 4.0,5.0,09:45,https://www.xeno-canto.org/548020,rinphe/XC548020.ogg
rinphe,[],['call'],50.4589,3.1367,Phasianus colchicus,Ring-necked Pheasant,Amélie Le Mieux,Creative Commons Attribution-NonCommercial-ShareAlike 4.0,4.0,18:30,https://www.xeno-canto.org/548032,rinphe/XC548032.ogg
rinphe,[],"['male', 'song']",60.4607,22.2987,Phasianus colchicus,Ring-necked Pheasant,Daniele Baroni,Creative Commons Attribution-NonCommercial-ShareAlike 4.0,0.0,05:15,https://www.xeno-canto.org/551265,rinphe/XC551265.ogg
rinphe,[],"['aberrant', 'male', 'song']",50.4577,3.6921,Phasianus colchicus,Ring-necked Pheasant,Alain Malengreau,Creative Commons Attribution-NonCommercial-ShareAlike 4.0,5.0,20:00,https://www.xeno-canto.org/552359,rinphe/XC552359.ogg
rinphe,[],"['aberrant', 'male', 'song']",50.4577,3.6921,Phasianus colchicus,Ring-necked Pheasant,Alain Malengreau,Creative Commons Attribution-NonCommercial-ShareAlike 4.0,5.0,20:00,https://www.xeno-canto.org/552360,rinphe/XC552360.ogg
rinphe,[],"['male', 'song']",60.461,22.2997,Phasianus colchicus,Ring-necked Pheasant,Daniele Baroni,Creative Commons Attribution-NonCommercial-ShareAlike 4.0,0.0,07:48,https://www.xeno-canto.org/552586,rinphe/XC552586.ogg
rinphe,[],"['adult', 'male', 'song']",51.1404,4.9925,Phasianus colchicus,Ring-necked Pheasant,Niels Van Doninck,Creative Commons Attribution-NonCommercial-ShareAlike 4.0,4.5,20:45,https://www.xeno-canto.org/553612,rinphe/XC553612.ogg
rinphe,['skylar'],"['adult', 'male', 'song']",52.5884,13.1344,Phasianus colchicus,Ring-necked Pheasant,Stephan Risch,Creative Commons Attribution-NonCommercial-ShareAlike 4.0,3.5,16:14,https://www.xeno-canto.org/555061,rinphe/XC555061.ogg
rinphe,[],['song'],50.133,18.9274,Phasianus colchicus,Ring-necked Pheasant,Ireneusz Oleksik,Creative Commons Attribution-NonCommercial-ShareAlike 4.0,5.0,13:07,https://www.xeno-canto.org/557017,rinphe/XC557017.ogg
rinphe,[],['call'],44.0606,1.9514,Phasianus colchicus,Ring-necked Pheasant,Cedric Mroczko,Creative Commons Attribution-NonCommercial-ShareAlike 4.0,3.5,18:30,https://www.xeno-canto.org/558131,rinphe/XC558131.ogg
rinphe,[],"['life stage uncertain', 'nocturnal flight call', 'sex uncertain']",52.9908,-2.5086,Phasianus colchicus,Ring-necked Pheasant,Phil Stockton,Creative Commons Attribution-NonCommercial-ShareAlike 4.0,1.0,01:46,https://www.xeno-canto.org/566541,rinphe/XC566541.ogg
rinphe,[],"['call', 'life stage uncertain', 'sex uncertain']",52.0577,-8.5295,Phasianus colchicus,Ring-necked Pheasant,Mr Mark Shorten,Creative Commons Attribution-NonCommercial-ShareAlike 4.0,4.0,02:00,https://www.xeno-canto.org/566725,rinphe/XC566725.ogg
rinphe,[],"['call', 'life stage uncertain', 'sex uncertain']",52.0577,-8.5295,Phasianus colchicus,Ring-necked Pheasant,Mr Mark Shorten,Creative Commons Attribution-NonCommercial-ShareAlike 4.0,4.0,02:00,https://www.xeno-canto.org/566726,rinphe/XC566726.ogg
rinphe,[],"['call', 'life stage uncertain', 'sex uncertain']",52.0577,-8.5295,Phasianus colchicus,Ring-necked Pheasant,Mr Mark Shorten,Creative Commons Attribution-NonCommercial-ShareAlike 4.0,4.0,02:00,https://www.xeno-canto.org/566727,rinphe/XC566727.ogg
rinphe,[],['song'],38.4893,-6.0756,Phasianus colchicus,Ring-necked Pheasant,Eduardo Realinho,Creative Commons Attribution-NonCommercial-ShareAlike 4.0,5.0,21:30,https://www.xeno-canto.org/574692,rinphe/XC574692.ogg
rinphe,[],['song'],39.3212,-121.8164,Phasianus colchicus,Ring-necked Pheasant,Ed Pandolfino,Creative Commons Attribution-NonCommercial-ShareAlike 4.0,5.0,12:20,https://www.xeno-canto.org/578134,rinphe/XC578134.ogg
rinphe,[],['male'],52.3232,17.0478,Phasianus colchicus,Ring-necked Pheasant,Sławomir Karpicki-Ignatowski,Creative Commons Attribution-NonCommercial-ShareAlike 4.0,4.0,19:00,https://www.xeno-canto.org/579933,rinphe/XC579933.ogg
rinphe,[],"['call', 'song']",52.6318,-1.8809,Phasianus colchicus,Ring-necked Pheasant,Oscar Campbell,Creative Commons Attribution-NonCommercial-ShareAlike 4.0,5.0,20:00,https://www.xeno-canto.org/582365,rinphe/XC582365.ogg
rinphe,[],"['alarm call', 'nocturnal flight call']",52.9699,-2.5805,Phasianus colchicus,Ring-necked Pheasant,Phil Stockton,Creative Commons Attribution-NonCommercial-ShareAlike 4.0,5.0,02:59,https://www.xeno-canto.org/585911,rinphe/XC585911.ogg
rinphe,[],['song'],46.7058,0.5114,Phasianus colchicus,Ring-necked Pheasant,Jack Berteau,Creative Commons Attribution-NonCommercial-ShareAlike 4.0,5.0,09:00,https://www.xeno-canto.org/587533,rinphe/XC587533.ogg
rinphe,[],"['adult', 'male']",56.1599,14.8494,Phasianus colchicus,Ring-necked Pheasant,Mats Olsson,Creative Commons Attribution-NonCommercial-ShareAlike 4.0,5.0,09:00,https://www.xeno-canto.org/591743,rinphe/XC591743.ogg
rinphe,[],"['call', 'male']",43.7869,7.6304,Phasianus colchicus,Ring-necked Pheasant,Enrico Carta,Creative Commons Attribution-NonCommercial-ShareAlike 4.0,5.0,12:21,https://www.xeno-canto.org/593135,rinphe/XC593135.ogg
rinphe,[],['alarm call'],50.8024,-1.9836,Phasianus colchicus,Ring-necked Pheasant,Martin Wood,Creative Commons Attribution-NonCommercial-ShareAlike 4.0,4.0,01:30,https://www.xeno-canto.org/593882,rinphe/XC593882.ogg
rinphe,[],"['begging call', 'juvenile']",50.8467,1.5992,Phasianus colchicus,Ring-necked Pheasant,Stanislas Wroza,Creative Commons Attribution-NonCommercial-ShareAlike 4.0,5.0,07:30,https://www.xeno-canto.org/594164,rinphe/XC594164.ogg
rinphe,[],"['begging call', 'juvenile']",50.8467,1.5992,Phasianus colchicus,Ring-necked Pheasant,Stanislas Wroza,Creative Commons Attribution-NonCommercial-ShareAlike 4.0,4.0,07:30,https://www.xeno-canto.org/594167,rinphe/XC594167.ogg
rinphe,[],"['adult', 'alarm call', 'male', 'song']",50.1548,1.7237,Phasianus colchicus,Ring-necked Pheasant,Tristan Guillebot de Nerville,Creative Commons Attribution-NonCommercial-ShareAlike 4.0,4.5,19:43,https://www.xeno-canto.org/596855,rinphe/XC596855.ogg
rinphe,[],['flight call'],48.646,1.6399,Phasianus colchicus,Ring-necked Pheasant,Tanguy Loïs,Creative Commons Attribution-NonCommercial-ShareAlike 4.0,5.0,08:30,https://www.xeno-canto.org/598494,rinphe/XC598494.ogg
rinphe,[],['flight call'],50.438,16.2128,Phasianus colchicus,Ring-necked Pheasant,Romuald Mikusek,Creative Commons Attribution-NonCommercial-ShareAlike 4.0,4.0,07:00,https://www.xeno-canto.org/598670,rinphe/XC598670.ogg
rinphe,[],['alarm call'],43.4896,1.48,Phasianus colchicus,Ring-necked Pheasant,riou,Creative Commons Attribution-NonCommercial-ShareAlike 4.0,4.0,02:00,https://www.xeno-canto.org/601931,rinphe/XC601931.ogg
rinphe,[],"['adult', 'call', 'male']",53.3196,-1.6331,Phasianus colchicus,Ring-necked Pheasant,Paul Howden-Leach,Creative Commons Attribution-NonCommercial-ShareAlike 4.0,4.0,21:00,https://www.xeno-canto.org/603348,rinphe/XC603348.ogg
rinphe,[],"['adult', 'call', 'male']",50.126,-119.5094,Phasianus colchicus,Ring-necked Pheasant,Peter Ward and Ken Hall,Creative Commons Attribution-NonCommercial-ShareAlike 4.0,5.0,10:30,https://www.xeno-canto.org/603742,rinphe/XC603742.ogg
rinphe,[],"['adult', 'call', 'male']",59.9407,17.875,Phasianus colchicus,Ring-necked Pheasant,Baltasar Pinheiro,Creative Commons Attribution-NonCommercial-ShareAlike 4.0,5.0,09:30,https://www.xeno-canto.org/606342,rinphe/XC606342.ogg
rinphe,[],"['flight call', 'wing beats']",48.9823,2.1633,Phasianus colchicus,Ring-necked Pheasant,Stanislas Wroza,Creative Commons Attribution-NonCommercial-ShareAlike 4.0,5.0,08:00,https://www.xeno-canto.org/606398,rinphe/XC606398.ogg
rinphe,[],"['flight call', 'wing beats']",48.9823,2.1633,Phasianus colchicus,Ring-necked Pheasant,Stanislas Wroza,Creative Commons Attribution-NonCommercial-ShareAlike 4.0,4.0,08:00,https://www.xeno-canto.org/606400,rinphe/XC606400.ogg
rinphe,[],['flight call'],50.471,3.7112,Phasianus colchicus,Ring-necked Pheasant,Alain Malengreau,Creative Commons Attribution-NonCommercial-ShareAlike 4.0,5.0,16:45,https://www.xeno-canto.org/607102,rinphe/XC607102.ogg
rinphe,[],['flight call'],48.7027,2.1156,Phasianus colchicus,Ring-necked Pheasant,Stanislas Wroza,Creative Commons Attribution-NonCommercial-ShareAlike 4.0,5.0,17:30,https://www.xeno-canto.org/609220,rinphe/XC609220.ogg
rinphe,[],['song'],51.8603,-8.2672,Phasianus colchicus,Ring-necked Pheasant,Irish Wildlife Sounds,Creative Commons Attribution-NonCommercial-ShareAlike 4.0,3.0,07:00,https://www.xeno-canto.org/618160,rinphe/XC618160.ogg
rinphe,[],['call'],22.6919,121.0714,Phasianus colchicus,Ring-necked Pheasant,Sunny Tseng,Creative Commons Attribution-NonCommercial-ShareAlike 4.0,4.0,16:30,https://www.xeno-canto.org/622520,rinphe/XC622520.ogg
rinphe,[],['call'],50.5952,3.357,Phasianus colchicus,Ring-necked Pheasant,Bernard Collet,Creative Commons Attribution-NonCommercial-ShareAlike 4.0,5.0,15:30,https://www.xeno-canto.org/625911,rinphe/XC625911.ogg
rinphe,[],['song'],51.8585,-8.2699,Phasianus colchicus,Ring-necked Pheasant,Irish Wildlife Sounds,Creative Commons Attribution-NonCommercial-ShareAlike 4.0,4.0,09:00,https://www.xeno-canto.org/626983,rinphe/XC626983.ogg
rinphe,[],['call'],52.4099,-1.4177,Phasianus colchicus,Ring-necked Pheasant,Nikolay Sariev,Creative Commons Attribution-NonCommercial-ShareAlike 4.0,4.5,18:30,https://www.xeno-canto.org/627528,rinphe/XC627528.ogg
rinphe,[],"['adult', 'call', 'male']",52.1788,4.8311,Phasianus colchicus,Ring-necked Pheasant,Albert Noorlander,Creative Commons Attribution-NonCommercial-ShareAlike 4.0,5.0,07:15,https://www.xeno-canto.org/629238,rinphe/XC629238.ogg
rinphe,[],"['call', 'male']",52.3931,10.179,Phasianus colchicus,Ring-necked Pheasant,Sven Kransel,Creative Commons Attribution-NonCommercial-ShareAlike 4.0,4.5,07:55,https://www.xeno-canto.org/635038,rinphe/XC635038.ogg
rinphe,['rinphe'],['call'],52.3994,-1.4051,Phasianus colchicus,Ring-necked Pheasant,Nikolay Sariev,Creative Commons Attribution-NonCommercial-ShareAlike 4.0,4.5,16:31,https://www.xeno-canto.org/635264,rinphe/XC635264.ogg
rinphe,['rinphe'],['call'],52.3994,-1.4051,Phasianus colchicus,Ring-necked Pheasant,Nikolay Sariev,Creative Commons Attribution-NonCommercial-ShareAlike 4.0,4.5,18:47,https://www.xeno-canto.org/635266,rinphe/XC635266.ogg
rinphe,['rinphe'],['call'],52.3994,-1.4051,Phasianus colchicus,Ring-necked Pheasant,Nikolay Sariev,Creative Commons Attribution-NonCommercial-ShareAlike 4.0,4.5,17:03,https://www.xeno-canto.org/635270,rinphe/XC635270.ogg
rinphe,[],['call'],52.3994,-1.4051,Phasianus colchicus,Ring-necked Pheasant,Nikolay Sariev,Creative Commons Attribution-NonCommercial-ShareAlike 4.0,4.5,17:12,https://www.xeno-canto.org/635273,rinphe/XC635273.ogg
rinphe,[],['call'],50.5796,-1.2984,Phasianus colchicus,Ring-necked Pheasant,Jon Sparshott,Creative Commons Attribution-NonCommercial-ShareAlike 4.0,1.0,03:42,https://www.xeno-canto.org/635813,rinphe/XC635813.ogg
rinphe,[],"['adult', 'call', 'male', 'song']",52.9744,-1.6941,Phasianus colchicus,Ring-necked Pheasant,Jon Lowes,Creative Commons Attribution-NonCommercial-ShareAlike 4.0,3.5,14:00,https://www.xeno-canto.org/637879,rinphe/XC637879.ogg
rinphe,[],['call'],51.8237,-1.1685,Phasianus colchicus,Ring-necked Pheasant,Arjun Dutta,Creative Commons Attribution-NonCommercial-ShareAlike 4.0,3.0,10:00,https://www.xeno-canto.org/638311,rinphe/XC638311.ogg
rinphe,[],"['call', 'song']",48.6371,1.6444,Phasianus colchicus,Ring-necked Pheasant,Tanguy Loïs,Creative Commons Attribution-NonCommercial-ShareAlike 4.0,4.5,21:30,https://www.xeno-canto.org/640749,rinphe/XC640749.ogg
rinphe,[],"['male', 'song']",50.1233,18.9247,Phasianus colchicus,Ring-necked Pheasant,Ireneusz Oleksik,Creative Commons Attribution-NonCommercial-ShareAlike 4.0,3.5,19:55,https://www.xeno-canto.org/641393,rinphe/XC641393.ogg
rinphe,[],"['male', 'song']",50.1233,18.9247,Phasianus colchicus,Ring-necked Pheasant,Ireneusz Oleksik,Creative Commons Attribution-NonCommercial-ShareAlike 4.0,4.5,19:54,https://www.xeno-canto.org/641398,rinphe/XC641398.ogg
rinphe,[],"['adult', 'male', 'song']",50.0867,19.4608,Phasianus colchicus,Ring-necked Pheasant,Karol Łanocha,Creative Commons Attribution-NonCommercial-ShareAlike 4.0,4.5,12:00,https://www.xeno-canto.org/644773,rinphe/XC644773.ogg
rinphe,[],"['adult', 'male', 'song']",50.0863,19.4624,Phasianus colchicus,Ring-necked Pheasant,Karol Łanocha,Creative Commons Attribution-NonCommercial-ShareAlike 4.0,4.5,11:50,https://www.xeno-canto.org/644777,rinphe/XC644777.ogg
rinphe,[],"['Wingflap', 'call', 'male']",56.1541,12.8653,Phasianus colchicus,Ring-necked Pheasant,Aladdin,Creative Commons Attribution-NonCommercial-ShareAlike 4.0,1.0,12:00,https://www.xeno-canto.org/645803,rinphe/XC645803.ogg
rinphe,[],"['adult', 'call', 'song']",52.29,10.224,Phasianus colchicus,Ring-necked Pheasant,Sven Kransel,Creative Commons Attribution-NonCommercial-ShareAlike 4.0,3.0,06:58,https://www.xeno-canto.org/647904,rinphe/XC647904.ogg
rinphe,[],"['adult', 'call', 'song']",52.29,10.224,Phasianus colchicus,Ring-necked Pheasant,Sven Kransel,Creative Commons Attribution-NonCommercial-ShareAlike 4.0,3.5,06:58,https://www.xeno-canto.org/647905,rinphe/XC647905.ogg
rinphe,[],"['adult', 'call', 'male']",43.2392,-0.0517,Phasianus colchicus,Ring-necked Pheasant,Bernard BOUSQUET,Creative Commons Attribution-NonCommercial-ShareAlike 4.0,5.0,11:30,https://www.xeno-canto.org/648725,rinphe/XC648725.ogg
rinphe,[],"['adult', 'call', 'male']",41.2702,1.8597,Phasianus colchicus,Ring-necked Pheasant,Sergi,Creative Commons Attribution-NonCommercial-ShareAlike 4.0,5.0,20:24,https://www.xeno-canto.org/649824,rinphe/XC649824.ogg
rinphe,[],"['call', 'male']",35.8536,126.6471,Phasianus colchicus,Ring-necked Pheasant,Byoungsoon Jang,Creative Commons Attribution-NonCommercial-ShareAlike 4.0,4.0,07:30,https://www.xeno-canto.org/656600,rinphe/XC656600.ogg
rinphe,[],"['call', 'male']",35.9213,126.7518,Phasianus colchicus,Ring-necked Pheasant,Byoungsoon Jang,Creative Commons Attribution-NonCommercial-ShareAlike 4.0,4.0,06:00,https://www.xeno-canto.org/656622,rinphe/XC656622.ogg
rinphe,[],"['adult', 'alarm call', 'male']",59.5624,18.2461,Phasianus colchicus,Ring-necked Pheasant,Gunnar Dolk,Creative Commons Attribution-NonCommercial-ShareAlike 4.0,5.0,06:30,https://www.xeno-canto.org/661186,rinphe/XC661186.ogg
rinphe,[],['adult'],48.2554,19.8146,Phasianus colchicus,Ring-necked Pheasant,Peter Nociar,Creative Commons Attribution-NonCommercial-ShareAlike 4.0,4.0,19:30,https://www.xeno-canto.org/663201,rinphe/XC663201.ogg
rinphe,[],"['call', 'life stage uncertain', 'sex uncertain']",51.7781,16.5051,Phasianus colchicus,Ring-necked Pheasant,Grzegorz Lorek,Creative Commons Attribution-NonCommercial-ShareAlike 4.0,3.0,19:00,https://www.xeno-canto.org/664842,rinphe/XC664842.ogg
rinphe,[],"['call', 'life stage uncertain', 'sex uncertain']",51.0468,17.3548,Phasianus colchicus,Ring-necked Pheasant,Grzegorz Lorek,Creative Commons Attribution-NonCommercial-ShareAlike 4.0,4.0,05:01,https://www.xeno-canto.org/665226,rinphe/XC665226.ogg
rinphe,[],['call'],52.853,-6.0858,Phasianus colchicus,Ring-necked Pheasant,Irish Wildlife Sounds,Creative Commons Attribution-NonCommercial-ShareAlike 4.0,5.0,20:00,https://www.xeno-canto.org/666958,rinphe/XC666958.ogg
rinphe,[],['call'],43.0802,-96.1643,Phasianus colchicus,Ring-necked Pheasant,Jonathon Jongsma,Creative Commons Attribution-ShareAlike 3.0,4.0,06:38,https://www.xeno-canto.org/83152,rinphe/XC83152.ogg
rocpig,[],['song'],-20.8004,-42.8884,Columba livia,Rock Pigeon,Noé Eiterer,Creative Commons Attribution-NonCommercial-ShareAlike 3.0,2.0,14:30,https://www.xeno-canto.org/113783,rocpig/XC113783.ogg
rocpig,[],"['male', 'song']",52.2129,21.0353,Columba livia,Rock Pigeon,Jarek Matusiak,Creative Commons Attribution-NonCommercial-ShareAlike 3.0,4.0,13:00,https://www.xeno-canto.org/116226,rocpig/XC116226.ogg
rocpig,[],"['alarm call', 'alarm clapping with wings']",52.2776,20.9679,Columba livia,Rock Pigeon,Jarek Matusiak,Creative Commons Attribution-NonCommercial-ShareAlike 3.0,3.0,14:00,https://www.xeno-canto.org/121677,rocpig/XC121677.ogg
rocpig,[],"['aberrant', 'song']",52.2776,20.9679,Columba livia,Rock Pigeon,Jarek Matusiak,Creative Commons Attribution-NonCommercial-ShareAlike 3.0,4.0,14:00,https://www.xeno-canto.org/121680,rocpig/XC121680.ogg
rocpig,[],"['male', 'song']",56.1364,47.244,Columba livia,Rock Pigeon,Albert Lastukhin,Creative Commons Attribution-NonCommercial-ShareAlike 3.0,4.0,12:30,https://www.xeno-canto.org/126804,rocpig/XC126804.ogg
rocpig,[],"['male', 'song']",56.0828,47.29,Columba livia,Rock Pigeon,Albert Lastukhin,Creative Commons Attribution-NonCommercial-ShareAlike 3.0,3.0,16:00,https://www.xeno-canto.org/129886,rocpig/XC129886.ogg
rocpig,[],['song'],56.0888,46.6264,Columba livia,Rock Pigeon,Albert Lastukhin,Creative Commons Attribution-NonCommercial-ShareAlike 3.0,2.0,05:30,https://www.xeno-canto.org/144228,rocpig/XC144228.ogg
rocpig,[],['song'],41.1071,-4.9553,Columba livia,Rock Pigeon,Patrik Åberg,Creative Commons Attribution-NonCommercial-ShareAlike 3.0,3.5,06:03,https://www.xeno-canto.org/149044,rocpig/XC149044.ogg
rocpig,[],['wings claps'],56.1283,47.4026,Columba livia,Rock Pigeon,Albert Lastukhin,Creative Commons Attribution-NonCommercial-ShareAlike 3.0,2.0,11:30,https://www.xeno-canto.org/154259,rocpig/XC154259.ogg
rocpig,[],['song'],15.5442,73.7733,Columba livia,Rock Pigeon,Albert Lastukhin,Creative Commons Attribution-NonCommercial-ShareAlike 3.0,2.0,05:30,https://www.xeno-canto.org/163851,rocpig/XC163851.ogg
rocpig,[],"['Wingbeat', 'call']",45.3675,-73.8566,Columba livia,Rock Pigeon,Patrick Turgeon,Creative Commons Attribution-NonCommercial-ShareAlike 3.0,5.0,16:19,https://www.xeno-canto.org/169211,rocpig/XC169211.ogg
rocpig,[],"['Wingbeat', 'call']",45.3675,-73.8566,Columba livia,Rock Pigeon,Patrick Turgeon,Creative Commons Attribution-NonCommercial-ShareAlike 3.0,4.0,16:48,https://www.xeno-canto.org/169212,rocpig/XC169212.ogg
rocpig,[],['song'],43.0869,2.9591,Columba livia,Rock Pigeon,Bernard BOUSQUET,Creative Commons Attribution-NonCommercial-ShareAlike 3.0,1.5,11:00,https://www.xeno-canto.org/170450,rocpig/XC170450.ogg
rocpig,[],['call'],36.4744,-121.1864,Columba livia,Rock Pigeon,Thomas G. Graves,Creative Commons Attribution-NonCommercial-ShareAlike 4.0,4.5,10:41,https://www.xeno-canto.org/178529,rocpig/XC178529.ogg
rocpig,[],"['begging call', 'juvenile']",19.689,-101.206,Columba livia,Rock Pigeon,Elvis Herrera Rodríguez,Creative Commons Attribution-NonCommercial-ShareAlike 4.0,3.0,01:30,https://www.xeno-canto.org/181094,rocpig/XC181094.ogg
rocpig,[],"['call', 'song']",23.5351,87.3447,Columba livia,Rock Pigeon,Saikat Adhurya,Creative Commons Attribution-NonCommercial-ShareAlike 4.0,2.0,15:30,https://www.xeno-canto.org/187051,rocpig/XC187051.ogg
rocpig,[],['call'],52.0244,-4.7956,Columba livia,Rock Pigeon,Bernard BOUSQUET,Creative Commons Attribution-NonCommercial-ShareAlike 4.0,2.0,10:30,https://www.xeno-canto.org/194176,rocpig/XC194176.ogg
rocpig,[],['song'],-20.3179,57.5132,Columba livia,Rock Pigeon,Albert Lastukhin & Alexandr Shirjaev,Creative Commons Attribution-NonCommercial-ShareAlike 4.0,4.0,08:00,https://www.xeno-canto.org/199202,rocpig/XC199202.ogg
rocpig,[],"['Wingbeat', 'song']",6.2666,-75.5688,Columba livia,Rock Pigeon,Danny Zapata-Henao,Creative Commons Attribution-NonCommercial-ShareAlike 4.0,3.0,06:25,https://www.xeno-canto.org/202269,rocpig/XC202269.ogg
rocpig,"['spodov', 'zebdov']","['male', 'song']",21.4007,-157.7898,Columba livia,Rock Pigeon,Ross Gallardy,Creative Commons Attribution-NonCommercial-ShareAlike 4.0,3.5,08:30,https://www.xeno-canto.org/207424,rocpig/XC207424.ogg
rocpig,[],['song'],15.5442,73.7733,Columba livia,Rock Pigeon,Albert Lastukhin & Sergei Karpeev,Creative Commons Attribution-NonCommercial-ShareAlike 4.0,2.0,08:00,https://www.xeno-canto.org/208882,rocpig/XC208882.ogg
rocpig,[],"['male', 'song']",56.092,47.2613,Columba livia,Rock Pigeon,Albert Lastukhin,Creative Commons Attribution-NonCommercial-ShareAlike 4.0,5.0,13:00,https://www.xeno-canto.org/217672,rocpig/XC217672.ogg
rocpig,[],"['male', 'song']",56.092,47.2613,Columba livia,Rock Pigeon,Albert Lastukhin,Creative Commons Attribution-NonCommercial-ShareAlike 4.0,4.0,12:30,https://www.xeno-canto.org/217673,rocpig/XC217673.ogg
rocpig,[],"['cooing', 'flapping wings', 'male', 'wing hits']",37.3753,-5.9874,Columba livia,Rock Pigeon,Carlos W.,Creative Commons Attribution-NonCommercial-ShareAlike 4.0,4.0,10:00,https://www.xeno-canto.org/246586,rocpig/XC246586.ogg
rocpig,[],['Beats wings'],-4.0025,-79.2,Columba livia,Rock Pigeon,Leonardo Ordóñez-Delgado,Creative Commons Attribution-NonCommercial-ShareAlike 4.0,4.0,06:00,https://www.xeno-canto.org/246701,rocpig/XC246701.ogg
rocpig,[],['song'],-0.059,-78.346,Columba livia,Rock Pigeon,John V. Moore,Creative Commons Attribution-NonCommercial-ShareAlike 4.0,3.5,?,https://www.xeno-canto.org/257592,rocpig/XC257592.ogg
rocpig,[],['song'],-0.059,-78.346,Columba livia,Rock Pigeon,John V. Moore,Creative Commons Attribution-NonCommercial-ShareAlike 4.0,4.0,?,https://www.xeno-canto.org/257593,rocpig/XC257593.ogg
rocpig,[],['wing flapping display'],37.807,23.786,Columba livia,Rock Pigeon,Olaf Jahn,Creative Commons Attribution-NonCommercial-ShareAlike 4.0,4.0,?,https://www.xeno-canto.org/261576,rocpig/XC261576.ogg
rocpig,[],"['alarm call', 'female']",37.2821,-6.0501,Columba livia,Rock Pigeon,Carlos W.,Creative Commons Attribution-NonCommercial-ShareAlike 4.0,4.0,11:30,https://www.xeno-canto.org/263180,rocpig/XC263180.ogg
rocpig,[],"['alarm call', 'female']",37.2821,-6.0501,Columba livia,Rock Pigeon,Carlos W.,Creative Commons Attribution-NonCommercial-ShareAlike 4.0,4.0,11:30,https://www.xeno-canto.org/263181,rocpig/XC263181.ogg
rocpig,[],"['alarm call', 'female']",37.2821,-6.0501,Columba livia,Rock Pigeon,Carlos W.,Creative Commons Attribution-NonCommercial-ShareAlike 4.0,4.0,11:30,https://www.xeno-canto.org/263182,rocpig/XC263182.ogg
rocpig,[],"['alarm call', 'female']",37.2821,-6.0501,Columba livia,Rock Pigeon,Carlos W.,Creative Commons Attribution-NonCommercial-ShareAlike 4.0,3.5,11:30,https://www.xeno-canto.org/263183,rocpig/XC263183.ogg
rocpig,[],"['begging call', 'juvenile']",44.2051,132.4161,Columba livia,Rock Pigeon,Albert Lastukhin,Creative Commons Attribution-NonCommercial-ShareAlike 4.0,3.0,08:00,https://www.xeno-canto.org/266218,rocpig/XC266218.ogg
rocpig,[],['begging call'],44.2051,132.4161,Columba livia,Rock Pigeon,Albert Lastukhin,Creative Commons Attribution-NonCommercial-ShareAlike 4.0,4.0,08:00,https://www.xeno-canto.org/266224,rocpig/XC266224.ogg
rocpig,[],"['call', 'song']",55.8697,48.0544,Columba livia,Rock Pigeon,Albert Lastukhin,Creative Commons Attribution-NonCommercial-ShareAlike 4.0,4.0,10:30,https://www.xeno-canto.org/269761,rocpig/XC269761.ogg
rocpig,[],"['call', 'song']",55.8697,48.0544,Columba livia,Rock Pigeon,Albert Lastukhin,Creative Commons Attribution-NonCommercial-ShareAlike 4.0,5.0,10:30,https://www.xeno-canto.org/269762,rocpig/XC269762.ogg
rocpig,[],"['call', 'song']",55.8697,48.0544,Columba livia,Rock Pigeon,Albert Lastukhin,Creative Commons Attribution-NonCommercial-ShareAlike 4.0,5.0,10:30,https://www.xeno-canto.org/269763,rocpig/XC269763.ogg
rocpig,[],['song'],48.2601,7.4553,Columba livia,Rock Pigeon,Timo Tschentscher,Creative Commons Attribution-NonCommercial-ShareAlike 4.0,5.0,13:39,https://www.xeno-canto.org/270097,rocpig/XC270097.ogg
rocpig,[],['call'],12.9912,80.2363,Columba livia,Rock Pigeon,Vivek Puliyeri,Creative Commons Attribution-NonCommercial-ShareAlike 4.0,3.0,06:00,https://www.xeno-canto.org/286655,rocpig/XC286655.ogg
rocpig,[],['song'],60.1561,24.5308,Columba livia,Rock Pigeon,Eetu Paljakka,Creative Commons Attribution-NonCommercial-ShareAlike 4.0,4.0,09:46,https://www.xeno-canto.org/299839,rocpig/XC299839.ogg
rocpig,[],"['call', 'juvenile']",-4.0025,-79.2,Columba livia,Rock Pigeon,Leonardo Ordóñez-Delgado,Creative Commons Attribution-NonCommercial-ShareAlike 4.0,5.0,09:00,https://www.xeno-canto.org/302293,rocpig/XC302293.ogg
rocpig,[],"['Beat wings', 'song']",-3.3791,-80.1302,Columba livia,Rock Pigeon,Leonardo Ordóñez-Delgado,Creative Commons Attribution-NonCommercial-ShareAlike 4.0,4.5,08:00,https://www.xeno-canto.org/306692,rocpig/XC306692.ogg
rocpig,[],"['Wing flapping', 'song']",36.4744,-121.1864,Columba livia,Rock Pigeon,Thomas G. Graves,Creative Commons Attribution-NonCommercial-ShareAlike 4.0,4.5,9:02,https://www.xeno-canto.org/315410,rocpig/XC315410.ogg
rocpig,[],"['Wing whir', 'begging call', 'call', 'juvenile', 'nest call', 'wing flapping']",36.4744,-121.1864,Columba livia,Rock Pigeon,Thomas G. Graves,Creative Commons Attribution-NonCommercial-ShareAlike 4.0,4.5,9:02,https://www.xeno-canto.org/316785,rocpig/XC316785.ogg
rocpig,['houspa'],['song'],14.0425,-87.2198,Columba livia,Rock Pigeon,Alfonso Auerbach,Creative Commons Attribution-NonCommercial-ShareAlike 4.0,0.5,05:30,https://www.xeno-canto.org/323559,rocpig/XC323559.ogg
rocpig,['houspa'],['song'],14.0425,-87.2198,Columba livia,Rock Pigeon,Alfonso Auerbach,Creative Commons Attribution-NonCommercial-ShareAlike 4.0,0.5,05:30,https://www.xeno-canto.org/323560,rocpig/XC323560.ogg
rocpig,[],['song'],58.5323,14.5075,Columba livia,Rock Pigeon,Patrik Åberg,Creative Commons Attribution-NonCommercial-ShareAlike 4.0,5.0,05:52,https://www.xeno-canto.org/342145,rocpig/XC342145.ogg
rocpig,[],['wing beat; cooing'],44.3137,9.3397,Columba livia,Rock Pigeon,Andrea Simoncini,Creative Commons Attribution-NonCommercial-ShareAlike 4.0,3.0,10:00,https://www.xeno-canto.org/347881,rocpig/XC347881.ogg
rocpig,[],['song'],60.876,21.7083,Columba livia,Rock Pigeon,Tero Linjama,Creative Commons Attribution-NonCommercial-ShareAlike 4.0,4.0,07:00,https://www.xeno-canto.org/348079,rocpig/XC348079.ogg
rocpig,[],"['begging call', 'juvenile']",44.3137,9.3397,Columba livia,Rock Pigeon,Andrea Simoncini,Creative Commons Attribution-NonCommercial-ShareAlike 4.0,3.5,10:30,https://www.xeno-canto.org/348225,rocpig/XC348225.ogg
rocpig,[],['song'],32.6185,-117.1029,Columba livia,Rock Pigeon,Paul Marvin,Creative Commons Attribution-NonCommercial-ShareAlike 4.0,4.0,08:55,https://www.xeno-canto.org/349160,rocpig/XC349160.ogg
rocpig,[],['song'],32.6185,-117.1029,Columba livia,Rock Pigeon,Paul Marvin,Creative Commons Attribution-NonCommercial-ShareAlike 4.0,4.0,08:59,https://www.xeno-canto.org/349161,rocpig/XC349161.ogg
rocpig,[],['song'],23.7076,-15.9238,Columba livia,Rock Pigeon,Guy Kirwan,Creative Commons Attribution-NonCommercial-ShareAlike 4.0,3.0,07:30,https://www.xeno-canto.org/360364,rocpig/XC360364.ogg
rocpig,[],['song'],23.7076,-15.9238,Columba livia,Rock Pigeon,Guy Kirwan,Creative Commons Attribution-NonCommercial-ShareAlike 4.0,4.0,07:30,https://www.xeno-canto.org/360365,rocpig/XC360365.ogg
rocpig,[],"['call', 'song']",52.6058,1.4471,Columba livia,Rock Pigeon,GABRIEL LEITE,Creative Commons Attribution-NonCommercial-ShareAlike 4.0,4.0,07:30,https://www.xeno-canto.org/364890,rocpig/XC364890.ogg
rocpig,[],['song'],51.427,7.0111,Columba livia,Rock Pigeon,AFR,Creative Commons Attribution-NonCommercial-ShareAlike 4.0,3.5,08:26,https://www.xeno-canto.org/380349,rocpig/XC380349.ogg
rocpig,[],"['call', 'male']",48.367,10.9056,Columba livia,Rock Pigeon,johannes buhl,Creative Commons Attribution-NonCommercial-ShareAlike 4.0,3.0,08:30,https://www.xeno-canto.org/387811,rocpig/XC387811.ogg
rocpig,[],"['call', 'male']",48.367,10.9056,Columba livia,Rock Pigeon,johannes buhl,Creative Commons Attribution-NonCommercial-ShareAlike 4.0,3.0,08:30,https://www.xeno-canto.org/387812,rocpig/XC387812.ogg
rocpig,[],"['call', 'male']",48.367,10.9056,Columba livia,Rock Pigeon,johannes buhl,Creative Commons Attribution-NonCommercial-ShareAlike 4.0,3.0,09:30,https://www.xeno-canto.org/387814,rocpig/XC387814.ogg
rocpig,[],"['call', 'male']",48.367,10.9056,Columba livia,Rock Pigeon,johannes buhl,Creative Commons Attribution-NonCommercial-ShareAlike 4.0,2.0,09:30,https://www.xeno-canto.org/387815,rocpig/XC387815.ogg
rocpig,[],['song'],48.367,10.9056,Columba livia,Rock Pigeon,johannes buhl,Creative Commons Attribution-NonCommercial-ShareAlike 4.0,0.5,09:30,https://www.xeno-canto.org/387816,rocpig/XC387816.ogg
rocpig,['redjun'],"['male', 'song', 'wing-flaps']",49.5291,26.1417,Columba livia,Rock Pigeon,Ruslan Mazuryk,Creative Commons Attribution-NonCommercial-ShareAlike 4.0,1.5,12:39,https://www.xeno-canto.org/408823,rocpig/XC408823.ogg
rocpig,[],"['call', 'flight call', 'wing beats']",48.8688,2.0913,Columba livia,Rock Pigeon,Stanislas Wroza,Creative Commons Attribution-NonCommercial-ShareAlike 4.0,4.0,09:00,https://www.xeno-canto.org/412827,rocpig/XC412827.ogg
rocpig,[],['song'],-16.5631,-49.285,Columba livia,Rock Pigeon,JAYRSON ARAUJO DE OLIVEIRA,Creative Commons Attribution-NonCommercial-ShareAlike 4.0,3.0,09:25,https://www.xeno-canto.org/419252,rocpig/XC419252.ogg
rocpig,[],['song'],-16.5631,-49.285,Columba livia,Rock Pigeon,JAYRSON ARAUJO DE OLIVEIRA,Creative Commons Attribution-NonCommercial-ShareAlike 4.0,5.0,11:18,https://www.xeno-canto.org/436507,rocpig/XC436507.ogg
rocpig,[],['song'],-16.5631,-49.285,Columba livia,Rock Pigeon,JAYRSON ARAUJO DE OLIVEIRA,Creative Commons Attribution-NonCommercial-ShareAlike 4.0,4.5,17:18,https://www.xeno-canto.org/446270,rocpig/XC446270.ogg
rocpig,[],['song'],32.6185,-117.1029,Columba livia,Rock Pigeon,Paul Marvin,Creative Commons Attribution-NonCommercial-ShareAlike 4.0,4.0,07:54,https://www.xeno-canto.org/448944,rocpig/XC448944.ogg
rocpig,[],['song'],31.9387,-105.2013,Columba livia,Rock Pigeon,Paul Marvin,Creative Commons Attribution-NonCommercial-ShareAlike 4.0,3.0,10:00,https://www.xeno-canto.org/453906,rocpig/XC453906.ogg
rocpig,[],"['call', 'song', 'wing noise']",31.9387,-105.2013,Columba livia,Rock Pigeon,Paul Marvin,Creative Commons Attribution-NonCommercial-ShareAlike 4.0,3.5,09:36,https://www.xeno-canto.org/453907,rocpig/XC453907.ogg
rocpig,[],['call'],31.9387,-105.2013,Columba livia,Rock Pigeon,Paul Marvin,Creative Commons Attribution-NonCommercial-ShareAlike 4.0,3.5,10:10,https://www.xeno-canto.org/453908,rocpig/XC453908.ogg
rocpig,[],"['call', 'wing noise']",31.9387,-105.2013,Columba livia,Rock Pigeon,Paul Marvin,Creative Commons Attribution-NonCommercial-ShareAlike 4.0,3.5,09:28,https://www.xeno-canto.org/453909,rocpig/XC453909.ogg
rocpig,[],['call'],28.0824,-17.2412,Columba livia,Rock Pigeon,Alain Verneau,Creative Commons Attribution-NonCommercial-ShareAlike 4.0,5.0,09:30,https://www.xeno-canto.org/460075,rocpig/XC460075.ogg
rocpig,[],['song'],50.1213,18.9683,Columba livia,Rock Pigeon,Ireneusz Oleksik,Creative Commons Attribution-NonCommercial-ShareAlike 4.0,4.5,15:30,https://www.xeno-canto.org/460673,rocpig/XC460673.ogg
rocpig,[],"['song', 'wing noise']",28.6179,-80.8045,Columba livia,Rock Pigeon,Paul Marvin,Creative Commons Attribution-NonCommercial-ShareAlike 4.0,4.5,08:27,https://www.xeno-canto.org/460854,rocpig/XC460854.ogg
rocpig,[],"['call', 'flight call', 'song']",51.3955,23.3218,Columba livia,Rock Pigeon,Stanislas Wroza,Creative Commons Attribution-NonCommercial-ShareAlike 4.0,5.0,09:00,https://www.xeno-canto.org/462611,rocpig/XC462611.ogg
rocpig,[],['begging call'],32.9202,35.0688,Columba livia,Rock Pigeon,Manuel Grosselet,Creative Commons Attribution-NonCommercial-ShareAlike 4.0,5.0,09:30,https://www.xeno-canto.org/463506,rocpig/XC463506.ogg
rocpig,[],['song'],32.9202,35.0688,Columba livia,Rock Pigeon,Manuel Grosselet,Creative Commons Attribution-NonCommercial-ShareAlike 4.0,4.0,12:30,https://www.xeno-canto.org/463507,rocpig/XC463507.ogg
rocpig,[],['call'],45.4708,10.9892,Columba livia,Rock Pigeon,maudoc,Creative Commons Attribution-NonCommercial-ShareAlike 4.0,3.0,08:00,https://www.xeno-canto.org/465539,rocpig/XC465539.ogg
rocpig,[],"['song', 'wing beats']",35.0273,135.7599,Columba livia,Rock Pigeon,Anon Torimi,Creative Commons Attribution-NonCommercial-ShareAlike 4.0,2.5,10:05,https://www.xeno-canto.org/466256,rocpig/XC466256.ogg
rocpig,['houspa'],['call'],59.8864,-1.3081,Columba livia,Rock Pigeon,Andrew Harrop,Creative Commons Attribution-NonCommercial-ShareAlike 4.0,2.5,06:15,https://www.xeno-canto.org/475650,rocpig/XC475650.ogg
rocpig,[],"['male', 'song']",38.7618,48.4226,Columba livia,Rock Pigeon,Albert Lastukhin,Creative Commons Attribution-NonCommercial-ShareAlike 4.0,2.5,06:30,https://www.xeno-canto.org/480209,rocpig/XC480209.ogg
rocpig,[],['song'],32.6185,-117.1029,Columba livia,Rock Pigeon,Paul Marvin,Creative Commons Attribution-NonCommercial-ShareAlike 4.0,4.0,07:42,https://www.xeno-canto.org/485506,rocpig/XC485506.ogg
rocpig,[],['song'],32.6185,-117.1029,Columba livia,Rock Pigeon,Paul Marvin,Creative Commons Attribution-NonCommercial-ShareAlike 4.0,5.0,07:50,https://www.xeno-canto.org/485507,rocpig/XC485507.ogg
rocpig,[],['Song'],-22.193127,-63.94455,Columba livia,Rock Pigeon,Bernabe Lopez-Lanus,Creative Commons Attribution-NonCommercial-ShareAlike 3.0,5.0,Dawn,https://www.xeno-canto.org/48676,rocpig/XC48676.ogg
rocpig,[],['song'],32.6185,-117.1029,Columba livia,Rock Pigeon,Paul Marvin,Creative Commons Attribution-NonCommercial-ShareAlike 4.0,3.5,07:15,https://www.xeno-canto.org/486869,rocpig/XC486869.ogg
rocpig,[],['song'],32.6185,-117.1029,Columba livia,Rock Pigeon,Paul Marvin,Creative Commons Attribution-NonCommercial-ShareAlike 4.0,4.0,07:19,https://www.xeno-canto.org/486870,rocpig/XC486870.ogg
rocpig,[],['song'],32.6185,-117.1029,Columba livia,Rock Pigeon,Paul Marvin,Creative Commons Attribution-NonCommercial-ShareAlike 4.0,4.0,07:35,https://www.xeno-canto.org/486871,rocpig/XC486871.ogg
rocpig,[],['song'],32.6185,-117.1029,Columba livia,Rock Pigeon,Paul Marvin,Creative Commons Attribution-NonCommercial-ShareAlike 4.0,4.0,07:37,https://www.xeno-canto.org/486872,rocpig/XC486872.ogg
rocpig,[],['song'],32.6185,-117.1029,Columba livia,Rock Pigeon,Paul Marvin,Creative Commons Attribution-NonCommercial-ShareAlike 4.0,4.0,07:39,https://www.xeno-canto.org/486873,rocpig/XC486873.ogg
rocpig,[],['song'],32.6185,-117.1029,Columba livia,Rock Pigeon,Paul Marvin,Creative Commons Attribution-NonCommercial-ShareAlike 4.0,4.0,07:03,https://www.xeno-canto.org/488172,rocpig/XC488172.ogg
rocpig,[],['song'],32.6185,-117.1029,Columba livia,Rock Pigeon,Paul Marvin,Creative Commons Attribution-NonCommercial-ShareAlike 4.0,4.0,06:55,https://www.xeno-canto.org/488173,rocpig/XC488173.ogg
rocpig,[],['song'],32.6185,-117.1029,Columba livia,Rock Pigeon,Paul Marvin,Creative Commons Attribution-NonCommercial-ShareAlike 4.0,4.0,06:27,https://www.xeno-canto.org/488174,rocpig/XC488174.ogg
rocpig,[],['song'],32.6185,-117.1029,Columba livia,Rock Pigeon,Paul Marvin,Creative Commons Attribution-NonCommercial-ShareAlike 4.0,4.0,07:13,https://www.xeno-canto.org/488175,rocpig/XC488175.ogg
rocpig,[],"['begging call', 'juvenile']",38.6573,-27.236,Columba livia,Rock Pigeon,Baltasar Pinheiro,Creative Commons Attribution-NonCommercial-ShareAlike 4.0,4.0,11:00,https://www.xeno-canto.org/492116,rocpig/XC492116.ogg
rocpig,[],['song'],56.0819,47.2856,Columba livia,Rock Pigeon,Albert Lastukhin,Creative Commons Attribution-NonCommercial-ShareAlike 4.0,3.0,07:30,https://www.xeno-canto.org/492938,rocpig/XC492938.ogg
rocpig,[],['song'],56.0819,47.2856,Columba livia,Rock Pigeon,Albert Lastukhin,Creative Commons Attribution-NonCommercial-ShareAlike 4.0,3.0,07:30,https://www.xeno-canto.org/492939,rocpig/XC492939.ogg
rocpig,[],['song'],53.9299,-2.9833,Columba livia,Rock Pigeon,Chris Batty,Creative Commons Attribution-NonCommercial-ShareAlike 4.0,3.0,07:43,https://www.xeno-canto.org/500494,rocpig/XC500494.ogg
rocpig,[],['song'],53.9299,-2.9833,Columba livia,Rock Pigeon,Chris Batty,Creative Commons Attribution-NonCommercial-ShareAlike 4.0,2.5,08:26,https://www.xeno-canto.org/500495,rocpig/XC500495.ogg
rocpig,[],['song'],53.9299,-2.9833,Columba livia,Rock Pigeon,Chris Batty,Creative Commons Attribution-NonCommercial-ShareAlike 4.0,3.0,08:28,https://www.xeno-canto.org/500496,rocpig/XC500496.ogg
rocpig,[],['song'],53.9299,-2.9833,Columba livia,Rock Pigeon,Chris Batty,Creative Commons Attribution-NonCommercial-ShareAlike 4.0,2.5,11:59,https://www.xeno-canto.org/500497,rocpig/XC500497.ogg
rocpig,[],['song'],53.9299,-2.9833,Columba livia,Rock Pigeon,Chris Batty,Creative Commons Attribution-NonCommercial-ShareAlike 4.0,3.0,07:52,https://www.xeno-canto.org/500498,rocpig/XC500498.ogg
rocpig,[],['song'],63.8313,20.2607,Columba livia,Rock Pigeon,Lars Edenius,Creative Commons Attribution-NonCommercial-ShareAlike 4.0,2.0,13:30,https://www.xeno-canto.org/501133,rocpig/XC501133.ogg
rocpig,[],"['call', 'song']",63.8313,20.2607,Columba livia,Rock Pigeon,Lars Edenius,Creative Commons Attribution-NonCommercial-ShareAlike 4.0,4.0,12:00,https://www.xeno-canto.org/502200,rocpig/XC502200.ogg
rocpig,[],['song'],32.627,-117.1067,Columba livia,Rock Pigeon,Paul Marvin,Creative Commons Attribution-NonCommercial-ShareAlike 4.0,4.0,09:41,https://www.xeno-canto.org/503270,rocpig/XC503270.ogg
rocpig,['norcar'],"['adult', 'call', 'sex uncertain']",27.1621,-109.3975,Columba livia,Rock Pigeon,Richard E. Webster,Creative Commons Attribution-NonCommercial-ShareAlike 4.0,3.5,06:45,https://www.xeno-canto.org/504295,rocpig/XC504295.ogg
rocpig,[],"['begging call', 'life stage uncertain', 'sex uncertain']",33.7241,-112.5338,Columba livia,Rock Pigeon,Phoenix Birder,Creative Commons Attribution-NonCommercial-ShareAlike 4.0,5.0,12:00,https://www.xeno-canto.org/511878,rocpig/XC511878.ogg
rocpig,[],"['adult', 'male', 'song']",-2.2916,-78.1164,Columba livia,Rock Pigeon,Leonardo Ordóñez-Delgado,Creative Commons Attribution-NonCommercial-ShareAlike 4.0,4.5,10:00,https://www.xeno-canto.org/513867,rocpig/XC513867.ogg
rocpig,[],['song'],-22.193127,-63.94455,Columba livia,Rock Pigeon,Bernabe Lopez-Lanus,Creative Commons Attribution-NonCommercial-ShareAlike 3.0,4.0,?:?,https://www.xeno-canto.org/51716,rocpig/XC51716.ogg
rocpig,[],['song'],53.9299,-2.9833,Columba livia,Rock Pigeon,Chris Batty,Creative Commons Attribution-NonCommercial-ShareAlike 4.0,2.5,13:27,https://www.xeno-canto.org/528215,rocpig/XC528215.ogg
rocpig,[],['song'],53.9299,-2.9833,Columba livia,Rock Pigeon,Chris Batty,Creative Commons Attribution-NonCommercial-ShareAlike 4.0,2.5,07:17,https://www.xeno-canto.org/528216,rocpig/XC528216.ogg
rocpig,[],['song'],50.1213,18.9683,Columba livia,Rock Pigeon,Ireneusz Oleksik,Creative Commons Attribution-NonCommercial-ShareAlike 4.0,3.5,13:21,https://www.xeno-canto.org/536370,rocpig/XC536370.ogg
rocpig,['mallar3'],['song'],50.1213,18.9683,Columba livia,Rock Pigeon,Ireneusz Oleksik,Creative Commons Attribution-NonCommercial-ShareAlike 4.0,3.5,13:25,https://www.xeno-canto.org/536371,rocpig/XC536371.ogg
rocpig,[],"['adult', 'call', 'sex uncertain']",48.8406,2.3479,Columba livia,Rock Pigeon,Marie-Lan Taÿ Pamart,Creative Commons Attribution-ShareAlike 4.0,4.0,08:30,https://www.xeno-canto.org/539061,rocpig/XC539061.ogg
rocpig,[],"['begging call', 'song', 'wingbeats']",60.2055,25.1197,Columba livia,Rock Pigeon,Hannu Varkki,Creative Commons Attribution-NonCommercial-ShareAlike 4.0,3.0,06:30,https://www.xeno-canto.org/540139,rocpig/XC540139.ogg
rocpig,[],"['adult', 'call', 'sex uncertain']",48.8406,2.3479,Columba livia,Rock Pigeon,Marie-Lan Taÿ Pamart,Creative Commons Attribution-ShareAlike 4.0,5.0,10:30,https://www.xeno-canto.org/541143,rocpig/XC541143.ogg
rocpig,[],"['adult', 'sex uncertain', 'song']",-16.5631,-49.285,Columba livia,Rock Pigeon,JAYRSON ARAUJO DE OLIVEIRA,Creative Commons Attribution-NonCommercial-ShareAlike 4.0,5.0,13:29,https://www.xeno-canto.org/550346,rocpig/XC550346.ogg
rocpig,[],"['flight call', 'wing beats']",53.9299,-2.9833,Columba livia,Rock Pigeon,Chris Batty,Creative Commons Attribution-NonCommercial-ShareAlike 4.0,2.5,08:26,https://www.xeno-canto.org/554329,rocpig/XC554329.ogg
rocpig,[],"['adult', 'male', 'song']",69.6514,18.9625,Columba livia,Rock Pigeon,Stein Ø. Nilsen,Creative Commons Attribution-NonCommercial-ShareAlike 4.0,4.5,09:00,https://www.xeno-canto.org/559541,rocpig/XC559541.ogg
rocpig,['houspa'],['call'],31.6345,-8.0239,Columba livia,Rock Pigeon,Mike Nelson,Creative Commons Attribution-NonCommercial-ShareAlike 3.0,2.5,7:30am,https://www.xeno-canto.org/56697,rocpig/XC56697.ogg
rocpig,[],['song'],39.6216,-0.2614,Columba livia,Rock Pigeon,jesus carrion,Creative Commons Attribution-NonCommercial-ShareAlike 4.0,4.0,06:29,https://www.xeno-canto.org/568146,rocpig/XC568146.ogg
rocpig,[],['call'],60.153,-1.1493,Columba livia,Rock Pigeon,Andrew Harrop,Creative Commons Attribution-NonCommercial-ShareAlike 4.0,4.0,07:00,https://www.xeno-canto.org/569664,rocpig/XC569664.ogg
rocpig,[],"['adult', 'male', 'sex uncertain', 'song']",51.8865,-8.4876,Columba livia,Rock Pigeon,Mr Mark Shorten,Creative Commons Attribution-NonCommercial-ShareAlike 4.0,4.0,11:00,https://www.xeno-canto.org/572540,rocpig/XC572540.ogg
rocpig,[],"['adult', 'begging call', 'call', 'hatchling or nestling', 'song']",48.6102,1.6773,Columba livia,Rock Pigeon,Tanguy Loïs,Creative Commons Attribution-NonCommercial-ShareAlike 4.0,3.5,18:00,https://www.xeno-canto.org/577661,rocpig/XC577661.ogg
rocpig,[],['call'],36.067,-83.231,Columba livia,Rock Pigeon,Mike Nelson,Creative Commons Attribution-NonCommercial-ShareAlike 3.0,2.5,12:20pm,https://www.xeno-canto.org/58488,rocpig/XC58488.ogg
rocpig,[],"['bird in hand', 'call']",57.671,-7.227,Columba livia,Rock Pigeon,Michał Jezierski,Creative Commons Attribution-NonCommercial-ShareAlike 4.0,5.0,12:45,https://www.xeno-canto.org/600881,rocpig/XC600881.ogg
rocpig,[],['begging call'],58.5639,-4.7199,Columba livia,Rock Pigeon,Michał Jezierski,Creative Commons Attribution-NonCommercial-ShareAlike 4.0,3.0,18:10,https://www.xeno-canto.org/602010,rocpig/XC602010.ogg
rocpig,[],['call'],58.5639,-4.7199,Columba livia,Rock Pigeon,Michał Jezierski,Creative Commons Attribution-NonCommercial-ShareAlike 4.0,4.0,18:18,https://www.xeno-canto.org/602012,rocpig/XC602012.ogg
rocpig,[],['wing beats'],58.5639,-4.7199,Columba livia,Rock Pigeon,Michał Jezierski,Creative Commons Attribution-NonCommercial-ShareAlike 4.0,4.0,18:19,https://www.xeno-canto.org/602013,rocpig/XC602013.ogg
rocpig,[],"['begging call', 'call', 'wing beats']",58.5639,-4.7199,Columba livia,Rock Pigeon,Michał Jezierski,Creative Commons Attribution-NonCommercial-ShareAlike 4.0,4.0,18:21,https://www.xeno-canto.org/602019,rocpig/XC602019.ogg
rocpig,[],['wingbeats'],48.8235,2.2112,Columba livia,Rock Pigeon,Stanislas Wroza,Creative Commons Attribution-NonCommercial-ShareAlike 4.0,4.0,08:00,https://www.xeno-canto.org/606455,rocpig/XC606455.ogg
rocpig,[],['wingbeats'],48.8235,2.2112,Columba livia,Rock Pigeon,Stanislas Wroza,Creative Commons Attribution-NonCommercial-ShareAlike 4.0,4.0,08:00,https://www.xeno-canto.org/606456,rocpig/XC606456.ogg
rocpig,[],['wingbeats'],48.8235,2.2112,Columba livia,Rock Pigeon,Stanislas Wroza,Creative Commons Attribution-NonCommercial-ShareAlike 4.0,4.0,08:00,https://www.xeno-canto.org/606457,rocpig/XC606457.ogg
rocpig,[],['wingflaps'],58.3749,26.6876,Columba livia,Rock Pigeon,Uku Paal,Creative Commons Attribution-NonCommercial-ShareAlike 4.0,3.5,12:00,https://www.xeno-canto.org/611438,rocpig/XC611438.ogg
rocpig,[],['call'],49.272,-123.1965,Columba livia,Rock Pigeon,Peter Ward and Ken Hall,Creative Commons Attribution-NonCommercial-ShareAlike 4.0,4.5,07:00,https://www.xeno-canto.org/613537,rocpig/XC613537.ogg
rocpig,[],['song'],15.669,-96.5732,Columba livia,Rock Pigeon,Manuel Grosselet,Creative Commons Attribution-NonCommercial-ShareAlike 4.0,3.0,10:00,https://www.xeno-canto.org/615049,rocpig/XC615049.ogg
rocpig,[],['song'],58.3749,26.6876,Columba livia,Rock Pigeon,Uku Paal,Creative Commons Attribution-NonCommercial-ShareAlike 4.0,4.5,10:00,https://www.xeno-canto.org/615956,rocpig/XC615956.ogg
rocpig,[],['wing beats'],53.9299,-2.9833,Columba livia,Rock Pigeon,Chris Batty,Creative Commons Attribution-NonCommercial-ShareAlike 4.0,3.0,10:45,https://www.xeno-canto.org/619490,rocpig/XC619490.ogg
rocpig,[],"['call', 'song']",48.6102,1.6773,Columba livia,Rock Pigeon,Tanguy Loïs,Creative Commons Attribution-NonCommercial-ShareAlike 4.0,4.5,12:30,https://www.xeno-canto.org/621266,rocpig/XC621266.ogg
rocpig,[],['wing beats'],53.9299,-2.9833,Columba livia,Rock Pigeon,Chris Batty,Creative Commons Attribution-NonCommercial-ShareAlike 4.0,2.5,10:22,https://www.xeno-canto.org/622216,rocpig/XC622216.ogg
rocpig,[],"['song', 'wing beats']",53.9299,-2.9833,Columba livia,Rock Pigeon,Chris Batty,Creative Commons Attribution-NonCommercial-ShareAlike 4.0,2.5,07:50,https://www.xeno-canto.org/622217,rocpig/XC622217.ogg
rocpig,[],['wing beats'],53.9299,-2.9833,Columba livia,Rock Pigeon,Chris Batty,Creative Commons Attribution-NonCommercial-ShareAlike 4.0,2.5,06:31,https://www.xeno-canto.org/622218,rocpig/XC622218.ogg
rocpig,[],['wing beats'],53.9299,-2.9833,Columba livia,Rock Pigeon,Chris Batty,Creative Commons Attribution-NonCommercial-ShareAlike 4.0,2.5,09:24,https://www.xeno-canto.org/622219,rocpig/XC622219.ogg
rocpig,[],['Wingbeats'],60.2055,25.1197,Columba livia,Rock Pigeon,Hannu Varkki,Creative Commons Attribution-NonCommercial-ShareAlike 4.0,5.0,08:00,https://www.xeno-canto.org/623844,rocpig/XC623844.ogg
rocpig,['houspa'],"['life stage uncertain', 'male', 'song']",48.2741,10.8188,Columba livia,Rock Pigeon,johannes buhl,Creative Commons Attribution-NonCommercial-ShareAlike 4.0,2.5,?,https://www.xeno-canto.org/626505,rocpig/XC626505.ogg
rocpig,[],"['adult', 'call']",43.3747,-80.967,Columba livia,Rock Pigeon,Thomas Ryder Payne,Creative Commons Attribution-NonCommercial-ShareAlike 4.0,4.0,06:00,https://www.xeno-canto.org/636573,rocpig/XC636573.ogg
rocpig,[],"['adult', 'call', 'male', 'subsong']",12.9213,80.1845,Columba livia,Rock Pigeon,Sreekumar Chirukandoth,Creative Commons Attribution-NonCommercial-ShareAlike 4.0,4.5,06:30,https://www.xeno-canto.org/636632,rocpig/XC636632.ogg
rocpig,[],"['adult', 'song']",24.9871,121.5423,Columba livia,Rock Pigeon,Jerome Chie-Jen Ko,Creative Commons Attribution-NonCommercial-ShareAlike 4.0,3.0,08:30,https://www.xeno-canto.org/637685,rocpig/XC637685.ogg
rocpig,[],['call'],52.4099,-1.4177,Columba livia,Rock Pigeon,Nikolay Sariev,Creative Commons Attribution-NonCommercial-ShareAlike 4.0,4.5,16:57,https://www.xeno-canto.org/645563,rocpig/XC645563.ogg
rocpig,[],['call'],52.4099,-1.4177,Columba livia,Rock Pigeon,Nikolay Sariev,Creative Commons Attribution-NonCommercial-ShareAlike 4.0,4.5,16:53,https://www.xeno-canto.org/645568,rocpig/XC645568.ogg
rocpig,[],"['call', 'male']",42.8146,13.6983,Columba livia,Rock Pigeon,Dimitri,Creative Commons Attribution-NonCommercial-ShareAlike 4.0,4.0,08:00,https://www.xeno-canto.org/660926,rocpig/XC660926.ogg
rocpig,[],"['call', 'male']",41.5512,-8.4277,Columba livia,Rock Pigeon,Jorge Leitão,Creative Commons Attribution-NonCommercial-ShareAlike 4.0,4.5,11:38,https://www.xeno-canto.org/661807,rocpig/XC661807.ogg
rocpig,[],"['call', 'male']",41.5512,-8.4277,Columba livia,Rock Pigeon,Jorge Leitão,Creative Commons Attribution-NonCommercial-ShareAlike 4.0,5.0,11:29,https://www.xeno-canto.org/661810,rocpig/XC661810.ogg
rocpig,[],"['adult', 'male', 'song']",-33.439,-70.6412,Columba livia,Rock Pigeon,Cristian Pinto Fernandez,Creative Commons Attribution-NonCommercial-ShareAlike 4.0,4.5,08:00,https://www.xeno-canto.org/663912,rocpig/XC663912.ogg
rocpig,[],"['begging call', 'hatchling or nestling', 'sex uncertain']",24.9875,121.5435,Columba livia,Rock Pigeon,Jerome Chie-Jen Ko,Creative Commons Attribution-NonCommercial-ShareAlike 4.0,3.0,17:18,https://www.xeno-canto.org/664611,rocpig/XC664611.ogg
rocpig,[],['song'],26.928,75.793,Columba livia,Rock Pigeon,Mike Nelson,Creative Commons Attribution-NonCommercial-ShareAlike 3.0,4.0,7:00am,https://www.xeno-canto.org/74354,rocpig/XC74354.ogg
rocpig,['houspa'],['song'],26.928,75.793,Columba livia,Rock Pigeon,Mike Nelson,Creative Commons Attribution-NonCommercial-ShareAlike 3.0,3.5,7:00am,https://www.xeno-canto.org/74355,rocpig/XC74355.ogg
rorpar,[],['song'],28.464,76.893,Psittacula krameri,Rose-ringed Parakeet,Mike Nelson,Creative Commons Attribution-NonCommercial-ShareAlike 3.0,4.0,14:00,https://www.xeno-canto.org/116839,rorpar/XC116839.ogg
rorpar,[],['flight call'],26.5871,93.4518,Psittacula krameri,Rose-ringed Parakeet,Mike Nelson,Creative Commons Attribution-NonCommercial-ShareAlike 3.0,4.0,11:00,https://www.xeno-canto.org/116840,rorpar/XC116840.ogg
rorpar,[],['flight call'],26.5871,93.4518,Psittacula krameri,Rose-ringed Parakeet,Mike Nelson,Creative Commons Attribution-NonCommercial-ShareAlike 3.0,3.5,11:00,https://www.xeno-canto.org/116841,rorpar/XC116841.ogg
rorpar,[],['flight call'],26.61,93.5008,Psittacula krameri,Rose-ringed Parakeet,Mike Nelson,Creative Commons Attribution-NonCommercial-ShareAlike 3.0,4.0,16:00,https://www.xeno-canto.org/116842,rorpar/XC116842.ogg
rorpar,[],['call'],51.507,-0.1792,Psittacula krameri,Rose-ringed Parakeet,Antonio Silveira,Creative Commons Attribution-NonCommercial-ShareAlike 3.0,2.0,09:00,https://www.xeno-canto.org/144862,rorpar/XC144862.ogg
rorpar,[],['call'],23.3312,85.3192,Psittacula krameri,Rose-ringed Parakeet,Brajesh Kumar Dubey,Creative Commons Attribution-NonCommercial-ShareAlike 3.0,4.0,09:20,https://www.xeno-canto.org/146921,rorpar/XC146921.ogg
rorpar,[],['call'],51.4039,-0.5143,Psittacula krameri,Rose-ringed Parakeet,David Darrell-Lambert,Creative Commons Attribution-NonCommercial-ShareAlike 3.0,3.0,08:30,https://www.xeno-canto.org/155347,rorpar/XC155347.ogg
rorpar,[],['call'],11.3305,14.5783,Psittacula krameri,Rose-ringed Parakeet,selvino,Creative Commons Attribution-NonCommercial-ShareAlike 3.0,4.0,06:00,https://www.xeno-canto.org/157417,rorpar/XC157417.ogg
rorpar,[],['call'],11.3305,14.5783,Psittacula krameri,Rose-ringed Parakeet,selvino,Creative Commons Attribution-NonCommercial-ShareAlike 3.0,4.0,06:00,https://www.xeno-canto.org/157418,rorpar/XC157418.ogg
rorpar,[],['call'],27.5709,84.501,Psittacula krameri,Rose-ringed Parakeet,Arend Wassink,Creative Commons Attribution-NonCommercial-ShareAlike 3.0,5.0,12:30,https://www.xeno-canto.org/163097,rorpar/XC163097.ogg
rorpar,[],['call'],15.5442,73.7733,Psittacula krameri,Rose-ringed Parakeet,Albert Lastukhin,Creative Commons Attribution-NonCommercial-ShareAlike 3.0,2.5,05:30,https://www.xeno-canto.org/163922,rorpar/XC163922.ogg
rorpar,[],['flight call'],15.5442,73.7733,Psittacula krameri,Rose-ringed Parakeet,Albert Lastukhin,Creative Commons Attribution-NonCommercial-ShareAlike 3.0,2.5,05:30,https://www.xeno-canto.org/164386,rorpar/XC164386.ogg
rorpar,[],['call'],15.5442,73.7733,Psittacula krameri,Rose-ringed Parakeet,Albert Lastukhin,Creative Commons Attribution-NonCommercial-ShareAlike 3.0,3.0,05:30,https://www.xeno-canto.org/164387,rorpar/XC164387.ogg
rorpar,[],['flight call'],37.3811,-5.947,Psittacula krameri,Rose-ringed Parakeet,José Carlos Sires,Creative Commons Attribution-NonCommercial-ShareAlike 3.0,3.0,?,https://www.xeno-canto.org/166079,rorpar/XC166079.ogg
rorpar,[],['flight call'],37.3811,-5.947,Psittacula krameri,Rose-ringed Parakeet,José Carlos Sires,Creative Commons Attribution-NonCommercial-ShareAlike 3.0,3.0,?,https://www.xeno-canto.org/166081,rorpar/XC166081.ogg
rorpar,[],['call'],37.3748,-5.9887,Psittacula krameri,Rose-ringed Parakeet,José Carlos Sires,Creative Commons Attribution-NonCommercial-ShareAlike 3.0,2.5,?,https://www.xeno-canto.org/167769,rorpar/XC167769.ogg
rorpar,[],['call'],37.3748,-5.9887,Psittacula krameri,Rose-ringed Parakeet,José Carlos Sires,Creative Commons Attribution-NonCommercial-ShareAlike 3.0,3.0,?,https://www.xeno-canto.org/167770,rorpar/XC167770.ogg
rorpar,[],"['call', 'flight call']",37.3748,-5.9887,Psittacula krameri,Rose-ringed Parakeet,José Carlos Sires,Creative Commons Attribution-NonCommercial-ShareAlike 3.0,3.0,?,https://www.xeno-canto.org/167771,rorpar/XC167771.ogg
rorpar,[],['call'],37.3748,-5.9887,Psittacula krameri,Rose-ringed Parakeet,José Carlos Sires,Creative Commons Attribution-NonCommercial-ShareAlike 3.0,3.0,?,https://www.xeno-canto.org/167772,rorpar/XC167772.ogg
rorpar,[],['call'],37.3748,-5.9887,Psittacula krameri,Rose-ringed Parakeet,José Carlos Sires,Creative Commons Attribution-NonCommercial-ShareAlike 3.0,3.0,?,https://www.xeno-canto.org/167779,rorpar/XC167779.ogg
rorpar,[],"['call', 'flight call']",-31.9224,115.8604,Psittacula krameri,Rose-ringed Parakeet,John Graff,Creative Commons Attribution-NonCommercial-ShareAlike 3.0,4.0,19:00,https://www.xeno-canto.org/170209,rorpar/XC170209.ogg
rorpar,['houspa'],['call'],37.3811,-5.947,Psittacula krameri,Rose-ringed Parakeet,José Carlos Sires,Creative Commons Attribution-NonCommercial-ShareAlike 4.0,1.5,?,https://www.xeno-canto.org/175627,rorpar/XC175627.ogg
rorpar,[],"['call', 'male']",9.6467,-1.7606,Psittacula krameri,Rose-ringed Parakeet,Phil Gregory,Creative Commons Attribution-NonCommercial-ShareAlike 4.0,4.0,08:00,https://www.xeno-canto.org/177634,rorpar/XC177634.ogg
rorpar,[],"['call', 'song']",51.581,-0.7384,Psittacula krameri,Rose-ringed Parakeet,Dawid Jablonski,Creative Commons Attribution-NonCommercial-ShareAlike 4.0,5.0,19:30,https://www.xeno-canto.org/179220,rorpar/XC179220.ogg
rorpar,[],['call'],35.3622,-119.0252,Psittacula krameri,Rose-ringed Parakeet,Elias Aristides Elias,Creative Commons Attribution-NonCommercial-ShareAlike 4.0,3.5,17:17,https://www.xeno-canto.org/196663,rorpar/XC196663.ogg
rorpar,[],['call'],15.3395,73.8931,Psittacula krameri,Rose-ringed Parakeet,Mandar Bhagat,Creative Commons Attribution-NonCommercial-ShareAlike 4.0,4.0,09:30,https://www.xeno-canto.org/199135,rorpar/XC199135.ogg
rorpar,[],"['call', 'migrating bird']",47.6448,9.5056,Psittacula krameri,Rose-ringed Parakeet,Matthias Hemprich,Creative Commons Attribution-NonCommercial-ShareAlike 4.0,5.0,11:30,https://www.xeno-canto.org/199339,rorpar/XC199339.ogg
rorpar,[],['flight call'],53.7773,-2.6316,Psittacula krameri,Rose-ringed Parakeet,Zac Hinchcliffe,Creative Commons Attribution-NonCommercial-ShareAlike 4.0,2.5,16:30,https://www.xeno-canto.org/199472,rorpar/XC199472.ogg
rorpar,[],"['""migrating bird""', 'call', 'escape']",47.6448,9.5056,Psittacula krameri,Rose-ringed Parakeet,Matthias Hemprich,Creative Commons Attribution-NonCommercial-ShareAlike 4.0,4.0,11:30,https://www.xeno-canto.org/199486,rorpar/XC199486.ogg
rorpar,[],"['""migrating bird""', 'call', 'escape']",47.6448,9.5056,Psittacula krameri,Rose-ringed Parakeet,Matthias Hemprich,Creative Commons Attribution-NonCommercial-ShareAlike 4.0,4.0,11:30,https://www.xeno-canto.org/199488,rorpar/XC199488.ogg
rorpar,[],"['call', 'flight call']",52.3083,4.6775,Psittacula krameri,Rose-ringed Parakeet,Meijer,Creative Commons Attribution-NonCommercial-ShareAlike 4.0,5.0,10:30,https://www.xeno-canto.org/200786,rorpar/XC200786.ogg
rorpar,[],['call'],37.4176,-5.9972,Psittacula krameri,Rose-ringed Parakeet,José Carlos Sires,Creative Commons Attribution-NonCommercial-ShareAlike 4.0,3.0,?,https://www.xeno-canto.org/201703,rorpar/XC201703.ogg
rorpar,[],['call'],37.4176,-5.9972,Psittacula krameri,Rose-ringed Parakeet,José Carlos Sires,Creative Commons Attribution-NonCommercial-ShareAlike 4.0,4.0,?,https://www.xeno-canto.org/201704,rorpar/XC201704.ogg
rorpar,[],"['alarm call', 'flight call']",37.4176,-5.9972,Psittacula krameri,Rose-ringed Parakeet,José Carlos Sires,Creative Commons Attribution-NonCommercial-ShareAlike 4.0,3.0,?,https://www.xeno-canto.org/201705,rorpar/XC201705.ogg
rorpar,[],"['alarm call', 'call']",37.4176,-5.9972,Psittacula krameri,Rose-ringed Parakeet,José Carlos Sires,Creative Commons Attribution-NonCommercial-ShareAlike 4.0,3.0,?,https://www.xeno-canto.org/201706,rorpar/XC201706.ogg
rorpar,[],['flight call'],12.6257,-7.9841,Psittacula krameri,Rose-ringed Parakeet,Bram Piot,Creative Commons Attribution-NonCommercial-ShareAlike 4.0,3.5,06:30,https://www.xeno-canto.org/202283,rorpar/XC202283.ogg
rorpar,[],['call'],37.4176,-5.9972,Psittacula krameri,Rose-ringed Parakeet,José Carlos Sires,Creative Commons Attribution-NonCommercial-ShareAlike 4.0,3.0,?,https://www.xeno-canto.org/202571,rorpar/XC202571.ogg
rorpar,[],['call'],37.4176,-5.9972,Psittacula krameri,Rose-ringed Parakeet,José Carlos Sires,Creative Commons Attribution-NonCommercial-ShareAlike 4.0,4.0,?,https://www.xeno-canto.org/202572,rorpar/XC202572.ogg
rorpar,[],['call'],37.4176,-5.9972,Psittacula krameri,Rose-ringed Parakeet,José Carlos Sires,Creative Commons Attribution-NonCommercial-ShareAlike 4.0,3.0,?,https://www.xeno-canto.org/202573,rorpar/XC202573.ogg
rorpar,[],"['call', 'flight call']",18.5319,73.7903,Psittacula krameri,Rose-ringed Parakeet,Rajgopal Patil,Creative Commons Attribution-NonCommercial-ShareAlike 4.0,5.0,09:50,https://www.xeno-canto.org/207014,rorpar/XC207014.ogg
rorpar,[],['alarm call'],6.3161,81.483,Psittacula krameri,Rose-ringed Parakeet,Mike Nelson,Creative Commons Attribution-NonCommercial-ShareAlike 4.0,3.0,16:00,https://www.xeno-canto.org/207875,rorpar/XC207875.ogg
rorpar,['compea'],"['call', 'flight call']",15.5442,73.7733,Psittacula krameri,Rose-ringed Parakeet,Albert Lastukhin & Sergei Karpeev,Creative Commons Attribution-NonCommercial-ShareAlike 4.0,3.5,08:00,https://www.xeno-canto.org/208665,rorpar/XC208665.ogg
rorpar,[],"['call', 'flight call']",15.5442,73.7733,Psittacula krameri,Rose-ringed Parakeet,Albert Lastukhin & Sergei Karpeev,Creative Commons Attribution-NonCommercial-ShareAlike 4.0,3.5,08:00,https://www.xeno-canto.org/208666,rorpar/XC208666.ogg
rorpar,[],['call'],15.5442,73.7733,Psittacula krameri,Rose-ringed Parakeet,Albert Lastukhin & Sergei Karpeev,Creative Commons Attribution-NonCommercial-ShareAlike 4.0,4.0,10:00,https://www.xeno-canto.org/208675,rorpar/XC208675.ogg
rorpar,[],['call'],15.5442,73.7733,Psittacula krameri,Rose-ringed Parakeet,Albert Lastukhin & Sergei Karpeev,Creative Commons Attribution-NonCommercial-ShareAlike 4.0,3.0,14:30,https://www.xeno-canto.org/208775,rorpar/XC208775.ogg
rorpar,[],['alarm call'],15.5442,73.7733,Psittacula krameri,Rose-ringed Parakeet,Albert Lastukhin & Sergei Karpeev,Creative Commons Attribution-NonCommercial-ShareAlike 4.0,3.0,08:00,https://www.xeno-canto.org/208999,rorpar/XC208999.ogg
rorpar,[],['call'],37.3748,-5.9887,Psittacula krameri,Rose-ringed Parakeet,José Carlos Sires,Creative Commons Attribution-NonCommercial-ShareAlike 4.0,3.0,?,https://www.xeno-canto.org/209169,rorpar/XC209169.ogg
rorpar,[],['call'],37.3748,-5.9887,Psittacula krameri,Rose-ringed Parakeet,José Carlos Sires,Creative Commons Attribution-NonCommercial-ShareAlike 4.0,3.0,?,https://www.xeno-canto.org/209170,rorpar/XC209170.ogg
rorpar,[],['call'],37.3748,-5.9887,Psittacula krameri,Rose-ringed Parakeet,José Carlos Sires,Creative Commons Attribution-NonCommercial-ShareAlike 4.0,3.0,?,https://www.xeno-canto.org/209171,rorpar/XC209171.ogg
rorpar,[],['call'],15.5442,73.7733,Psittacula krameri,Rose-ringed Parakeet,Albert Lastukhin & Sergei Karpeev,Creative Commons Attribution-NonCommercial-ShareAlike 4.0,4.0,09:00,https://www.xeno-canto.org/209194,rorpar/XC209194.ogg
rorpar,[],"['call', 'song']",52.1574,4.5028,Psittacula krameri,Rose-ringed Parakeet,Robson Silva e Silva,Creative Commons Attribution-NonCommercial-ShareAlike 4.0,5.0,11:30,https://www.xeno-canto.org/209349,rorpar/XC209349.ogg
rorpar,[],['call'],15.5442,73.7733,Psittacula krameri,Rose-ringed Parakeet,Albert Lastukhin & Sergei Karpeev,Creative Commons Attribution-NonCommercial-ShareAlike 4.0,3.0,08:30,https://www.xeno-canto.org/209560,rorpar/XC209560.ogg
rorpar,[],['call'],15.5442,73.7733,Psittacula krameri,Rose-ringed Parakeet,Albert Lastukhin,Creative Commons Attribution-NonCommercial-ShareAlike 4.0,2.5,06:00,https://www.xeno-canto.org/209561,rorpar/XC209561.ogg
rorpar,[],['call'],15.5442,73.7733,Psittacula krameri,Rose-ringed Parakeet,Albert Lastukhin & Sergei Karpeev,Creative Commons Attribution-NonCommercial-ShareAlike 4.0,3.0,06:00,https://www.xeno-canto.org/209562,rorpar/XC209562.ogg
rorpar,[],['call'],37.3748,-5.9887,Psittacula krameri,Rose-ringed Parakeet,José Carlos Sires,Creative Commons Attribution-NonCommercial-ShareAlike 4.0,3.0,?,https://www.xeno-canto.org/209709,rorpar/XC209709.ogg
rorpar,[],['call'],37.3748,-5.9887,Psittacula krameri,Rose-ringed Parakeet,José Carlos Sires,Creative Commons Attribution-NonCommercial-ShareAlike 4.0,3.0,?,https://www.xeno-canto.org/209710,rorpar/XC209710.ogg
rorpar,[],['call'],37.3748,-5.9887,Psittacula krameri,Rose-ringed Parakeet,José Carlos Sires,Creative Commons Attribution-NonCommercial-ShareAlike 4.0,3.0,?,https://www.xeno-canto.org/209712,rorpar/XC209712.ogg
rorpar,[],['call'],37.3748,-5.9887,Psittacula krameri,Rose-ringed Parakeet,José Carlos Sires,Creative Commons Attribution-NonCommercial-ShareAlike 4.0,3.0,?,https://www.xeno-canto.org/209713,rorpar/XC209713.ogg
rorpar,[],['call'],37.3748,-5.9887,Psittacula krameri,Rose-ringed Parakeet,José Carlos Sires,Creative Commons Attribution-NonCommercial-ShareAlike 4.0,3.0,?,https://www.xeno-canto.org/209714,rorpar/XC209714.ogg
rorpar,[],['call'],37.3748,-5.9887,Psittacula krameri,Rose-ringed Parakeet,José Carlos Sires,Creative Commons Attribution-NonCommercial-ShareAlike 4.0,3.0,?,https://www.xeno-canto.org/209716,rorpar/XC209716.ogg
rorpar,[],['call'],37.3748,-5.9887,Psittacula krameri,Rose-ringed Parakeet,José Carlos Sires,Creative Commons Attribution-NonCommercial-ShareAlike 4.0,3.0,?,https://www.xeno-canto.org/209717,rorpar/XC209717.ogg
rorpar,[],['call'],37.3748,-5.9887,Psittacula krameri,Rose-ringed Parakeet,José Carlos Sires,Creative Commons Attribution-NonCommercial-ShareAlike 4.0,3.0,?,https://www.xeno-canto.org/209718,rorpar/XC209718.ogg
rorpar,[],['call'],37.3748,-5.9887,Psittacula krameri,Rose-ringed Parakeet,José Carlos Sires,Creative Commons Attribution-NonCommercial-ShareAlike 4.0,3.0,?,https://www.xeno-canto.org/209719,rorpar/XC209719.ogg
rorpar,[],['call'],37.3748,-5.9887,Psittacula krameri,Rose-ringed Parakeet,José Carlos Sires,Creative Commons Attribution-NonCommercial-ShareAlike 4.0,3.0,?,https://www.xeno-canto.org/209721,rorpar/XC209721.ogg
rorpar,[],['call'],37.3748,-5.9887,Psittacula krameri,Rose-ringed Parakeet,José Carlos Sires,Creative Commons Attribution-NonCommercial-ShareAlike 4.0,3.0,?,https://www.xeno-canto.org/209722,rorpar/XC209722.ogg
rorpar,[],['call'],37.3748,-5.9887,Psittacula krameri,Rose-ringed Parakeet,José Carlos Sires,Creative Commons Attribution-NonCommercial-ShareAlike 4.0,3.0,?,https://www.xeno-canto.org/209724,rorpar/XC209724.ogg
rorpar,[],['call'],37.3748,-5.9887,Psittacula krameri,Rose-ringed Parakeet,José Carlos Sires,Creative Commons Attribution-NonCommercial-ShareAlike 4.0,3.0,?,https://www.xeno-canto.org/209726,rorpar/XC209726.ogg
rorpar,[],['call'],37.3748,-5.9887,Psittacula krameri,Rose-ringed Parakeet,José Carlos Sires,Creative Commons Attribution-NonCommercial-ShareAlike 4.0,3.0,?,https://www.xeno-canto.org/209727,rorpar/XC209727.ogg
rorpar,[],['call'],37.3748,-5.9887,Psittacula krameri,Rose-ringed Parakeet,José Carlos Sires,Creative Commons Attribution-NonCommercial-ShareAlike 4.0,3.0,?,https://www.xeno-canto.org/209728,rorpar/XC209728.ogg
rorpar,[],['flight call'],21.3318,-157.8205,Psittacula krameri,Rose-ringed Parakeet,Ross Gallardy,Creative Commons Attribution-NonCommercial-ShareAlike 4.0,4.0,08:00,https://www.xeno-canto.org/210191,rorpar/XC210191.ogg
rorpar,"['commyn', 'warwhe1', 'zebdov']",['call'],21.2637,-157.8194,Psittacula krameri,Rose-ringed Parakeet,Dan Lane,Creative Commons Attribution-NonCommercial-ShareAlike 4.0,3.5,08:00,https://www.xeno-canto.org/234984,rorpar/XC234984.ogg
rorpar,[],['flight call'],12.6257,-7.9841,Psittacula krameri,Rose-ringed Parakeet,Bram Piot,Creative Commons Attribution-NonCommercial-ShareAlike 4.0,3.5,06:30,https://www.xeno-canto.org/235165,rorpar/XC235165.ogg
rorpar,[],['call'],43.2969,5.5757,Psittacula krameri,Rose-ringed Parakeet,Yoann BLANCHON,Creative Commons Attribution-NonCommercial-ShareAlike 4.0,3.0,09:30,https://www.xeno-canto.org/236819,rorpar/XC236819.ogg
rorpar,[],['call'],10.1369,76.4567,Psittacula krameri,Rose-ringed Parakeet,Dilip KG,Creative Commons Attribution-NonCommercial-ShareAlike 4.0,4.0,07:30,https://www.xeno-canto.org/237579,rorpar/XC237579.ogg
rorpar,[],"['call', 'song']",14.1502,-16.627,Psittacula krameri,Rose-ringed Parakeet,Bram Piot,Creative Commons Attribution-NonCommercial-ShareAlike 4.0,4.0,07:30,https://www.xeno-canto.org/239850,rorpar/XC239850.ogg
rorpar,[],['call'],37.3748,-5.9887,Psittacula krameri,Rose-ringed Parakeet,José Carlos Sires,Creative Commons Attribution-NonCommercial-ShareAlike 4.0,3.0,?,https://www.xeno-canto.org/246305,rorpar/XC246305.ogg
rorpar,[],['call'],37.3748,-5.9887,Psittacula krameri,Rose-ringed Parakeet,José Carlos Sires,Creative Commons Attribution-NonCommercial-ShareAlike 4.0,3.0,?,https://www.xeno-canto.org/246306,rorpar/XC246306.ogg
rorpar,[],['call'],37.3748,-5.9887,Psittacula krameri,Rose-ringed Parakeet,José Carlos Sires,Creative Commons Attribution-NonCommercial-ShareAlike 4.0,3.0,?,https://www.xeno-canto.org/246308,rorpar/XC246308.ogg
rorpar,[],"['flight call', 'song']",14.1502,-16.627,Psittacula krameri,Rose-ringed Parakeet,Bram Piot,Creative Commons Attribution-NonCommercial-ShareAlike 4.0,3.5,07:30,https://www.xeno-canto.org/246662,rorpar/XC246662.ogg
rorpar,[],['call'],37.3576,-5.9336,Psittacula krameri,Rose-ringed Parakeet,José Carlos Sires,Creative Commons Attribution-NonCommercial-ShareAlike 4.0,3.0,?,https://www.xeno-canto.org/246668,rorpar/XC246668.ogg
rorpar,[],"['call', 'flight call']",37.4176,-5.9972,Psittacula krameri,Rose-ringed Parakeet,José Carlos Sires,Creative Commons Attribution-NonCommercial-ShareAlike 4.0,3.0,?,https://www.xeno-canto.org/263125,rorpar/XC263125.ogg
rorpar,[],"['call', 'flight call']",37.4176,-5.9972,Psittacula krameri,Rose-ringed Parakeet,José Carlos Sires,Creative Commons Attribution-NonCommercial-ShareAlike 4.0,3.0,?,https://www.xeno-canto.org/263126,rorpar/XC263126.ogg
rorpar,[],"['call', 'flight call']",37.4176,-5.9972,Psittacula krameri,Rose-ringed Parakeet,José Carlos Sires,Creative Commons Attribution-NonCommercial-ShareAlike 4.0,3.0,?,https://www.xeno-canto.org/263128,rorpar/XC263128.ogg
rorpar,[],['flight call'],37.4176,-5.9972,Psittacula krameri,Rose-ringed Parakeet,José Carlos Sires,Creative Commons Attribution-NonCommercial-ShareAlike 4.0,3.0,?,https://www.xeno-canto.org/263582,rorpar/XC263582.ogg
rorpar,[],['flight call'],37.4176,-5.9972,Psittacula krameri,Rose-ringed Parakeet,José Carlos Sires,Creative Commons Attribution-NonCommercial-ShareAlike 4.0,3.0,?,https://www.xeno-canto.org/263583,rorpar/XC263583.ogg
rorpar,[],"['call', 'flight call']",37.3683,-6.0237,Psittacula krameri,Rose-ringed Parakeet,José Carlos Sires,Creative Commons Attribution-NonCommercial-ShareAlike 4.0,3.0,?,https://www.xeno-canto.org/264083,rorpar/XC264083.ogg
rorpar,[],['call'],35.3622,-119.0252,Psittacula krameri,Rose-ringed Parakeet,Andrew Spencer,Creative Commons Attribution-NonCommercial-ShareAlike 4.0,5.0,06:30,https://www.xeno-canto.org/267021,rorpar/XC267021.ogg
rorpar,[],['call'],35.3622,-119.0252,Psittacula krameri,Rose-ringed Parakeet,Andrew Spencer,Creative Commons Attribution-NonCommercial-ShareAlike 4.0,5.0,06:30,https://www.xeno-canto.org/267022,rorpar/XC267022.ogg
rorpar,[],['call'],35.3622,-119.0252,Psittacula krameri,Rose-ringed Parakeet,Andrew Spencer,Creative Commons Attribution-NonCommercial-ShareAlike 4.0,5.0,06:30,https://www.xeno-canto.org/267023,rorpar/XC267023.ogg
rorpar,[],['call'],35.3622,-119.0252,Psittacula krameri,Rose-ringed Parakeet,Andrew Spencer,Creative Commons Attribution-NonCommercial-ShareAlike 4.0,5.0,06:30,https://www.xeno-canto.org/267024,rorpar/XC267024.ogg
rorpar,[],['call'],35.3622,-119.0252,Psittacula krameri,Rose-ringed Parakeet,Andrew Spencer,Creative Commons Attribution-NonCommercial-ShareAlike 4.0,5.0,06:30,https://www.xeno-canto.org/267025,rorpar/XC267025.ogg
rorpar,[],['call'],35.4486,-118.9088,Psittacula krameri,Rose-ringed Parakeet,Andrew Spencer,Creative Commons Attribution-NonCommercial-ShareAlike 4.0,5.0,08:30,https://www.xeno-canto.org/267026,rorpar/XC267026.ogg
rorpar,[],['flight call'],14.8294,-17.2303,Psittacula krameri,Rose-ringed Parakeet,Bram Piot,Creative Commons Attribution-NonCommercial-ShareAlike 4.0,5.0,08:00,https://www.xeno-canto.org/267519,rorpar/XC267519.ogg
rorpar,[],['call'],52.0867,4.2631,Psittacula krameri,Rose-ringed Parakeet,Sander Pieterse,Creative Commons Attribution-ShareAlike 3.0,3.5,12:00,https://www.xeno-canto.org/27160,rorpar/XC27160.ogg
rorpar,[],['call'],12.9912,80.2363,Psittacula krameri,Rose-ringed Parakeet,Vivek Puliyeri,Creative Commons Attribution-NonCommercial-ShareAlike 4.0,4.0,08:00,https://www.xeno-canto.org/283186,rorpar/XC283186.ogg
rorpar,[],['call'],-25.7603,28.2787,Psittacula krameri,Rose-ringed Parakeet,Lynette Rudman,Creative Commons Attribution-NonCommercial-ShareAlike 4.0,4.0,08:30,https://www.xeno-canto.org/283346,rorpar/XC283346.ogg
rorpar,[],['flight call'],9.546,78.6017,Psittacula krameri,Rose-ringed Parakeet,Vijay Nivash,Creative Commons Attribution-NonCommercial-ShareAlike 4.0,4.0,17:30,https://www.xeno-canto.org/283707,rorpar/XC283707.ogg
rorpar,[],['flight call'],37.3657,-5.9731,Psittacula krameri,Rose-ringed Parakeet,José Carlos Sires,Creative Commons Attribution-NonCommercial-ShareAlike 4.0,3.0,?,https://www.xeno-canto.org/287990,rorpar/XC287990.ogg
rorpar,[],['flight call'],37.4176,-5.9972,Psittacula krameri,Rose-ringed Parakeet,José Carlos Sires,Creative Commons Attribution-NonCommercial-ShareAlike 4.0,4.0,?,https://www.xeno-canto.org/288737,rorpar/XC288737.ogg
rorpar,[],"['call', 'flight call']",37.4176,-5.9972,Psittacula krameri,Rose-ringed Parakeet,José Carlos Sires,Creative Commons Attribution-NonCommercial-ShareAlike 4.0,4.0,?,https://www.xeno-canto.org/288738,rorpar/XC288738.ogg
rorpar,[],['flight call'],37.3979,-6.005,Psittacula krameri,Rose-ringed Parakeet,José Carlos Sires,Creative Commons Attribution-NonCommercial-ShareAlike 4.0,3.0,?,https://www.xeno-canto.org/292141,rorpar/XC292141.ogg
rorpar,[],['flight call'],14.0606,-16.7575,Psittacula krameri,Rose-ringed Parakeet,Bram Piot,Creative Commons Attribution-NonCommercial-ShareAlike 4.0,3.5,09:00,https://www.xeno-canto.org/293078,rorpar/XC293078.ogg
rorpar,[],['call'],26.871,78.5647,Psittacula krameri,Rose-ringed Parakeet,Ramit Singal,Creative Commons Attribution-NonCommercial-ShareAlike 4.0,5.0,09:00,https://www.xeno-canto.org/294389,rorpar/XC294389.ogg
rorpar,[],"['call', 'flight call']",37.3576,-5.9336,Psittacula krameri,Rose-ringed Parakeet,José Carlos Sires,Creative Commons Attribution-NonCommercial-ShareAlike 4.0,4.0,?,https://www.xeno-canto.org/294456,rorpar/XC294456.ogg
rorpar,[],"['call', 'flight call']",51.507,-0.1792,Psittacula krameri,Rose-ringed Parakeet,Stein Ø. Nilsen,Creative Commons Attribution-NonCommercial-ShareAlike 4.0,4.0,07:30,https://www.xeno-canto.org/304928,rorpar/XC304928.ogg
rorpar,[],"['call', 'flight call']",51.507,-0.1792,Psittacula krameri,Rose-ringed Parakeet,Stein Ø. Nilsen,Creative Commons Attribution-NonCommercial-ShareAlike 4.0,4.0,07:30,https://www.xeno-canto.org/304930,rorpar/XC304930.ogg
rorpar,[],['flight call'],-25.8401,28.2612,Psittacula krameri,Rose-ringed Parakeet,Faansie Peacock,Creative Commons Attribution-NonCommercial-ShareAlike 4.0,4.0,10:00,https://www.xeno-canto.org/307253,rorpar/XC307253.ogg
rorpar,[],['song'],14.5088,-17.0696,Psittacula krameri,Rose-ringed Parakeet,Bram Piot,Creative Commons Attribution-NonCommercial-ShareAlike 4.0,4.0,07:00,https://www.xeno-canto.org/308042,rorpar/XC308042.ogg
rorpar,[],"['call', 'flight call']",19.2095,72.907,Psittacula krameri,Rose-ringed Parakeet,Yogesh Patel,Creative Commons Attribution-NonCommercial-ShareAlike 4.0,4.0,09:30,https://www.xeno-canto.org/309096,rorpar/XC309096.ogg
rorpar,[],['call'],48.675,2.3501,Psittacula krameri,Rose-ringed Parakeet,julien Rochefort,Creative Commons Attribution-NonCommercial-ShareAlike 4.0,5.0,12:30,https://www.xeno-canto.org/309170,rorpar/XC309170.ogg
rorpar,[],['call'],43.5912,7.0101,Psittacula krameri,Rose-ringed Parakeet,Joss Deffarges,Creative Commons Attribution-NonCommercial-ShareAlike 4.0,1.5,15:03,https://www.xeno-canto.org/309918,rorpar/XC309918.ogg
rorpar,[],"['call', 'flight call']",43.5697,7.0057,Psittacula krameri,Rose-ringed Parakeet,Joss Deffarges,Creative Commons Attribution-NonCommercial-ShareAlike 4.0,3.0,17:14,https://www.xeno-canto.org/309919,rorpar/XC309919.ogg
rorpar,[],"['call', 'song']",15.8802,-16.468,Psittacula krameri,Rose-ringed Parakeet,Bram Piot,Creative Commons Attribution-NonCommercial-ShareAlike 4.0,4.5,08:00,https://www.xeno-canto.org/310531,rorpar/XC310531.ogg
rorpar,[],['song'],9.5687,-4.2943,Psittacula krameri,Rose-ringed Parakeet,Étienne Leroy,Creative Commons Attribution-NonCommercial-ShareAlike 4.0,5.0,07:00,https://www.xeno-canto.org/315871,rorpar/XC315871.ogg
rorpar,[],['call'],29.5721,34.9723,Psittacula krameri,Rose-ringed Parakeet,Thomas Lüthi,Creative Commons Attribution-NonCommercial-ShareAlike 4.0,4.0,17:44,https://www.xeno-canto.org/322411,rorpar/XC322411.ogg
rorpar,[],['song'],14.0606,-16.7575,Psittacula krameri,Rose-ringed Parakeet,Bram Piot,Creative Commons Attribution-NonCommercial-ShareAlike 4.0,3.5,08:00,https://www.xeno-canto.org/331919,rorpar/XC331919.ogg
rorpar,[],"['call', 'flight call']",45.1897,9.1591,Psittacula krameri,Rose-ringed Parakeet,Francesco Sottile,Creative Commons Attribution-NonCommercial-ShareAlike 4.0,4.5,07:10,https://www.xeno-canto.org/333404,rorpar/XC333404.ogg
rorpar,[],['call'],41.9114,12.4819,Psittacula krameri,Rose-ringed Parakeet,Craig Brookes,Creative Commons Attribution-NonCommercial-ShareAlike 4.0,5.0,14:00,https://www.xeno-canto.org/334309,rorpar/XC334309.ogg
rorpar,[],"['call', 'song']",12.6304,-16.5566,Psittacula krameri,Rose-ringed Parakeet,Bram Piot,Creative Commons Attribution-NonCommercial-ShareAlike 4.0,4.0,13:30,https://www.xeno-canto.org/338695,rorpar/XC338695.ogg
rorpar,[],['call'],48.4735,-4.3281,Psittacula krameri,Rose-ringed Parakeet,Louise M,Creative Commons Attribution-NonCommercial-ShareAlike 4.0,4.0,15:00,https://www.xeno-canto.org/340402,rorpar/XC340402.ogg
rorpar,[],['call'],1.3414,103.7877,Psittacula krameri,Rose-ringed Parakeet,Yeo SB,Creative Commons Attribution-NonCommercial-ShareAlike 4.0,4.0,08:00,https://www.xeno-canto.org/340755,rorpar/XC340755.ogg
rorpar,[],['call'],14.7279,-17.4329,Psittacula krameri,Rose-ringed Parakeet,Bram Piot,Creative Commons Attribution-NonCommercial-ShareAlike 4.0,3.5,16:30,https://www.xeno-canto.org/346163,rorpar/XC346163.ogg
rorpar,[],"['call', 'flight call']",20.7105,86.8819,Psittacula krameri,Rose-ringed Parakeet,Harishchandra Mhatre,Creative Commons Attribution-NonCommercial-ShareAlike 4.0,4.0,08:00,https://www.xeno-canto.org/346240,rorpar/XC346240.ogg
rorpar,[],"['call', 'female']",44.3188,9.3212,Psittacula krameri,Rose-ringed Parakeet,Andrea Simoncini,Creative Commons Attribution-NonCommercial-ShareAlike 4.0,5.0,10:00,https://www.xeno-canto.org/348243,rorpar/XC348243.ogg
rorpar,[],['call'],52.0814,4.2695,Psittacula krameri,Rose-ringed Parakeet,Sander Pieterse,Creative Commons Attribution-ShareAlike 3.0,4.5,21:10,https://www.xeno-canto.org/35091,rorpar/XC35091.ogg
rorpar,[],['call'],50.6154,5.6244,Psittacula krameri,Rose-ringed Parakeet,Or & Cedric,Creative Commons Attribution-NonCommercial-ShareAlike 4.0,3.0,17:00,https://www.xeno-canto.org/351295,rorpar/XC351295.ogg
rorpar,[],['call'],50.6154,5.6244,Psittacula krameri,Rose-ringed Parakeet,Or & Cedric,Creative Commons Attribution-NonCommercial-ShareAlike 4.0,3.0,20:00,https://www.xeno-canto.org/351296,rorpar/XC351296.ogg
rorpar,[],['flight call'],37.3823,-6.1363,Psittacula krameri,Rose-ringed Parakeet,José Carlos Sires,Creative Commons Attribution-NonCommercial-ShareAlike 4.0,3.0,?,https://www.xeno-canto.org/352676,rorpar/XC352676.ogg
rorpar,[],"['call', 'flight call', 'group of several dozens roosting at dusk']",48.6981,6.1838,Psittacula krameri,Rose-ringed Parakeet,Stanislas Wroza,Creative Commons Attribution-NonCommercial-ShareAlike 4.0,5.0,18:00,https://www.xeno-canto.org/354582,rorpar/XC354582.ogg
rorpar,[],"['call', 'flight call']",51.2201,6.7791,Psittacula krameri,Rose-ringed Parakeet,Timo Tschentscher,Creative Commons Attribution-NonCommercial-ShareAlike 4.0,5.0,16:41,https://www.xeno-canto.org/354836,rorpar/XC354836.ogg
rorpar,[],['call'],51.2201,6.7791,Psittacula krameri,Rose-ringed Parakeet,Timo Tschentscher,Creative Commons Attribution-NonCommercial-ShareAlike 4.0,5.0,17:36,https://www.xeno-canto.org/355179,rorpar/XC355179.ogg
rorpar,[],['call'],14.0606,-16.7575,Psittacula krameri,Rose-ringed Parakeet,Bram Piot,Creative Commons Attribution-NonCommercial-ShareAlike 4.0,4.0,18:30,https://www.xeno-canto.org/356734,rorpar/XC356734.ogg
rorpar,[],['call'],41.4362,2.1403,Psittacula krameri,Rose-ringed Parakeet,Jaume Campderros,Creative Commons Attribution-NonCommercial-ShareAlike 4.0,3.5,16:30,https://www.xeno-canto.org/357073,rorpar/XC357073.ogg
rorpar,[],['call'],37.9735,23.7376,Psittacula krameri,Rose-ringed Parakeet,Nikolaos Sarikakis,Creative Commons Attribution-NonCommercial-ShareAlike 4.0,3.0,07:00,https://www.xeno-canto.org/359402,rorpar/XC359402.ogg
rorpar,[],['call'],12.4741,-16.767,Psittacula krameri,Rose-ringed Parakeet,Bram Piot,Creative Commons Attribution-NonCommercial-ShareAlike 4.0,3.5,13:00,https://www.xeno-canto.org/359425,rorpar/XC359425.ogg
rorpar,[],['call'],43.3006,5.5207,Psittacula krameri,Rose-ringed Parakeet,Eric Barthélemy,Creative Commons Attribution-NonCommercial-ShareAlike 4.0,4.0,16:30,https://www.xeno-canto.org/361722,rorpar/XC361722.ogg
rorpar,[],['call'],1.341,103.7639,Psittacula krameri,Rose-ringed Parakeet,marcel finlay,Creative Commons Attribution-NonCommercial-ShareAlike 4.0,3.5,07:45,https://www.xeno-canto.org/364238,rorpar/XC364238.ogg
rorpar,[],['call'],-25.8401,28.2612,Psittacula krameri,Rose-ringed Parakeet,Faansie Peacock,Creative Commons Attribution-NonCommercial-ShareAlike 4.0,4.5,10:30,https://www.xeno-canto.org/364535,rorpar/XC364535.ogg
rorpar,[],['call'],-25.8401,28.2612,Psittacula krameri,Rose-ringed Parakeet,Faansie Peacock,Creative Commons Attribution-NonCommercial-ShareAlike 4.0,4.5,10:30,https://www.xeno-canto.org/364537,rorpar/XC364537.ogg
rorpar,[],"['call', 'song']",52.0609,4.3409,Psittacula krameri,Rose-ringed Parakeet,Bob Planqué,Creative Commons Attribution-NonCommercial-ShareAlike 3.0,4.0,9:00,https://www.xeno-canto.org/36477,rorpar/XC36477.ogg
rorpar,[],"['call', 'song']",52.0609,4.3409,Psittacula krameri,Rose-ringed Parakeet,Bob Planqué,Creative Commons Attribution-NonCommercial-ShareAlike 3.0,4.0,9:00,https://www.xeno-canto.org/36478,rorpar/XC36478.ogg
rorpar,[],['flight call'],51.5086,-0.1623,Psittacula krameri,Rose-ringed Parakeet,GABRIEL LEITE,Creative Commons Attribution-NonCommercial-ShareAlike 4.0,4.0,08:30,https://www.xeno-canto.org/368583,rorpar/XC368583.ogg
rorpar,[],['call'],51.5086,-0.1623,Psittacula krameri,Rose-ringed Parakeet,GABRIEL LEITE,Creative Commons Attribution-NonCommercial-ShareAlike 4.0,4.0,08:30,https://www.xeno-canto.org/368584,rorpar/XC368584.ogg
rorpar,[],['call'],52.0541,4.3505,Psittacula krameri,Rose-ringed Parakeet,Bob Planque,Creative Commons Attribution-NonCommercial-ShareAlike 3.0,4.0,21:30,https://www.xeno-canto.org/36899,rorpar/XC36899.ogg
rorpar,[],['call'],12.8729,-14.9542,Psittacula krameri,Rose-ringed Parakeet,Bram Piot,Creative Commons Attribution-NonCommercial-ShareAlike 4.0,3.5,18:00,https://www.xeno-canto.org/370978,rorpar/XC370978.ogg
rorpar,[],"['call', 'flight call']",50.0837,8.2481,Psittacula krameri,Rose-ringed Parakeet,Lars Lachmann,Creative Commons Attribution-NonCommercial-ShareAlike 4.0,3.5,09:30,https://www.xeno-canto.org/375258,rorpar/XC375258.ogg
rorpar,[],['song'],28.647813,77.209854,Psittacula krameri,Rose-ringed Parakeet,David Farrow,Creative Commons Attribution-NonCommercial-ShareAlike 3.0,4.0,?:?,https://www.xeno-canto.org/37588,rorpar/XC37588.ogg
rorpar,[],"['call', 'flight call']",13.7883,-16.479,Psittacula krameri,Rose-ringed Parakeet,Bram Piot,Creative Commons Attribution-NonCommercial-ShareAlike 4.0,4.0,06:45,https://www.xeno-canto.org/376416,rorpar/XC376416.ogg
rorpar,[],['call'],45.4562,11.9507,Psittacula krameri,Rose-ringed Parakeet,Jonathan Tollin,Creative Commons Attribution-NonCommercial-ShareAlike 4.0,4.0,09:00,https://www.xeno-canto.org/378731,rorpar/XC378731.ogg
rorpar,[],['song'],12.0034,79.8191,Psittacula krameri,Rose-ringed Parakeet,bernard Fort,Creative Commons Attribution-NonCommercial-ShareAlike 4.0,3.0,18:30,https://www.xeno-canto.org/393234,rorpar/XC393234.ogg
rorpar,[],['flight call'],51.5589,-0.7049,Psittacula krameri,Rose-ringed Parakeet,nick talbot,Creative Commons Attribution-NonCommercial-ShareAlike 4.0,4.0,15:45,https://www.xeno-canto.org/398972,rorpar/XC398972.ogg
rorpar,[],['call'],51.5633,-0.1074,Psittacula krameri,Rose-ringed Parakeet,nick talbot,Creative Commons Attribution-NonCommercial-ShareAlike 4.0,4.0,08:00,https://www.xeno-canto.org/402164,rorpar/XC402164.ogg
rorpar,[],['call'],10.1369,76.4567,Psittacula krameri,Rose-ringed Parakeet,Dilip KG,Creative Commons Attribution-NonCommercial-ShareAlike 4.0,4.0,09:30,https://www.xeno-canto.org/402325,rorpar/XC402325.ogg
rorpar,[],['call'],28.464,76.893,Psittacula krameri,Rose-ringed Parakeet,Barry Edmonston,Creative Commons Attribution-NonCommercial-ShareAlike 4.0,4.5,08:30,https://www.xeno-canto.org/403954,rorpar/XC403954.ogg
rorpar,[],"['call', 'female', 'male']",26.0173,76.5026,Psittacula krameri,Rose-ringed Parakeet,Barry Edmonston,Creative Commons Attribution-NonCommercial-ShareAlike 4.0,3.0,08:30,https://www.xeno-canto.org/403959,rorpar/XC403959.ogg
rorpar,['houspa'],['call'],49.3981,8.7261,Psittacula krameri,Rose-ringed Parakeet,Jorge Leitão,Creative Commons Attribution-NonCommercial-ShareAlike 4.0,3.5,15:00,https://www.xeno-canto.org/419717,rorpar/XC419717.ogg
rorpar,[],['call'],50.1232,8.6119,Psittacula krameri,Rose-ringed Parakeet,brickegickel,Creative Commons Attribution-NonCommercial-ShareAlike 4.0,4.0,09:30,https://www.xeno-canto.org/419853,rorpar/XC419853.ogg
rorpar,[],['call'],52.358,4.8686,Psittacula krameri,Rose-ringed Parakeet,nick talbot,Creative Commons Attribution-NonCommercial-ShareAlike 4.0,4.0,16:00,https://www.xeno-canto.org/421505,rorpar/XC421505.ogg
rorpar,[],['call'],51.508,-0.1732,Psittacula krameri,Rose-ringed Parakeet,brickegickel,Creative Commons Attribution-NonCommercial-ShareAlike 4.0,5.0,14:00,https://www.xeno-canto.org/423100,rorpar/XC423100.ogg
rorpar,[],['call'],21.1247,94.2238,Psittacula krameri,Rose-ringed Parakeet,Brian Cox,Creative Commons Attribution-NonCommercial-ShareAlike 4.0,5.0,09:00,https://www.xeno-canto.org/430285,rorpar/XC430285.ogg
rorpar,[],['flight call'],37.3748,-5.9887,Psittacula krameri,Rose-ringed Parakeet,Esperanza Poveda,Creative Commons Attribution-NonCommercial-ShareAlike 4.0,3.0,?,https://www.xeno-canto.org/430604,rorpar/XC430604.ogg
rorpar,[],['flight call'],48.8023,2.1184,Psittacula krameri,Rose-ringed Parakeet,Jorge Leitão,Creative Commons Attribution-NonCommercial-ShareAlike 4.0,3.0,11:27,https://www.xeno-canto.org/434842,rorpar/XC434842.ogg
rorpar,[],['call'],23.2833,71.7613,Psittacula krameri,Rose-ringed Parakeet,Hemanya Radadia,Creative Commons Attribution-NonCommercial-ShareAlike 4.0,4.5,07:00,https://www.xeno-canto.org/442500,rorpar/XC442500.ogg
rorpar,[],['call'],25.319,55.3457,Psittacula krameri,Rose-ringed Parakeet,Aladdin,Creative Commons Attribution-NonCommercial-ShareAlike 4.0,5.0,09:00,https://www.xeno-canto.org/445740,rorpar/XC445740.ogg
rorpar,[],['call'],25.3238,55.3536,Psittacula krameri,Rose-ringed Parakeet,Aladdin,Creative Commons Attribution-NonCommercial-ShareAlike 4.0,5.0,10:00,https://www.xeno-canto.org/445741,rorpar/XC445741.ogg
rorpar,[],"['call', 'song']",13.0861,80.2669,Psittacula krameri,Rose-ringed Parakeet,Sreekumar Chirukandoth,Creative Commons Attribution-NonCommercial-ShareAlike 4.0,4.5,14:00,https://www.xeno-canto.org/445919,rorpar/XC445919.ogg
rorpar,[],['flight call'],11.7642,-4.8177,Psittacula krameri,Rose-ringed Parakeet,Asher Warkentin,Creative Commons Attribution-NonCommercial-ShareAlike 4.0,2.5,06:30,https://www.xeno-canto.org/446300,rorpar/XC446300.ogg
rorpar,[],['call'],12.5103,2.5457,Psittacula krameri,Rose-ringed Parakeet,Étienne Leroy,Creative Commons Attribution-NonCommercial-ShareAlike 4.0,5.0,17:30,https://www.xeno-canto.org/447309,rorpar/XC447309.ogg
rorpar,[],['flight call'],49.4254,8.6657,Psittacula krameri,Rose-ringed Parakeet,Jorge Leitão,Creative Commons Attribution-NonCommercial-ShareAlike 4.0,5.0,09:09,https://www.xeno-canto.org/451915,rorpar/XC451915.ogg
rorpar,[],['flight call'],49.4254,8.6657,Psittacula krameri,Rose-ringed Parakeet,Jorge Leitão,Creative Commons Attribution-NonCommercial-ShareAlike 4.0,4.5,11:40,https://www.xeno-canto.org/453140,rorpar/XC453140.ogg
rorpar,[],['alarm call'],49.4254,8.6657,Psittacula krameri,Rose-ringed Parakeet,Jorge Leitão,Creative Commons Attribution-NonCommercial-ShareAlike 4.0,4.5,12:18,https://www.xeno-canto.org/453150,rorpar/XC453150.ogg
rorpar,[],['alarm call'],49.4254,8.6657,Psittacula krameri,Rose-ringed Parakeet,Jorge Leitão,Creative Commons Attribution-NonCommercial-ShareAlike 4.0,4.5,10:52,https://www.xeno-canto.org/453152,rorpar/XC453152.ogg
rorpar,[],['call'],12.9912,80.2363,Psittacula krameri,Rose-ringed Parakeet,Vivek Puliyeri,Creative Commons Attribution-NonCommercial-ShareAlike 4.0,4.0,06:32,https://www.xeno-canto.org/459291,rorpar/XC459291.ogg
rorpar,[],['flight call'],32.7015,34.9833,Psittacula krameri,Rose-ringed Parakeet,Manuel Grosselet,Creative Commons Attribution-NonCommercial-ShareAlike 4.0,5.0,08:30,https://www.xeno-canto.org/462902,rorpar/XC462902.ogg
rorpar,[],['flight call'],32.7157,34.993,Psittacula krameri,Rose-ringed Parakeet,Manuel Grosselet,Creative Commons Attribution-NonCommercial-ShareAlike 4.0,5.0,08:30,https://www.xeno-canto.org/463499,rorpar/XC463499.ogg
rorpar,[],['call'],49.4292,8.6563,Psittacula krameri,Rose-ringed Parakeet,Jorge Leitão,Creative Commons Attribution-NonCommercial-ShareAlike 4.0,4.0,10:43,https://www.xeno-canto.org/464044,rorpar/XC464044.ogg
rorpar,['houspa'],"['call', 'flight call']",49.4292,8.6563,Psittacula krameri,Rose-ringed Parakeet,Jorge Leitão,Creative Commons Attribution-NonCommercial-ShareAlike 4.0,4.5,11:55,https://www.xeno-canto.org/464045,rorpar/XC464045.ogg
rorpar,[],['call'],18.4973,73.8044,Psittacula krameri,Rose-ringed Parakeet,Rajgopal Patil,Creative Commons Attribution-NonCommercial-ShareAlike 4.0,5.0,13:10,https://www.xeno-canto.org/464252,rorpar/XC464252.ogg
rorpar,[],['song'],18.4975,73.8043,Psittacula krameri,Rose-ringed Parakeet,Rajgopal Patil,Creative Commons Attribution-NonCommercial-ShareAlike 4.0,5.0,08:10,https://www.xeno-canto.org/464292,rorpar/XC464292.ogg
rorpar,[],['call'],51.446,-0.2619,Psittacula krameri,Rose-ringed Parakeet,Pia Höfferle,Creative Commons Attribution-NonCommercial-ShareAlike 4.0,2.0,14:30,https://www.xeno-canto.org/465037,rorpar/XC465037.ogg
rorpar,[],['call'],12.9912,80.2363,Psittacula krameri,Rose-ringed Parakeet,Vivek Puliyeri,Creative Commons Attribution-NonCommercial-ShareAlike 4.0,4.0,06:08,https://www.xeno-canto.org/469368,rorpar/XC469368.ogg
rorpar,[],['call'],14.1502,-16.627,Psittacula krameri,Rose-ringed Parakeet,Bram Piot,Creative Commons Attribution-NonCommercial-ShareAlike 4.0,5.0,17:00,https://www.xeno-canto.org/471332,rorpar/XC471332.ogg
rorpar,[],['call'],12.8729,-14.9542,Psittacula krameri,Rose-ringed Parakeet,Bram Piot,Creative Commons Attribution-NonCommercial-ShareAlike 4.0,3.5,18:30,https://www.xeno-canto.org/474381,rorpar/XC474381.ogg
rorpar,[],['call'],48.8434,2.3591,Psittacula krameri,Rose-ringed Parakeet,Marie-Lan Taÿ Pamart,Creative Commons Attribution-ShareAlike 4.0,5.0,15:30,https://www.xeno-canto.org/474519,rorpar/XC474519.ogg
rorpar,[],['flight call'],48.8196,2.1885,Psittacula krameri,Rose-ringed Parakeet,Stanislas Wroza,Creative Commons Attribution-NonCommercial-ShareAlike 4.0,0.0,13:00,https://www.xeno-canto.org/475255,rorpar/XC475255.ogg
rorpar,[],"['alarm call', 'female']",48.8196,2.1885,Psittacula krameri,Rose-ringed Parakeet,Stanislas Wroza,Creative Commons Attribution-NonCommercial-ShareAlike 4.0,5.0,13:00,https://www.xeno-canto.org/475256,rorpar/XC475256.ogg
rorpar,[],"['alarm call', 'female']",48.8196,2.1885,Psittacula krameri,Rose-ringed Parakeet,Stanislas Wroza,Creative Commons Attribution-NonCommercial-ShareAlike 4.0,0.0,13:00,https://www.xeno-canto.org/475257,rorpar/XC475257.ogg
rorpar,[],"['alarm call', 'call', 'song']",50.9348,6.9634,Psittacula krameri,Rose-ringed Parakeet,Frank-Udo Tielmann,Creative Commons Attribution-NonCommercial-ShareAlike 4.0,4.0,19:30,https://www.xeno-canto.org/475343,rorpar/XC475343.ogg
rorpar,[],"['call', 'flight']",49.4292,8.6563,Psittacula krameri,Rose-ringed Parakeet,Jorge Leitão,Creative Commons Attribution-NonCommercial-ShareAlike 4.0,0.0,17:47,https://www.xeno-canto.org/478013,rorpar/XC478013.ogg
rorpar,[],['flight call'],49.3981,8.7261,Psittacula krameri,Rose-ringed Parakeet,Jorge Leitão,Creative Commons Attribution-NonCommercial-ShareAlike 4.0,0.0,15:42,https://www.xeno-canto.org/481831,rorpar/XC481831.ogg
rorpar,[],"['call', 'male']",27.7354,85.3437,Psittacula krameri,Rose-ringed Parakeet,Ian Hearn,Creative Commons Attribution-NonCommercial-ShareAlike 4.0,4.0,04:00,https://www.xeno-canto.org/489798,rorpar/XC489798.ogg
rorpar,[],"['call', 'male']",27.7354,85.3437,Psittacula krameri,Rose-ringed Parakeet,Ian Hearn,Creative Commons Attribution-NonCommercial-ShareAlike 4.0,4.0,04:00,https://www.xeno-canto.org/489801,rorpar/XC489801.ogg
rorpar,['houspa'],['song'],49.4151,8.6635,Psittacula krameri,Rose-ringed Parakeet,Jorge Leitão,Creative Commons Attribution-NonCommercial-ShareAlike 4.0,0.0,17:13,https://www.xeno-canto.org/490194,rorpar/XC490194.ogg
rorpar,[],['call'],49.4292,8.6563,Psittacula krameri,Rose-ringed Parakeet,Jorge Leitão,Creative Commons Attribution-NonCommercial-ShareAlike 4.0,0.0,05:51,https://www.xeno-canto.org/491731,rorpar/XC491731.ogg
rorpar,[],['flight call'],50.6898,4.2086,Psittacula krameri,Rose-ringed Parakeet,Daniel Goris,Creative Commons Attribution-NonCommercial-ShareAlike 4.0,4.0,20:25,https://www.xeno-canto.org/493368,rorpar/XC493368.ogg
rorpar,[],['call'],41.8574,12.5282,Psittacula krameri,Rose-ringed Parakeet,nick talbot,Creative Commons Attribution-NonCommercial-ShareAlike 4.0,4.0,14:00,https://www.xeno-canto.org/495558,rorpar/XC495558.ogg
rorpar,[],['flight call'],48.7722,2.12,Psittacula krameri,Rose-ringed Parakeet,Stanislas Wroza,Creative Commons Attribution-NonCommercial-ShareAlike 4.0,4.0,07:00,https://www.xeno-canto.org/496599,rorpar/XC496599.ogg
rorpar,[],"['call', 'juvenile']",14.542,-17.0982,Psittacula krameri,Rose-ringed Parakeet,Bram Piot,Creative Commons Attribution-NonCommercial-ShareAlike 4.0,5.0,10:30,https://www.xeno-canto.org/499338,rorpar/XC499338.ogg
rorpar,[],['flight call'],53.9299,-2.9833,Psittacula krameri,Rose-ringed Parakeet,Chris Batty,Creative Commons Attribution-NonCommercial-ShareAlike 4.0,2.5,08:32,https://www.xeno-canto.org/499452,rorpar/XC499452.ogg
rorpar,['commyn'],['call'],32.1008,34.8119,Psittacula krameri,Rose-ringed Parakeet,emganin,Creative Commons Attribution-NonCommercial-ShareAlike 4.0,3.5,16:50,https://www.xeno-canto.org/503243,rorpar/XC503243.ogg
rorpar,[],['call'],51.0763,7.0154,Psittacula krameri,Rose-ringed Parakeet,Stephan Risch,Creative Commons Attribution-NonCommercial-ShareAlike 4.0,0.0,15:47,https://www.xeno-canto.org/505122,rorpar/XC505122.ogg
rorpar,[],['nocturnal flight call'],50.8852,4.3316,Psittacula krameri,Rose-ringed Parakeet,Seynaeve Adriaan,Creative Commons Attribution-NonCommercial-ShareAlike 4.0,1.0,02:39,https://www.xeno-canto.org/505788,rorpar/XC505788.ogg
rorpar,[],['call'],50.8503,4.3517,Psittacula krameri,Rose-ringed Parakeet,Patrik Åberg,Creative Commons Attribution-NonCommercial-ShareAlike 4.0,4.0,09:35,https://www.xeno-canto.org/506679,rorpar/XC506679.ogg
rorpar,[],['call'],50.8503,4.3517,Psittacula krameri,Rose-ringed Parakeet,Patrik Åberg,Creative Commons Attribution-NonCommercial-ShareAlike 4.0,4.0,09:38,https://www.xeno-canto.org/506680,rorpar/XC506680.ogg
rorpar,[],['call'],50.8503,4.3517,Psittacula krameri,Rose-ringed Parakeet,Patrik Åberg,Creative Commons Attribution-NonCommercial-ShareAlike 4.0,5.0,09:41,https://www.xeno-canto.org/506681,rorpar/XC506681.ogg
rorpar,[],['call'],29.5334,78.9334,Psittacula krameri,Rose-ringed Parakeet,Jean Roché,Creative Commons Attribution-NonCommercial-ShareAlike 4.0,4.0,?,https://www.xeno-canto.org/508360,rorpar/XC508360.ogg
rorpar,[],"['adult', 'call', 'flight call', 'sex uncertain']",48.8435,2.3594,Psittacula krameri,Rose-ringed Parakeet,Marie-Lan Taÿ Pamart,Creative Commons Attribution-ShareAlike 4.0,5.0,14:00,https://www.xeno-canto.org/510543,rorpar/XC510543.ogg
rorpar,[],['call'],48.8427,2.3573,Psittacula krameri,Rose-ringed Parakeet,Marie-Lan Taÿ Pamart,Creative Commons Attribution-ShareAlike 4.0,5.0,17:00,https://www.xeno-canto.org/511968,rorpar/XC511968.ogg
rorpar,[],['call'],48.8433,2.361,Psittacula krameri,Rose-ringed Parakeet,Thomas ARMAND,Creative Commons Attribution-NonCommercial-ShareAlike 4.0,4.0,12:30,https://www.xeno-canto.org/512339,rorpar/XC512339.ogg
rorpar,[],"['call', 'subsong']",41.2708,2.0062,Psittacula krameri,Rose-ringed Parakeet,Sean Ronayne,Creative Commons Attribution-NonCommercial-ShareAlike 4.0,4.0,12:00,https://www.xeno-canto.org/513544,rorpar/XC513544.ogg
rorpar,[],"['adult', 'flight call', 'sex uncertain']",48.8433,2.361,Psittacula krameri,Rose-ringed Parakeet,Marie-Lan Taÿ Pamart,Creative Commons Attribution-ShareAlike 4.0,5.0,16:00,https://www.xeno-canto.org/516402,rorpar/XC516402.ogg
rorpar,[],"['adult', 'call', 'sex uncertain']",48.8433,2.361,Psittacula krameri,Rose-ringed Parakeet,Marie-Lan Taÿ Pamart,Creative Commons Attribution-ShareAlike 4.0,5.0,16:00,https://www.xeno-canto.org/516404,rorpar/XC516404.ogg
rorpar,[],['call'],50.4667,17.3234,Psittacula krameri,Rose-ringed Parakeet,Marcin Sołowiej,Creative Commons Attribution-NonCommercial-ShareAlike 4.0,4.5,13:30,https://www.xeno-canto.org/518996,rorpar/XC518996.ogg
rorpar,[],['call'],50.4667,17.3234,Psittacula krameri,Rose-ringed Parakeet,Marcin Sołowiej,Creative Commons Attribution-NonCommercial-ShareAlike 4.0,5.0,14:00,https://www.xeno-canto.org/518999,rorpar/XC518999.ogg
rorpar,[],['song'],51.0564,6.9198,Psittacula krameri,Rose-ringed Parakeet,Markus Jacobs,Creative Commons Attribution-NonCommercial-ShareAlike 4.0,4.5,10:50,https://www.xeno-canto.org/521695,rorpar/XC521695.ogg
rorpar,[],"['aberrant', 'call']",48.7027,2.1156,Psittacula krameri,Rose-ringed Parakeet,Stanislas Wroza,Creative Commons Attribution-NonCommercial-ShareAlike 4.0,5.0,08:00,https://www.xeno-canto.org/522614,rorpar/XC522614.ogg
rorpar,[],['flight call'],48.7027,2.1156,Psittacula krameri,Rose-ringed Parakeet,Stanislas Wroza,Creative Commons Attribution-NonCommercial-ShareAlike 4.0,0.0,08:00,https://www.xeno-canto.org/522615,rorpar/XC522615.ogg
rorpar,[],['flight call'],48.7027,2.1156,Psittacula krameri,Rose-ringed Parakeet,Stanislas Wroza,Creative Commons Attribution-NonCommercial-ShareAlike 4.0,5.0,08:00,https://www.xeno-canto.org/522616,rorpar/XC522616.ogg
rorpar,[],"['alarm call', 'call', 'flight call', 'hundreds of birds roosting']",48.7027,2.1156,Psittacula krameri,Rose-ringed Parakeet,Stanislas Wroza,Creative Commons Attribution-NonCommercial-ShareAlike 4.0,5.0,18:00,https://www.xeno-canto.org/522975,rorpar/XC522975.ogg
rorpar,[],['call'],52.9418,-1.2174,Psittacula krameri,Rose-ringed Parakeet,Andrew Harrop,Creative Commons Attribution-NonCommercial-ShareAlike 4.0,5.0,12:00,https://www.xeno-canto.org/534230,rorpar/XC534230.ogg
rorpar,[],['call'],52.9418,-1.2174,Psittacula krameri,Rose-ringed Parakeet,Andrew Harrop,Creative Commons Attribution-NonCommercial-ShareAlike 4.0,4.0,12:00,https://www.xeno-canto.org/534231,rorpar/XC534231.ogg
rorpar,['rorpar'],['call'],48.8104,2.3669,Psittacula krameri,Rose-ringed Parakeet,Cedric Mroczko,Creative Commons Attribution-NonCommercial-ShareAlike 4.0,4.5,12:30,https://www.xeno-canto.org/534454,rorpar/XC534454.ogg
rorpar,['rorpar'],['call'],48.8104,2.3669,Psittacula krameri,Rose-ringed Parakeet,Cedric Mroczko,Creative Commons Attribution-NonCommercial-ShareAlike 4.0,4.5,12:30,https://www.xeno-canto.org/534457,rorpar/XC534457.ogg
rorpar,[],['flight call'],48.8688,2.0913,Psittacula krameri,Rose-ringed Parakeet,Stanislas Wroza,Creative Commons Attribution-NonCommercial-ShareAlike 4.0,0.0,09:00,https://www.xeno-canto.org/535793,rorpar/XC535793.ogg
rorpar,[],['flight call'],48.8688,2.0913,Psittacula krameri,Rose-ringed Parakeet,Stanislas Wroza,Creative Commons Attribution-NonCommercial-ShareAlike 4.0,0.0,09:00,https://www.xeno-canto.org/535796,rorpar/XC535796.ogg
rorpar,[],['flight call'],48.8688,2.0913,Psittacula krameri,Rose-ringed Parakeet,Stanislas Wroza,Creative Commons Attribution-NonCommercial-ShareAlike 4.0,0.0,09:00,https://www.xeno-canto.org/535798,rorpar/XC535798.ogg
rorpar,[],['flight call'],48.8688,2.0913,Psittacula krameri,Rose-ringed Parakeet,Stanislas Wroza,Creative Commons Attribution-NonCommercial-ShareAlike 4.0,0.0,09:00,https://www.xeno-canto.org/535800,rorpar/XC535800.ogg
rorpar,[],['flight call'],43.6108,3.8767,Psittacula krameri,Rose-ringed Parakeet,Pierrick Devoucoux,Creative Commons Attribution-NonCommercial-ShareAlike 4.0,0.0,10:40,https://www.xeno-canto.org/541481,rorpar/XC541481.ogg
rorpar,[],['flight call'],43.6108,3.8767,Psittacula krameri,Rose-ringed Parakeet,Pierrick Devoucoux,Creative Commons Attribution-NonCommercial-ShareAlike 4.0,0.0,08:05,https://www.xeno-canto.org/541888,rorpar/XC541888.ogg
rorpar,[],['flight call'],43.6108,3.8767,Psittacula krameri,Rose-ringed Parakeet,Pierrick Devoucoux,Creative Commons Attribution-NonCommercial-ShareAlike 4.0,0.0,08:27,https://www.xeno-canto.org/541889,rorpar/XC541889.ogg
rorpar,[],['flight call'],43.6108,3.8767,Psittacula krameri,Rose-ringed Parakeet,Pierrick Devoucoux,Creative Commons Attribution-NonCommercial-ShareAlike 4.0,0.0,09:21,https://www.xeno-canto.org/541890,rorpar/XC541890.ogg
rorpar,[],['flight call'],43.6141,3.8743,Psittacula krameri,Rose-ringed Parakeet,Boris Delahaie,Creative Commons Attribution-NonCommercial-ShareAlike 4.0,4.0,06:34,https://www.xeno-canto.org/542746,rorpar/XC542746.ogg
rorpar,[],['call'],39.4676,-0.3609,Psittacula krameri,Rose-ringed Parakeet,B Whyte,Creative Commons Attribution-NonCommercial-ShareAlike 4.0,5.0,09:30,https://www.xeno-canto.org/545568,rorpar/XC545568.ogg
rorpar,[],['call'],41.1449,-8.59,Psittacula krameri,Rose-ringed Parakeet,Hannu Varkki,Creative Commons Attribution-NonCommercial-ShareAlike 4.0,4.0,09:30,https://www.xeno-canto.org/546321,rorpar/XC546321.ogg
rorpar,[],['flight call'],43.6108,3.8767,Psittacula krameri,Rose-ringed Parakeet,Pierre Foulquier,Creative Commons Attribution-NonCommercial-ShareAlike 4.0,5.0,09:00,https://www.xeno-canto.org/547224,rorpar/XC547224.ogg
rorpar,[],"['adult', 'flight call', 'sex uncertain']",5.3618,-3.9823,Psittacula krameri,Rose-ringed Parakeet,Régis BABIN,Creative Commons Attribution-NonCommercial-ShareAlike 4.0,3.0,18:00,https://www.xeno-canto.org/548853,rorpar/XC548853.ogg
rorpar,[],['flight call'],48.8406,2.3479,Psittacula krameri,Rose-ringed Parakeet,Marie-Lan Taÿ Pamart,Creative Commons Attribution-ShareAlike 4.0,0.0,17:00,https://www.xeno-canto.org/553257,rorpar/XC553257.ogg
rorpar,[],['flight call'],52.0148,5.0379,Psittacula krameri,Rose-ringed Parakeet,Albert Noorlander,Creative Commons Attribution-NonCommercial-ShareAlike 4.0,5.0,06:29,https://www.xeno-canto.org/559630,rorpar/XC559630.ogg
rorpar,[],"['call', 'sex uncertain']",52.1289,4.3328,Psittacula krameri,Rose-ringed Parakeet,Dick de Vos,Creative Commons Attribution-NonCommercial-ShareAlike 4.0,4.5,08:00,https://www.xeno-canto.org/561018,rorpar/XC561018.ogg
rorpar,[],['flight call'],52.0147,5.0379,Psittacula krameri,Rose-ringed Parakeet,Albert Noorlander,Creative Commons Attribution-NonCommercial-ShareAlike 4.0,5.0,07:00,https://www.xeno-canto.org/561983,rorpar/XC561983.ogg
rorpar,[],['flight call'],52.0147,5.0379,Psittacula krameri,Rose-ringed Parakeet,Albert Noorlander,Creative Commons Attribution-NonCommercial-ShareAlike 4.0,5.0,07:20,https://www.xeno-canto.org/561984,rorpar/XC561984.ogg
rorpar,[],['flight call'],52.0147,5.038,Psittacula krameri,Rose-ringed Parakeet,Albert Noorlander,Creative Commons Attribution-NonCommercial-ShareAlike 4.0,5.0,08:36,https://www.xeno-canto.org/563328,rorpar/XC563328.ogg
rorpar,[],"['adult', 'call', 'female']",18.495,73.8027,Psittacula krameri,Rose-ringed Parakeet,Rajgopal Patil,Creative Commons Attribution-NonCommercial-ShareAlike 4.0,5.0,13:18,https://www.xeno-canto.org/568863,rorpar/XC568863.ogg
rorpar,[],"['adult', 'call', 'female']",18.495,73.8027,Psittacula krameri,Rose-ringed Parakeet,Rajgopal Patil,Creative Commons Attribution-NonCommercial-ShareAlike 4.0,5.0,13:19,https://www.xeno-canto.org/568868,rorpar/XC568868.ogg
rorpar,[],['flight call'],48.7027,2.1156,Psittacula krameri,Rose-ringed Parakeet,Stanislas Wroza,Creative Commons Attribution-NonCommercial-ShareAlike 4.0,0.0,20:00,https://www.xeno-canto.org/571461,rorpar/XC571461.ogg
rorpar,[],['call'],21.7177,79.3275,Psittacula krameri,Rose-ringed Parakeet,Rajgopal Patil,Creative Commons Attribution-NonCommercial-ShareAlike 4.0,4.0,07:17,https://www.xeno-canto.org/572399,rorpar/XC572399.ogg
rorpar,[],['call'],50.9866,6.9827,Psittacula krameri,Rose-ringed Parakeet,Stephan Risch,Creative Commons Attribution-NonCommercial-ShareAlike 4.0,0.0,20:45,https://www.xeno-canto.org/574717,rorpar/XC574717.ogg
rorpar,[],['Flight call'],1.4202,103.7203,Psittacula krameri,Rose-ringed Parakeet,Okamoto Keita Sin,Creative Commons Attribution-NonCommercial-ShareAlike 4.0,5.0,09:32,https://www.xeno-canto.org/575955,rorpar/XC575955.ogg
rorpar,[],['call'],18.5013,73.8049,Psittacula krameri,Rose-ringed Parakeet,Rajgopal Patil,Creative Commons Attribution-NonCommercial-ShareAlike 4.0,5.0,10:37,https://www.xeno-canto.org/577644,rorpar/XC577644.ogg
rorpar,[],['call'],18.5013,73.8049,Psittacula krameri,Rose-ringed Parakeet,Rajgopal Patil,Creative Commons Attribution-NonCommercial-ShareAlike 4.0,5.0,10:37,https://www.xeno-canto.org/577645,rorpar/XC577645.ogg
rorpar,[],['call'],18.5013,73.8049,Psittacula krameri,Rose-ringed Parakeet,Rajgopal Patil,Creative Commons Attribution-NonCommercial-ShareAlike 4.0,4.0,10:37,https://www.xeno-canto.org/577650,rorpar/XC577650.ogg
rorpar,[],['call'],18.5013,73.8049,Psittacula krameri,Rose-ringed Parakeet,Rajgopal Patil,Creative Commons Attribution-NonCommercial-ShareAlike 4.0,4.0,10:40,https://www.xeno-canto.org/577652,rorpar/XC577652.ogg
rorpar,[],"['call', 'flight call']",51.6077,-0.1944,Psittacula krameri,Rose-ringed Parakeet,Samuel Levy,Creative Commons Attribution-NonCommercial-ShareAlike 4.0,5.0,06:00,https://www.xeno-canto.org/579336,rorpar/XC579336.ogg
rorpar,[],['call'],51.6077,-0.1944,Psittacula krameri,Rose-ringed Parakeet,Samuel Levy,Creative Commons Attribution-NonCommercial-ShareAlike 4.0,5.0,06:00,https://www.xeno-canto.org/579354,rorpar/XC579354.ogg
rorpar,[],['call'],51.6077,-0.1944,Psittacula krameri,Rose-ringed Parakeet,Samuel Levy,Creative Commons Attribution-NonCommercial-ShareAlike 4.0,5.0,06:00,https://www.xeno-canto.org/579355,rorpar/XC579355.ogg
rorpar,[],"['call', 'flight call']",51.3532,-0.1461,Psittacula krameri,Rose-ringed Parakeet,Arjun Dutta,Creative Commons Attribution-NonCommercial-ShareAlike 4.0,5.0,07:00,https://www.xeno-canto.org/581078,rorpar/XC581078.ogg
rorpar,[],"['call', 'flight call']",51.3532,-0.1461,Psittacula krameri,Rose-ringed Parakeet,Arjun Dutta,Creative Commons Attribution-NonCommercial-ShareAlike 4.0,4.0,07:30,https://www.xeno-canto.org/581082,rorpar/XC581082.ogg
rorpar,[],"['call', 'flight call']",43.6108,3.8767,Psittacula krameri,Rose-ringed Parakeet,Pierre Foulquier,Creative Commons Attribution-NonCommercial-ShareAlike 4.0,5.0,06:30,https://www.xeno-canto.org/581310,rorpar/XC581310.ogg
rorpar,[],"['call', 'life stage uncertain', 'sex uncertain']",52.1556,4.4906,Psittacula krameri,Rose-ringed Parakeet,Chie-Jen Jerome Ko,Creative Commons Attribution-NonCommercial-ShareAlike 4.0,3.5,15:41,https://www.xeno-canto.org/583138,rorpar/XC583138.ogg
rorpar,[],['call'],19.1328,72.9152,Psittacula krameri,Rose-ringed Parakeet,Dhruba Saikia,Creative Commons Attribution-NonCommercial-ShareAlike 4.0,4.5,18:00,https://www.xeno-canto.org/584349,rorpar/XC584349.ogg
rorpar,[],['call'],19.1328,72.9152,Psittacula krameri,Rose-ringed Parakeet,Dhruba Saikia,Creative Commons Attribution-NonCommercial-ShareAlike 4.0,5.0,19:00,https://www.xeno-canto.org/584366,rorpar/XC584366.ogg
rorpar,[],"['call', 'female']",52.3889,16.9878,Psittacula krameri,Rose-ringed Parakeet,Sławomir Karpicki-Ignatowski,Creative Commons Attribution-NonCommercial-ShareAlike 4.0,3.0,12:30,https://www.xeno-canto.org/591671,rorpar/XC591671.ogg
rorpar,[],['flight call'],15.4195,73.893,Psittacula krameri,Rose-ringed Parakeet,Mandar Bhagat,Creative Commons Attribution-NonCommercial-ShareAlike 4.0,5.0,07:00,https://www.xeno-canto.org/592951,rorpar/XC592951.ogg
rorpar,[],['call'],52.133,5.0489,Psittacula krameri,Rose-ringed Parakeet,Frank Roos,Creative Commons Attribution-NonCommercial-ShareAlike 4.0,5.0,17:06,https://www.xeno-canto.org/600642,rorpar/XC600642.ogg
rorpar,[],"['call', 'song', 'various calls']",48.8235,2.2112,Psittacula krameri,Rose-ringed Parakeet,Stanislas Wroza,Creative Commons Attribution-NonCommercial-ShareAlike 4.0,5.0,08:30,https://www.xeno-canto.org/600866,rorpar/XC600866.ogg
rorpar,[],['flight call'],51.7332,-0.2692,Psittacula krameri,Rose-ringed Parakeet,Calum Mckellar,Creative Commons Attribution-NonCommercial-ShareAlike 4.0,4.0,11:00,https://www.xeno-canto.org/602168,rorpar/XC602168.ogg
rorpar,[],['flight call'],51.7332,-0.2692,Psittacula krameri,Rose-ringed Parakeet,Calum Mckellar,Creative Commons Attribution-NonCommercial-ShareAlike 4.0,4.0,11:20,https://www.xeno-canto.org/602169,rorpar/XC602169.ogg
rorpar,[],['flight call'],51.7332,-0.2692,Psittacula krameri,Rose-ringed Parakeet,Calum Mckellar,Creative Commons Attribution-NonCommercial-ShareAlike 4.0,4.0,11:40,https://www.xeno-canto.org/602170,rorpar/XC602170.ogg
rorpar,[],"['adult', 'sex uncertain']",11.8047,13.1966,Psittacula krameri,Rose-ringed Parakeet,Sun Madakan ,Creative Commons Attribution-NonCommercial-ShareAlike 4.0,3.5,17:30,https://www.xeno-canto.org/602203,rorpar/XC602203.ogg
rorpar,[],['call'],51.7629,-1.2504,Psittacula krameri,Rose-ringed Parakeet,Michał Jezierski,Creative Commons Attribution-NonCommercial-ShareAlike 4.0,4.5,17:06,https://www.xeno-canto.org/604482,rorpar/XC604482.ogg
rorpar,[],['call'],51.7629,-1.2504,Psittacula krameri,Rose-ringed Parakeet,Michał Jezierski,Creative Commons Attribution-NonCommercial-ShareAlike 4.0,4.5,17:04,https://www.xeno-canto.org/604484,rorpar/XC604484.ogg
rorpar,[],"['flight call', 'short calls']",48.7027,2.1156,Psittacula krameri,Rose-ringed Parakeet,Stanislas Wroza,Creative Commons Attribution-NonCommercial-ShareAlike 4.0,5.0,17:00,https://www.xeno-canto.org/606439,rorpar/XC606439.ogg
rorpar,[],"['flight call', 'group in flight', 'various calls']",48.7027,2.1156,Psittacula krameri,Rose-ringed Parakeet,Stanislas Wroza,Creative Commons Attribution-NonCommercial-ShareAlike 4.0,5.0,17:00,https://www.xeno-canto.org/606440,rorpar/XC606440.ogg
rorpar,[],"['flight call', 'group in flight']",48.7027,2.1156,Psittacula krameri,Rose-ringed Parakeet,Stanislas Wroza,Creative Commons Attribution-NonCommercial-ShareAlike 4.0,5.0,17:00,https://www.xeno-canto.org/606442,rorpar/XC606442.ogg
rorpar,[],['wingbeats'],48.8235,2.2112,Psittacula krameri,Rose-ringed Parakeet,Stanislas Wroza,Creative Commons Attribution-NonCommercial-ShareAlike 4.0,4.0,08:00,https://www.xeno-canto.org/606449,rorpar/XC606449.ogg
rorpar,[],['wingbeats'],48.8235,2.2112,Psittacula krameri,Rose-ringed Parakeet,Stanislas Wroza,Creative Commons Attribution-NonCommercial-ShareAlike 4.0,4.0,08:00,https://www.xeno-canto.org/606450,rorpar/XC606450.ogg
rorpar,[],['sneezing'],48.8235,2.2112,Psittacula krameri,Rose-ringed Parakeet,Stanislas Wroza,Creative Commons Attribution-NonCommercial-ShareAlike 4.0,4.0,08:00,https://www.xeno-canto.org/606452,rorpar/XC606452.ogg
rorpar,[],"['adult', 'flight call', 'sex uncertain']",23.8152,90.3495,Psittacula krameri,Rose-ringed Parakeet,Samiul Mohsanin,Creative Commons Attribution-NonCommercial-ShareAlike 4.0,5.0,09:30,https://www.xeno-canto.org/612032,rorpar/XC612032.ogg
rorpar,[],['call'],51.7835,-0.5,Psittacula krameri,Rose-ringed Parakeet,Calum Mckellar,Creative Commons Attribution-NonCommercial-ShareAlike 4.0,4.0,09:30,https://www.xeno-canto.org/614091,rorpar/XC614091.ogg
rorpar,[],"['call', 'flight call']",44.4246,8.8026,Psittacula krameri,Rose-ringed Parakeet,Luca Forneris,Creative Commons Attribution-NonCommercial-ShareAlike 4.0,4.0,15:39,https://www.xeno-canto.org/614854,rorpar/XC614854.ogg
rorpar,[],"['adult', 'call']",52.3874,9.7952,Psittacula krameri,Rose-ringed Parakeet,Sven Kransel,Creative Commons Attribution-NonCommercial-ShareAlike 4.0,3.5,09:40,https://www.xeno-canto.org/615140,rorpar/XC615140.ogg
rorpar,[],['call'],10.6994,-4.8158,Psittacula krameri,Rose-ringed Parakeet,Giovanni Boano,Creative Commons Attribution-NonCommercial-ShareAlike 4.0,4.0,17:30,https://www.xeno-canto.org/619126,rorpar/XC619126.ogg
rorpar,[],['song'],25.3589,60.62,Psittacula krameri,Rose-ringed Parakeet,Ali Mousavi,Creative Commons Attribution-NonCommercial-ShareAlike 4.0,4.0,15:35,https://www.xeno-canto.org/622015,rorpar/XC622015.ogg
rorpar,[],"['Taj Mahal:', 'life stage uncertain', 'sex uncertain', 'song']",27.1751,78.0421,Psittacula krameri,Rose-ringed Parakeet,Larry Joseph,Creative Commons Attribution-NonCommercial-ShareAlike 4.0,4.0,13:18,https://www.xeno-canto.org/626055,rorpar/XC626055.ogg
rorpar,[],"['adult', 'call', 'sex uncertain']",51.9892,4.4694,Psittacula krameri,Rose-ringed Parakeet,Susanne Kuijpers,Creative Commons Attribution-NonCommercial-ShareAlike 4.0,4.0,07:19,https://www.xeno-canto.org/626940,rorpar/XC626940.ogg
rorpar,[],"['call', 'life stage uncertain', 'sex uncertain']",51.7639,-1.2479,Psittacula krameri,Rose-ringed Parakeet,Michał Jezierski,Creative Commons Attribution-NonCommercial-ShareAlike 4.0,4.5,13:45,https://www.xeno-canto.org/627332,rorpar/XC627332.ogg
rorpar,[],"['adult', 'call', 'sex uncertain']",51.9892,4.4694,Psittacula krameri,Rose-ringed Parakeet,Susanne Kuijpers,Creative Commons Attribution-NonCommercial-ShareAlike 4.0,3.5,07:36,https://www.xeno-canto.org/630298,rorpar/XC630298.ogg
rorpar,[],"['call', 'flight call']",49.4207,8.6789,Psittacula krameri,Rose-ringed Parakeet,Jorge Leitão,Creative Commons Attribution-NonCommercial-ShareAlike 4.0,4.5,08:13,https://www.xeno-canto.org/630592,rorpar/XC630592.ogg
rorpar,[],['call'],49.4207,8.6789,Psittacula krameri,Rose-ringed Parakeet,Jorge Leitão,Creative Commons Attribution-NonCommercial-ShareAlike 4.0,4.5,15:27,https://www.xeno-canto.org/630911,rorpar/XC630911.ogg
rorpar,[],['alarm call'],49.4218,8.6781,Psittacula krameri,Rose-ringed Parakeet,Jorge Leitão,Creative Commons Attribution-NonCommercial-ShareAlike 4.0,5.0,08:19,https://www.xeno-canto.org/631830,rorpar/XC631830.ogg
rorpar,[],['call'],48.7589,2.4047,Psittacula krameri,Rose-ringed Parakeet,Pablo Bolaños Sittler,Creative Commons Attribution-NonCommercial-ShareAlike 4.0,3.0,08:00,https://www.xeno-canto.org/632116,rorpar/XC632116.ogg
rorpar,[],"['Conflict call', 'uncertain']",49.4218,8.6781,Psittacula krameri,Rose-ringed Parakeet,Jorge Leitão,Creative Commons Attribution-NonCommercial-ShareAlike 4.0,4.5,7:55,https://www.xeno-canto.org/633421,rorpar/XC633421.ogg
rorpar,[],"['adult', 'call', 'male']",50.6387,3.1733,Psittacula krameri,Rose-ringed Parakeet,Florian Kubala,Creative Commons Attribution-NonCommercial-ShareAlike 4.0,5.0,10:00,https://www.xeno-canto.org/638006,rorpar/XC638006.ogg
rorpar,[],['call'],44.4209,8.9289,Psittacula krameri,Rose-ringed Parakeet,Luca Forneris,Creative Commons Attribution-NonCommercial-ShareAlike 4.0,3.5,07:00,https://www.xeno-canto.org/640062,rorpar/XC640062.ogg
rorpar,[],"['adult', 'call']",51.9892,4.4694,Psittacula krameri,Rose-ringed Parakeet,Susanne Kuijpers,Creative Commons Attribution-NonCommercial-ShareAlike 4.0,5.0,08:19,https://www.xeno-canto.org/642479,rorpar/XC642479.ogg
rorpar,[],"['adult', 'call', 'flight call']",51.9892,4.4694,Psittacula krameri,Rose-ringed Parakeet,Susanne Kuijpers,Creative Commons Attribution-NonCommercial-ShareAlike 4.0,5.0,07:55,https://www.xeno-canto.org/643141,rorpar/XC643141.ogg
rorpar,[],"['adult', 'call']",49.5116,0.1398,Psittacula krameri,Rose-ringed Parakeet,Yannick Jacob,Creative Commons Attribution-NonCommercial-ShareAlike 4.0,2.0,14:30,https://www.xeno-canto.org/646206,rorpar/XC646206.ogg
rorpar,[],"['adult', 'female', 'male']",51.4766,-0.2355,Psittacula krameri,Rose-ringed Parakeet,Shailesh Patel,Creative Commons Attribution-NonCommercial-ShareAlike 4.0,5.0,09:33,https://www.xeno-canto.org/647602,rorpar/XC647602.ogg
rorpar,[],['flight call'],52.4099,-1.4177,Psittacula krameri,Rose-ringed Parakeet,Nikolay Sariev,Creative Commons Attribution-NonCommercial-ShareAlike 4.0,4.5,14:11,https://www.xeno-canto.org/650114,rorpar/XC650114.ogg
rorpar,[],"['call', 'flight call']",52.4099,-1.4177,Psittacula krameri,Rose-ringed Parakeet,Nikolay Sariev,Creative Commons Attribution-NonCommercial-ShareAlike 4.0,4.5,16:52,https://www.xeno-canto.org/650123,rorpar/XC650123.ogg
rorpar,['gadwal'],"['call', 'flight call']",52.4099,-1.4177,Psittacula krameri,Rose-ringed Parakeet,Nikolay Sariev,Creative Commons Attribution-NonCommercial-ShareAlike 4.0,4.5,16:59,https://www.xeno-canto.org/650130,rorpar/XC650130.ogg
rorpar,['cangoo'],['call'],52.4099,-1.4177,Psittacula krameri,Rose-ringed Parakeet,Nikolay Sariev,Creative Commons Attribution-NonCommercial-ShareAlike 4.0,4.5,15:32,https://www.xeno-canto.org/650137,rorpar/XC650137.ogg
rorpar,[],"['adult', 'call', 'sex uncertain']",41.0145,29.0469,Psittacula krameri,Rose-ringed Parakeet,Tora BENZEYEN,Creative Commons Attribution-NonCommercial-ShareAlike 4.0,5.0,10:00,https://www.xeno-canto.org/651773,rorpar/XC651773.ogg
rorpar,[],"['call', 'flight call']",49.3358,8.4268,Psittacula krameri,Rose-ringed Parakeet,A. Dreißigacker,Creative Commons Attribution-NonCommercial-ShareAlike 4.0,3.0,17:40,https://www.xeno-canto.org/656230,rorpar/XC656230.ogg
rorpar,[],['call'],44.4204,8.9597,Psittacula krameri,Rose-ringed Parakeet,Luca Baghino,Creative Commons Attribution-NonCommercial-ShareAlike 4.0,0.0,14:30,https://www.xeno-canto.org/656331,rorpar/XC656331.ogg
rorpar,[],['call'],44.4268,8.8071,Psittacula krameri,Rose-ringed Parakeet,Luca Forneris,Creative Commons Attribution-NonCommercial-ShareAlike 4.0,4.5,17:18,https://www.xeno-canto.org/656950,rorpar/XC656950.ogg
rorpar,[],"['call', 'flight call']",41.1686,-8.6732,Psittacula krameri,Rose-ringed Parakeet,Paulo Alves,Creative Commons Attribution-NonCommercial-ShareAlike 4.0,5.0,12:00,https://www.xeno-canto.org/658806,rorpar/XC658806.ogg
rorpar,[],"['adult', 'flight call', 'sex uncertain']",8.5831,81.2104,Psittacula krameri,Rose-ringed Parakeet,Vihansith Kulatunga,Creative Commons Attribution-ShareAlike 4.0,1.5,18:20,https://www.xeno-canto.org/662744,rorpar/XC662744.ogg
rorpar,[],"['call', 'juvenile', 'sex uncertain']",52.444,-1.7702,Psittacula krameri,Rose-ringed Parakeet,Alan Dean,Creative Commons Attribution-NonCommercial-ShareAlike 4.0,4.0,16:30,https://www.xeno-canto.org/665601,rorpar/XC665601.ogg
rorpar,['houspa'],['flight call'],26.928,75.793,Psittacula krameri,Rose-ringed Parakeet,Mike Nelson,Creative Commons Attribution-NonCommercial-ShareAlike 3.0,3.5,7:30am,https://www.xeno-canto.org/74356,rorpar/XC74356.ogg
rorpar,['houspa'],['flight call'],26.928,75.793,Psittacula krameri,Rose-ringed Parakeet,Mike Nelson,Creative Commons Attribution-NonCommercial-ShareAlike 3.0,2.5,7:30am,https://www.xeno-canto.org/74357,rorpar/XC74357.ogg
rudtur,[],['call'],52.102,4.2559,Arenaria interpres,Ruddy Turnstone,Herman van der Meer,Creative Commons Attribution-NonCommercial-ShareAlike 3.0,5.0,20:00,https://www.xeno-canto.org/108567,rudtur/XC108567.ogg
rudtur,[],['flight call'],39.0693,118.2113,Arenaria interpres,Ruddy Turnstone,Matt Slaymaker,Creative Commons Attribution-NonCommercial-ShareAlike 3.0,4.0,09:00,https://www.xeno-canto.org/144538,rudtur/XC144538.ogg
rudtur,[],['call'],28.6812,-80.6943,Arenaria interpres,Ruddy Turnstone,Paul Marvin,Creative Commons Attribution-NonCommercial-ShareAlike 3.0,5.0,12:54,https://www.xeno-canto.org/145872,rudtur/XC145872.ogg
rudtur,[],"['call', 'flight call']",28.6812,-80.6943,Arenaria interpres,Ruddy Turnstone,Paul Marvin,Creative Commons Attribution-NonCommercial-ShareAlike 3.0,3.0,11:22,https://www.xeno-canto.org/145873,rudtur/XC145873.ogg
rudtur,[],['flight call'],28.6812,-80.6943,Arenaria interpres,Ruddy Turnstone,Paul Marvin,Creative Commons Attribution-NonCommercial-ShareAlike 3.0,4.0,11:29,https://www.xeno-canto.org/145874,rudtur/XC145874.ogg
rudtur,[],['flight call'],28.6812,-80.6943,Arenaria interpres,Ruddy Turnstone,Paul Marvin,Creative Commons Attribution-NonCommercial-ShareAlike 3.0,3.0,11:18,https://www.xeno-canto.org/145875,rudtur/XC145875.ogg
rudtur,[],['call'],43.5299,-1.5219,Arenaria interpres,Ruddy Turnstone,Bernard BOUSQUET,Creative Commons Attribution-NonCommercial-ShareAlike 3.0,3.0,17:00,https://www.xeno-canto.org/147787,rudtur/XC147787.ogg
rudtur,[],"['alarm call', 'flight call']",43.5299,-1.5219,Arenaria interpres,Ruddy Turnstone,Bernard BOUSQUET,Creative Commons Attribution-NonCommercial-ShareAlike 3.0,4.0,17:00,https://www.xeno-canto.org/147798,rudtur/XC147798.ogg
rudtur,[],"['alarm call', 'flight call']",54.3525,18.9657,Arenaria interpres,Ruddy Turnstone,Jarek Matusiak,Creative Commons Attribution-NonCommercial-ShareAlike 3.0,4.0,17:00,https://www.xeno-canto.org/150650,rudtur/XC150650.ogg
rudtur,[],['call'],43.3499,-1.7861,Arenaria interpres,Ruddy Turnstone,Bernard BOUSQUET,Creative Commons Attribution-NonCommercial-ShareAlike 3.0,4.0,11:30,https://www.xeno-canto.org/156947,rudtur/XC156947.ogg
rudtur,[],"['call', 'flight call']",-23.643,43.596,Arenaria interpres,Ruddy Turnstone,Mike Nelson,Creative Commons Attribution-NonCommercial-ShareAlike 3.0,2.0,10:00,https://www.xeno-canto.org/162875,rudtur/XC162875.ogg
rudtur,[],['flight call'],28.4077,-80.5912,Arenaria interpres,Ruddy Turnstone,Paul Marvin,Creative Commons Attribution-NonCommercial-ShareAlike 3.0,3.0,07:17,https://www.xeno-canto.org/165350,rudtur/XC165350.ogg
rudtur,[],['flight call'],28.6245,-80.7936,Arenaria interpres,Ruddy Turnstone,Paul Marvin,Creative Commons Attribution-NonCommercial-ShareAlike 3.0,4.0,11:27,https://www.xeno-canto.org/169255,rudtur/XC169255.ogg
rudtur,[],['flight call'],28.6245,-80.7936,Arenaria interpres,Ruddy Turnstone,Paul Marvin,Creative Commons Attribution-NonCommercial-ShareAlike 3.0,3.0,11:39,https://www.xeno-canto.org/169256,rudtur/XC169256.ogg
rudtur,[],"['call', 'flight call']",28.6245,-80.7936,Arenaria interpres,Ruddy Turnstone,Paul Marvin,Creative Commons Attribution-NonCommercial-ShareAlike 3.0,5.0,11:35,https://www.xeno-canto.org/169260,rudtur/XC169260.ogg
rudtur,[],['call'],48.6601,-3.8464,Arenaria interpres,Ruddy Turnstone,Michele Peron,Creative Commons Attribution-NonCommercial-ShareAlike 4.0,4.0,10:30,https://www.xeno-canto.org/172385,rudtur/XC172385.ogg
rudtur,[],['flight call'],28.3288,-80.6059,Arenaria interpres,Ruddy Turnstone,Paul Marvin,Creative Commons Attribution-NonCommercial-ShareAlike 4.0,4.0,07:36,https://www.xeno-canto.org/177306,rudtur/XC177306.ogg
rudtur,[],['call'],19.4034,72.7627,Arenaria interpres,Ruddy Turnstone,pradnyavant mane,Creative Commons Attribution-NonCommercial-ShareAlike 4.0,2.0,10:00,https://www.xeno-canto.org/177473,rudtur/XC177473.ogg
rudtur,[],['call'],51.9215,-104.2376,Arenaria interpres,Ruddy Turnstone,Ian Cruickshank,Creative Commons Attribution-NonCommercial-ShareAlike 4.0,4.0,11:00,https://www.xeno-canto.org/180078,rudtur/XC180078.ogg
rudtur,[],['call'],56.2205,12.7798,Arenaria interpres,Ruddy Turnstone,Mats Rellmar,Creative Commons Attribution-NonCommercial-ShareAlike 4.0,5.0,?,https://www.xeno-canto.org/180273,rudtur/XC180273.ogg
rudtur,['laugul'],['flight call'],29.766,-93.337,Arenaria interpres,Ruddy Turnstone,Dan Lane,Creative Commons Attribution-NonCommercial-ShareAlike 4.0,3.5,17:30,https://www.xeno-canto.org/237768,rudtur/XC237768.ogg
rudtur,[],['alarm call'],-1.2954,-48.4899,Arenaria interpres,Ruddy Turnstone,Tulio Dornas,Creative Commons Attribution-NonCommercial-ShareAlike 4.0,4.0,15:00,https://www.xeno-canto.org/239653,rudtur/XC239653.ogg
rudtur,[],['flight call'],53.2963,22.9083,Arenaria interpres,Ruddy Turnstone,Jarek Matusiak,Creative Commons Attribution-NonCommercial-ShareAlike 4.0,5.0,12:30,https://www.xeno-canto.org/246040,rudtur/XC246040.ogg
rudtur,['arcter'],"['call', 'song']",65.0667,24.6334,Arenaria interpres,Ruddy Turnstone,Niels Krabbe,Creative Commons Attribution-NonCommercial-ShareAlike 3.0,3.5,xx:xx,https://www.xeno-canto.org/25124,rudtur/XC25124.ogg
rudtur,['arcter'],"['call', 'song']",65.0667,24.6334,Arenaria interpres,Ruddy Turnstone,Niels Krabbe,Creative Commons Attribution-NonCommercial-ShareAlike 3.0,3.5,xx:xx,https://www.xeno-canto.org/25125,rudtur/XC25125.ogg
rudtur,[],['flight calls'],-2.247,-80.941,Arenaria interpres,Ruddy Turnstone,John V. Moore,Creative Commons Attribution-NonCommercial-ShareAlike 4.0,5.0,?,https://www.xeno-canto.org/257523,rudtur/XC257523.ogg
rudtur,[],['flight calls'],-2.247,-80.941,Arenaria interpres,Ruddy Turnstone,John V. Moore,Creative Commons Attribution-NonCommercial-ShareAlike 4.0,4.0,?,https://www.xeno-canto.org/257524,rudtur/XC257524.ogg
rudtur,[],['flight calls'],-3.333,-80.067,Arenaria interpres,Ruddy Turnstone,John V. Moore,Creative Commons Attribution-NonCommercial-ShareAlike 4.0,4.0,?,https://www.xeno-canto.org/257525,rudtur/XC257525.ogg
rudtur,[],['alarm call'],70.0769,30.1453,Arenaria interpres,Ruddy Turnstone,Tomek Tumiel,Creative Commons Attribution-NonCommercial-ShareAlike 4.0,5.0,22:00,https://www.xeno-canto.org/262735,rudtur/XC262735.ogg
rudtur,[],['call'],37.7421,-25.6489,Arenaria interpres,Ruddy Turnstone,Cedric Mroczko,Creative Commons Attribution-NonCommercial-ShareAlike 4.0,2.0,21:00,https://www.xeno-canto.org/263277,rudtur/XC263277.ogg
rudtur,[],['flight call'],54.3568,18.9565,Arenaria interpres,Ruddy Turnstone,Jarek Matusiak,Creative Commons Attribution-NonCommercial-ShareAlike 4.0,5.0,17:00,https://www.xeno-canto.org/282095,rudtur/XC282095.ogg
rudtur,[],['call'],-38.3921,142.247,Arenaria interpres,Ruddy Turnstone,nick talbot,Creative Commons Attribution-NonCommercial-ShareAlike 4.0,4.0,12:30,https://www.xeno-canto.org/311066,rudtur/XC311066.ogg
rudtur,[],['call'],34.7058,135.3611,Arenaria interpres,Ruddy Turnstone,Anon Torimi,Creative Commons Attribution-NonCommercial-ShareAlike 4.0,4.0,14:30,https://www.xeno-canto.org/314778,rudtur/XC314778.ogg
rudtur,[],"['alarm call', 'female', 'male']",69.687,18.855,Arenaria interpres,Ruddy Turnstone,Stein Ø. Nilsen,Creative Commons Attribution-NonCommercial-ShareAlike 4.0,4.0,15:30,https://www.xeno-canto.org/318792,rudtur/XC318792.ogg
rudtur,['bknsti'],['call'],32.9128,-112.9383,Arenaria interpres,Ruddy Turnstone,Tyler Loomis,Creative Commons Attribution-NonCommercial-ShareAlike 4.0,2.5,19:00,https://www.xeno-canto.org/331647,rudtur/XC331647.ogg
rudtur,[],['call'],51.8172,-10.2712,Arenaria interpres,Ruddy Turnstone,Lars Lachmann,Creative Commons Attribution-NonCommercial-ShareAlike 4.0,2.0,16:00,https://www.xeno-canto.org/333178,rudtur/XC333178.ogg
rudtur,[],['call'],47.2943,-2.5119,Arenaria interpres,Ruddy Turnstone,Olivier SWIFT,Creative Commons Attribution-NonCommercial-ShareAlike 4.0,4.0,07:30,https://www.xeno-canto.org/341615,rudtur/XC341615.ogg
rudtur,[],['alarm call'],38.6943,-27.0448,Arenaria interpres,Ruddy Turnstone,Tero Linjama,Creative Commons Attribution-NonCommercial-ShareAlike 4.0,2.0,07:00,https://www.xeno-canto.org/342918,rudtur/XC342918.ogg
rudtur,[],['alarm call'],61.0781,21.2991,Arenaria interpres,Ruddy Turnstone,Tero Linjama,Creative Commons Attribution-NonCommercial-ShareAlike 4.0,4.0,07:00,https://www.xeno-canto.org/342919,rudtur/XC342919.ogg
rudtur,[],['call'],64.0315,-22.7124,Arenaria interpres,Ruddy Turnstone,Mats Rellmar,Creative Commons Attribution-NonCommercial-ShareAlike 4.0,4.5,10:00,https://www.xeno-canto.org/373760,rudtur/XC373760.ogg
rudtur,[],"['flight call', 'taking off']",43.4667,4.4562,Arenaria interpres,Ruddy Turnstone,Stanislas Wroza,Creative Commons Attribution-NonCommercial-ShareAlike 4.0,4.0,07:00,https://www.xeno-canto.org/383216,rudtur/XC383216.ogg
rudtur,[],['flight call'],51.94,5.9038,Arenaria interpres,Ruddy Turnstone,Joost van Bruggen,Creative Commons Attribution-NonCommercial-ShareAlike 4.0,2.0,01:26,https://www.xeno-canto.org/384881,rudtur/XC384881.ogg
rudtur,[],"['call', 'flight call', 'various calls']",43.0671,6.138,Arenaria interpres,Ruddy Turnstone,Stanislas Wroza,Creative Commons Attribution-NonCommercial-ShareAlike 4.0,4.0,19:00,https://www.xeno-canto.org/385958,rudtur/XC385958.ogg
rudtur,[],"['alarm call', 'call']",51.5155,0.7215,Arenaria interpres,Ruddy Turnstone,Fraser Simpson,Creative Commons Attribution-NonCommercial-ShareAlike 4.0,5.0,12:30,https://www.xeno-canto.org/403054,rudtur/XC403054.ogg
rudtur,[],['alarm call'],8.7365,98.2222,Arenaria interpres,Ruddy Turnstone,Somkiat Pakapinyo (Chai),Creative Commons Attribution-NonCommercial-ShareAlike 4.0,5.0,08:00,https://www.xeno-canto.org/403677,rudtur/XC403677.ogg
rudtur,[],['alarm call'],64.5035,-165.4053,Arenaria interpres,Ruddy Turnstone,Patrik Åberg,Creative Commons Attribution-NonCommercial-ShareAlike 4.0,5.0,09:57,https://www.xeno-canto.org/406194,rudtur/XC406194.ogg
rudtur,[],['alarm call'],64.5035,-165.4053,Arenaria interpres,Ruddy Turnstone,Patrik Åberg,Creative Commons Attribution-NonCommercial-ShareAlike 4.0,5.0,10:17,https://www.xeno-canto.org/406195,rudtur/XC406195.ogg
rudtur,[],['flight call'],41.697,-8.851,Arenaria interpres,Ruddy Turnstone,Jorge Leitão,Creative Commons Attribution-NonCommercial-ShareAlike 4.0,3.0,15:59,https://www.xeno-canto.org/429565,rudtur/XC429565.ogg
rudtur,[],['call'],41.697,-8.851,Arenaria interpres,Ruddy Turnstone,Jorge Leitão,Creative Commons Attribution-NonCommercial-ShareAlike 4.0,2.0,17:00,https://www.xeno-canto.org/430438,rudtur/XC430438.ogg
rudtur,[],['flight call'],48.6825,2.4771,Arenaria interpres,Ruddy Turnstone,julien Rochefort,Creative Commons Attribution-NonCommercial-ShareAlike 4.0,5.0,05:30,https://www.xeno-canto.org/431693,rudtur/XC431693.ogg
rudtur,[],['call'],-6.7721,-34.9246,Arenaria interpres,Ruddy Turnstone,GABRIEL LEITE,Creative Commons Attribution-NonCommercial-ShareAlike 4.0,3.0,07:30,https://www.xeno-canto.org/434032,rudtur/XC434032.ogg
rudtur,[],['call'],-6.7721,-34.9246,Arenaria interpres,Ruddy Turnstone,GABRIEL LEITE,Creative Commons Attribution-NonCommercial-ShareAlike 4.0,3.0,07:30,https://www.xeno-canto.org/434033,rudtur/XC434033.ogg
rudtur,[],"['flight call', 'nocturnal flight call']",52.2183,0.1441,Arenaria interpres,Ruddy Turnstone,Simon Gillings,Creative Commons Attribution-NonCommercial-ShareAlike 4.0,1.0,21:41,https://www.xeno-canto.org/435862,rudtur/XC435862.ogg
rudtur,[],"['Migrating bird', 'flight call']",47.9189,-2.2797,Arenaria interpres,Ruddy Turnstone,Gaëtan Mineau,Creative Commons Attribution-NonCommercial-ShareAlike 4.0,3.0,01:30,https://www.xeno-canto.org/439390,rudtur/XC439390.ogg
rudtur,[],['call'],41.697,-8.851,Arenaria interpres,Ruddy Turnstone,Jorge Leitão,Creative Commons Attribution-NonCommercial-ShareAlike 4.0,3.0,16:44,https://www.xeno-canto.org/441024,rudtur/XC441024.ogg
rudtur,[],['song'],41.697,-8.851,Arenaria interpres,Ruddy Turnstone,Jorge Leitão,Creative Commons Attribution-NonCommercial-ShareAlike 4.0,2.5,17:02,https://www.xeno-canto.org/441045,rudtur/XC441045.ogg
rudtur,[],['call'],51.5155,0.7215,Arenaria interpres,Ruddy Turnstone,David Darrell-Lambert,Creative Commons Attribution-NonCommercial-ShareAlike 4.0,5.0,11:00,https://www.xeno-canto.org/447140,rudtur/XC447140.ogg
rudtur,[],"['call', 'song']",41.697,-8.851,Arenaria interpres,Ruddy Turnstone,Jorge Leitão,Creative Commons Attribution-NonCommercial-ShareAlike 4.0,3.0,14:56,https://www.xeno-canto.org/459402,rudtur/XC459402.ogg
rudtur,['sander'],['call'],41.697,-8.851,Arenaria interpres,Ruddy Turnstone,Jorge Leitão,Creative Commons Attribution-NonCommercial-ShareAlike 4.0,2.5,14:54,https://www.xeno-canto.org/459403,rudtur/XC459403.ogg
rudtur,"['bkbplo', 'semplo']",['flight call'],28.6417,-80.7778,Arenaria interpres,Ruddy Turnstone,Paul Marvin,Creative Commons Attribution-NonCommercial-ShareAlike 4.0,4.5,07:51,https://www.xeno-canto.org/460719,rudtur/XC460719.ogg
rudtur,[],['flight call'],15.865,-16.5121,Arenaria interpres,Ruddy Turnstone,Bram Piot,Creative Commons Attribution-NonCommercial-ShareAlike 4.0,4.0,09:30,https://www.xeno-canto.org/469553,rudtur/XC469553.ogg
rudtur,[],"['flight call', 'nocturnal flight call']",52.2183,0.1441,Arenaria interpres,Ruddy Turnstone,Simon Gillings,Creative Commons Attribution-NonCommercial-ShareAlike 4.0,5.0,22:53,https://www.xeno-canto.org/469839,rudtur/XC469839.ogg
rudtur,[],['alarm call'],63.6904,20.4628,Arenaria interpres,Ruddy Turnstone,Lars Edenius,Creative Commons Attribution-NonCommercial-ShareAlike 4.0,4.0,07:00,https://www.xeno-canto.org/473227,rudtur/XC473227.ogg
rudtur,[],['flight call'],63.6904,20.4628,Arenaria interpres,Ruddy Turnstone,Lars Edenius,Creative Commons Attribution-NonCommercial-ShareAlike 4.0,5.0,07:00,https://www.xeno-canto.org/473228,rudtur/XC473228.ogg
rudtur,[],['flight call'],60.054,-1.3533,Arenaria interpres,Ruddy Turnstone,Andrew Harrop,Creative Commons Attribution-NonCommercial-ShareAlike 4.0,5.0,10:30,https://www.xeno-canto.org/476529,rudtur/XC476529.ogg
rudtur,"['dunlin', 'sander']","['alarm call', 'call', 'feeding calls', 'flight call']",64.0818,-22.6904,Arenaria interpres,Ruddy Turnstone,Stanislas Wroza,Creative Commons Attribution-NonCommercial-ShareAlike 4.0,0.0,10:30,https://www.xeno-canto.org/478858,rudtur/XC478858.ogg
rudtur,"['dunlin', 'sander']","['alarm call', 'call', 'feeding calls', 'flight call']",64.0818,-22.6904,Arenaria interpres,Ruddy Turnstone,Stanislas Wroza,Creative Commons Attribution-NonCommercial-ShareAlike 4.0,4.5,10:30,https://www.xeno-canto.org/478859,rudtur/XC478859.ogg
rudtur,[],"['flight call', 'nocturnal flight call']",52.9576,1.0186,Arenaria interpres,Ruddy Turnstone,Simon Gillings,Creative Commons Attribution-NonCommercial-ShareAlike 4.0,5.0,00:49,https://www.xeno-canto.org/482539,rudtur/XC482539.ogg
rudtur,[],"['flight call', 'nocturnal flight call']",52.9576,1.0186,Arenaria interpres,Ruddy Turnstone,Simon Gillings,Creative Commons Attribution-NonCommercial-ShareAlike 4.0,4.0,00:50,https://www.xeno-canto.org/482540,rudtur/XC482540.ogg
rudtur,[],['Alarm call in flight'],-37.7181,-57.4445,Arenaria interpres,Ruddy Turnstone,Bernabe Lopez-Lanus,Creative Commons Attribution-NonCommercial-ShareAlike 3.0,3.0,am,https://www.xeno-canto.org/48605,rudtur/XC48605.ogg
rudtur,['caster1'],['alarm call'],63.6904,20.4628,Arenaria interpres,Ruddy Turnstone,Lars Edenius,Creative Commons Attribution-NonCommercial-ShareAlike 4.0,3.5,20:00,https://www.xeno-canto.org/488948,rudtur/XC488948.ogg
rudtur,['caster1'],['alarm call'],63.6904,20.4628,Arenaria interpres,Ruddy Turnstone,Lars Edenius,Creative Commons Attribution-NonCommercial-ShareAlike 4.0,3.5,20:00,https://www.xeno-canto.org/488949,rudtur/XC488949.ogg
rudtur,['caster1'],['alarm call'],63.6904,20.4628,Arenaria interpres,Ruddy Turnstone,Lars Edenius,Creative Commons Attribution-NonCommercial-ShareAlike 4.0,4.5,20:00,https://www.xeno-canto.org/488950,rudtur/XC488950.ogg
rudtur,[],['call'],38.7038,-27.0484,Arenaria interpres,Ruddy Turnstone,Baltasar Pinheiro,Creative Commons Attribution-NonCommercial-ShareAlike 4.0,4.0,10:30,https://www.xeno-canto.org/492560,rudtur/XC492560.ogg
rudtur,[],['flight call'],56.7451,12.6311,Arenaria interpres,Ruddy Turnstone,Henrik Storm ,Creative Commons Attribution-NonCommercial-ShareAlike 4.0,3.0,10:00,https://www.xeno-canto.org/493434,rudtur/XC493434.ogg
rudtur,[],['call'],46.9455,-2.1544,Arenaria interpres,Ruddy Turnstone,Olivier Legros,Creative Commons Attribution-NonCommercial-ShareAlike 4.0,5.0,12:00,https://www.xeno-canto.org/496787,rudtur/XC496787.ogg
rudtur,[],['flight call'],39.7239,16.5304,Arenaria interpres,Ruddy Turnstone,Francesco Sottile,Creative Commons Attribution-NonCommercial-ShareAlike 4.0,2.0,11:30,https://www.xeno-canto.org/497061,rudtur/XC497061.ogg
rudtur,[],['flight call'],37.025,-8.0137,Arenaria interpres,Ruddy Turnstone,Jorge Leitão,Creative Commons Attribution-NonCommercial-ShareAlike 4.0,0.0,18:30,https://www.xeno-canto.org/499373,rudtur/XC499373.ogg
rudtur,[],['call'],41.697,-8.851,Arenaria interpres,Ruddy Turnstone,Jorge Leitão,Creative Commons Attribution-NonCommercial-ShareAlike 4.0,0.0,17:57,https://www.xeno-canto.org/500216,rudtur/XC500216.ogg
rudtur,[],['call'],54.189,7.8836,Arenaria interpres,Ruddy Turnstone,Giuseppe Speranza,Creative Commons Attribution-NonCommercial-ShareAlike 4.0,0.0,10:50,https://www.xeno-canto.org/503609,rudtur/XC503609.ogg
rudtur,['dunlin'],"['call', 'life stage uncertain', 'sex uncertain']",37.1485,-7.5699,Arenaria interpres,Ruddy Turnstone,Nelson Conceição,Creative Commons Attribution-NonCommercial-ShareAlike 4.0,3.5,08:42,https://www.xeno-canto.org/505075,rudtur/XC505075.ogg
rudtur,[],['call'],5.159,-52.6268,Arenaria interpres,Ruddy Turnstone,Brice de la Croix,Creative Commons Attribution-NonCommercial-ShareAlike 4.0,4.0,14:30,https://www.xeno-canto.org/507205,rudtur/XC507205.ogg
rudtur,[],['call'],46.341,-1.343,Arenaria interpres,Ruddy Turnstone,Jack Berteau,Creative Commons Attribution-NonCommercial-ShareAlike 4.0,4.0,15:00,https://www.xeno-canto.org/507681,rudtur/XC507681.ogg
rudtur,[],"['call', 'flight call']",40.7155,0.8473,Arenaria interpres,Ruddy Turnstone,Sean Ronayne,Creative Commons Attribution-NonCommercial-ShareAlike 4.0,5.0,17:00,https://www.xeno-canto.org/518526,rudtur/XC518526.ogg
rudtur,[],['call'],-37.7214,-57.4295,Arenaria interpres,Ruddy Turnstone,Bernabe Lopez-Lanus,Creative Commons Attribution-NonCommercial-ShareAlike 3.0,2.0,?:?,https://www.xeno-canto.org/52246,rudtur/XC52246.ogg
rudtur,[],"['call', 'flight call']",44.6562,-1.2553,Arenaria interpres,Ruddy Turnstone,Stanislas Wroza,Creative Commons Attribution-NonCommercial-ShareAlike 4.0,5.0,09:00,https://www.xeno-canto.org/526255,rudtur/XC526255.ogg
rudtur,[],"['flight call', 'short calls']",44.6562,-1.2553,Arenaria interpres,Ruddy Turnstone,Stanislas Wroza,Creative Commons Attribution-NonCommercial-ShareAlike 4.0,5.0,09:00,https://www.xeno-canto.org/526306,rudtur/XC526306.ogg
rudtur,[],['flight call'],-37.1824,175.3239,Arenaria interpres,Ruddy Turnstone,James Lidster,Creative Commons Attribution-NonCommercial-ShareAlike 4.0,4.0,12:00,https://www.xeno-canto.org/526352,rudtur/XC526352.ogg
rudtur,[],"['flight call', 'rolled calls']",44.6562,-1.2553,Arenaria interpres,Ruddy Turnstone,Stanislas Wroza,Creative Commons Attribution-NonCommercial-ShareAlike 4.0,5.0,09:00,https://www.xeno-canto.org/526424,rudtur/XC526424.ogg
rudtur,[],"['flight call', 'rolled calls']",48.0372,-4.8622,Arenaria interpres,Ruddy Turnstone,Stanislas Wroza,Creative Commons Attribution-NonCommercial-ShareAlike 4.0,5.0,09:00,https://www.xeno-canto.org/526477,rudtur/XC526477.ogg
rudtur,[],['nocturnal flight call'],48.0372,-4.8622,Arenaria interpres,Ruddy Turnstone,Stanislas Wroza,Creative Commons Attribution-NonCommercial-ShareAlike 4.0,4.0,01:00,https://www.xeno-canto.org/526531,rudtur/XC526531.ogg
rudtur,[],"['flight call', 'rolled calls']",48.0372,-4.8622,Arenaria interpres,Ruddy Turnstone,Stanislas Wroza,Creative Commons Attribution-NonCommercial-ShareAlike 4.0,4.0,01:00,https://www.xeno-canto.org/526532,rudtur/XC526532.ogg
rudtur,[],"['flight call', 'rolled calls']",48.0372,-4.8622,Arenaria interpres,Ruddy Turnstone,Stanislas Wroza,Creative Commons Attribution-NonCommercial-ShareAlike 4.0,4.0,01:00,https://www.xeno-canto.org/526533,rudtur/XC526533.ogg
rudtur,[],"['alarm call', 'call']",48.0372,-4.8622,Arenaria interpres,Ruddy Turnstone,Stanislas Wroza,Creative Commons Attribution-NonCommercial-ShareAlike 4.0,4.0,09:00,https://www.xeno-canto.org/526793,rudtur/XC526793.ogg
rudtur,[],"['call', 'flight call']",48.0372,-4.8622,Arenaria interpres,Ruddy Turnstone,Stanislas Wroza,Creative Commons Attribution-NonCommercial-ShareAlike 4.0,5.0,09:00,https://www.xeno-canto.org/526836,rudtur/XC526836.ogg
rudtur,[],['call'],5.159,-52.6268,Arenaria interpres,Ruddy Turnstone,Brice de la Croix,Creative Commons Attribution-NonCommercial-ShareAlike 4.0,4.0,15:30,https://www.xeno-canto.org/538982,rudtur/XC538982.ogg
rudtur,[],"['adult', 'alarm call', 'call', 'flight call']",25.6036,-109.0521,Arenaria interpres,Ruddy Turnstone,Isain Contreras Rodríguez,Creative Commons Attribution-NonCommercial-ShareAlike 4.0,5.0,09:00,https://www.xeno-canto.org/543041,rudtur/XC543041.ogg
rudtur,[],['nocturnal flight call'],43.5352,-1.4475,Arenaria interpres,Ruddy Turnstone,Frédéric Cazaban,Creative Commons Attribution-NonCommercial-ShareAlike 4.0,3.0,23:00,https://www.xeno-canto.org/546676,rudtur/XC546676.ogg
rudtur,[],"['adult', 'call', 'sex uncertain']",1.4237,103.8609,Arenaria interpres,Ruddy Turnstone,Vincent Ng,Creative Commons Attribution-NonCommercial-ShareAlike 4.0,3.0,18:19,https://www.xeno-canto.org/546931,rudtur/XC546931.ogg
rudtur,[],['nocturnal flight call'],41.1684,0.974,Arenaria interpres,Ruddy Turnstone,Xavier Riera,Creative Commons Attribution-NonCommercial-ShareAlike 4.0,4.0,02:30,https://www.xeno-canto.org/549298,rudtur/XC549298.ogg
rudtur,[],['nocturnal flight call'],50.7193,3.2228,Arenaria interpres,Ruddy Turnstone,Nicolas Selosse,Creative Commons Attribution-NonCommercial-ShareAlike 4.0,3.0,01:17,https://www.xeno-canto.org/550904,rudtur/XC550904.ogg
rudtur,[],"['life stage uncertain', 'nocturnal flight call', 'sex uncertain']",51.6188,0.7423,Arenaria interpres,Ruddy Turnstone,Jeff Delve,Creative Commons Attribution-NonCommercial-ShareAlike 4.0,4.0,21:58,https://www.xeno-canto.org/552189,rudtur/XC552189.ogg
rudtur,[],['call'],53.0959,4.893,Arenaria interpres,Ruddy Turnstone,Ruud van Beusekom,Creative Commons Attribution-NonCommercial-ShareAlike 4.0,5.0,?,https://www.xeno-canto.org/552896,rudtur/XC552896.ogg
rudtur,[],['call'],53.0959,4.893,Arenaria interpres,Ruddy Turnstone,Ruud van Beusekom,Creative Commons Attribution-NonCommercial-ShareAlike 4.0,5.0,?,https://www.xeno-canto.org/552897,rudtur/XC552897.ogg
rudtur,[],['call'],63.6904,20.4628,Arenaria interpres,Ruddy Turnstone,Lars Edenius,Creative Commons Attribution-NonCommercial-ShareAlike 4.0,5.0,08:00,https://www.xeno-canto.org/555227,rudtur/XC555227.ogg
rudtur,[],"['call', 'song']",63.6904,20.4628,Arenaria interpres,Ruddy Turnstone,Lars Edenius,Creative Commons Attribution-NonCommercial-ShareAlike 4.0,4.5,07:00,https://www.xeno-canto.org/555288,rudtur/XC555288.ogg
rudtur,[],['call'],63.6904,20.4628,Arenaria interpres,Ruddy Turnstone,Lars Edenius,Creative Commons Attribution-NonCommercial-ShareAlike 4.0,5.0,07:00,https://www.xeno-canto.org/555289,rudtur/XC555289.ogg
rudtur,[],['call'],63.6904,20.4628,Arenaria interpres,Ruddy Turnstone,Lars Edenius,Creative Commons Attribution-NonCommercial-ShareAlike 4.0,4.0,06:30,https://www.xeno-canto.org/555352,rudtur/XC555352.ogg
rudtur,[],"['flight call', 'nocturnal flight call']",51.056,-1.322,Arenaria interpres,Ruddy Turnstone,Tom Jordan,Creative Commons Attribution-NonCommercial-ShareAlike 4.0,1.0,23:21,https://www.xeno-canto.org/556104,rudtur/XC556104.ogg
rudtur,[],['flight call'],52.9517,0.4957,Arenaria interpres,Ruddy Turnstone,Michał Jezierski,Creative Commons Attribution-NonCommercial-ShareAlike 4.0,3.0,9:56,https://www.xeno-canto.org/558944,rudtur/XC558944.ogg
rudtur,[],['flight call'],52.9517,0.4957,Arenaria interpres,Ruddy Turnstone,Michał Jezierski,Creative Commons Attribution-NonCommercial-ShareAlike 4.0,3.0,9:57,https://www.xeno-canto.org/558945,rudtur/XC558945.ogg
rudtur,[],['flight call'],37.1357,-7.6138,Arenaria interpres,Ruddy Turnstone,Nelson Conceição,Creative Commons Attribution-NonCommercial-ShareAlike 4.0,4.0,20:39,https://www.xeno-canto.org/560582,rudtur/XC560582.ogg
rudtur,[],['flight call'],59.922,-1.2918,Arenaria interpres,Ruddy Turnstone,Andrew Harrop,Creative Commons Attribution-NonCommercial-ShareAlike 4.0,3.0,10:30,https://www.xeno-canto.org/563335,rudtur/XC563335.ogg
rudtur,[],"['adult', 'nocturnal flight call', 'sex uncertain']",51.8983,-8.4896,Arenaria interpres,Ruddy Turnstone,Mr Mark Shorten,Creative Commons Attribution-NonCommercial-ShareAlike 4.0,3.0,01:30,https://www.xeno-canto.org/565373,rudtur/XC565373.ogg
rudtur,[],"['nocturnal flight call', 'nocturnal flight call']",43.5352,-1.4475,Arenaria interpres,Ruddy Turnstone,Frédéric Cazaban,Creative Commons Attribution-NonCommercial-ShareAlike 4.0,5.0,23:25,https://www.xeno-canto.org/578843,rudtur/XC578843.ogg
rudtur,[],"['flight call', 'nocturnal flight call']",54.1818,-0.3203,Arenaria interpres,Ruddy Turnstone,Will Scott,Creative Commons Attribution-NonCommercial-ShareAlike 4.0,3.0,02:40,https://www.xeno-canto.org/580008,rudtur/XC580008.ogg
rudtur,[],['nocturnal flight call'],56.0148,-3.3962,Arenaria interpres,Ruddy Turnstone,Graham Sparshott,Creative Commons Attribution-NonCommercial-ShareAlike 4.0,1.0,23:12,https://www.xeno-canto.org/580417,rudtur/XC580417.ogg
rudtur,[],['nocturnal flight call'],43.5352,-1.4475,Arenaria interpres,Ruddy Turnstone,Frédéric Cazaban,Creative Commons Attribution-NonCommercial-ShareAlike 4.0,4.0,03:43,https://www.xeno-canto.org/580694,rudtur/XC580694.ogg
rudtur,[],"['Cheep', 'call']",39.761,-74.103,Arenaria interpres,Ruddy Turnstone,William Whitehead,Creative Commons Attribution-NonCommercial-ShareAlike 4.0,3.0,11:00,https://www.xeno-canto.org/581746,rudtur/XC581746.ogg
rudtur,[],"['Cheep', 'call']",39.761,-74.103,Arenaria interpres,Ruddy Turnstone,William Whitehead,Creative Commons Attribution-NonCommercial-ShareAlike 4.0,4.0,11:00,https://www.xeno-canto.org/581748,rudtur/XC581748.ogg
rudtur,[],['nocturnal flight call'],52.0567,1.1482,Arenaria interpres,Ruddy Turnstone,Gi Grieco,Creative Commons Attribution-NonCommercial-ShareAlike 4.0,3.0,00:30,https://www.xeno-canto.org/582038,rudtur/XC582038.ogg
rudtur,[],"['call', 'flight call']",51.9078,-7.9054,Arenaria interpres,Ruddy Turnstone,Mr Mark Shorten,Creative Commons Attribution-NonCommercial-ShareAlike 4.0,5.0,16:00,https://www.xeno-canto.org/582773,rudtur/XC582773.ogg
rudtur,[],['call'],51.9078,-7.9054,Arenaria interpres,Ruddy Turnstone,Mr Mark Shorten,Creative Commons Attribution-NonCommercial-ShareAlike 4.0,4.0,16:00,https://www.xeno-canto.org/582775,rudtur/XC582775.ogg
rudtur,[],"['life stage uncertain', 'nocturnal flight call', 'sex uncertain']",51.9036,-8.4871,Arenaria interpres,Ruddy Turnstone,Harry Hussey,Creative Commons Attribution-NonCommercial-ShareAlike 4.0,3.0,03:40,https://www.xeno-canto.org/582783,rudtur/XC582783.ogg
rudtur,[],"['call', 'flight call', 'nocturnal flight call']",54.2081,-0.2889,Arenaria interpres,Ruddy Turnstone,Mark Pearson,Creative Commons Attribution-NonCommercial-ShareAlike 4.0,3.0,23:15,https://www.xeno-canto.org/582792,rudtur/XC582792.ogg
rudtur,[],"['flight call', 'nocturnal flight call']",48.459,-5.1292,Arenaria interpres,Ruddy Turnstone,Stanislas Wroza,Creative Commons Attribution-NonCommercial-ShareAlike 4.0,4.0,01:00,https://www.xeno-canto.org/584412,rudtur/XC584412.ogg
rudtur,[],"['flight call', 'nocturnal flight call']",48.459,-5.1292,Arenaria interpres,Ruddy Turnstone,Stanislas Wroza,Creative Commons Attribution-NonCommercial-ShareAlike 4.0,4.0,01:00,https://www.xeno-canto.org/584413,rudtur/XC584413.ogg
rudtur,[],"['flight call', 'nocturnal flight call']",48.459,-5.1292,Arenaria interpres,Ruddy Turnstone,Stanislas Wroza,Creative Commons Attribution-NonCommercial-ShareAlike 4.0,4.0,01:00,https://www.xeno-canto.org/584414,rudtur/XC584414.ogg
rudtur,[],"['flight call', 'nocturnal flight call']",48.459,-5.1292,Arenaria interpres,Ruddy Turnstone,Stanislas Wroza,Creative Commons Attribution-NonCommercial-ShareAlike 4.0,4.0,01:00,https://www.xeno-canto.org/584415,rudtur/XC584415.ogg
rudtur,[],"['flight call', 'nocturnal flight call']",48.459,-5.1292,Arenaria interpres,Ruddy Turnstone,Stanislas Wroza,Creative Commons Attribution-NonCommercial-ShareAlike 4.0,4.0,01:00,https://www.xeno-canto.org/584416,rudtur/XC584416.ogg
rudtur,[],"['flight call', 'nocturnal flight call']",48.459,-5.1292,Arenaria interpres,Ruddy Turnstone,Stanislas Wroza,Creative Commons Attribution-NonCommercial-ShareAlike 4.0,4.0,01:00,https://www.xeno-canto.org/584453,rudtur/XC584453.ogg
rudtur,[],"['flight call', 'nocturnal flight call']",48.459,-5.1292,Arenaria interpres,Ruddy Turnstone,Stanislas Wroza,Creative Commons Attribution-NonCommercial-ShareAlike 4.0,4.0,01:00,https://www.xeno-canto.org/584455,rudtur/XC584455.ogg
rudtur,[],"['flight call', 'nocturnal flight call']",48.459,-5.1292,Arenaria interpres,Ruddy Turnstone,Stanislas Wroza,Creative Commons Attribution-NonCommercial-ShareAlike 4.0,4.0,01:00,https://www.xeno-canto.org/584456,rudtur/XC584456.ogg
rudtur,[],"['flight call', 'nocturnal flight call']",48.4594,-5.1294,Arenaria interpres,Ruddy Turnstone,Stanislas Wroza,Creative Commons Attribution-NonCommercial-ShareAlike 4.0,4.0,01:00,https://www.xeno-canto.org/584620,rudtur/XC584620.ogg
rudtur,[],"['flight call', 'nocturnal flight call']",48.4594,-5.1294,Arenaria interpres,Ruddy Turnstone,Stanislas Wroza,Creative Commons Attribution-NonCommercial-ShareAlike 4.0,4.0,01:00,https://www.xeno-canto.org/584621,rudtur/XC584621.ogg
rudtur,[],"['flight call', 'nocturnal flight call']",48.4594,-5.1294,Arenaria interpres,Ruddy Turnstone,Stanislas Wroza,Creative Commons Attribution-NonCommercial-ShareAlike 4.0,4.0,01:00,https://www.xeno-canto.org/584622,rudtur/XC584622.ogg
rudtur,[],"['flight call', 'nocturnal flight call']",48.4594,-5.1294,Arenaria interpres,Ruddy Turnstone,Stanislas Wroza,Creative Commons Attribution-NonCommercial-ShareAlike 4.0,4.0,01:00,https://www.xeno-canto.org/584623,rudtur/XC584623.ogg
rudtur,[],"['call', 'flight call', 'nocturnal flight call']",54.2081,-0.2889,Arenaria interpres,Ruddy Turnstone,Mark Pearson,Creative Commons Attribution-NonCommercial-ShareAlike 4.0,4.0,21:10,https://www.xeno-canto.org/585852,rudtur/XC585852.ogg
rudtur,[],['nocturnal flight call'],51.0445,2.3912,Arenaria interpres,Ruddy Turnstone,Julien Piette,Creative Commons Attribution-NonCommercial-ShareAlike 4.0,3.0,03:13,https://www.xeno-canto.org/586382,rudtur/XC586382.ogg
rudtur,[],['nocturnal flight call'],51.8346,5.8519,Arenaria interpres,Ruddy Turnstone,Martijn Verdoes,Creative Commons Attribution-NonCommercial-ShareAlike 4.0,2.0,01:25,https://www.xeno-canto.org/587019,rudtur/XC587019.ogg
rudtur,[],['nocturnal flight call'],53.5342,8.6032,Arenaria interpres,Ruddy Turnstone,Franck Hollander,Creative Commons Attribution-NonCommercial-ShareAlike 4.0,4.0,04:30,https://www.xeno-canto.org/587114,rudtur/XC587114.ogg
rudtur,['dunlin'],"['call', 'sex uncertain', 'song']",69.551,18.8536,Arenaria interpres,Ruddy Turnstone,Stein Ø. Nilsen,Creative Commons Attribution-NonCommercial-ShareAlike 4.0,4.5,18:00,https://www.xeno-canto.org/587224,rudtur/XC587224.ogg
rudtur,['dunlin'],"['call', 'sex uncertain']",69.551,18.8536,Arenaria interpres,Ruddy Turnstone,Stein Ø. Nilsen,Creative Commons Attribution-NonCommercial-ShareAlike 4.0,4.5,18:00,https://www.xeno-canto.org/587225,rudtur/XC587225.ogg
rudtur,[],"['alarm call', 'call', 'flight call', 'song', 'various calls']",48.0372,-4.8622,Arenaria interpres,Ruddy Turnstone,Stanislas Wroza,Creative Commons Attribution-NonCommercial-ShareAlike 4.0,5.0,07:00,https://www.xeno-canto.org/587300,rudtur/XC587300.ogg
rudtur,[],"['call', 'flight call', 'kip', 'triangle call']",48.0372,-4.8622,Arenaria interpres,Ruddy Turnstone,Stanislas Wroza,Creative Commons Attribution-NonCommercial-ShareAlike 4.0,3.0,07:00,https://www.xeno-canto.org/587302,rudtur/XC587302.ogg
rudtur,[],"['flight call', 'three types of flight calls']",48.0372,-4.8622,Arenaria interpres,Ruddy Turnstone,Stanislas Wroza,Creative Commons Attribution-NonCommercial-ShareAlike 4.0,5.0,07:00,https://www.xeno-canto.org/587303,rudtur/XC587303.ogg
rudtur,[],"['alarm call', 'call', 'flight call', 'song', 'subsong', 'various calls']",48.0372,-4.8622,Arenaria interpres,Ruddy Turnstone,Stanislas Wroza,Creative Commons Attribution-NonCommercial-ShareAlike 4.0,5.0,08:00,https://www.xeno-canto.org/588505,rudtur/XC588505.ogg
rudtur,[],['flight call'],48.0372,-4.8622,Arenaria interpres,Ruddy Turnstone,Stanislas Wroza,Creative Commons Attribution-NonCommercial-ShareAlike 4.0,5.0,08:00,https://www.xeno-canto.org/588524,rudtur/XC588524.ogg
rudtur,[],['nocturnal flight call'],48.0372,-4.8622,Arenaria interpres,Ruddy Turnstone,Stanislas Wroza,Creative Commons Attribution-NonCommercial-ShareAlike 4.0,4.0,01:00,https://www.xeno-canto.org/588548,rudtur/XC588548.ogg
rudtur,[],"['Flipping stones', 'alarm call', 'call', 'feet noise', 'song']",48.0372,-4.8622,Arenaria interpres,Ruddy Turnstone,Stanislas Wroza,Creative Commons Attribution-NonCommercial-ShareAlike 4.0,5.0,08:00,https://www.xeno-canto.org/589123,rudtur/XC589123.ogg
rudtur,[],"['flight call', 'rolled call in flight']",48.0372,-4.8622,Arenaria interpres,Ruddy Turnstone,Stanislas Wroza,Creative Commons Attribution-NonCommercial-ShareAlike 4.0,5.0,08:00,https://www.xeno-canto.org/589124,rudtur/XC589124.ogg
rudtur,[],"['flight call', 'intermediate call in flight']",48.0372,-4.8622,Arenaria interpres,Ruddy Turnstone,Stanislas Wroza,Creative Commons Attribution-NonCommercial-ShareAlike 4.0,5.0,08:00,https://www.xeno-canto.org/589125,rudtur/XC589125.ogg
rudtur,[],"['flight call', 'rolled calls', 'short ""kip""']",48.0372,-4.8622,Arenaria interpres,Ruddy Turnstone,Stanislas Wroza,Creative Commons Attribution-NonCommercial-ShareAlike 4.0,5.0,08:00,https://www.xeno-canto.org/589126,rudtur/XC589126.ogg
rudtur,[],['nocturnal flight call'],51.3532,-0.1461,Arenaria interpres,Ruddy Turnstone,Arjun Dutta,Creative Commons Attribution-NonCommercial-ShareAlike 4.0,4.0,00:45,https://www.xeno-canto.org/589526,rudtur/XC589526.ogg
rudtur,[],['nocturnal flight call'],54.949,-1.48,Arenaria interpres,Ruddy Turnstone,Mark Newsome,Creative Commons Attribution-NonCommercial-ShareAlike 4.0,3.0,20:29,https://www.xeno-canto.org/592277,rudtur/XC592277.ogg
rudtur,[],['call'],46.3369,-1.3409,Arenaria interpres,Ruddy Turnstone,Jack Berteau,Creative Commons Attribution-NonCommercial-ShareAlike 4.0,5.0,11:30,https://www.xeno-canto.org/593276,rudtur/XC593276.ogg
rudtur,[],['call'],46.3369,-1.3409,Arenaria interpres,Ruddy Turnstone,Jack Berteau,Creative Commons Attribution-NonCommercial-ShareAlike 4.0,5.0,11:30,https://www.xeno-canto.org/593282,rudtur/XC593282.ogg
rudtur,[],['call'],46.3369,-1.3409,Arenaria interpres,Ruddy Turnstone,Jack Berteau,Creative Commons Attribution-NonCommercial-ShareAlike 4.0,5.0,11:30,https://www.xeno-canto.org/593286,rudtur/XC593286.ogg
rudtur,['rudtur'],['call'],46.3369,-1.3409,Arenaria interpres,Ruddy Turnstone,Jack Berteau,Creative Commons Attribution-NonCommercial-ShareAlike 4.0,4.5,12:00,https://www.xeno-canto.org/593288,rudtur/XC593288.ogg
rudtur,[],['juvenile'],43.4374,-3.7778,Arenaria interpres,Ruddy Turnstone,Javier Hernández,Creative Commons Attribution-NonCommercial-ShareAlike 4.0,4.0,13:30,https://www.xeno-canto.org/595223,rudtur/XC595223.ogg
rudtur,[],"['flight call', 'life stage uncertain', 'sex uncertain']",37.8326,-8.7923,Arenaria interpres,Ruddy Turnstone,Pere Josa,Creative Commons Attribution-NonCommercial-ShareAlike 4.0,4.0,11:00,https://www.xeno-canto.org/600216,rudtur/XC600216.ogg
rudtur,[],['flight call'],59.8739,-1.2773,Arenaria interpres,Ruddy Turnstone,Andrew Harrop,Creative Commons Attribution-NonCommercial-ShareAlike 4.0,5.0,08:30,https://www.xeno-canto.org/605176,rudtur/XC605176.ogg
rudtur,[],"['call', 'flight call']",37.1281,-7.6199,Arenaria interpres,Ruddy Turnstone,Nelson Conceição,Creative Commons Attribution-NonCommercial-ShareAlike 4.0,4.5,16:50,https://www.xeno-canto.org/606684,rudtur/XC606684.ogg
rudtur,[],['nocturnal flight call'],53.5342,8.6032,Arenaria interpres,Ruddy Turnstone,Franck Hollander,Creative Commons Attribution-NonCommercial-ShareAlike 4.0,3.0,17:30,https://www.xeno-canto.org/612321,rudtur/XC612321.ogg
rudtur,[],"['adult', 'call', 'sex uncertain']",53.41,6.2048,Arenaria interpres,Ruddy Turnstone,Lisette,Creative Commons Attribution-NonCommercial-ShareAlike 4.0,5.0,13:15,https://www.xeno-canto.org/612547,rudtur/XC612547.ogg
rudtur,[],"['adult', 'call', 'sex uncertain']",-19.5057,169.2447,Arenaria interpres,Ruddy Turnstone,Dominik Maximilián Ramík,Creative Commons Attribution-NonCommercial-ShareAlike 4.0,4.0,05:47,https://www.xeno-canto.org/614583,rudtur/XC614583.ogg
rudtur,[],['song'],63.6904,20.4628,Arenaria interpres,Ruddy Turnstone,Lars Edenius,Creative Commons Attribution-NonCommercial-ShareAlike 4.0,4.5,06:30,https://www.xeno-canto.org/615211,rudtur/XC615211.ogg
rudtur,[],['flight call'],-12.248,49.3425,Arenaria interpres,Ruddy Turnstone,Ken Behrens,Creative Commons Attribution-NonCommercial-ShareAlike 4.0,4.0,10:18,https://www.xeno-canto.org/623417,rudtur/XC623417.ogg
rudtur,[],"['call', 'life stage uncertain', 'sex uncertain']",53.3723,-6.1492,Arenaria interpres,Ruddy Turnstone,Alan Dalton,Creative Commons Attribution-NonCommercial-ShareAlike 4.0,5.0,10:00,https://www.xeno-canto.org/626581,rudtur/XC626581.ogg
rudtur,[],"['call', 'flight call', 'nocturnal flight call']",53.9299,-2.9833,Arenaria interpres,Ruddy Turnstone,Chris Batty,Creative Commons Attribution-NonCommercial-ShareAlike 4.0,3.0,16:53,https://www.xeno-canto.org/627690,rudtur/XC627690.ogg
rudtur,[],['nocturnal flight call'],59.8488,18.0095,Arenaria interpres,Ruddy Turnstone,Robert Ekman,Creative Commons Attribution-NonCommercial-ShareAlike 4.0,3.0,01:12,https://www.xeno-canto.org/628077,rudtur/XC628077.ogg
rudtur,[],['flight call'],45.9241,-1.2291,Arenaria interpres,Ruddy Turnstone,Bernard BOUSQUET,Creative Commons Attribution-NonCommercial-ShareAlike 4.0,4.0,10:00,https://www.xeno-canto.org/628081,rudtur/XC628081.ogg
rudtur,[],['flight call'],60.0067,-1.2207,Arenaria interpres,Ruddy Turnstone,Andrew Harrop,Creative Commons Attribution-NonCommercial-ShareAlike 4.0,4.0,12:30,https://www.xeno-canto.org/628157,rudtur/XC628157.ogg
rudtur,[],['nocturnal flight call'],54.2386,-0.4196,Arenaria interpres,Ruddy Turnstone,Dan Lombard,Creative Commons Attribution-NonCommercial-ShareAlike 4.0,4.0,01:30,https://www.xeno-canto.org/636791,rudtur/XC636791.ogg
rudtur,[],['nocturnal flight call'],54.2386,-0.4196,Arenaria interpres,Ruddy Turnstone,Dan Lombard,Creative Commons Attribution-NonCommercial-ShareAlike 4.0,4.0,02:00,https://www.xeno-canto.org/636792,rudtur/XC636792.ogg
rudtur,[],['nocturnal flight call'],51.899,-8.4947,Arenaria interpres,Ruddy Turnstone,Mr Mark Shorten,Creative Commons Attribution-NonCommercial-ShareAlike 4.0,5.0,01:30,https://www.xeno-canto.org/642920,rudtur/XC642920.ogg
rudtur,[],['call'],59.8658,-1.3072,Arenaria interpres,Ruddy Turnstone,Andrew Harrop,Creative Commons Attribution-NonCommercial-ShareAlike 4.0,4.5,14:30,https://www.xeno-canto.org/643535,rudtur/XC643535.ogg
rudtur,[],"['call', 'flight call', 'nocturnal flight call']",54.1145,-0.1224,Arenaria interpres,Ruddy Turnstone,Mark Pearson,Creative Commons Attribution-NonCommercial-ShareAlike 4.0,4.0,23:10,https://www.xeno-canto.org/643689,rudtur/XC643689.ogg
rudtur,[],"['call', 'flight call', 'nocturnal flight call']",54.1145,-0.1224,Arenaria interpres,Ruddy Turnstone,Mark Pearson,Creative Commons Attribution-NonCommercial-ShareAlike 4.0,4.0,03:05,https://www.xeno-canto.org/645408,rudtur/XC645408.ogg
rudtur,[],['nocturnal flight call'],43.7412,-7.867,Arenaria interpres,Ruddy Turnstone,Ricardo Hevia,Creative Commons Attribution-NonCommercial-ShareAlike 4.0,4.0,04:00,https://www.xeno-canto.org/645634,rudtur/XC645634.ogg
rudtur,[],['nocturnal flight call'],43.7412,-7.867,Arenaria interpres,Ruddy Turnstone,Ricardo Hevia,Creative Commons Attribution-NonCommercial-ShareAlike 4.0,3.0,01:00,https://www.xeno-canto.org/649682,rudtur/XC649682.ogg
rudtur,[],['call'],37.069,-7.7192,Arenaria interpres,Ruddy Turnstone,Nelson Conceição,Creative Commons Attribution-NonCommercial-ShareAlike 4.0,5.0,11:29,https://www.xeno-canto.org/656686,rudtur/XC656686.ogg
rudtur,['arcter'],"['adult', 'call', 'sex uncertain']",64.191,21.113,Arenaria interpres,Ruddy Turnstone,Alan Dalton,Creative Commons Attribution-NonCommercial-ShareAlike 4.0,4.5,06:00,https://www.xeno-canto.org/663217,rudtur/XC663217.ogg
rudtur,[],['nocturnal flight call'],43.5352,-1.4475,Arenaria interpres,Ruddy Turnstone,Frédéric Cazaban,Creative Commons Attribution-NonCommercial-ShareAlike 4.0,3.0,02:17,https://www.xeno-canto.org/664275,rudtur/XC664275.ogg
rudtur,[],['nocturnal flight call'],43.7412,-7.867,Arenaria interpres,Ruddy Turnstone,Ricardo Hevia,Creative Commons Attribution-NonCommercial-ShareAlike 4.0,5.0,04:30,https://www.xeno-canto.org/664610,rudtur/XC664610.ogg
rudtur,[],"['anthropogenic & rain', 'nocturnal flight call']",52.3857,-1.7909,Arenaria interpres,Ruddy Turnstone,John Sirrett,Creative Commons Attribution-NonCommercial-ShareAlike 4.0,3.0,04:30,https://www.xeno-canto.org/665831,rudtur/XC665831.ogg
rudtur,[],"['anthropogenic', 'nocturnal flight call']",52.3857,-1.7909,Arenaria interpres,Ruddy Turnstone,John Sirrett,Creative Commons Attribution-NonCommercial-ShareAlike 4.0,4.0,02:30,https://www.xeno-canto.org/665840,rudtur/XC665840.ogg
rudtur,[],['nocturnal flight call'],54.2386,-0.4196,Arenaria interpres,Ruddy Turnstone,Dan Lombard,Creative Commons Attribution-NonCommercial-ShareAlike 4.0,4.0,01:00,https://www.xeno-canto.org/666361,rudtur/XC666361.ogg
rudtur,[],['nocturnal flight call'],53.5833,-1.766,Arenaria interpres,Ruddy Turnstone,David Pennington,Creative Commons Attribution-NonCommercial-ShareAlike 4.0,5.0,03:03,https://www.xeno-canto.org/666387,rudtur/XC666387.ogg
rudtur,[],['nocturnal flight call'],43.7412,-7.867,Arenaria interpres,Ruddy Turnstone,Ricardo Hevia,Creative Commons Attribution-NonCommercial-ShareAlike 4.0,5.0,01:30,https://www.xeno-canto.org/666676,rudtur/XC666676.ogg
rudtur,[],"['call', 'life stage uncertain', 'sex uncertain']",38.7038,-27.0484,Arenaria interpres,Ruddy Turnstone,Baltasar Pinheiro,Creative Commons Attribution-NonCommercial-ShareAlike 4.0,5.0,19:15,https://www.xeno-canto.org/667097,rudtur/XC667097.ogg
rudtur,[],['flight call'],-13.9267,-38.9654,Arenaria interpres,Ruddy Turnstone,Jeremy Minns,Creative Commons Attribution-NonCommercial-ShareAlike 3.0,4.0,08:21,https://www.xeno-canto.org/84915,rudtur/XC84915.ogg
ruff,[],"['call', 'juvenile']",22.411,69.194,Calidris pugnax,Ruff,vir joshi,Creative Commons Attribution-NonCommercial-ShareAlike 3.0,4.0,04:30,https://www.xeno-canto.org/122885,ruff/XC122885.ogg
ruff,[],"['call', 'juvenile', 'taking off flocks']",56.1082,47.5336,Calidris pugnax,Ruff,Albert Lastukhin,Creative Commons Attribution-NonCommercial-ShareAlike 3.0,2.0,10:30,https://www.xeno-canto.org/148496,ruff/XC148496.ogg
ruff,[],"['alarm call', 'female', 'flight call']",68.4885,25.6711,Calidris pugnax,Ruff,Tomek Tumiel,Creative Commons Attribution-NonCommercial-ShareAlike 4.0,4.0,15:00,https://www.xeno-canto.org/199470,ruff/XC199470.ogg
ruff,[],['call'],52.217,19.7664,Calidris pugnax,Ruff,Jarek Matusiak,Creative Commons Attribution-NonCommercial-ShareAlike 4.0,5.0,15:00,https://www.xeno-canto.org/233522,ruff/XC233522.ogg
ruff,[],"['call', 'flight call']",52.217,19.7664,Calidris pugnax,Ruff,Jarek Matusiak,Creative Commons Attribution-NonCommercial-ShareAlike 4.0,5.0,15:00,https://www.xeno-canto.org/233524,ruff/XC233524.ogg
ruff,[],['call of pullus'],70.0965,30.0727,Calidris pugnax,Ruff,Tomek Tumiel,Creative Commons Attribution-NonCommercial-ShareAlike 4.0,5.0,16:00,https://www.xeno-canto.org/263046,ruff/XC263046.ogg
ruff,[],['call'],56.1056,47.5392,Calidris pugnax,Ruff,Albert Lastukhin,Creative Commons Attribution-NonCommercial-ShareAlike 4.0,2.0,08:00,https://www.xeno-canto.org/266694,ruff/XC266694.ogg
ruff,['ruff'],"['call', 'juvenile']",56.1056,47.5392,Calidris pugnax,Ruff,Albert Lastukhin,Creative Commons Attribution-NonCommercial-ShareAlike 4.0,0.5,10:00,https://www.xeno-canto.org/276838,ruff/XC276838.ogg
ruff,['ruff'],"['call', 'juvenile']",56.1056,47.5392,Calidris pugnax,Ruff,Albert Lastukhin,Creative Commons Attribution-NonCommercial-ShareAlike 4.0,1.5,10:00,https://www.xeno-canto.org/276839,ruff/XC276839.ogg
ruff,['ruff'],"['call', 'juvenile']",56.1056,47.5392,Calidris pugnax,Ruff,Albert Lastukhin,Creative Commons Attribution-NonCommercial-ShareAlike 4.0,2.5,10:00,https://www.xeno-canto.org/276840,ruff/XC276840.ogg
ruff,['ruff'],"['call', 'juvenile']",56.1056,47.5392,Calidris pugnax,Ruff,Albert Lastukhin,Creative Commons Attribution-NonCommercial-ShareAlike 4.0,2.5,10:00,https://www.xeno-canto.org/276841,ruff/XC276841.ogg
ruff,['ruff'],"['call', 'juvenile']",56.1056,47.5392,Calidris pugnax,Ruff,Albert Lastukhin,Creative Commons Attribution-NonCommercial-ShareAlike 4.0,2.5,10:00,https://www.xeno-canto.org/276842,ruff/XC276842.ogg
ruff,[],"['call', 'female']",69.0111,23.0519,Calidris pugnax,Ruff,Stein Ø. Nilsen,Creative Commons Attribution-NonCommercial-ShareAlike 4.0,4.0,06:00,https://www.xeno-canto.org/277166,ruff/XC277166.ogg
ruff,[],['call'],67.7094,26.7553,Calidris pugnax,Ruff,Tero Linjama,Creative Commons Attribution-NonCommercial-ShareAlike 4.0,5.0,07:00,https://www.xeno-canto.org/342361,ruff/XC342361.ogg
ruff,['gnwtea'],"['call', 'female', 'male']",44.9594,12.3266,Calidris pugnax,Ruff,Francesco Sottile,Creative Commons Attribution-NonCommercial-ShareAlike 4.0,1.5,11:37,https://www.xeno-canto.org/360222,ruff/XC360222.ogg
ruff,[],"['call', 'call while feeding']",43.0671,6.138,Calidris pugnax,Ruff,Stanislas Wroza,Creative Commons Attribution-NonCommercial-ShareAlike 4.0,0.0,18:30,https://www.xeno-canto.org/371017,ruff/XC371017.ogg
ruff,[],['flight call'],43.0671,6.138,Calidris pugnax,Ruff,Stanislas Wroza,Creative Commons Attribution-NonCommercial-ShareAlike 4.0,3.0,18:30,https://www.xeno-canto.org/371152,ruff/XC371152.ogg
ruff,[],['flight call'],43.0671,6.138,Calidris pugnax,Ruff,Stanislas Wroza,Creative Commons Attribution-NonCommercial-ShareAlike 4.0,0.0,19:00,https://www.xeno-canto.org/385928,ruff/XC385928.ogg
ruff,[],['flight call'],43.0671,6.138,Calidris pugnax,Ruff,Stanislas Wroza,Creative Commons Attribution-NonCommercial-ShareAlike 4.0,0.0,19:00,https://www.xeno-canto.org/385930,ruff/XC385930.ogg
ruff,[],"['call', 'flight call']",45.8956,-1.0959,Calidris pugnax,Ruff,Stanislas Wroza,Creative Commons Attribution-NonCommercial-ShareAlike 4.0,0.0,08:30,https://www.xeno-canto.org/402117,ruff/XC402117.ogg
ruff,[],"['call', 'flight call']",45.8956,-1.0959,Calidris pugnax,Ruff,Stanislas Wroza,Creative Commons Attribution-NonCommercial-ShareAlike 4.0,0.0,08:30,https://www.xeno-canto.org/402118,ruff/XC402118.ogg
ruff,[],"['call', 'flight call']",45.8956,-1.0959,Calidris pugnax,Ruff,Stanislas Wroza,Creative Commons Attribution-NonCommercial-ShareAlike 4.0,0.0,08:30,https://www.xeno-canto.org/402120,ruff/XC402120.ogg
ruff,[],['flight call'],63.1834,75.3989,Calidris pugnax,Ruff,Albert Lastukhin,Creative Commons Attribution-NonCommercial-ShareAlike 4.0,5.0,10:00,https://www.xeno-canto.org/431102,ruff/XC431102.ogg
ruff,[],['flight call'],63.1834,75.3989,Calidris pugnax,Ruff,Albert Lastukhin,Creative Commons Attribution-NonCommercial-ShareAlike 4.0,3.0,10:00,https://www.xeno-canto.org/431103,ruff/XC431103.ogg
ruff,[],['flight call'],63.1834,75.3989,Calidris pugnax,Ruff,Albert Lastukhin,Creative Commons Attribution-NonCommercial-ShareAlike 4.0,3.0,10:00,https://www.xeno-canto.org/431104,ruff/XC431104.ogg
ruff,[],"['call', 'flight call', 'wings']",52.199,19.8048,Calidris pugnax,Ruff,Jarek Matusiak,Creative Commons Attribution-NonCommercial-ShareAlike 4.0,5.0,12:30,https://www.xeno-canto.org/436967,ruff/XC436967.ogg
ruff,[],['call'],56.7239,46.9036,Calidris pugnax,Ruff,Albert Lastukhin,Creative Commons Attribution-NonCommercial-ShareAlike 4.0,4.0,16:30,https://www.xeno-canto.org/484237,ruff/XC484237.ogg
ruff,[],['call'],56.7239,46.9036,Calidris pugnax,Ruff,Albert Lastukhin,Creative Commons Attribution-NonCommercial-ShareAlike 4.0,2.5,16:30,https://www.xeno-canto.org/484238,ruff/XC484238.ogg
ruff,[],['alarm call'],68.471,20.9,Calidris pugnax,Ruff,Patrik Åberg,Creative Commons Attribution-NonCommercial-ShareAlike 3.0,3.0,22:43,https://www.xeno-canto.org/58549,ruff/XC58549.ogg
ruff,[],['uncertain'],54.1145,-0.1224,Calidris pugnax,Ruff,Mark Pearson,Creative Commons Attribution-NonCommercial-ShareAlike 4.0,3.0,03:35,https://www.xeno-canto.org/586789,ruff/XC586789.ogg
ruff,[],"['nocturnal flight call', 'sex uncertain']",47.661,-3.1838,Calidris pugnax,Ruff,Philippe J. DUBOIS,Creative Commons Attribution-NonCommercial-ShareAlike 4.0,3.0,01:00,https://www.xeno-canto.org/599118,ruff/XC599118.ogg
ruff,[],"['call', 'wing flutter']",63.8313,20.2607,Calidris pugnax,Ruff,Lars Edenius,Creative Commons Attribution-NonCommercial-ShareAlike 4.0,5.0,20:00,https://www.xeno-canto.org/647848,ruff/XC647848.ogg
ruff,['skylar'],"['call', 'wing flutter']",63.8313,20.2607,Calidris pugnax,Ruff,Lars Edenius,Creative Commons Attribution-NonCommercial-ShareAlike 4.0,3.5,19:00,https://www.xeno-canto.org/647948,ruff/XC647948.ogg
ruff,[],['wing flutter'],63.8986,19.8494,Calidris pugnax,Ruff,Lars Edenius,Creative Commons Attribution-NonCommercial-ShareAlike 4.0,5.0,19:00,https://www.xeno-canto.org/649204,ruff/XC649204.ogg
ruff,['cangoo'],['flight call'],63.8986,19.8494,Calidris pugnax,Ruff,Lars Edenius,Creative Commons Attribution-NonCommercial-ShareAlike 4.0,3.5,20:00,https://www.xeno-canto.org/649205,ruff/XC649205.ogg
saffin,[],"['call', 'female']",-28.638,-49.498,Sicalis flaveola,Saffron Finch,João Gava,Creative Commons Attribution-NonCommercial-ShareAlike 3.0,0.0,16:30,https://www.xeno-canto.org/112708,saffin/XC112708.ogg
saffin,[],['song'],-20.8004,-42.8884,Sicalis flaveola,Saffron Finch,Noé Eiterer,Creative Commons Attribution-NonCommercial-ShareAlike 3.0,4.0,17:00,https://www.xeno-canto.org/113880,saffin/XC113880.ogg
saffin,[],['song'],-17.9438,-64.573,Sicalis flaveola,Saffron Finch,Dan Lane,Creative Commons Attribution-NonCommercial-ShareAlike 3.0,3.5,08:30,https://www.xeno-canto.org/126991,saffin/XC126991.ogg
saffin,[],['song'],-17.99,-64.593,Sicalis flaveola,Saffron Finch,Dan Lane,Creative Commons Attribution-NonCommercial-ShareAlike 3.0,3.5,09:30,https://www.xeno-canto.org/127043,saffin/XC127043.ogg
saffin,[],['call'],4.6197,-75.851,Sicalis flaveola,Saffron Finch,Oscar H. Marín-Gómez,Creative Commons Attribution-NonCommercial-ShareAlike 3.0,3.5,11:30,https://www.xeno-canto.org/128407,saffin/XC128407.ogg
saffin,[],['call'],-16.4456,-51.1201,Sicalis flaveola,Saffron Finch,Daniel Blamires,Creative Commons Attribution-NonCommercial-ShareAlike 3.0,5.0,09:19,https://www.xeno-canto.org/140999,saffin/XC140999.ogg
saffin,[],"['male', 'song']",-15.355,-38.982,Sicalis flaveola,Saffron Finch,Antonio Silveira,Creative Commons Attribution-NonCommercial-ShareAlike 3.0,0.0,08:00,https://www.xeno-canto.org/145468,saffin/XC145468.ogg
saffin,[],['song'],3.950556,-73.96667,Sicalis flaveola,Saffron Finch,Gary Stiles (Colección de Sonidos Ambientales - Instituto Humboldt),Creative Commons Attribution-NonCommercial-ShareAlike 3.0,5.0,?,https://www.xeno-canto.org/148218,saffin/XC148218.ogg
saffin,[],"['male', 'song']",-22.4334,-44.6334,Sicalis flaveola,Saffron Finch,Antonio Silveira,Creative Commons Attribution-NonCommercial-ShareAlike 3.0,0.0,09:00,https://www.xeno-canto.org/165354,saffin/XC165354.ogg
saffin,[],"['male', 'song']",-15.2799,-39.0907,Sicalis flaveola,Saffron Finch,Antonio Silveira,Creative Commons Attribution-NonCommercial-ShareAlike 3.0,0.0,10:00,https://www.xeno-canto.org/165893,saffin/XC165893.ogg
saffin,[],['song'],-19.2204,-42.4832,Sicalis flaveola,Saffron Finch,Roney Assis Souza,Creative Commons Attribution-NonCommercial-ShareAlike 3.0,0.0,11:00,https://www.xeno-canto.org/169965,saffin/XC169965.ogg
saffin,[],['song'],-31.2595,-50.9729,Sicalis flaveola,Saffron Finch,Rafael Antunes Dias,Creative Commons Attribution-NonCommercial-ShareAlike 3.0,3.5,12:00,https://www.xeno-canto.org/170759,saffin/XC170759.ogg
saffin,[],['call'],-22.5001,-42.7167,Sicalis flaveola,Saffron Finch,Nick Athanas,Creative Commons Attribution-NonCommercial-ShareAlike 3.0,5.0,10:00,https://www.xeno-canto.org/17222,saffin/XC17222.ogg
saffin,[],['song'],-20.2881,-45.5402,Sicalis flaveola,Saffron Finch,João Antônio de B. Vitto,Creative Commons Attribution-NonCommercial-ShareAlike 4.0,0.0,10:00,https://www.xeno-canto.org/173052,saffin/XC173052.ogg
saffin,[],['song'],-27.3546,-49.3459,Sicalis flaveola,Saffron Finch,Douglas Meyer,Creative Commons Attribution-NonCommercial-ShareAlike 4.0,2.0,10:46,https://www.xeno-canto.org/173705,saffin/XC173705.ogg
saffin,['apapan'],['call'],19.4264,-155.2373,Sicalis flaveola,Saffron Finch,Dan Lane,Creative Commons Attribution-NonCommercial-ShareAlike 4.0,3.5,06:00,https://www.xeno-canto.org/175221,saffin/XC175221.ogg
saffin,[],['Song'],-18.1884,-63.8792,Sicalis flaveola,Saffron Finch,Sjoerd Mayer,Creative Commons Attribution-NonCommercial-ShareAlike 3.0,3.5,?,https://www.xeno-canto.org/1768,saffin/XC1768.ogg
saffin,[],['song'],-6.3167,-79.4501,Sicalis flaveola,Saffron Finch,Mike Nelson,Creative Commons Attribution-NonCommercial-ShareAlike 4.0,4.0,10:00,https://www.xeno-canto.org/180780,saffin/XC180780.ogg
saffin,[],['song'],-6.3167,-79.4501,Sicalis flaveola,Saffron Finch,Mike Nelson,Creative Commons Attribution-NonCommercial-ShareAlike 4.0,4.0,10:00,https://www.xeno-canto.org/180781,saffin/XC180781.ogg
saffin,[],['song'],6.1415,-75.6177,Sicalis flaveola,Saffron Finch,Danny Zapata-Henao,Creative Commons Attribution-NonCommercial-ShareAlike 4.0,0.0,17:20,https://www.xeno-canto.org/181555,saffin/XC181555.ogg
saffin,[],"['male', 'song']",-28.4979,-48.8826,Sicalis flaveola,Saffron Finch,Luiz C.  Silva,Creative Commons Attribution-NonCommercial-ShareAlike 4.0,4.0,06:00,https://www.xeno-canto.org/197761,saffin/XC197761.ogg
saffin,[],['song'],-24.1029,-52.3171,Sicalis flaveola,Saffron Finch,Luiz C.  Silva,Creative Commons Attribution-NonCommercial-ShareAlike 4.0,4.0,10:30,https://www.xeno-canto.org/206957,saffin/XC206957.ogg
saffin,[],"['male', 'song']",-24.0588,-46.7003,Sicalis flaveola,Saffron Finch,Antonio Silveira,Creative Commons Attribution-NonCommercial-ShareAlike 4.0,3.0,10:00,https://www.xeno-canto.org/209526,saffin/XC209526.ogg
saffin,[],['song'],-31.4,-57.979,Sicalis flaveola,Saffron Finch,Pedro Rinaldi,Creative Commons Attribution-NonCommercial-ShareAlike 4.0,0.0,09:00,https://www.xeno-canto.org/210395,saffin/XC210395.ogg
saffin,[],['song'],-4.3682,-80.2599,Sicalis flaveola,Saffron Finch,Jerome Fischer,Creative Commons Attribution-NonCommercial-ShareAlike 4.0,5.0,09:00,https://www.xeno-canto.org/210963,saffin/XC210963.ogg
saffin,[],['single calls'],-28.3864,-53.8633,Sicalis flaveola,Saffron Finch,Fernando Igor de Godoy,Creative Commons Attribution-NonCommercial-ShareAlike 4.0,0.0,17:30,https://www.xeno-canto.org/212237,saffin/XC212237.ogg
saffin,[],['call'],-24.683,-65.406,Sicalis flaveola,Saffron Finch,Niels Krabbe,Creative Commons Attribution-NonCommercial-ShareAlike 4.0,2.5,06:50,https://www.xeno-canto.org/212724,saffin/XC212724.ogg
saffin,[],['song'],-24.683,-65.406,Sicalis flaveola,Saffron Finch,Niels Krabbe,Creative Commons Attribution-NonCommercial-ShareAlike 4.0,4.5,07:45,https://www.xeno-canto.org/212725,saffin/XC212725.ogg
saffin,[],['song'],-32.213,-64.4245,Sicalis flaveola,Saffron Finch,Niels Krabbe,Creative Commons Attribution-NonCommercial-ShareAlike 4.0,4.5,07:00,https://www.xeno-canto.org/212769,saffin/XC212769.ogg
saffin,[],['song'],-20.1213,-55.9297,Sicalis flaveola,Saffron Finch,Jeremy Minns,Creative Commons Attribution-NonCommercial-ShareAlike 4.0,4.5,07:08,https://www.xeno-canto.org/215722,saffin/XC215722.ogg
saffin,[],['song'],-20.1213,-55.9297,Sicalis flaveola,Saffron Finch,Jeremy Minns,Creative Commons Attribution-NonCommercial-ShareAlike 4.0,4.5,07:52,https://www.xeno-canto.org/215723,saffin/XC215723.ogg
saffin,[],['song'],-4.0025,-79.2,Sicalis flaveola,Saffron Finch,Leonardo Ordóñez-Delgado,Creative Commons Attribution-NonCommercial-ShareAlike 4.0,4.5,07:30,https://www.xeno-canto.org/229391,saffin/XC229391.ogg
saffin,[],"['call', 'juvenile']",6.18,-73.42,Sicalis flaveola,Saffron Finch,Oscar Humberto Marín Gómez,Creative Commons Attribution-NonCommercial-ShareAlike 3.0,4.0,11:20,https://www.xeno-canto.org/245147,saffin/XC245147.ogg
saffin,[],['song'],6.33,-71.77,Sicalis flaveola,Saffron Finch,Oscar Humberto Marín Gómez,Creative Commons Attribution-NonCommercial-ShareAlike 3.0,3.0,11:00,https://www.xeno-canto.org/245461,saffin/XC245461.ogg
saffin,[],['song'],6.267,-75.6027,Sicalis flaveola,Saffron Finch,Andrea Lopera-Salazar,Creative Commons Attribution-NonCommercial-ShareAlike 4.0,4.0,07:00,https://www.xeno-canto.org/250644,saffin/XC250644.ogg
saffin,[],"['calls', 'subsong']",-4.003,-79.369,Sicalis flaveola,Saffron Finch,John V. Moore,Creative Commons Attribution-NonCommercial-ShareAlike 4.0,5.0,?,https://www.xeno-canto.org/259892,saffin/XC259892.ogg
saffin,[],['song'],-19.2204,-42.4832,Sicalis flaveola,Saffron Finch,Roney Souza,Creative Commons Attribution-NonCommercial-ShareAlike 4.0,4.5,12:00,https://www.xeno-canto.org/264126,saffin/XC264126.ogg
saffin,[],['song'],-3.567,-80.467,Sicalis flaveola,Saffron Finch,Paul Coopmans,Creative Commons Attribution-NonCommercial-ShareAlike 4.0,5.0,?,https://www.xeno-canto.org/264871,saffin/XC264871.ogg
saffin,[],['Song'],-17.3834,-66.1667,Sicalis flaveola,Saffron Finch,Sjoerd Mayer,Creative Commons Attribution-NonCommercial-ShareAlike 3.0,2.5,10:00,https://www.xeno-canto.org/2743,saffin/XC2743.ogg
saffin,[],['Song'],-17.3834,-66.1667,Sicalis flaveola,Saffron Finch,Sjoerd Mayer,Creative Commons Attribution-NonCommercial-ShareAlike 3.0,3.5,19:07,https://www.xeno-canto.org/2744,saffin/XC2744.ogg
saffin,[],"['calls', 'song']",-4.003,-79.369,Sicalis flaveola,Saffron Finch,Robert S. Ridgely,Creative Commons Attribution-NonCommercial-ShareAlike 4.0,4.5,?,https://www.xeno-canto.org/275150,saffin/XC275150.ogg
saffin,['reccar'],['Song'],-14.9001,-64.7167,Sicalis flaveola,Saffron Finch,Sjoerd Mayer,Creative Commons Attribution-NonCommercial-ShareAlike 3.0,4.5,6:20,https://www.xeno-canto.org/2786,saffin/XC2786.ogg
saffin,[],"['call', 'male']",-22.4508,-42.7735,Sicalis flaveola,Saffron Finch,Jerome Fischer,Creative Commons Attribution-NonCommercial-ShareAlike 4.0,0.0,11:30,https://www.xeno-canto.org/286818,saffin/XC286818.ogg
saffin,[],['song'],-17.8673,-50.6773,Sicalis flaveola,Saffron Finch,Marcelo Villegas,Creative Commons Attribution-NonCommercial-ShareAlike 4.0,5.0,14:30,https://www.xeno-canto.org/288336,saffin/XC288336.ogg
saffin,[],"['call', 'juvenile']",-22.4508,-42.7735,Sicalis flaveola,Saffron Finch,Jerome Fischer,Creative Commons Attribution-NonCommercial-ShareAlike 4.0,0.0,11:45,https://www.xeno-canto.org/288955,saffin/XC288955.ogg
saffin,[],['song'],-22.4508,-42.7735,Sicalis flaveola,Saffron Finch,Jerome Fischer,Creative Commons Attribution-NonCommercial-ShareAlike 4.0,0.0,07:00,https://www.xeno-canto.org/291557,saffin/XC291557.ogg
saffin,[],['song'],-4.0025,-79.2,Sicalis flaveola,Saffron Finch,Leonardo Ordóñez-Delgado,Creative Commons Attribution-NonCommercial-ShareAlike 4.0,5.0,07:30,https://www.xeno-canto.org/302294,saffin/XC302294.ogg
saffin,[],['call'],10.2944,-68.6532,Sicalis flaveola,Saffron Finch,Miguel Angel Torres,Creative Commons Attribution-NonCommercial-ShareAlike 4.0,2.0,15:35,https://www.xeno-canto.org/303480,saffin/XC303480.ogg
saffin,[],"['male', 'song']",-16.7626,-56.8528,Sicalis flaveola,Saffron Finch,Jeremy Minns,Creative Commons Attribution-NonCommercial-ShareAlike 4.0,3.5,06:45,https://www.xeno-canto.org/314166,saffin/XC314166.ogg
saffin,[],['song'],-24.683,-65.406,Sicalis flaveola,Saffron Finch,Niels Krabbe,Creative Commons Attribution-NonCommercial-ShareAlike 3.0,4.5,x,https://www.xeno-canto.org/32291,saffin/XC32291.ogg
saffin,[],"['male', 'song']",-26.7166,-49.4856,Sicalis flaveola,Saffron Finch,Douglas Meyer,Creative Commons Attribution-NonCommercial-ShareAlike 4.0,5.0,09:01,https://www.xeno-canto.org/323517,saffin/XC323517.ogg
saffin,[],"['male', 'song']",-19.7282,-51.9286,Sicalis flaveola,Saffron Finch,Fernando Igor de Godoy,Creative Commons Attribution-NonCommercial-ShareAlike 4.0,0.0,06:30,https://www.xeno-canto.org/325730,saffin/XC325730.ogg
saffin,[],['song'],-24.2783,-50.5306,Sicalis flaveola,Saffron Finch,Fernando Igor de Godoy,Creative Commons Attribution-NonCommercial-ShareAlike 4.0,0.0,10:30,https://www.xeno-canto.org/325854,saffin/XC325854.ogg
saffin,[],['song'],4.8499,-73.2648,Sicalis flaveola,Saffron Finch,David Ricardo Rodríguez Villamil,Creative Commons Attribution-NonCommercial-ShareAlike 4.0,1.5,05:45,https://www.xeno-canto.org/327118,saffin/XC327118.ogg
saffin,[],"['call', 'song']",-26.0834,-48.6334,Sicalis flaveola,Saffron Finch,Jeremy Minns,Creative Commons Attribution-NonCommercial-ShareAlike 4.0,4.5,11:12,https://www.xeno-canto.org/332194,saffin/XC332194.ogg
saffin,[],"['male', 'song']",-14.5792,-40.2708,Sicalis flaveola,Saffron Finch,Mateus G. Santos ,Creative Commons Attribution-NonCommercial-ShareAlike 4.0,5.0,05:00,https://www.xeno-canto.org/341136,saffin/XC341136.ogg
saffin,[],"['call', 'male', 'song']",-23.4916,-46.5236,Sicalis flaveola,Saffron Finch,Nick Komar,Creative Commons Attribution-NonCommercial-ShareAlike 4.0,4.5,13:45,https://www.xeno-canto.org/342570,saffin/XC342570.ogg
saffin,['houspa'],"['male', 'song']",-20.4499,-54.5654,Sicalis flaveola,Saffron Finch,Nick Komar,Creative Commons Attribution-NonCommercial-ShareAlike 4.0,2.5,13:30,https://www.xeno-canto.org/343093,saffin/XC343093.ogg
saffin,[],"['male', 'song']",-0.198,-78.385,Sicalis flaveola,Saffron Finch,Niels Krabbe,Creative Commons Attribution-NonCommercial-ShareAlike 4.0,4.0,06:58,https://www.xeno-canto.org/343729,saffin/XC343729.ogg
saffin,[],"['call', 'song']",-30.1834,-57.4501,Sicalis flaveola,Saffron Finch,Jeremy Minns,Creative Commons Attribution-NonCommercial-ShareAlike 4.0,4.5,08:37,https://www.xeno-canto.org/344621,saffin/XC344621.ogg
saffin,[],"['call', 'song']",-37.8022,-73.3946,Sicalis flaveola,Saffron Finch,Francisco Rivas Fuenzalida,Creative Commons Attribution-NonCommercial-ShareAlike 4.0,5.0,14:00,https://www.xeno-canto.org/345274,saffin/XC345274.ogg
saffin,[],['song'],-27.4156,-55.9545,Sicalis flaveola,Saffron Finch,Aves del NEA,Creative Commons Attribution-NonCommercial-ShareAlike 4.0,3.5,08:30,https://www.xeno-canto.org/345707,saffin/XC345707.ogg
saffin,[],"['call', 'song']",-24.2056,-46.9164,Sicalis flaveola,Saffron Finch,Robson Silva e Silva,Creative Commons Attribution-NonCommercial-ShareAlike 4.0,5.0,05:30,https://www.xeno-canto.org/347916,saffin/XC347916.ogg
saffin,[],"['male', 'song']",-18.9897,-46.8412,Sicalis flaveola,Saffron Finch,Robson Silva e Silva,Creative Commons Attribution-NonCommercial-ShareAlike 4.0,5.0,09:30,https://www.xeno-canto.org/353961,saffin/XC353961.ogg
saffin,[],['song'],8.8983,-79.5823,Sicalis flaveola,Saffron Finch,Kent Livezey,Creative Commons Attribution-NonCommercial-ShareAlike 4.0,2.5,09:09,https://www.xeno-canto.org/359236,saffin/XC359236.ogg
saffin,[],['song'],5.0676,-74.5992,Sicalis flaveola,Saffron Finch,Andres Angulo,Creative Commons Attribution-NonCommercial-ShareAlike 4.0,0.0,05:00,https://www.xeno-canto.org/365074,saffin/XC365074.ogg
saffin,[],"['female', 'song']",-26.6264,-54.1063,Sicalis flaveola,Saffron Finch,Bobby Wilcox,Creative Commons Attribution-NonCommercial-ShareAlike 4.0,4.0,11:00,https://www.xeno-canto.org/366345,saffin/XC366345.ogg
saffin,[],['call'],-6.35087717985125,-79.1158447181806,Sicalis flaveola,Saffron Finch,Bob Planqué,Creative Commons Attribution-NonCommercial-ShareAlike 3.0,3.0,14:00,https://www.xeno-canto.org/37672,saffin/XC37672.ogg
saffin,[],['call'],-20.4073,-54.6165,Sicalis flaveola,Saffron Finch,Nick Komar,Creative Commons Attribution-NonCommercial-ShareAlike 4.0,4.0,09:30,https://www.xeno-canto.org/394278,saffin/XC394278.ogg
saffin,[],['call'],-20.4073,-54.6165,Sicalis flaveola,Saffron Finch,Nick Komar,Creative Commons Attribution-NonCommercial-ShareAlike 4.0,4.0,09:40,https://www.xeno-canto.org/394279,saffin/XC394279.ogg
saffin,[],"['call', 'male']",9.0095,-79.4684,Sicalis flaveola,Saffron Finch,Kent Livezey,Creative Commons Attribution-NonCommercial-ShareAlike 4.0,3.5,09:56,https://www.xeno-canto.org/396045,saffin/XC396045.ogg
saffin,[],['song'],-25.6785,-54.4507,Sicalis flaveola,Saffron Finch,Étienne Leroy,Creative Commons Attribution-NonCommercial-ShareAlike 4.0,5.0,10:00,https://www.xeno-canto.org/397656,saffin/XC397656.ogg
saffin,[],['song'],-16.5631,-49.285,Sicalis flaveola,Saffron Finch,JAYRSON ARAUJO DE OLIVEIRA,Creative Commons Attribution-NonCommercial-ShareAlike 4.0,5.0,09:00,https://www.xeno-canto.org/412071,saffin/XC412071.ogg
saffin,[],['song'],-16.5631,-49.285,Sicalis flaveola,Saffron Finch,JAYRSON ARAUJO DE OLIVEIRA,Creative Commons Attribution-NonCommercial-ShareAlike 4.0,5.0,05:42,https://www.xeno-canto.org/412183,saffin/XC412183.ogg
saffin,[],['song'],-14.625,-49.0051,Sicalis flaveola,Saffron Finch,JAYRSON ARAUJO DE OLIVEIRA,Creative Commons Attribution-NonCommercial-ShareAlike 4.0,4.5,15:41,https://www.xeno-canto.org/412184,saffin/XC412184.ogg
saffin,[],['song'],-14.625,-49.0051,Sicalis flaveola,Saffron Finch,JAYRSON ARAUJO DE OLIVEIRA,Creative Commons Attribution-NonCommercial-ShareAlike 4.0,5.0,10:42,https://www.xeno-canto.org/412195,saffin/XC412195.ogg
saffin,[],['song'],-21.0944,-52.4465,Sicalis flaveola,Saffron Finch,Fernando Igor de Godoy,Creative Commons Attribution-NonCommercial-ShareAlike 4.0,0.0,07:00,https://www.xeno-canto.org/419104,saffin/XC419104.ogg
saffin,[],['song'],-18.002,-40.381,Sicalis flaveola,Saffron Finch,Fernando Igor de Godoy,Creative Commons Attribution-NonCommercial-ShareAlike 4.0,0.0,06:30,https://www.xeno-canto.org/423038,saffin/XC423038.ogg
saffin,[],['song'],-18.002,-40.381,Sicalis flaveola,Saffron Finch,Fernando Igor de Godoy,Creative Commons Attribution-NonCommercial-ShareAlike 4.0,0.0,06:30,https://www.xeno-canto.org/423040,saffin/XC423040.ogg
saffin,[],['song'],4.371,-75.2307,Sicalis flaveola,Saffron Finch,Yair Guillermo Molina Martínez & Rossmayra Marulanda,Creative Commons Attribution-NonCommercial-ShareAlike 4.0,5.0,07:34,https://www.xeno-canto.org/424729,saffin/XC424729.ogg
saffin,[],['chamado'],-20.225912,-46.478013,Sicalis flaveola,Saffron Finch,Caio Brito,Creative Commons Attribution-NonCommercial-ShareAlike 4.0,5.0,08:15,https://www.xeno-canto.org/427952,saffin/XC427952.ogg
saffin,[],['song'],4.5825,-74.5488,Sicalis flaveola,Saffron Finch,Victor Vanegas,Creative Commons Attribution-NonCommercial-ShareAlike 4.0,4.0,10:35,https://www.xeno-canto.org/432991,saffin/XC432991.ogg
saffin,[],['song'],9.05,-79.6342,Sicalis flaveola,Saffron Finch,Oscar Campbell,Creative Commons Attribution-NonCommercial-ShareAlike 4.0,3.5,06:30,https://www.xeno-canto.org/433635,saffin/XC433635.ogg
saffin,[],['song'],5.1222,-74.449,Sicalis flaveola,Saffron Finch,Jhon Jimenez,Creative Commons Attribution-NonCommercial-ShareAlike 4.0,4.0,17:00,https://www.xeno-canto.org/435924,saffin/XC435924.ogg
saffin,[],['song'],5.1222,-74.449,Sicalis flaveola,Saffron Finch,Jhon Jimenez,Creative Commons Attribution-NonCommercial-ShareAlike 4.0,4.0,17:00,https://www.xeno-canto.org/435925,saffin/XC435925.ogg
saffin,[],"['call', 'song']",-3.9935,-79.2026,Sicalis flaveola,Saffron Finch,Leonardo Ordóñez-Delgado,Creative Commons Attribution-NonCommercial-ShareAlike 4.0,5.0,08:00,https://www.xeno-canto.org/437443,saffin/XC437443.ogg
saffin,[],['song'],-16.5631,-49.285,Sicalis flaveola,Saffron Finch,JAYRSON ARAUJO DE OLIVEIRA,Creative Commons Attribution-NonCommercial-ShareAlike 4.0,5.0,18:10,https://www.xeno-canto.org/443346,saffin/XC443346.ogg
saffin,['houspa'],"['call', 'male']",-22.3307,-46.9454,Sicalis flaveola,Saffron Finch,Henry Miller Alexandre ,Creative Commons Attribution-NonCommercial-ShareAlike 4.0,3.5,06:53,https://www.xeno-canto.org/454938,saffin/XC454938.ogg
saffin,[],['song'],4.8114,-75.7038,Sicalis flaveola,Saffron Finch,David Monroy Rengifo,Creative Commons Attribution-NonCommercial-ShareAlike 4.0,4.0,03:30,https://www.xeno-canto.org/455166,saffin/XC455166.ogg
saffin,[],"['female', 'song']",-31.376,-65.4796,Sicalis flaveola,Saffron Finch,Cristian Pinto,Creative Commons Attribution-NonCommercial-ShareAlike 4.0,5.0,06:30,https://www.xeno-canto.org/458984,saffin/XC458984.ogg
saffin,[],"['male', 'song']",-35.2501,-59.2167,Sicalis flaveola,Saffron Finch,Rosendo Manuel Fraga,Creative Commons Attribution-NonCommercial-ShareAlike 4.0,0.0,09:30,https://www.xeno-canto.org/462514,saffin/XC462514.ogg
saffin,[],['song'],-6.8001,-79.2834,Sicalis flaveola,Saffron Finch,Niels Krabbe,Creative Commons Attribution-NonCommercial-ShareAlike 3.0,3.0,.,https://www.xeno-canto.org/47487,saffin/XC47487.ogg
saffin,[],['call (snarl)'],-6.8001,-79.2834,Sicalis flaveola,Saffron Finch,Niels Krabbe,Creative Commons Attribution-NonCommercial-ShareAlike 3.0,3.0,.,https://www.xeno-canto.org/47488,saffin/XC47488.ogg
saffin,[],['song'],-36.4001,-56.9167,Sicalis flaveola,Saffron Finch,Niels Krabbe,Creative Commons Attribution-NonCommercial-ShareAlike 3.0,4.0,.,https://www.xeno-canto.org/47489,saffin/XC47489.ogg
saffin,[],['song'],4.665,-74.1173,Sicalis flaveola,Saffron Finch,Dodo Colombia,Creative Commons Attribution-NonCommercial-ShareAlike 4.0,5.0,11:32,https://www.xeno-canto.org/483577,saffin/XC483577.ogg
saffin,['houspa'],['call'],-16.4456,-51.1201,Sicalis flaveola,Saffron Finch,Daniel Blamires,Creative Commons Attribution-NonCommercial-ShareAlike 4.0,0.0,07:57,https://www.xeno-canto.org/484923,saffin/XC484923.ogg
saffin,[],"['call', 'song']",-22.9567,-65.3956,Sicalis flaveola,Saffron Finch,Mike Nelson,Creative Commons Attribution-NonCommercial-ShareAlike 3.0,4.5,1:30pm,https://www.xeno-canto.org/48762,saffin/XC48762.ogg
saffin,[],['song'],-6.7455,-46.9907,Sicalis flaveola,Saffron Finch,JAYRSON ARAUJO DE OLIVEIRA,Creative Commons Attribution-NonCommercial-ShareAlike 4.0,4.5,13:45,https://www.xeno-canto.org/493213,saffin/XC493213.ogg
saffin,[],['song'],-0.1866,-78.3777,Sicalis flaveola,Saffron Finch,Niels Krabbe,Creative Commons Attribution-NonCommercial-ShareAlike 4.0,5.0,10:00,https://www.xeno-canto.org/498067,saffin/XC498067.ogg
saffin,[],['song'],-34.234167,-58.886111,Sicalis flaveola,Saffron Finch,Bernabe Lopez-Lanus,Creative Commons Attribution-NonCommercial-ShareAlike 3.0,4.0,?:?,https://www.xeno-canto.org/50967,saffin/XC50967.ogg
saffin,[],['song'],-34.234167,-58.886111,Sicalis flaveola,Saffron Finch,Bernabe Lopez-Lanus,Creative Commons Attribution-NonCommercial-ShareAlike 3.0,4.0,?:?,https://www.xeno-canto.org/50968,saffin/XC50968.ogg
saffin,[],['song'],-34.234167,-58.886111,Sicalis flaveola,Saffron Finch,Bernabe Lopez-Lanus,Creative Commons Attribution-NonCommercial-ShareAlike 3.0,4.0,?:?,https://www.xeno-canto.org/50969,saffin/XC50969.ogg
saffin,[],['song'],-22.193127,-63.94455,Sicalis flaveola,Saffron Finch,Bernabe Lopez-Lanus,Creative Commons Attribution-NonCommercial-ShareAlike 3.0,4.0,?:?,https://www.xeno-canto.org/50970,saffin/XC50970.ogg
saffin,[],"['adult', 'male', 'song']",-30.2037,-57.5145,Sicalis flaveola,Saffron Finch,GABRIEL LEITE,Creative Commons Attribution-NonCommercial-ShareAlike 4.0,4.0,07:00,https://www.xeno-canto.org/510939,saffin/XC510939.ogg
saffin,[],"['adult', 'male', 'song']",-16.6869,-49.2648,Sicalis flaveola,Saffron Finch,Nunes D'Acosta,Creative Commons Attribution-NonCommercial-ShareAlike 4.0,3.0,16:30,https://www.xeno-canto.org/517586,saffin/XC517586.ogg
saffin,[],"['adult', 'male', 'song']",-22.28,-48.1256,Sicalis flaveola,Saffron Finch,Marcelo J Feliti,Creative Commons Attribution-NonCommercial-ShareAlike 4.0,5.0,17:30,https://www.xeno-canto.org/521880,saffin/XC521880.ogg
saffin,[],"['call', 'male', 'song']",4.5585,-75.3275,Sicalis flaveola,Saffron Finch,Jerome Fischer,Creative Commons Attribution-NonCommercial-ShareAlike 4.0,0.0,10:00,https://www.xeno-canto.org/528006,saffin/XC528006.ogg
saffin,[],"['adult', 'male', 'song']",-22.4212,-42.9559,Sicalis flaveola,Saffron Finch,Ricardo José Mitidieri,Creative Commons Attribution-NonCommercial-ShareAlike 4.0,0.0,09:40,https://www.xeno-canto.org/530671,saffin/XC530671.ogg
saffin,[],"['call', 'male']",4.351,-74.652,Sicalis flaveola,Saffron Finch,Jerome Fischer,Creative Commons Attribution-NonCommercial-ShareAlike 4.0,0.0,10:30,https://www.xeno-canto.org/537297,saffin/XC537297.ogg
saffin,[],"['male', 'song']",4.351,-74.652,Sicalis flaveola,Saffron Finch,Jerome Fischer,Creative Commons Attribution-NonCommercial-ShareAlike 4.0,0.0,10:00,https://www.xeno-canto.org/537298,saffin/XC537298.ogg
saffin,[],['song'],4.351,-74.652,Sicalis flaveola,Saffron Finch,Jerome Fischer,Creative Commons Attribution-NonCommercial-ShareAlike 4.0,0.0,16:30,https://www.xeno-canto.org/540978,saffin/XC540978.ogg
saffin,[],['song'],4.351,-74.652,Sicalis flaveola,Saffron Finch,Jerome Fischer,Creative Commons Attribution-NonCommercial-ShareAlike 4.0,0.0,06:00,https://www.xeno-canto.org/541904,saffin/XC541904.ogg
saffin,[],['song'],1.4898,-75.6801,Sicalis flaveola,Saffron Finch,Mauricio Cuellar Ramirez (@Birding.travel),Creative Commons Attribution-NonCommercial-ShareAlike 4.0,5.0,09:30,https://www.xeno-canto.org/543736,saffin/XC543736.ogg
saffin,[],"['adult', 'male', 'song']",-22.9334,-43.2467,Sicalis flaveola,Saffron Finch,Ricardo Gagliardi,Creative Commons Attribution-NonCommercial-ShareAlike 4.0,4.0,05:55,https://www.xeno-canto.org/549154,saffin/XC549154.ogg
saffin,[],['song'],-26.5723,-53.8018,Sicalis flaveola,Saffron Finch,Bernabe Lopez-Lanus,Creative Commons Attribution-NonCommercial-ShareAlike 4.0,0.0,10:00,https://www.xeno-canto.org/551936,saffin/XC551936.ogg
saffin,[],['song'],9.0095,-79.4684,Sicalis flaveola,Saffron Finch,Kent Livezey,Creative Commons Attribution-NonCommercial-ShareAlike 4.0,3.5,07:10,https://www.xeno-canto.org/552498,saffin/XC552498.ogg
saffin,[],"['adult', 'female', 'song']",-32.1588,-58.1215,Sicalis flaveola,Saffron Finch, Guillermo Treboux,Creative Commons Attribution-NonCommercial-ShareAlike 4.0,0.0,16:00,https://www.xeno-canto.org/553896,saffin/XC553896.ogg
saffin,[],"['adult', 'male', 'song']",-32.1596,-58.1231,Sicalis flaveola,Saffron Finch, Guillermo Treboux,Creative Commons Attribution-NonCommercial-ShareAlike 4.0,0.0,16:00,https://www.xeno-canto.org/553897,saffin/XC553897.ogg
saffin,[],"['adult', 'call', 'sex uncertain']",-25.0224,-47.9352,Sicalis flaveola,Saffron Finch,Andre Vielma,Creative Commons Attribution-NonCommercial-ShareAlike 4.0,5.0,10:30,https://www.xeno-canto.org/554175,saffin/XC554175.ogg
saffin,[],['canto'],-24.260121,-48.407288,Sicalis flaveola,Saffron Finch,Caio Brito,Creative Commons Attribution-NonCommercial-ShareAlike 4.0,4.5,05:50,https://www.xeno-canto.org/556590,saffin/XC556590.ogg
saffin,[],"['adult', 'male', 'song']",4.3307,-74.3726,Sicalis flaveola,Saffron Finch,Marcela Morales sánchez,Creative Commons Attribution-NonCommercial-ShareAlike 4.0,4.0,10:55,https://www.xeno-canto.org/561357,saffin/XC561357.ogg
saffin,[],"['adult', 'male', 'song']",4.3307,-74.3726,Sicalis flaveola,Saffron Finch,Marcela Morales sánchez,Creative Commons Attribution-NonCommercial-ShareAlike 4.0,4.5,11:23,https://www.xeno-canto.org/561361,saffin/XC561361.ogg
saffin,[],['song'],9.0095,-79.4684,Sicalis flaveola,Saffron Finch,Kent Livezey,Creative Commons Attribution-NonCommercial-ShareAlike 4.0,4.5,08:25,https://www.xeno-canto.org/562695,saffin/XC562695.ogg
saffin,[],['song'],9.0095,-79.4684,Sicalis flaveola,Saffron Finch,Kent Livezey,Creative Commons Attribution-NonCommercial-ShareAlike 4.0,4.5,08:26,https://www.xeno-canto.org/562696,saffin/XC562696.ogg
saffin,[],['song'],9.0095,-79.4684,Sicalis flaveola,Saffron Finch,Kent Livezey,Creative Commons Attribution-NonCommercial-ShareAlike 4.0,4.5,08:28,https://www.xeno-canto.org/562697,saffin/XC562697.ogg
saffin,[],"['adult', 'male', 'song']",-14.625,-49.0051,Sicalis flaveola,Saffron Finch,JAYRSON ARAUJO DE OLIVEIRA,Creative Commons Attribution-NonCommercial-ShareAlike 4.0,4.5,12:27,https://www.xeno-canto.org/572940,saffin/XC572940.ogg
saffin,[],['song'],-32.8606,-60.6486,Sicalis flaveola,Saffron Finch,Franco Vushurovich,Creative Commons Attribution-NonCommercial-ShareAlike 4.0,4.5,09:00,https://www.xeno-canto.org/573151,saffin/XC573151.ogg
saffin,[],"['adult', 'male', 'song']",8.9665,-79.6756,Sicalis flaveola,Saffron Finch,Brosis Rodriguez,Creative Commons Attribution-NonCommercial-ShareAlike 4.0,3.0,06:00,https://www.xeno-canto.org/573426,saffin/XC573426.ogg
saffin,[],"['aberrant', 'adult', 'sex uncertain']",11.4947,-69.5128,Sicalis flaveola,Saffron Finch,Francisco contreras,Creative Commons Attribution-NonCommercial-ShareAlike 4.0,4.0,08:00,https://www.xeno-canto.org/582161,saffin/XC582161.ogg
saffin,[],"['adult', 'male', 'song']",-25.5163,-54.5854,Sicalis flaveola,Saffron Finch,Marcelo da Rocha,Creative Commons Attribution-NonCommercial-ShareAlike 4.0,5.0,05:17,https://www.xeno-canto.org/592030,saffin/XC592030.ogg
saffin,[],['song'],-32.8606,-60.6486,Sicalis flaveola,Saffron Finch,Franco Vushurovich,Creative Commons Attribution-NonCommercial-ShareAlike 4.0,4.5,15:00,https://www.xeno-canto.org/607187,saffin/XC607187.ogg
saffin,[],['song'],-30.856,-62.929,Sicalis flaveola,Saffron Finch,Meena Haribal,Creative Commons Attribution-NonCommercial-ShareAlike 4.0,4.5,08:30,https://www.xeno-canto.org/620682,saffin/XC620682.ogg
saffin,[],['song'],-30.856,-62.929,Sicalis flaveola,Saffron Finch,Meena Haribal,Creative Commons Attribution-NonCommercial-ShareAlike 4.0,4.5,08:30,https://www.xeno-canto.org/620684,saffin/XC620684.ogg
saffin,[],['song'],-31.7144,-64.6276,Sicalis flaveola,Saffron Finch,Meena Haribal,Creative Commons Attribution-NonCommercial-ShareAlike 4.0,5.0,09:30,https://www.xeno-canto.org/620754,saffin/XC620754.ogg
saffin,[],['song'],-30.856,-62.929,Sicalis flaveola,Saffron Finch,Meena Haribal,Creative Commons Attribution-NonCommercial-ShareAlike 4.0,5.0,10:00,https://www.xeno-canto.org/620879,saffin/XC620879.ogg
saffin,[],['song'],-17.6635,-63.1621,Sicalis flaveola,Saffron Finch,Dante Buzzetti,Creative Commons Attribution-NonCommercial-ShareAlike 4.0,5.0,15:00,https://www.xeno-canto.org/627061,saffin/XC627061.ogg
saffin,[],"['aberrant', 'adult', 'sex uncertain', 'song']",3.438,-76.5393,Sicalis flaveola,Saffron Finch,Luis Fernando Castillo ,Creative Commons Attribution-NonCommercial-ShareAlike 4.0,4.0,10:00,https://www.xeno-canto.org/630016,saffin/XC630016.ogg
saffin,[],"['adult', 'male', 'song']",-32.2341,-58.1302,Sicalis flaveola,Saffron Finch, Guillermo Treboux,Creative Commons Attribution-NonCommercial-ShareAlike 4.0,5.0,18:30,https://www.xeno-canto.org/630558,saffin/XC630558.ogg
saffin,[],['song'],-22.9663,-43.0087,Sicalis flaveola,Saffron Finch,Ricardo José Mitidieri,Creative Commons Attribution-NonCommercial-ShareAlike 4.0,5.0,08:00,https://www.xeno-canto.org/632553,saffin/XC632553.ogg
saffin,[],['song'],-22.9663,-43.0087,Sicalis flaveola,Saffron Finch,Ricardo José Mitidieri,Creative Commons Attribution-NonCommercial-ShareAlike 4.0,5.0,08:00,https://www.xeno-canto.org/632554,saffin/XC632554.ogg
saffin,[],['song'],-18.1884,-63.8792,Sicalis flaveola,Saffron Finch,Joseph Tobias and Nathalie Seddon,Creative Commons Attribution-NonCommercial-ShareAlike 3.0,4.0,?:?,https://www.xeno-canto.org/64186,saffin/XC64186.ogg
saffin,[],"['call', 'song']",4.4615,-75.0514,Sicalis flaveola,Saffron Finch,Yair Guillermo Molina Martínez.,Creative Commons Attribution-NonCommercial-ShareAlike 4.0,4.0,12:00,https://www.xeno-canto.org/664424,saffin/XC664424.ogg
saffin,[],['Song'],-28.1498,-55.8401,Sicalis flaveola,Saffron Finch,Bernabe Lopez-Lanus,Creative Commons Attribution-NonCommercial-ShareAlike 3.0,3.0,13:00,https://www.xeno-canto.org/70548,saffin/XC70548.ogg
saffin,[],['call'],-19.182381,-48.393574,Sicalis flaveola,Saffron Finch,Bob Planque,Creative Commons Attribution-NonCommercial-ShareAlike 3.0,3.0,11:30,https://www.xeno-canto.org/78199,saffin/XC78199.ogg
saffin,[],['Song'],-19.26667,-57.01667,Sicalis flaveola,Saffron Finch,Jeremy Minns,Creative Commons Attribution-NonCommercial-ShareAlike 3.0,4.5,08:18,https://www.xeno-canto.org/84689,saffin/XC84689.ogg
saffin,[],['call'],-16.7501,-56.8501,Sicalis flaveola,Saffron Finch,Jeremy Minns,Creative Commons Attribution-NonCommercial-ShareAlike 3.0,4.5,07:13,https://www.xeno-canto.org/84690,saffin/XC84690.ogg
saffin,[],['Song'],-26.0834,-48.6334,Sicalis flaveola,Saffron Finch,Jeremy Minns,Creative Commons Attribution-NonCommercial-ShareAlike 3.0,3.5,11:01,https://www.xeno-canto.org/84691,saffin/XC84691.ogg
saffin,[],['call'],-26.0834,-48.6334,Sicalis flaveola,Saffron Finch,Jeremy Minns,Creative Commons Attribution-NonCommercial-ShareAlike 3.0,4.5,11:06,https://www.xeno-canto.org/84692,saffin/XC84692.ogg
saffin,[],"['call', 'song']",-29.4334,-50.4667,Sicalis flaveola,Saffron Finch,Jeremy Minns,Creative Commons Attribution-NonCommercial-ShareAlike 3.0,4.5,13:12,https://www.xeno-canto.org/84693,saffin/XC84693.ogg
saffin,[],['call'],-30.1834,-57.4501,Sicalis flaveola,Saffron Finch,Jeremy Minns,Creative Commons Attribution-NonCommercial-ShareAlike 3.0,4.5,08:10,https://www.xeno-canto.org/84694,saffin/XC84694.ogg
saffin,[],['Song'],-30.1834,-57.4501,Sicalis flaveola,Saffron Finch,Jeremy Minns,Creative Commons Attribution-NonCommercial-ShareAlike 3.0,5.0,09:09,https://www.xeno-canto.org/84696,saffin/XC84696.ogg
sander,[],['call'],36.067,-83.231,Calidris alba,Sanderling,Mike Nelson,Creative Commons Attribution-NonCommercial-ShareAlike 3.0,4.0,12:00,https://www.xeno-canto.org/109323,sander/XC109323.ogg
sander,[],['flight call'],36.067,-83.231,Calidris alba,Sanderling,Mike Nelson,Creative Commons Attribution-NonCommercial-ShareAlike 3.0,4.0,12:00,https://www.xeno-canto.org/109324,sander/XC109324.ogg
sander,[],['call'],36.067,-83.231,Calidris alba,Sanderling,Mike Nelson,Creative Commons Attribution-NonCommercial-ShareAlike 3.0,4.0,12:00,https://www.xeno-canto.org/109325,sander/XC109325.ogg
sander,[],['call'],22.4142,69.194,Calidris alba,Sanderling,vir joshi,Creative Commons Attribution-NonCommercial-ShareAlike 3.0,3.0,09:30,https://www.xeno-canto.org/122899,sander/XC122899.ogg
sander,[],"['alarm call', 'flight call']",54.3525,18.9657,Calidris alba,Sanderling,Jarek Matusiak,Creative Commons Attribution-NonCommercial-ShareAlike 3.0,4.0,17:00,https://www.xeno-canto.org/150683,sander/XC150683.ogg
sander,[],['flight call'],28.6245,-80.7936,Calidris alba,Sanderling,Paul Marvin,Creative Commons Attribution-NonCommercial-ShareAlike 3.0,5.0,11:44,https://www.xeno-canto.org/169239,sander/XC169239.ogg
sander,[],['flight call'],28.6245,-80.7936,Calidris alba,Sanderling,Paul Marvin,Creative Commons Attribution-NonCommercial-ShareAlike 3.0,4.0,11:36,https://www.xeno-canto.org/169240,sander/XC169240.ogg
sander,[],['flight call'],28.6245,-80.7936,Calidris alba,Sanderling,Paul Marvin,Creative Commons Attribution-NonCommercial-ShareAlike 3.0,5.0,11:46,https://www.xeno-canto.org/169241,sander/XC169241.ogg
sander,[],['call'],28.3288,-80.6059,Calidris alba,Sanderling,Paul Marvin,Creative Commons Attribution-NonCommercial-ShareAlike 4.0,3.0,08:09,https://www.xeno-canto.org/177307,sander/XC177307.ogg
sander,[],['call'],36.0187,-5.5965,Calidris alba,Sanderling,Karri Kuitunen,Creative Commons Attribution-NonCommercial-ShareAlike 4.0,5.0,?,https://www.xeno-canto.org/223302,sander/XC223302.ogg
sander,[],['flight call'],29.7589,-93.5804,Calidris alba,Sanderling,Dan Lane,Creative Commons Attribution-NonCommercial-ShareAlike 4.0,3.0,10:00,https://www.xeno-canto.org/237729,sander/XC237729.ogg
sander,[],"['call', 'flight call']",29.7776,-93.2776,Calidris alba,Sanderling,Dan Lane,Creative Commons Attribution-NonCommercial-ShareAlike 4.0,2.5,19:00,https://www.xeno-canto.org/237795,sander/XC237795.ogg
sander,[],['call'],29.7776,-93.2776,Calidris alba,Sanderling,Dan Lane,Creative Commons Attribution-NonCommercial-ShareAlike 4.0,4.0,19:00,https://www.xeno-canto.org/237803,sander/XC237803.ogg
sander,[],['flight call'],29.7776,-93.2776,Calidris alba,Sanderling,Dan Lane,Creative Commons Attribution-NonCommercial-ShareAlike 4.0,3.0,19:00,https://www.xeno-canto.org/237807,sander/XC237807.ogg
sander,[],['call'],51.3814,1.3228,Calidris alba,Sanderling,Martin Sutherland,Creative Commons Attribution-NonCommercial-ShareAlike 4.0,5.0,13:00,https://www.xeno-canto.org/254580,sander/XC254580.ogg
sander,[],['flight call'],55.9001,8.2167,Calidris alba,Sanderling,Niels Krabbe,Creative Commons Attribution-NonCommercial-ShareAlike 3.0,4.0,xx:xx,https://www.xeno-canto.org/25615,sander/XC25615.ogg
sander,[],['flight call'],55.9001,8.2167,Calidris alba,Sanderling,Niels Krabbe,Creative Commons Attribution-NonCommercial-ShareAlike 3.0,4.0,xx:xx,https://www.xeno-canto.org/25616,sander/XC25616.ogg
sander,['leasan'],['feeding calls'],-2.247,-80.941,Calidris alba,Sanderling,John V. Moore,Creative Commons Attribution-NonCommercial-ShareAlike 4.0,4.5,?,https://www.xeno-canto.org/257526,sander/XC257526.ogg
sander,['leasan'],['flight calls'],-2.247,-80.941,Calidris alba,Sanderling,John V. Moore,Creative Commons Attribution-NonCommercial-ShareAlike 4.0,4.5,?,https://www.xeno-canto.org/257527,sander/XC257527.ogg
sander,[],['flight call'],54.3568,18.9565,Calidris alba,Sanderling,Jarek Matusiak,Creative Commons Attribution-NonCommercial-ShareAlike 4.0,5.0,14:00,https://www.xeno-canto.org/284656,sander/XC284656.ogg
sander,[],['call'],-38.357,142.3078,Calidris alba,Sanderling,nick talbot,Creative Commons Attribution-NonCommercial-ShareAlike 4.0,3.0,15:00,https://www.xeno-canto.org/310983,sander/XC310983.ogg
sander,[],['call'],51.8172,-10.2712,Calidris alba,Sanderling,Lars Lachmann,Creative Commons Attribution-NonCommercial-ShareAlike 4.0,2.0,15:30,https://www.xeno-canto.org/333172,sander/XC333172.ogg
sander,[],['flight call'],36.8149,-6.3366,Calidris alba,Sanderling,José Carlos Sires,Creative Commons Attribution-NonCommercial-ShareAlike 4.0,3.0,?,https://www.xeno-canto.org/338289,sander/XC338289.ogg
sander,[],['call'],38.6943,-27.0448,Calidris alba,Sanderling,Tero Linjama,Creative Commons Attribution-NonCommercial-ShareAlike 4.0,3.0,07:00,https://www.xeno-canto.org/342353,sander/XC342353.ogg
sander,[],"['call', 'flight call']",34.6056,137.1891,Calidris alba,Sanderling,Anon Torimi,Creative Commons Attribution-NonCommercial-ShareAlike 4.0,3.0,14:00,https://www.xeno-canto.org/348039,sander/XC348039.ogg
sander,[],"['call', 'flight call']",34.6056,137.1891,Calidris alba,Sanderling,Anon Torimi,Creative Commons Attribution-NonCommercial-ShareAlike 4.0,3.0,14:00,https://www.xeno-canto.org/348170,sander/XC348170.ogg
sander,[],"['call', 'flight call']",34.6056,137.1891,Calidris alba,Sanderling,Anon Torimi,Creative Commons Attribution-NonCommercial-ShareAlike 4.0,4.0,10:30,https://www.xeno-canto.org/349744,sander/XC349744.ogg
sander,[],"['call', 'flight call']",34.6056,137.1891,Calidris alba,Sanderling,Anon Torimi,Creative Commons Attribution-NonCommercial-ShareAlike 4.0,3.0,10:30,https://www.xeno-canto.org/349749,sander/XC349749.ogg
sander,[],['flight call'],64.1265,-21.8174,Calidris alba,Sanderling,Nikolaos Sarikakis,Creative Commons Attribution-NonCommercial-ShareAlike 4.0,3.0,15:30,https://www.xeno-canto.org/349931,sander/XC349931.ogg
sander,[],"['Car hazards', 'call']",48.7205,-112.3203,Calidris alba,Sanderling,Thomas Magarian,Creative Commons Attribution-NonCommercial-ShareAlike 4.0,2.5,13:31,https://www.xeno-canto.org/354708,sander/XC354708.ogg
sander,"['cangoo', 'mallar3']",['call'],48.7205,-112.3203,Calidris alba,Sanderling,Thomas Magarian,Creative Commons Attribution-NonCommercial-ShareAlike 4.0,0.5,13:32,https://www.xeno-canto.org/354729,sander/XC354729.ogg
sander,[],['flight call'],43.0671,6.138,Calidris alba,Sanderling,Stanislas Wroza,Creative Commons Attribution-NonCommercial-ShareAlike 4.0,3.0,18:30,https://www.xeno-canto.org/370987,sander/XC370987.ogg
sander,[],['flight call'],43.0671,6.138,Calidris alba,Sanderling,Stanislas Wroza,Creative Commons Attribution-NonCommercial-ShareAlike 4.0,3.5,18:30,https://www.xeno-canto.org/370988,sander/XC370988.ogg
sander,[],"['call', 'feeding call']",43.0671,6.138,Calidris alba,Sanderling,Stanislas Wroza,Creative Commons Attribution-NonCommercial-ShareAlike 4.0,5.0,18:30,https://www.xeno-canto.org/371147,sander/XC371147.ogg
sander,[],"['call', 'various calls']",43.0671,6.138,Calidris alba,Sanderling,Stanislas Wroza,Creative Commons Attribution-NonCommercial-ShareAlike 4.0,5.0,18:30,https://www.xeno-canto.org/371148,sander/XC371148.ogg
sander,[],"['call', 'various calls']",43.0671,6.138,Calidris alba,Sanderling,Stanislas Wroza,Creative Commons Attribution-NonCommercial-ShareAlike 4.0,0.0,18:30,https://www.xeno-canto.org/371149,sander/XC371149.ogg
sander,[],['flight call'],43.0671,6.138,Calidris alba,Sanderling,Stanislas Wroza,Creative Commons Attribution-NonCommercial-ShareAlike 4.0,5.0,18:30,https://www.xeno-canto.org/371150,sander/XC371150.ogg
sander,[],['call'],28.4077,-80.5912,Calidris alba,Sanderling,Paul Marvin,Creative Commons Attribution-NonCommercial-ShareAlike 4.0,4.0,07:32,https://www.xeno-canto.org/386202,sander/XC386202.ogg
sander,"['laugul', 'norcar', 'normoc']",['call'],28.4077,-80.5912,Calidris alba,Sanderling,Paul Marvin,Creative Commons Attribution-NonCommercial-ShareAlike 4.0,3.5,07:36,https://www.xeno-canto.org/386203,sander/XC386203.ogg
sander,[],['song'],71.2973,-156.7737,Calidris alba,Sanderling,Patrik Åberg,Creative Commons Attribution-NonCommercial-ShareAlike 4.0,4.0,19:25,https://www.xeno-canto.org/406416,sander/XC406416.ogg
sander,[],['call'],46.98,7.038,Calidris alba,Sanderling,Jerome Fischer,Creative Commons Attribution-NonCommercial-ShareAlike 4.0,2.5,09:00,https://www.xeno-canto.org/412182,sander/XC412182.ogg
sander,[],['call'],41.697,-8.851,Calidris alba,Sanderling,Jorge Leitão,Creative Commons Attribution-NonCommercial-ShareAlike 4.0,2.0,17:00,https://www.xeno-canto.org/430431,sander/XC430431.ogg
sander,[],['flight call'],45.4612,10.6318,Calidris alba,Sanderling,Francesco Sottile,Creative Commons Attribution-NonCommercial-ShareAlike 4.0,4.0,11:55,https://www.xeno-canto.org/434226,sander/XC434226.ogg
sander,[],['call'],41.697,-8.851,Calidris alba,Sanderling,Jorge Leitão,Creative Commons Attribution-NonCommercial-ShareAlike 4.0,3.0,16:10,https://www.xeno-canto.org/441019,sander/XC441019.ogg
sander,[],['call'],41.697,-8.851,Calidris alba,Sanderling,Jorge Leitão,Creative Commons Attribution-NonCommercial-ShareAlike 4.0,3.0,16:34,https://www.xeno-canto.org/441022,sander/XC441022.ogg
sander,[],['flight call'],32.6845,-117.188,Calidris alba,Sanderling,Paul Marvin,Creative Commons Attribution-NonCommercial-ShareAlike 4.0,4.0,07:45,https://www.xeno-canto.org/448724,sander/XC448724.ogg
sander,[],['call'],41.697,-8.851,Calidris alba,Sanderling,Jorge Leitão,Creative Commons Attribution-NonCommercial-ShareAlike 4.0,3.0,14:27,https://www.xeno-canto.org/459401,sander/XC459401.ogg
sander,[],['flight call'],-22.9438,-42.1325,Calidris alba,Sanderling,Ricardo Gagliardi,Creative Commons Attribution-NonCommercial-ShareAlike 4.0,0.0,10:01,https://www.xeno-canto.org/470865,sander/XC470865.ogg
sander,[],['flight call'],46.244,-1.511,Calidris alba,Sanderling,Stanislas Wroza,Creative Commons Attribution-NonCommercial-ShareAlike 4.0,0.0,08:00,https://www.xeno-canto.org/474015,sander/XC474015.ogg
sander,"['dunlin', 'sander']",['flight call'],64.0818,-22.6904,Calidris alba,Sanderling,Stanislas Wroza,Creative Commons Attribution-NonCommercial-ShareAlike 4.0,0.0,10:30,https://www.xeno-canto.org/478860,sander/XC478860.ogg
sander,[],"['female', 'male']",78.3423,16.8551,Calidris alba,Sanderling,Stein Ø. Nilsen,Creative Commons Attribution-NonCommercial-ShareAlike 4.0,5.0,14:00,https://www.xeno-canto.org/480862,sander/XC480862.ogg
sander,[],"['FEEDING PAIR', 'adult', 'call', 'female', 'male', 'song']",78.3423,16.8551,Calidris alba,Sanderling,Stein Ø. Nilsen,Creative Commons Attribution-NonCommercial-ShareAlike 4.0,4.5,14:00,https://www.xeno-canto.org/505580,sander/XC505580.ogg
sander,[],"['FEEDING PAIR', 'adult', 'call', 'female', 'male', 'song']",78.3423,16.8551,Calidris alba,Sanderling,Stein Ø. Nilsen,Creative Commons Attribution-NonCommercial-ShareAlike 4.0,5.0,14:00,https://www.xeno-canto.org/505581,sander/XC505581.ogg
sander,[],"['FEEDING PAIR', 'adult', 'call', 'female', 'male', 'song']",78.3423,16.8551,Calidris alba,Sanderling,Stein Ø. Nilsen,Creative Commons Attribution-NonCommercial-ShareAlike 4.0,5.0,14:00,https://www.xeno-canto.org/505582,sander/XC505582.ogg
sander,[],['flight call'],47.5735,-3.1164,Calidris alba,Sanderling,Guillaume Bruneau,Creative Commons Attribution-NonCommercial-ShareAlike 4.0,1.5,14:30,https://www.xeno-canto.org/506763,sander/XC506763.ogg
sander,[],"['alarm call', 'call', 'flight call']",47.5735,-3.1164,Calidris alba,Sanderling,Guillaume Bruneau,Creative Commons Attribution-NonCommercial-ShareAlike 4.0,4.0,15:00,https://www.xeno-canto.org/506764,sander/XC506764.ogg
sander,[],"['call', 'flight call', 'nocturnal flight call']",53.9299,-2.9833,Calidris alba,Sanderling,Chris Batty,Creative Commons Attribution-NonCommercial-ShareAlike 4.0,2.5,04:23,https://www.xeno-canto.org/507933,sander/XC507933.ogg
sander,[],"['adult', 'call']",74.4697,-20.5743,Calidris alba,Sanderling,Timo Janhonen,Creative Commons Attribution-NonCommercial-ShareAlike 4.0,5.0,18:00,https://www.xeno-canto.org/514041,sander/XC514041.ogg
sander,[],"['adult', 'call']",74.4697,-20.5743,Calidris alba,Sanderling,Timo Janhonen,Creative Commons Attribution-NonCommercial-ShareAlike 4.0,5.0,18:00,https://www.xeno-canto.org/514042,sander/XC514042.ogg
sander,[],"['adult', 'call']",74.4697,-20.5743,Calidris alba,Sanderling,Timo Janhonen,Creative Commons Attribution-NonCommercial-ShareAlike 4.0,5.0,16:00,https://www.xeno-canto.org/514044,sander/XC514044.ogg
sander,[],"['Pip and Wink', 'call']",40.476,-74.2676,Calidris alba,Sanderling,William Whitehead,Creative Commons Attribution-NonCommercial-ShareAlike 4.0,4.0,10:00,https://www.xeno-canto.org/522289,sander/XC522289.ogg
sander,['dunlin'],"['call', 'flight call', 'nocturnal flight call']",53.9299,-2.9833,Calidris alba,Sanderling,Chris Batty,Creative Commons Attribution-NonCommercial-ShareAlike 4.0,1.5,23:43,https://www.xeno-canto.org/522532,sander/XC522532.ogg
sander,[],"['call', 'flight call', 'nocturnal flight call']",53.9299,-2.9833,Calidris alba,Sanderling,Chris Batty,Creative Commons Attribution-NonCommercial-ShareAlike 4.0,2.0,21:59,https://www.xeno-canto.org/524731,sander/XC524731.ogg
sander,[],['flight call'],44.6562,-1.2553,Calidris alba,Sanderling,Stanislas Wroza,Creative Commons Attribution-NonCommercial-ShareAlike 4.0,5.0,09:00,https://www.xeno-canto.org/526215,sander/XC526215.ogg
sander,[],['flight call'],44.6562,-1.2553,Calidris alba,Sanderling,Stanislas Wroza,Creative Commons Attribution-NonCommercial-ShareAlike 4.0,3.0,09:00,https://www.xeno-canto.org/526216,sander/XC526216.ogg
sander,[],['flight call'],44.6562,-1.2553,Calidris alba,Sanderling,Stanislas Wroza,Creative Commons Attribution-NonCommercial-ShareAlike 4.0,5.0,09:00,https://www.xeno-canto.org/526297,sander/XC526297.ogg
sander,[],"['bubble call', 'flight call']",44.6562,-1.2553,Calidris alba,Sanderling,Stanislas Wroza,Creative Commons Attribution-NonCommercial-ShareAlike 4.0,5.0,09:00,https://www.xeno-canto.org/526321,sander/XC526321.ogg
sander,[],['nocturnal flight call'],48.4549,-5.1297,Calidris alba,Sanderling,Stanislas Wroza,Creative Commons Attribution-NonCommercial-ShareAlike 4.0,2.0,01:00,https://www.xeno-canto.org/526905,sander/XC526905.ogg
sander,[],['nocturnal flight call'],48.4549,-5.1297,Calidris alba,Sanderling,Stanislas Wroza,Creative Commons Attribution-NonCommercial-ShareAlike 4.0,5.0,01:00,https://www.xeno-canto.org/526906,sander/XC526906.ogg
sander,[],['call'],40.451,-73.996,Calidris alba,Sanderling,William Whitehead,Creative Commons Attribution-NonCommercial-ShareAlike 4.0,3.0,09:00,https://www.xeno-canto.org/528263,sander/XC528263.ogg
sander,[],"['flight call', 'life stage uncertain', 'sex uncertain']",52.4356,1.7303,Calidris alba,Sanderling,David Darrell-Lambert,Creative Commons Attribution-NonCommercial-ShareAlike 4.0,1.0,16:00,https://www.xeno-canto.org/529770,sander/XC529770.ogg
sander,[],['nocturnal flight call'],48.7221,-3.5738,Calidris alba,Sanderling,Morvan Corentin,Creative Commons Attribution-NonCommercial-ShareAlike 4.0,3.0,06:00,https://www.xeno-canto.org/543419,sander/XC543419.ogg
sander,[],['nocturnal flight call'],51.2778,1.3534,Calidris alba,Sanderling,Martin Sutherland,Creative Commons Attribution-NonCommercial-ShareAlike 4.0,0.5,04:00,https://www.xeno-canto.org/552207,sander/XC552207.ogg
sander,[],['call'],43.0775,6.1398,Calidris alba,Sanderling,AUDEVARD Aurélien,Creative Commons Attribution-NonCommercial-ShareAlike 4.0,5.0,19:34,https://www.xeno-canto.org/552790,sander/XC552790.ogg
sander,[],['call'],59.8723,-1.2818,Calidris alba,Sanderling,Andrew Harrop,Creative Commons Attribution-NonCommercial-ShareAlike 4.0,4.0,15:00,https://www.xeno-canto.org/555164,sander/XC555164.ogg
sander,[],['call'],59.8841,-1.2993,Calidris alba,Sanderling,Andrew Harrop,Creative Commons Attribution-NonCommercial-ShareAlike 4.0,3.0,19:30,https://www.xeno-canto.org/557845,sander/XC557845.ogg
sander,[],"['call', 'flight call', 'nocturnal flight call']",53.9299,-2.9833,Calidris alba,Sanderling,Chris Batty,Creative Commons Attribution-NonCommercial-ShareAlike 4.0,2.5,00:52,https://www.xeno-canto.org/558525,sander/XC558525.ogg
sander,[],"['call', 'flight call']",59.8716,-1.2895,Calidris alba,Sanderling,Andrew Harrop,Creative Commons Attribution-NonCommercial-ShareAlike 4.0,5.0,17:00,https://www.xeno-canto.org/559690,sander/XC559690.ogg
sander,[],"['life stage uncertain', 'nocturnal flight call', 'sex uncertain']",54.949,-1.48,Calidris alba,Sanderling,Mark Newsome,Creative Commons Attribution-NonCommercial-ShareAlike 4.0,3.0,01:38,https://www.xeno-canto.org/581442,sander/XC581442.ogg
sander,[],"['flight call', 'nocturnal flight call']",54.2081,-0.2889,Calidris alba,Sanderling,Mark Pearson,Creative Commons Attribution-NonCommercial-ShareAlike 4.0,3.0,03:45,https://www.xeno-canto.org/581658,sander/XC581658.ogg
sander,[],"['call', 'flight call', 'nocturnal flight call']",54.2081,-0.2889,Calidris alba,Sanderling,Mark Pearson,Creative Commons Attribution-NonCommercial-ShareAlike 4.0,4.0,00:15,https://www.xeno-canto.org/581956,sander/XC581956.ogg
sander,[],"['flight call', 'nocturnal flight call', 'social calls']",48.459,-5.1292,Calidris alba,Sanderling,Stanislas Wroza,Creative Commons Attribution-NonCommercial-ShareAlike 4.0,4.0,01:00,https://www.xeno-canto.org/584383,sander/XC584383.ogg
sander,[],['flight call'],51.8172,-10.2712,Calidris alba,Sanderling,Mr Mark Shorten,Creative Commons Attribution-NonCommercial-ShareAlike 4.0,3.0,08:30,https://www.xeno-canto.org/584508,sander/XC584508.ogg
sander,[],"['call', 'social calls']",48.0372,-4.8622,Calidris alba,Sanderling,Stanislas Wroza,Creative Commons Attribution-NonCommercial-ShareAlike 4.0,5.0,07:00,https://www.xeno-canto.org/587245,sander/XC587245.ogg
sander,[],"['call', 'social calls']",48.0372,-4.8622,Calidris alba,Sanderling,Stanislas Wroza,Creative Commons Attribution-NonCommercial-ShareAlike 4.0,5.0,07:00,https://www.xeno-canto.org/587248,sander/XC587248.ogg
sander,[],"['call', 'social calls']",48.0372,-4.8622,Calidris alba,Sanderling,Stanislas Wroza,Creative Commons Attribution-NonCommercial-ShareAlike 4.0,5.0,07:00,https://www.xeno-canto.org/587250,sander/XC587250.ogg
sander,[],"['call', 'social calls']",48.0372,-4.8622,Calidris alba,Sanderling,Stanislas Wroza,Creative Commons Attribution-NonCommercial-ShareAlike 4.0,3.0,07:00,https://www.xeno-canto.org/587251,sander/XC587251.ogg
sander,[],"['call', 'social calls']",48.0372,-4.8622,Calidris alba,Sanderling,Stanislas Wroza,Creative Commons Attribution-NonCommercial-ShareAlike 4.0,3.0,07:00,https://www.xeno-canto.org/587253,sander/XC587253.ogg
sander,['dunlin'],['flight call'],48.0372,-4.8622,Calidris alba,Sanderling,Stanislas Wroza,Creative Commons Attribution-NonCommercial-ShareAlike 4.0,4.5,07:00,https://www.xeno-canto.org/587255,sander/XC587255.ogg
sander,[],['nocturnal flight call'],48.8268,3.0707,Calidris alba,Sanderling,Julien Bottinelli,Creative Commons Attribution-NonCommercial-ShareAlike 4.0,1.0,01:00,https://www.xeno-canto.org/587629,sander/XC587629.ogg
sander,[],"['call', 'social calls']",48.0372,-4.8622,Calidris alba,Sanderling,Stanislas Wroza,Creative Commons Attribution-NonCommercial-ShareAlike 4.0,4.0,08:00,https://www.xeno-canto.org/588401,sander/XC588401.ogg
sander,[],"['call', 'social calls', 'various calls']",48.0372,-4.8622,Calidris alba,Sanderling,Stanislas Wroza,Creative Commons Attribution-NonCommercial-ShareAlike 4.0,5.0,08:00,https://www.xeno-canto.org/588402,sander/XC588402.ogg
sander,[],"['call', 'social calls', 'various calls']",48.0372,-4.8622,Calidris alba,Sanderling,Stanislas Wroza,Creative Commons Attribution-NonCommercial-ShareAlike 4.0,5.0,08:00,https://www.xeno-canto.org/588403,sander/XC588403.ogg
sander,[],['flight call'],48.0372,-4.8622,Calidris alba,Sanderling,Stanislas Wroza,Creative Commons Attribution-NonCommercial-ShareAlike 4.0,5.0,08:00,https://www.xeno-canto.org/588535,sander/XC588535.ogg
sander,[],"['call', 'flight call', 'social calls']",48.0372,-4.8622,Calidris alba,Sanderling,Stanislas Wroza,Creative Commons Attribution-NonCommercial-ShareAlike 4.0,5.0,08:00,https://www.xeno-canto.org/588606,sander/XC588606.ogg
sander,[],"['call', 'flight call', 'social calls']",48.0372,-4.8622,Calidris alba,Sanderling,Stanislas Wroza,Creative Commons Attribution-NonCommercial-ShareAlike 4.0,3.0,08:00,https://www.xeno-canto.org/588607,sander/XC588607.ogg
sander,[],"['flight call', 'nocturnal flight call']",51.056,-1.322,Calidris alba,Sanderling,Tom Jordan,Creative Commons Attribution-NonCommercial-ShareAlike 4.0,3.0,01:17,https://www.xeno-canto.org/588931,sander/XC588931.ogg
sander,[],['nocturnal flight call'],51.0445,2.3912,Calidris alba,Sanderling,Julien Piette,Creative Commons Attribution-NonCommercial-ShareAlike 4.0,3.0,00:54,https://www.xeno-canto.org/589007,sander/XC589007.ogg
sander,[],['nocturnal flight call'],51.0445,2.3912,Calidris alba,Sanderling,Julien Piette,Creative Commons Attribution-NonCommercial-ShareAlike 4.0,3.0,03:01,https://www.xeno-canto.org/589008,sander/XC589008.ogg
sander,[],['flight call'],48.0372,-4.8622,Calidris alba,Sanderling,Stanislas Wroza,Creative Commons Attribution-NonCommercial-ShareAlike 4.0,5.0,08:00,https://www.xeno-canto.org/589109,sander/XC589109.ogg
sander,[],['flight call'],63.6735,20.0542,Calidris alba,Sanderling,Lars Edenius,Creative Commons Attribution-NonCommercial-ShareAlike 4.0,4.0,08:30,https://www.xeno-canto.org/591655,sander/XC591655.ogg
sander,[],['flight call'],63.6735,20.0542,Calidris alba,Sanderling,Lars Edenius,Creative Commons Attribution-NonCommercial-ShareAlike 4.0,5.0,08:30,https://www.xeno-canto.org/591656,sander/XC591656.ogg
sander,[],['call'],46.3369,-1.3409,Calidris alba,Sanderling,Jack Berteau,Creative Commons Attribution-NonCommercial-ShareAlike 4.0,5.0,11:30,https://www.xeno-canto.org/593284,sander/XC593284.ogg
sander,['rudtur'],['call'],46.3369,-1.3409,Calidris alba,Sanderling,Jack Berteau,Creative Commons Attribution-NonCommercial-ShareAlike 4.0,4.5,12:00,https://www.xeno-canto.org/593287,sander/XC593287.ogg
sander,[],['flight call'],40.8591,-6.8807,Calidris alba,Sanderling,Eduardo Realinho,Creative Commons Attribution-NonCommercial-ShareAlike 4.0,2.0,15:30,https://www.xeno-canto.org/594493,sander/XC594493.ogg
sander,[],"['flight call', 'juvenile']",59.1368,23.5154,Calidris alba,Sanderling,Antero Lindholm,Creative Commons Attribution-NonCommercial-ShareAlike 4.0,4.5,07:20,https://www.xeno-canto.org/597477,sander/XC597477.ogg
sander,[],"['adult', 'call', 'sex uncertain']",35.3217,-120.8686,Calidris alba,Sanderling,Thomas G. Graves,Creative Commons Attribution-NonCommercial-ShareAlike 4.0,3.0,16:01,https://www.xeno-canto.org/599561,sander/XC599561.ogg
sander,[],"['adult', 'call', 'sex uncertain']",35.3217,-120.8686,Calidris alba,Sanderling,Thomas G. Graves,Creative Commons Attribution-NonCommercial-ShareAlike 4.0,3.0,16:09,https://www.xeno-canto.org/599562,sander/XC599562.ogg
sander,[],"['adult', 'call', 'sex uncertain', 'wink']",35.3217,-120.8686,Calidris alba,Sanderling,Thomas G. Graves,Creative Commons Attribution-NonCommercial-ShareAlike 4.0,4.0,16:09,https://www.xeno-canto.org/599564,sander/XC599564.ogg
sander,[],"['adult', 'call', 'sex uncertain']",-7.8443,-34.8404,Calidris alba,Sanderling,Fernando Igor de Godoy,Creative Commons Attribution-NonCommercial-ShareAlike 4.0,1.0,11:30,https://www.xeno-canto.org/625679,sander/XC625679.ogg
sander,[],"['adult', 'call', 'sex uncertain']",-18.3949,-52.6654,Calidris alba,Sanderling,JAYRSON ARAUJO DE OLIVEIRA,Creative Commons Attribution-NonCommercial-ShareAlike 4.0,5.0,16:06,https://www.xeno-canto.org/626305,sander/XC626305.ogg
sander,['bkbplo'],['call'],45.9241,-1.2291,Calidris alba,Sanderling,Bernard BOUSQUET,Creative Commons Attribution-NonCommercial-ShareAlike 4.0,3.5,10:00,https://www.xeno-canto.org/627948,sander/XC627948.ogg
sander,[],['nocturnal flight call'],54.2386,-0.4196,Calidris alba,Sanderling,Dan Lombard,Creative Commons Attribution-NonCommercial-ShareAlike 4.0,3.0,01:30,https://www.xeno-canto.org/636786,sander/XC636786.ogg
sander,[],['flight call'],37.1357,-7.6138,Calidris alba,Sanderling,Nelson Conceição,Creative Commons Attribution-NonCommercial-ShareAlike 4.0,5.0,11:08,https://www.xeno-canto.org/655317,sander/XC655317.ogg
sander,[],['nocturnal flight call'],43.7412,-7.867,Calidris alba,Sanderling,Ricardo Hevia,Creative Commons Attribution-NonCommercial-ShareAlike 4.0,5.0,00:30,https://www.xeno-canto.org/666457,sander/XC666457.ogg
sander,[],['nocturnal flight call'],43.7412,-7.867,Calidris alba,Sanderling,Ricardo Hevia,Creative Commons Attribution-NonCommercial-ShareAlike 4.0,5.0,03:00,https://www.xeno-canto.org/666677,sander/XC666677.ogg
semplo,[],['call'],37.2627,-122.4043,Charadrius semipalmatus,Semipalmated Plover,Jonathon Jongsma,Creative Commons Attribution-ShareAlike 3.0,4.0,14:21,https://www.xeno-canto.org/109656,semplo/XC109656.ogg
semplo,['glwgul'],['flight call'],48.32,-123.546,Charadrius semipalmatus,Semipalmated Plover,Ian Cruickshank,Creative Commons Attribution-NonCommercial-ShareAlike 3.0,3.5,07:00,https://www.xeno-canto.org/114350,semplo/XC114350.ogg
semplo,[],['call'],41.9375,-70.0333,Charadrius semipalmatus,Semipalmated Plover,Daniel Parker,Creative Commons Attribution-NonCommercial-ShareAlike 3.0,3.0,15:00,https://www.xeno-canto.org/127268,semplo/XC127268.ogg
semplo,[],['call'],28.1542,-82.8047,Charadrius semipalmatus,Semipalmated Plover,Mike Nelson,Creative Commons Attribution-NonCommercial-ShareAlike 3.0,3.0,09:30,https://www.xeno-canto.org/131020,semplo/XC131020.ogg
semplo,[],['call'],28.6812,-80.6943,Charadrius semipalmatus,Semipalmated Plover,Paul Marvin,Creative Commons Attribution-NonCommercial-ShareAlike 3.0,4.0,09:16,https://www.xeno-canto.org/139455,semplo/XC139455.ogg
semplo,[],['call'],28.6812,-80.6943,Charadrius semipalmatus,Semipalmated Plover,Paul Marvin,Creative Commons Attribution-NonCommercial-ShareAlike 3.0,5.0,12:03,https://www.xeno-canto.org/145877,semplo/XC145877.ogg
semplo,[],['call'],28.6812,-80.6943,Charadrius semipalmatus,Semipalmated Plover,Paul Marvin,Creative Commons Attribution-NonCommercial-ShareAlike 3.0,5.0,08:26,https://www.xeno-canto.org/145878,semplo/XC145878.ogg
semplo,[],"['call', 'flight call']",46.8256,-64.9102,Charadrius semipalmatus,Semipalmated Plover,Martin St-Michel,Creative Commons Attribution-NonCommercial-ShareAlike 3.0,3.5,08:05,https://www.xeno-canto.org/146854,semplo/XC146854.ogg
semplo,[],['call'],57.594,-152.4604,Charadrius semipalmatus,Semipalmated Plover,Andrew Spencer,Creative Commons Attribution-NonCommercial-ShareAlike 3.0,5.0,20:00,https://www.xeno-canto.org/149421,semplo/XC149421.ogg
semplo,[],['call'],57.594,-152.4604,Charadrius semipalmatus,Semipalmated Plover,Andrew Spencer,Creative Commons Attribution-NonCommercial-ShareAlike 3.0,5.0,20:00,https://www.xeno-canto.org/149423,semplo/XC149423.ogg
semplo,[],['call'],28.6812,-80.6943,Charadrius semipalmatus,Semipalmated Plover,Paul Marvin,Creative Commons Attribution-NonCommercial-ShareAlike 3.0,4.0,13:52,https://www.xeno-canto.org/149543,semplo/XC149543.ogg
semplo,[],['call'],28.6812,-80.6943,Charadrius semipalmatus,Semipalmated Plover,Paul Marvin,Creative Commons Attribution-NonCommercial-ShareAlike 3.0,2.0,09:38,https://www.xeno-canto.org/149621,semplo/XC149621.ogg
semplo,[],['call'],28.6812,-80.6943,Charadrius semipalmatus,Semipalmated Plover,Paul Marvin,Creative Commons Attribution-NonCommercial-ShareAlike 3.0,5.0,07:36,https://www.xeno-canto.org/149622,semplo/XC149622.ogg
semplo,[],['call'],28.6812,-80.6943,Charadrius semipalmatus,Semipalmated Plover,Paul Marvin,Creative Commons Attribution-NonCommercial-ShareAlike 3.0,4.0,07:37,https://www.xeno-canto.org/149623,semplo/XC149623.ogg
semplo,[],['call'],28.6812,-80.6943,Charadrius semipalmatus,Semipalmated Plover,Paul Marvin,Creative Commons Attribution-NonCommercial-ShareAlike 3.0,5.0,07:38,https://www.xeno-canto.org/149624,semplo/XC149624.ogg
semplo,[],['call'],28.6812,-80.6943,Charadrius semipalmatus,Semipalmated Plover,Paul Marvin,Creative Commons Attribution-NonCommercial-ShareAlike 3.0,4.0,08:14,https://www.xeno-canto.org/149625,semplo/XC149625.ogg
semplo,[],['flight call'],28.6812,-80.6943,Charadrius semipalmatus,Semipalmated Plover,Paul Marvin,Creative Commons Attribution-NonCommercial-ShareAlike 3.0,4.0,07:52,https://www.xeno-canto.org/149626,semplo/XC149626.ogg
semplo,['bkbplo'],['call'],39.198,-75.014,Charadrius semipalmatus,Semipalmated Plover,Paul Driver,Creative Commons Attribution-NonCommercial-ShareAlike 3.0,3.5,08:30,https://www.xeno-canto.org/155923,semplo/XC155923.ogg
semplo,[],['Call'],42.0226,-83.2048,Charadrius semipalmatus,Semipalmated Plover,Allen T. Chartier,Creative Commons Attribution-NonCommercial-ShareAlike 3.0,3.5,?,https://www.xeno-canto.org/16956,semplo/XC16956.ogg
semplo,[],"['flight call', 'song']",-27.4497,-48.5387,Charadrius semipalmatus,Semipalmated Plover,Douglas Meyer,Creative Commons Attribution-NonCommercial-ShareAlike 4.0,4.0,12:46,https://www.xeno-canto.org/174641,semplo/XC174641.ogg
semplo,[],['call on taking flight'],-9.2297,-35.338,Charadrius semipalmatus,Semipalmated Plover,Jeremy Minns,Creative Commons Attribution-NonCommercial-ShareAlike 4.0,4.0,06:31,https://www.xeno-canto.org/209353,semplo/XC209353.ogg
semplo,[],['flight call'],48.3197,-123.5463,Charadrius semipalmatus,Semipalmated Plover,Ian Cruickshank,Creative Commons Attribution-NonCommercial-ShareAlike 4.0,4.0,10:00,https://www.xeno-canto.org/210105,semplo/XC210105.ogg
semplo,[],['flight call'],48.3197,-123.5463,Charadrius semipalmatus,Semipalmated Plover,Ian Cruickshank,Creative Commons Attribution-NonCommercial-ShareAlike 4.0,4.0,09:30,https://www.xeno-canto.org/210109,semplo/XC210109.ogg
semplo,[],['call'],28.6812,-80.6943,Charadrius semipalmatus,Semipalmated Plover,Paul Marvin,Creative Commons Attribution-NonCommercial-ShareAlike 4.0,5.0,13:35,https://www.xeno-canto.org/230778,semplo/XC230778.ogg
semplo,[],['flight call'],28.6812,-80.6943,Charadrius semipalmatus,Semipalmated Plover,Paul Marvin,Creative Commons Attribution-NonCommercial-ShareAlike 4.0,5.0,08:26,https://www.xeno-canto.org/230975,semplo/XC230975.ogg
semplo,[],['call'],28.6812,-80.6943,Charadrius semipalmatus,Semipalmated Plover,Paul Marvin,Creative Commons Attribution-NonCommercial-ShareAlike 4.0,5.0,13:49,https://www.xeno-canto.org/230976,semplo/XC230976.ogg
semplo,['lesyel'],['call'],28.6812,-80.6943,Charadrius semipalmatus,Semipalmated Plover,Paul Marvin,Creative Commons Attribution-NonCommercial-ShareAlike 4.0,4.5,10:48,https://www.xeno-canto.org/231009,semplo/XC231009.ogg
semplo,[],['call'],28.6812,-80.6943,Charadrius semipalmatus,Semipalmated Plover,Paul Marvin,Creative Commons Attribution-NonCommercial-ShareAlike 4.0,5.0,13:28,https://www.xeno-canto.org/231051,semplo/XC231051.ogg
semplo,[],['call'],28.6812,-80.6943,Charadrius semipalmatus,Semipalmated Plover,Paul Marvin,Creative Commons Attribution-NonCommercial-ShareAlike 4.0,5.0,13:39,https://www.xeno-canto.org/231078,semplo/XC231078.ogg
semplo,[],['call'],28.6812,-80.6943,Charadrius semipalmatus,Semipalmated Plover,Paul Marvin,Creative Commons Attribution-NonCommercial-ShareAlike 4.0,5.0,13:49,https://www.xeno-canto.org/231106,semplo/XC231106.ogg
semplo,[],"['alarm call', 'call']",-28.6144,-48.857,Charadrius semipalmatus,Semipalmated Plover,Alexandre Bianco,Creative Commons Attribution-NonCommercial-ShareAlike 4.0,3.0,11:00,https://www.xeno-canto.org/247559,semplo/XC247559.ogg
semplo,[],['calls and take-off call'],-2.247,-80.941,Charadrius semipalmatus,Semipalmated Plover,John V. Moore,Creative Commons Attribution-NonCommercial-ShareAlike 4.0,3.0,?,https://www.xeno-canto.org/257553,semplo/XC257553.ogg
semplo,[],['contact call'],-2.247,-80.941,Charadrius semipalmatus,Semipalmated Plover,John V. Moore,Creative Commons Attribution-NonCommercial-ShareAlike 4.0,4.0,?,https://www.xeno-canto.org/257554,semplo/XC257554.ogg
semplo,[],['flight calls'],-2.247,-80.941,Charadrius semipalmatus,Semipalmated Plover,John V. Moore,Creative Commons Attribution-NonCommercial-ShareAlike 4.0,4.0,?,https://www.xeno-canto.org/257555,semplo/XC257555.ogg
semplo,[],['flight call'],12.9679,-87.4702,Charadrius semipalmatus,Semipalmated Plover,Orlando Jarquín G.,Creative Commons Attribution-NonCommercial-ShareAlike 4.0,4.5,14:00,https://www.xeno-canto.org/278365,semplo/XC278365.ogg
semplo,[],['call'],-16.2825,-39.0236,Charadrius semipalmatus,Semipalmated Plover,Fernando Igor de Godoy,Creative Commons Attribution-NonCommercial-ShareAlike 4.0,2.0,11:30,https://www.xeno-canto.org/328862,semplo/XC328862.ogg
semplo,[],['call'],34.106,-90.1368,Charadrius semipalmatus,Semipalmated Plover,Hal Mitchell,Creative Commons Attribution-NonCommercial-ShareAlike 4.0,4.0,12:30,https://www.xeno-canto.org/331259,semplo/XC331259.ogg
semplo,[],['call'],34.106,-90.1368,Charadrius semipalmatus,Semipalmated Plover,Hal Mitchell,Creative Commons Attribution-NonCommercial-ShareAlike 4.0,4.0,12:30,https://www.xeno-canto.org/331260,semplo/XC331260.ogg
semplo,[],['flight call'],40.5451,-104.9701,Charadrius semipalmatus,Semipalmated Plover,Nick Komar,Creative Commons Attribution-NonCommercial-ShareAlike 4.0,3.0,09:30,https://www.xeno-canto.org/332711,semplo/XC332711.ogg
semplo,[],['call'],-24.1716,-46.8007,Charadrius semipalmatus,Semipalmated Plover,Robson Silva e Silva,Creative Commons Attribution-NonCommercial-ShareAlike 4.0,4.0,09:00,https://www.xeno-canto.org/337209,semplo/XC337209.ogg
semplo,[],"['flight call', 'juvenile']",53.9716,-10.0708,Charadrius semipalmatus,Semipalmated Plover,Tim Jones,Creative Commons Attribution-NonCommercial-ShareAlike 4.0,3.5,18:00,https://www.xeno-canto.org/337236,semplo/XC337236.ogg
semplo,[],['flight call'],48.6238,-69.0888,Charadrius semipalmatus,Semipalmated Plover,Martin St-Michel,Creative Commons Attribution-NonCommercial-ShareAlike 4.0,4.0,08:34,https://www.xeno-canto.org/338293,semplo/XC338293.ogg
semplo,[],['call'],38.6943,-27.0448,Charadrius semipalmatus,Semipalmated Plover,Tero Linjama,Creative Commons Attribution-NonCommercial-ShareAlike 4.0,3.0,07:00,https://www.xeno-canto.org/341985,semplo/XC341985.ogg
semplo,[],['call'],40.9715,-124.1196,Charadrius semipalmatus,Semipalmated Plover,Ken Burton,Creative Commons Attribution-NonCommercial-ShareAlike 4.0,0.0,09:00,https://www.xeno-canto.org/343603,semplo/XC343603.ogg
semplo,[],['flight call'],9.8799,-85.5309,Charadrius semipalmatus,Semipalmated Plover,Albert Lastukhin,Creative Commons Attribution-NonCommercial-ShareAlike 4.0,3.0,10:30,https://www.xeno-canto.org/372695,semplo/XC372695.ogg
semplo,[],['flight call'],10.0421,-84.912,Charadrius semipalmatus,Semipalmated Plover,Albert Lastukhin,Creative Commons Attribution-NonCommercial-ShareAlike 4.0,3.0,22:30,https://www.xeno-canto.org/372697,semplo/XC372697.ogg
semplo,[],['call'],-13.8333,-76.3333,Charadrius semipalmatus,Semipalmated Plover,Dries Van de Loock,Creative Commons Attribution-NonCommercial-ShareAlike 4.0,5.0,?,https://www.xeno-canto.org/387662,semplo/XC387662.ogg
semplo,[],['call'],71.2973,-156.7737,Charadrius semipalmatus,Semipalmated Plover,Patrik Åberg,Creative Commons Attribution-NonCommercial-ShareAlike 4.0,4.0,17:18,https://www.xeno-canto.org/406389,semplo/XC406389.ogg
semplo,[],['call'],71.2973,-156.7737,Charadrius semipalmatus,Semipalmated Plover,Patrik Åberg,Creative Commons Attribution-NonCommercial-ShareAlike 4.0,4.0,17:22,https://www.xeno-canto.org/406390,semplo/XC406390.ogg
semplo,[],['alarm call'],71.2973,-156.7737,Charadrius semipalmatus,Semipalmated Plover,Patrik Åberg,Creative Commons Attribution-NonCommercial-ShareAlike 4.0,4.0,17:24,https://www.xeno-canto.org/406391,semplo/XC406391.ogg
semplo,[],"['alarm call', 'flight call']",-8.5052,-35.0212,Charadrius semipalmatus,Semipalmated Plover,JAYRSON ARAUJO DE OLIVEIRA,Creative Commons Attribution-NonCommercial-ShareAlike 4.0,5.0,09:11,https://www.xeno-canto.org/407193,semplo/XC407193.ogg
semplo,[],['call'],35.0942,136.8286,Charadrius semipalmatus,Semipalmated Plover,Anon Torimi,Creative Commons Attribution-NonCommercial-ShareAlike 4.0,3.0,09:40,https://www.xeno-canto.org/446306,semplo/XC446306.ogg
semplo,[],['call'],27.7664,-82.7704,Charadrius semipalmatus,Semipalmated Plover,David Darrell-Lambert,Creative Commons Attribution-NonCommercial-ShareAlike 4.0,4.0,07:00,https://www.xeno-canto.org/447139,semplo/XC447139.ogg
semplo,[],['call'],43.3339,-70.5423,Charadrius semipalmatus,Semipalmated Plover,Will Sweet,Creative Commons Attribution-NonCommercial-ShareAlike 4.0,4.0,10:00,https://www.xeno-canto.org/453918,semplo/XC453918.ogg
semplo,[],['call'],28.6417,-80.7778,Charadrius semipalmatus,Semipalmated Plover,Paul Marvin,Creative Commons Attribution-NonCommercial-ShareAlike 4.0,5.0,07:31,https://www.xeno-canto.org/460726,semplo/XC460726.ogg
semplo,[],['call'],28.6417,-80.7778,Charadrius semipalmatus,Semipalmated Plover,Paul Marvin,Creative Commons Attribution-NonCommercial-ShareAlike 4.0,5.0,08:50,https://www.xeno-canto.org/460727,semplo/XC460727.ogg
semplo,['bkbplo'],['call'],28.6417,-80.7778,Charadrius semipalmatus,Semipalmated Plover,Paul Marvin,Creative Commons Attribution-NonCommercial-ShareAlike 4.0,4.5,07:29,https://www.xeno-canto.org/460728,semplo/XC460728.ogg
semplo,[],['call'],28.6417,-80.7778,Charadrius semipalmatus,Semipalmated Plover,Paul Marvin,Creative Commons Attribution-NonCommercial-ShareAlike 4.0,4.0,08:30,https://www.xeno-canto.org/460729,semplo/XC460729.ogg
semplo,[],['call'],-23.8715,-46.3979,Charadrius semipalmatus,Semipalmated Plover,Robson Silva e Silva,Creative Commons Attribution-NonCommercial-ShareAlike 4.0,4.0,09:00,https://www.xeno-canto.org/466230,semplo/XC466230.ogg
semplo,"['bcnher', 'osprey']",['call'],23.0477,-109.697,Charadrius semipalmatus,Semipalmated Plover,Richard E. Webster,Creative Commons Attribution-NonCommercial-ShareAlike 4.0,2.5,09:38,https://www.xeno-canto.org/466231,semplo/XC466231.ogg
semplo,[],['call'],34.4142,-119.8742,Charadrius semipalmatus,Semipalmated Plover,Mark Holmgren,Creative Commons Attribution-NonCommercial-ShareAlike 4.0,0.0,11:00,https://www.xeno-canto.org/492111,semplo/XC492111.ogg
semplo,[],['flight call'],40.451,-73.996,Charadrius semipalmatus,Semipalmated Plover,William Whitehead,Creative Commons Attribution-NonCommercial-ShareAlike 4.0,5.0,08:30,https://www.xeno-canto.org/494941,semplo/XC494941.ogg
semplo,[],['call'],40.451,-73.996,Charadrius semipalmatus,Semipalmated Plover,William Whitehead,Creative Commons Attribution-NonCommercial-ShareAlike 4.0,4.5,10:00,https://www.xeno-canto.org/499705,semplo/XC499705.ogg
semplo,[],['flight call'],5.1567,-52.6698,Charadrius semipalmatus,Semipalmated Plover,Brice de la Croix,Creative Commons Attribution-NonCommercial-ShareAlike 4.0,3.0,10:30,https://www.xeno-canto.org/507214,semplo/XC507214.ogg
semplo,[],"['call', 'flight call']",25.6602,-109.0033,Charadrius semipalmatus,Semipalmated Plover,Isain Contreras Rodríguez,Creative Commons Attribution-NonCommercial-ShareAlike 4.0,2.0,07:30,https://www.xeno-canto.org/519792,semplo/XC519792.ogg
semplo,['leasan'],['flight call'],25.6268,-109.0428,Charadrius semipalmatus,Semipalmated Plover,Manuel Grosselet,Creative Commons Attribution-NonCommercial-ShareAlike 4.0,2.5,07:00,https://www.xeno-canto.org/523644,semplo/XC523644.ogg
semplo,[],"['call', 'flight call']",25.6602,-109.0033,Charadrius semipalmatus,Semipalmated Plover,Isain Contreras Rodríguez,Creative Commons Attribution-NonCommercial-ShareAlike 4.0,5.0,09:00,https://www.xeno-canto.org/547301,semplo/XC547301.ogg
semplo,[],['call'],25.6602,-109.0033,Charadrius semipalmatus,Semipalmated Plover,Isain Contreras Rodríguez,Creative Commons Attribution-NonCommercial-ShareAlike 4.0,4.0,07:00,https://www.xeno-canto.org/574048,semplo/XC574048.ogg
semplo,[],"['Peweep', 'call']",40.451,-73.996,Charadrius semipalmatus,Semipalmated Plover,William Whitehead,Creative Commons Attribution-NonCommercial-ShareAlike 4.0,4.0,09:00,https://www.xeno-canto.org/582528,semplo/XC582528.ogg
semplo,[],"['call', 'flight call', 'sex uncertain']",39.6736,-31.1215,Charadrius semipalmatus,Semipalmated Plover,Peter Stronach,Creative Commons Attribution-NonCommercial-ShareAlike 4.0,4.5,09:00,https://www.xeno-canto.org/597879,semplo/XC597879.ogg
semplo,[],"['adult', 'call', 'peweep', 'sex uncertain']",35.3217,-120.8686,Charadrius semipalmatus,Semipalmated Plover,Thomas G. Graves,Creative Commons Attribution-NonCommercial-ShareAlike 4.0,4.0,16:46,https://www.xeno-canto.org/599569,semplo/XC599569.ogg
semplo,[],"['adult', 'call', 'peweep', 'sex uncertain']",35.3217,-120.8686,Charadrius semipalmatus,Semipalmated Plover,Thomas G. Graves,Creative Commons Attribution-NonCommercial-ShareAlike 4.0,4.0,16:55,https://www.xeno-canto.org/599570,semplo/XC599570.ogg
semplo,[],"['adult', 'call', 'peweep', 'sex uncertain']",35.3217,-120.8686,Charadrius semipalmatus,Semipalmated Plover,Thomas G. Graves,Creative Commons Attribution-NonCommercial-ShareAlike 4.0,4.0,16:59,https://www.xeno-canto.org/599572,semplo/XC599572.ogg
semplo,[],['call'],16.4294,-94.8793,Charadrius semipalmatus,Semipalmated Plover,Manuel Grosselet,Creative Commons Attribution-NonCommercial-ShareAlike 4.0,4.0,06:30,https://www.xeno-canto.org/623964,semplo/XC623964.ogg
semplo,[],['call'],16.4294,-94.8793,Charadrius semipalmatus,Semipalmated Plover,Manuel Grosselet,Creative Commons Attribution-NonCommercial-ShareAlike 4.0,5.0,09:00,https://www.xeno-canto.org/623966,semplo/XC623966.ogg
semplo,"['leasan', 'lesyel', 'sora']","['adult', 'alarm call', 'call', 'flight call', 'sex uncertain']",62.0772,-119.4844,Charadrius semipalmatus,Semipalmated Plover,Logan McLeod,Creative Commons Attribution-NonCommercial-ShareAlike 4.0,3.5,7:40,https://www.xeno-canto.org/634943,semplo/XC634943.ogg
semplo,['wessan'],"['adult', 'call', 'sex uncertain']",26.7922,-113.2293,Charadrius semipalmatus,Semipalmated Plover,Richard E. Webster,Creative Commons Attribution-NonCommercial-ShareAlike 4.0,3.5,18:32,https://www.xeno-canto.org/661327,semplo/XC661327.ogg
sheowl,[],"['call', 'female', 'sound from wing clapping']",62.0864,9.8014,Asio flammeus,Short-eared Owl,Elias A. Ryberg,Creative Commons Attribution-NonCommercial-ShareAlike 3.0,4.5,11:00,https://www.xeno-canto.org/139414,sheowl/XC139414.ogg
sheowl,[],['call'],49.0612,-123.0133,Asio flammeus,Short-eared Owl,Ian Cruickshank,Creative Commons Attribution-NonCommercial-ShareAlike 3.0,4.0,12:30,https://www.xeno-canto.org/142829,sheowl/XC142829.ogg
sheowl,[],['call'],49.0612,-123.0133,Asio flammeus,Short-eared Owl,Ian Cruickshank,Creative Commons Attribution-NonCommercial-ShareAlike 3.0,3.0,12:30,https://www.xeno-canto.org/142830,sheowl/XC142830.ogg
sheowl,[],['alarm call'],-16.8573,-47.3813,Asio flammeus,Short-eared Owl,Nunes D'Acosta,Creative Commons Attribution-NonCommercial-ShareAlike 3.0,4.0,07:30,https://www.xeno-canto.org/146475,sheowl/XC146475.ogg
sheowl,[],"['call', 'male', 'song']",56.7491,37.7434,Asio flammeus,Short-eared Owl,sergey shekhovtsov,Creative Commons Attribution-NonCommercial-ShareAlike 3.0,3.0,01:00,https://www.xeno-canto.org/166679,sheowl/XC166679.ogg
sheowl,[],"['male', 'song']",56.723,37.7923,Asio flammeus,Short-eared Owl,sergey shekhovtsov,Creative Commons Attribution-NonCommercial-ShareAlike 3.0,2.0,23:05,https://www.xeno-canto.org/168745,sheowl/XC168745.ogg
sheowl,[],['alarm call'],55.4519,37.1974,Asio flammeus,Short-eared Owl,sergey shekhovtsov,Creative Commons Attribution-NonCommercial-ShareAlike 3.0,3.0,20:00,https://www.xeno-canto.org/168746,sheowl/XC168746.ogg
sheowl,['wesmea'],['call'],41.787,-111.924,Asio flammeus,Short-eared Owl,Ryan P. O'Donnell,Creative Commons Attribution-NonCommercial-ShareAlike 4.0,3.5,20:12,https://www.xeno-canto.org/174880,sheowl/XC174880.ogg
sheowl,[],['call'],34.8806,135.6756,Asio flammeus,Short-eared Owl,Anon Torimi,Creative Commons Attribution-NonCommercial-ShareAlike 4.0,2.0,17:30,https://www.xeno-canto.org/216039,sheowl/XC216039.ogg
sheowl,[],['call'],34.8806,135.6756,Asio flammeus,Short-eared Owl,Anon Torimi,Creative Commons Attribution-NonCommercial-ShareAlike 4.0,2.0,17:30,https://www.xeno-canto.org/216040,sheowl/XC216040.ogg
sheowl,[],['call'],34.8806,135.6756,Asio flammeus,Short-eared Owl,Anon Torimi,Creative Commons Attribution-NonCommercial-ShareAlike 4.0,2.0,17:30,https://www.xeno-canto.org/216041,sheowl/XC216041.ogg
sheowl,[],['call'],34.8806,135.6756,Asio flammeus,Short-eared Owl,Anon Torimi,Creative Commons Attribution-NonCommercial-ShareAlike 4.0,2.0,17:30,https://www.xeno-canto.org/216042,sheowl/XC216042.ogg
sheowl,[],['call'],34.8806,135.6756,Asio flammeus,Short-eared Owl,Anon Torimi,Creative Commons Attribution-NonCommercial-ShareAlike 4.0,3.0,17:20,https://www.xeno-canto.org/217336,sheowl/XC217336.ogg
sheowl,[],"['call', 'flight call']",53.285,22.606,Asio flammeus,Short-eared Owl,Tomek Tumiel,Creative Commons Attribution-NonCommercial-ShareAlike 4.0,4.5,21:30,https://www.xeno-canto.org/245945,sheowl/XC245945.ogg
sheowl,[],"['call', 'flight call', 'male', 'song']",53.2959,22.6056,Asio flammeus,Short-eared Owl,Tomek Tumiel,Creative Commons Attribution-NonCommercial-ShareAlike 4.0,4.0,21:30,https://www.xeno-canto.org/246311,sheowl/XC246311.ogg
sheowl,[],"['flight call', 'wing-claps']",53.5894,22.8519,Asio flammeus,Short-eared Owl,Łukasz Krajewski,Creative Commons Attribution-NonCommercial-ShareAlike 4.0,4.5,22:00,https://www.xeno-canto.org/246621,sheowl/XC246621.ogg
sheowl,[],['juvenile'],53.2854,22.5764,Asio flammeus,Short-eared Owl,Romuald Mikusek,Creative Commons Attribution-NonCommercial-ShareAlike 4.0,5.0,13:30,https://www.xeno-canto.org/266761,sheowl/XC266761.ogg
sheowl,[],"['alarm call', 'female']",53.2854,22.5764,Asio flammeus,Short-eared Owl,Romuald Mikusek,Creative Commons Attribution-NonCommercial-ShareAlike 4.0,3.5,19:00,https://www.xeno-canto.org/266949,sheowl/XC266949.ogg
sheowl,[],"['alarm call', 'female']",53.2854,22.5764,Asio flammeus,Short-eared Owl,Romuald Mikusek,Creative Commons Attribution-NonCommercial-ShareAlike 4.0,3.5,19:00,https://www.xeno-canto.org/266953,sheowl/XC266953.ogg
sheowl,[],"['alarm call', 'female']",53.2854,22.5764,Asio flammeus,Short-eared Owl,Romuald Mikusek,Creative Commons Attribution-NonCommercial-ShareAlike 4.0,3.5,19:00,https://www.xeno-canto.org/266955,sheowl/XC266955.ogg
sheowl,[],"['alarm call', 'female']",53.2854,22.5764,Asio flammeus,Short-eared Owl,Romuald Mikusek,Creative Commons Attribution-NonCommercial-ShareAlike 4.0,4.5,21:30,https://www.xeno-canto.org/266974,sheowl/XC266974.ogg
sheowl,[],['call'],19.7298,-155.4042,Asio flammeus,Short-eared Owl,Daniel Lane,Creative Commons Attribution-NonCommercial-ShareAlike 3.0,4.0,15:50,https://www.xeno-canto.org/27372,sheowl/XC27372.ogg
sheowl,[],['flight call'],43.3595,-0.4323,Asio flammeus,Short-eared Owl,Bernard BOUSQUET,Creative Commons Attribution-NonCommercial-ShareAlike 4.0,5.0,17:30,https://www.xeno-canto.org/295376,sheowl/XC295376.ogg
sheowl,[],['flight call'],43.3595,-0.4323,Asio flammeus,Short-eared Owl,Bernard BOUSQUET,Creative Commons Attribution-NonCommercial-ShareAlike 4.0,3.0,17:30,https://www.xeno-canto.org/295377,sheowl/XC295377.ogg
sheowl,[],['flight call'],43.3595,-0.4323,Asio flammeus,Short-eared Owl,Bernard BOUSQUET,Creative Commons Attribution-NonCommercial-ShareAlike 4.0,4.0,17:30,https://www.xeno-canto.org/295378,sheowl/XC295378.ogg
sheowl,[],['call'],31.4554,-110.6444,Asio flammeus,Short-eared Owl,Ken Blankenship,Creative Commons Attribution-NonCommercial-ShareAlike 4.0,4.0,06:30,https://www.xeno-canto.org/295898,sheowl/XC295898.ogg
sheowl,[],['call'],48.2311,-122.3826,Asio flammeus,Short-eared Owl,Bruce Lagerquist,Creative Commons Attribution-NonCommercial-ShareAlike 4.0,5.0,15:30,https://www.xeno-canto.org/303012,sheowl/XC303012.ogg
sheowl,"['rinphe', 'wesmea']","['call', 'flight call']",45.8627,-102.6377,Asio flammeus,Short-eared Owl,Paul Marvin,Creative Commons Attribution-NonCommercial-ShareAlike 4.0,3.5,08:19,https://www.xeno-canto.org/304246,sheowl/XC304246.ogg
sheowl,['jabwar'],['call'],34.8806,135.6756,Asio flammeus,Short-eared Owl,Anon Torimi,Creative Commons Attribution-NonCommercial-ShareAlike 4.0,3.5,17:00,https://www.xeno-canto.org/304290,sheowl/XC304290.ogg
sheowl,[],"['alarm call', 'female']",53.2854,22.5764,Asio flammeus,Short-eared Owl,Romuald Mikusek,Creative Commons Attribution-NonCommercial-ShareAlike 4.0,2.5,19:30,https://www.xeno-canto.org/304334,sheowl/XC304334.ogg
sheowl,[],"['alarm call', 'flight call']",51.7791,4.8094,Asio flammeus,Short-eared Owl,Albert de Jong,Creative Commons Attribution-NonCommercial-ShareAlike 4.0,3.0,17:30,https://www.xeno-canto.org/304518,sheowl/XC304518.ogg
sheowl,[],"['alarm call', 'bill snapping', 'hissing', 'wing beats']",52.0839,4.2489,Asio flammeus,Short-eared Owl,Vincent van der Spek,Creative Commons Attribution-NonCommercial-ShareAlike 4.0,3.0,15:00,https://www.xeno-canto.org/318984,sheowl/XC318984.ogg
sheowl,[],"['call', 'mechanical wing clapping', 'song']",50.9619,-118.1997,Asio flammeus,Short-eared Owl,James Bradley,Creative Commons Attribution-NonCommercial-ShareAlike 4.0,5.0,08:30,https://www.xeno-canto.org/322371,sheowl/XC322371.ogg
sheowl,[],"['call', 'flight call']",38.8473,-8.9568,Asio flammeus,Short-eared Owl,Paulo Alves,Creative Commons Attribution-NonCommercial-ShareAlike 4.0,4.0,19:30,https://www.xeno-canto.org/338389,sheowl/XC338389.ogg
sheowl,[],['flight call'],53.0216,6.658,Asio flammeus,Short-eared Owl,Simon Olk,Creative Commons Attribution-NonCommercial-ShareAlike 4.0,4.0,08:00,https://www.xeno-canto.org/342126,sheowl/XC342126.ogg
sheowl,[],"['male', 'song']",62.3597,25.7261,Asio flammeus,Short-eared Owl,Tero Linjama,Creative Commons Attribution-NonCommercial-ShareAlike 4.0,5.0,07:00,https://www.xeno-canto.org/343174,sheowl/XC343174.ogg
sheowl,[],"['call', 'flight call']",48.2311,-122.3826,Asio flammeus,Short-eared Owl,Bruce Lagerquist,Creative Commons Attribution-NonCommercial-ShareAlike 4.0,5.0,13:30,https://www.xeno-canto.org/344157,sheowl/XC344157.ogg
sheowl,[],['flight call'],43.7164,4.3254,Asio flammeus,Short-eared Owl,Stanislas Wroza,Creative Commons Attribution-NonCommercial-ShareAlike 4.0,3.0,20:30,https://www.xeno-canto.org/365412,sheowl/XC365412.ogg
sheowl,[],"['alarm call', 'call']",69.598,18.823,Asio flammeus,Short-eared Owl,Stein Ø. Nilsen,Creative Commons Attribution-NonCommercial-ShareAlike 4.0,3.5,04:30,https://www.xeno-canto.org/370660,sheowl/XC370660.ogg
sheowl,[],"['call', 'female']",53.2854,22.5764,Asio flammeus,Short-eared Owl,Romuald Mikusek,Creative Commons Attribution-NonCommercial-ShareAlike 4.0,4.0,21:30,https://www.xeno-canto.org/410559,sheowl/XC410559.ogg
sheowl,[],"['flight call', 'male']",4.7143,-74.1713,Asio flammeus,Short-eared Owl,David Ricardo Rodríguez-Villamil,Creative Commons Attribution-NonCommercial-ShareAlike 4.0,4.0,18:13,https://www.xeno-canto.org/413537,sheowl/XC413537.ogg
sheowl,[],['call'],0.4118,-78.1718,Asio flammeus,Short-eared Owl,Nicole Alfaro Ponce,Creative Commons Attribution-NonCommercial-ShareAlike 4.0,4.0,17:00,https://www.xeno-canto.org/425961,sheowl/XC425961.ogg
sheowl,[],['call'],64.9775,-139.0697,Asio flammeus,Short-eared Owl,Logan McLeod,Creative Commons Attribution-NonCommercial-ShareAlike 4.0,5.0,01:00,https://www.xeno-canto.org/431869,sheowl/XC431869.ogg
sheowl,[],['alarm call'],-16.7707,-47.612,Asio flammeus,Short-eared Owl,JAYRSON ARAUJO DE OLIVEIRA,Creative Commons Attribution-NonCommercial-ShareAlike 4.0,5.0,21:38,https://www.xeno-canto.org/439199,sheowl/XC439199.ogg
sheowl,[],"['call', 'male']",68.7575,18.5353,Asio flammeus,Short-eared Owl,Karl-Birger Strann,Creative Commons Attribution-NonCommercial-ShareAlike 4.0,4.5,19:30,https://www.xeno-canto.org/443556,sheowl/XC443556.ogg
sheowl,[],"['alarm call', 'call', 'flight call', 'interaction call', 'long call', 'short call']",48.5274,1.8918,Asio flammeus,Short-eared Owl,Stanislas Wroza,Creative Commons Attribution-NonCommercial-ShareAlike 4.0,4.0,17:00,https://www.xeno-canto.org/447425,sheowl/XC447425.ogg
sheowl,[],"['alarm call', 'call', 'flight call', 'interaction call', 'long call']",48.5274,1.8918,Asio flammeus,Short-eared Owl,Stanislas Wroza,Creative Commons Attribution-NonCommercial-ShareAlike 4.0,4.0,17:00,https://www.xeno-canto.org/447426,sheowl/XC447426.ogg
sheowl,[],"['alarm call', 'call', 'flight call', 'short call']",48.5274,1.8918,Asio flammeus,Short-eared Owl,Stanislas Wroza,Creative Commons Attribution-NonCommercial-ShareAlike 4.0,4.0,17:00,https://www.xeno-canto.org/447427,sheowl/XC447427.ogg
sheowl,[],['flight call'],41.6172,-112.5507,Asio flammeus,Short-eared Owl,Sue Riffe,Creative Commons Attribution-NonCommercial-ShareAlike 4.0,4.0,18:10,https://www.xeno-canto.org/450493,sheowl/XC450493.ogg
sheowl,[],"['call', 'song', 'wing clapping']",47.7416,17.0166,Asio flammeus,Short-eared Owl,Mats Rellmar,Creative Commons Attribution-NonCommercial-ShareAlike 4.0,5.0,19:30,https://www.xeno-canto.org/465266,sheowl/XC465266.ogg
sheowl,[],"['male', 'song']",69.598,18.823,Asio flammeus,Short-eared Owl,Stein Ø. Nilsen,Creative Commons Attribution-NonCommercial-ShareAlike 4.0,5.0,22:00,https://www.xeno-canto.org/474679,sheowl/XC474679.ogg
sheowl,[],"['call', 'screech']",69.598,18.823,Asio flammeus,Short-eared Owl,Stein Ø. Nilsen,Creative Commons Attribution-NonCommercial-ShareAlike 4.0,5.0,22:00,https://www.xeno-canto.org/474681,sheowl/XC474681.ogg
sheowl,[],"['male', 'song']",69.598,18.823,Asio flammeus,Short-eared Owl,Stein Ø. Nilsen,Creative Commons Attribution-NonCommercial-ShareAlike 4.0,3.5,06:30,https://www.xeno-canto.org/474682,sheowl/XC474682.ogg
sheowl,[],['Call'],-34.234167,-58.886111,Asio flammeus,Short-eared Owl,Bernabe Lopez-Lanus,Creative Commons Attribution-NonCommercial-ShareAlike 3.0,5.0,?,https://www.xeno-canto.org/48752,sheowl/XC48752.ogg
sheowl,[],['flight call'],55.6299,47.1467,Asio flammeus,Short-eared Owl,Albert Lastukhin,Creative Commons Attribution-NonCommercial-ShareAlike 4.0,4.0,06:00,https://www.xeno-canto.org/489388,sheowl/XC489388.ogg
sheowl,[],['flight call'],55.6299,47.1467,Asio flammeus,Short-eared Owl,Albert Lastukhin,Creative Commons Attribution-NonCommercial-ShareAlike 4.0,4.0,06:00,https://www.xeno-canto.org/489389,sheowl/XC489389.ogg
sheowl,[],"['adult', 'alarm call']",58.2948,13.5507,Asio flammeus,Short-eared Owl,Leif Arvidsson,Creative Commons Attribution-NonCommercial-ShareAlike 4.0,4.0,00:00,https://www.xeno-canto.org/519559,sheowl/XC519559.ogg
sheowl,[],"['flight call', 'short and long call']",48.5547,1.8649,Asio flammeus,Short-eared Owl,Stanislas Wroza,Creative Commons Attribution-NonCommercial-ShareAlike 4.0,4.0,17:00,https://www.xeno-canto.org/522575,sheowl/XC522575.ogg
sheowl,[],"['flight call', 'various calls']",48.5547,1.8649,Asio flammeus,Short-eared Owl,Stanislas Wroza,Creative Commons Attribution-NonCommercial-ShareAlike 4.0,4.0,17:00,https://www.xeno-canto.org/522576,sheowl/XC522576.ogg
sheowl,[],"['adult', 'call', 'female', 'male', 'possible copulation']",69.598,18.823,Asio flammeus,Short-eared Owl,Stein Ø. Nilsen,Creative Commons Attribution-NonCommercial-ShareAlike 4.0,4.5,04:30,https://www.xeno-canto.org/522973,sheowl/XC522973.ogg
sheowl,[],"['call', 'flight call']",41.9604,-70.8913,Asio flammeus,Short-eared Owl,Will Sweet,Creative Commons Attribution-NonCommercial-ShareAlike 4.0,3.5,05:30,https://www.xeno-canto.org/528759,sheowl/XC528759.ogg
sheowl,[],"['adult', 'call', 'sex uncertain']",-23.9571,-52.1851,Asio flammeus,Short-eared Owl,Luiz C.  Silva,Creative Commons Attribution-NonCommercial-ShareAlike 4.0,4.0,18:00,https://www.xeno-canto.org/545852,sheowl/XC545852.ogg
sheowl,[],"['adult', 'flight call', 'male', 'song']",52.23,21.0105,Asio flammeus,Short-eared Owl,Jarek Matusiak,Creative Commons Attribution-NonCommercial-ShareAlike 4.0,5.0,23:00,https://www.xeno-canto.org/552051,sheowl/XC552051.ogg
sheowl,[],"['adult', 'female', 'flight call']",52.23,21.0105,Asio flammeus,Short-eared Owl,Jarek Matusiak,Creative Commons Attribution-NonCommercial-ShareAlike 4.0,5.0,23:00,https://www.xeno-canto.org/552057,sheowl/XC552057.ogg
sheowl,[],"['adult', 'female', 'flight call', 'male', 'song', 'wings flapping']",52.23,21.0105,Asio flammeus,Short-eared Owl,Jarek Matusiak,Creative Commons Attribution-NonCommercial-ShareAlike 4.0,5.0,23:00,https://www.xeno-canto.org/552106,sheowl/XC552106.ogg
sheowl,[],"['adult', 'female', 'flight call', 'male', 'song', 'wings flapping']",52.23,21.0105,Asio flammeus,Short-eared Owl,Jarek Matusiak,Creative Commons Attribution-NonCommercial-ShareAlike 4.0,5.0,23:00,https://www.xeno-canto.org/552111,sheowl/XC552111.ogg
sheowl,[],"['male', 'song']",63.501,19.4221,Asio flammeus,Short-eared Owl,Lars Edenius,Creative Commons Attribution-NonCommercial-ShareAlike 4.0,4.0,19:30,https://www.xeno-canto.org/554830,sheowl/XC554830.ogg
sheowl,[],"['male', 'song', 'wings']",52.23,21.0105,Asio flammeus,Short-eared Owl,Jarek Matusiak,Creative Commons Attribution-NonCommercial-ShareAlike 4.0,4.5,04:30,https://www.xeno-canto.org/557487,sheowl/XC557487.ogg
sheowl,[],"['call', 'wings']",52.23,21.0105,Asio flammeus,Short-eared Owl,Jarek Matusiak,Creative Commons Attribution-NonCommercial-ShareAlike 4.0,4.5,04:30,https://www.xeno-canto.org/557488,sheowl/XC557488.ogg
sheowl,[],"['begging call', 'hatchling or nestling', 'sex uncertain']",50.0758,15.0444,Asio flammeus,Short-eared Owl,Rick Sharloch,Creative Commons Attribution-NonCommercial-ShareAlike 4.0,4.0,00:00,https://www.xeno-canto.org/571737,sheowl/XC571737.ogg
sheowl,[],"['begging call', 'hatchling or nestling', 'sex uncertain']",50.0736,15.0469,Asio flammeus,Short-eared Owl,Rick Sharloch,Creative Commons Attribution-NonCommercial-ShareAlike 4.0,3.0,23:30,https://www.xeno-canto.org/571983,sheowl/XC571983.ogg
sheowl,[],"['call', 'flight call', 'nocturnal flight call']",54.2081,-0.2889,Asio flammeus,Short-eared Owl,Mark Pearson,Creative Commons Attribution-NonCommercial-ShareAlike 4.0,3.0,22:10,https://www.xeno-canto.org/582788,sheowl/XC582788.ogg
sheowl,[],"['begging call', 'juvenile', 'sex uncertain']",4.7257,-74.1418,Asio flammeus,Short-eared Owl,Jhon Jimenez,Creative Commons Attribution-NonCommercial-ShareAlike 4.0,3.5,07:00,https://www.xeno-canto.org/583738,sheowl/XC583738.ogg
sheowl,[],['song'],63.501,19.4221,Asio flammeus,Short-eared Owl,Lars Edenius,Creative Commons Attribution-NonCommercial-ShareAlike 4.0,5.0,20:00,https://www.xeno-canto.org/586517,sheowl/XC586517.ogg
sheowl,[],"['adult', 'alarm call', 'call', 'sex uncertain']",-32.4105,-63.2436,Asio flammeus,Short-eared Owl,Rosendo Manuel Fraga,Creative Commons Attribution-NonCommercial-ShareAlike 4.0,5.0,10:00,https://www.xeno-canto.org/596527,sheowl/XC596527.ogg
sheowl,[],"['adult', 'alarm call']",59.3471,23.9436,Asio flammeus,Short-eared Owl,Uku Paal,Creative Commons Attribution-NonCommercial-ShareAlike 4.0,2.5,22:00,https://www.xeno-canto.org/605731,sheowl/XC605731.ogg
sheowl,[],"['call', 'sex uncertain']",50.5969,5.1029,Asio flammeus,Short-eared Owl,Anne-Laure Geboes,Creative Commons Attribution-NonCommercial-ShareAlike 4.0,4.0,17:30,https://www.xeno-canto.org/607641,sheowl/XC607641.ogg
sheowl,[],"['call', 'juvenile', 'sex uncertain']",4.9488,-73.9577,Asio flammeus,Short-eared Owl,Fernando Castro,Creative Commons Attribution-NonCommercial-ShareAlike 4.0,3.0,17:00,https://www.xeno-canto.org/607790,sheowl/XC607790.ogg
sheowl,[],"['call', 'juvenile', 'sex uncertain']",4.9488,-73.9577,Asio flammeus,Short-eared Owl,Fernando Castro,Creative Commons Attribution-NonCommercial-ShareAlike 4.0,4.0,17:00,https://www.xeno-canto.org/607792,sheowl/XC607792.ogg
sheowl,[],"['call', 'sex uncertain']",50.5969,5.1029,Asio flammeus,Short-eared Owl,Anne-Laure Geboes,Creative Commons Attribution-NonCommercial-ShareAlike 4.0,3.0,16:30,https://www.xeno-canto.org/608379,sheowl/XC608379.ogg
sheowl,[],['call'],50.5969,5.1029,Asio flammeus,Short-eared Owl,Anne-Laure Geboes,Creative Commons Attribution-NonCommercial-ShareAlike 4.0,2.0,16:30,https://www.xeno-canto.org/608382,sheowl/XC608382.ogg
sheowl,[],['uncertain'],50.5969,5.1029,Asio flammeus,Short-eared Owl,Anne-Laure Geboes,Creative Commons Attribution-NonCommercial-ShareAlike 4.0,2.0,16:30,https://www.xeno-canto.org/608383,sheowl/XC608383.ogg
sheowl,[],['call'],50.3374,8.887,Asio flammeus,Short-eared Owl,brickegickel,Creative Commons Attribution-NonCommercial-ShareAlike 4.0,3.0,17:30,https://www.xeno-canto.org/612287,sheowl/XC612287.ogg
sheowl,[],['call'],50.5969,5.1029,Asio flammeus,Short-eared Owl,Anne-Laure Geboes,Creative Commons Attribution-NonCommercial-ShareAlike 4.0,4.0,17:00,https://www.xeno-canto.org/612420,sheowl/XC612420.ogg
sheowl,[],"['flight call', 'wing-clapping']",53.2854,22.5764,Asio flammeus,Short-eared Owl,Romuald Mikusek,Creative Commons Attribution-NonCommercial-ShareAlike 4.0,3.0,21:45,https://www.xeno-canto.org/613522,sheowl/XC613522.ogg
sheowl,[],"['flight call', 'sex uncertain']",53.2854,22.5764,Asio flammeus,Short-eared Owl,Romuald Mikusek,Creative Commons Attribution-NonCommercial-ShareAlike 4.0,4.0,21:30,https://www.xeno-canto.org/614003,sheowl/XC614003.ogg
sheowl,[],"['male', 'wing-clapping']",53.2854,22.5764,Asio flammeus,Short-eared Owl,Romuald Mikusek,Creative Commons Attribution-NonCommercial-ShareAlike 4.0,5.0,21:45,https://www.xeno-canto.org/614004,sheowl/XC614004.ogg
sheowl,[],"['flight call', 'male']",53.2854,22.5764,Asio flammeus,Short-eared Owl,Romuald Mikusek,Creative Commons Attribution-NonCommercial-ShareAlike 4.0,4.0,21:45,https://www.xeno-canto.org/614005,sheowl/XC614005.ogg
sheowl,[],"['flight call', 'sex uncertain']",53.2854,22.5764,Asio flammeus,Short-eared Owl,Romuald Mikusek,Creative Commons Attribution-NonCommercial-ShareAlike 4.0,4.5,22:10,https://www.xeno-canto.org/614203,sheowl/XC614203.ogg
sheowl,[],"['call', 'flight call', 'sex uncertain', 'wing-clapping']",53.2854,22.5764,Asio flammeus,Short-eared Owl,Romuald Mikusek,Creative Commons Attribution-NonCommercial-ShareAlike 4.0,4.5,22:10,https://www.xeno-canto.org/614205,sheowl/XC614205.ogg
sheowl,[],"['flight call', 'sex uncertain']",53.2854,22.5764,Asio flammeus,Short-eared Owl,Romuald Mikusek,Creative Commons Attribution-NonCommercial-ShareAlike 4.0,4.5,22:30,https://www.xeno-canto.org/614282,sheowl/XC614282.ogg
sheowl,[],"['flight call', 'sex uncertain']",53.2854,22.5764,Asio flammeus,Short-eared Owl,Romuald Mikusek,Creative Commons Attribution-NonCommercial-ShareAlike 4.0,3.5,00:40,https://www.xeno-canto.org/614320,sheowl/XC614320.ogg
sheowl,[],"['flight call', 'sex uncertain', 'wing-clapping']",53.2854,22.5764,Asio flammeus,Short-eared Owl,Romuald Mikusek,Creative Commons Attribution-NonCommercial-ShareAlike 4.0,4.5,00:55,https://www.xeno-canto.org/614322,sheowl/XC614322.ogg
sheowl,[],"['flight call', 'sex uncertain', 'wing-clapping']",53.2854,22.5764,Asio flammeus,Short-eared Owl,Romuald Mikusek,Creative Commons Attribution-NonCommercial-ShareAlike 4.0,4.5,01:00,https://www.xeno-canto.org/614483,sheowl/XC614483.ogg
sheowl,[],"['alarm call', 'flight call', 'sex uncertain']",53.2854,22.5764,Asio flammeus,Short-eared Owl,Romuald Mikusek,Creative Commons Attribution-NonCommercial-ShareAlike 4.0,4.5,01:40,https://www.xeno-canto.org/614496,sheowl/XC614496.ogg
sheowl,[],"['sex uncertain', 'wing-clapping']",53.2854,22.5764,Asio flammeus,Short-eared Owl,Romuald Mikusek,Creative Commons Attribution-NonCommercial-ShareAlike 4.0,3.5,02:00,https://www.xeno-canto.org/614504,sheowl/XC614504.ogg
sheowl,[],['wing-clapping'],53.2854,22.5764,Asio flammeus,Short-eared Owl,Romuald Mikusek,Creative Commons Attribution-NonCommercial-ShareAlike 4.0,3.5,18:10,https://www.xeno-canto.org/614898,sheowl/XC614898.ogg
sheowl,[],['wing-clapping'],53.2854,22.5764,Asio flammeus,Short-eared Owl,Romuald Mikusek,Creative Commons Attribution-NonCommercial-ShareAlike 4.0,3.5,21:45,https://www.xeno-canto.org/615036,sheowl/XC615036.ogg
sheowl,[],['alarm call'],53.2854,22.5764,Asio flammeus,Short-eared Owl,Romuald Mikusek,Creative Commons Attribution-NonCommercial-ShareAlike 4.0,4.5,23:30,https://www.xeno-canto.org/615580,sheowl/XC615580.ogg
sheowl,[],['wing-clapping'],53.2854,22.5764,Asio flammeus,Short-eared Owl,Romuald Mikusek,Creative Commons Attribution-NonCommercial-ShareAlike 4.0,3.5,23:30,https://www.xeno-canto.org/615634,sheowl/XC615634.ogg
sheowl,[],"['alarm call', 'sex uncertain']",53.2854,22.5764,Asio flammeus,Short-eared Owl,Romuald Mikusek,Creative Commons Attribution-NonCommercial-ShareAlike 4.0,4.5,20:30,https://www.xeno-canto.org/616143,sheowl/XC616143.ogg
sheowl,[],"['flight call', 'song', 'wing-clapping']",53.2854,22.5764,Asio flammeus,Short-eared Owl,Romuald Mikusek,Creative Commons Attribution-NonCommercial-ShareAlike 4.0,4.5,2:10,https://www.xeno-canto.org/616344,sheowl/XC616344.ogg
sheowl,[],['flight call'],53.2854,22.5764,Asio flammeus,Short-eared Owl,Romuald Mikusek,Creative Commons Attribution-NonCommercial-ShareAlike 4.0,3.5,19:45,https://www.xeno-canto.org/618152,sheowl/XC618152.ogg
sheowl,[],"['alarm call', 'sex uncertain']",53.2854,22.5764,Asio flammeus,Short-eared Owl,Romuald Mikusek,Creative Commons Attribution-NonCommercial-ShareAlike 4.0,4.5,21:15,https://www.xeno-canto.org/618304,sheowl/XC618304.ogg
sheowl,[],"['alarm call', 'sex uncertain']",53.2854,22.5764,Asio flammeus,Short-eared Owl,Romuald Mikusek,Creative Commons Attribution-NonCommercial-ShareAlike 4.0,4.5,21:20,https://www.xeno-canto.org/618308,sheowl/XC618308.ogg
sheowl,[],"['flight call', 'sex uncertain']",53.2854,22.5764,Asio flammeus,Short-eared Owl,Romuald Mikusek,Creative Commons Attribution-NonCommercial-ShareAlike 4.0,4.0,23:30,https://www.xeno-canto.org/618413,sheowl/XC618413.ogg
sheowl,[],"['flight call', 'sex uncertain', 'wing-clapping']",53.2854,22.5764,Asio flammeus,Short-eared Owl,Romuald Mikusek,Creative Commons Attribution-NonCommercial-ShareAlike 4.0,5.0,0:45,https://www.xeno-canto.org/618414,sheowl/XC618414.ogg
sheowl,[],"['flight call', 'sex uncertain', 'wing-clapping']",53.2854,22.5764,Asio flammeus,Short-eared Owl,Romuald Mikusek,Creative Commons Attribution-NonCommercial-ShareAlike 4.0,4.5,2:10,https://www.xeno-canto.org/618443,sheowl/XC618443.ogg
sheowl,[],"['adult', 'song']",46.8703,-2.1036,Asio flammeus,Short-eared Owl,"Olivier SWIFT, Hélène CARTAUD",Creative Commons Attribution-NonCommercial-ShareAlike 4.0,4.0,19:14,https://www.xeno-canto.org/637495,sheowl/XC637495.ogg
sheowl,[],"['adult', 'song']",46.8703,-2.1036,Asio flammeus,Short-eared Owl,"Olivier SWIFT, Hélène CARTAUD",Creative Commons Attribution-NonCommercial-ShareAlike 4.0,4.0,19:15,https://www.xeno-canto.org/637496,sheowl/XC637496.ogg
sheowl,[],"['begging call', 'juvenile', 'sex uncertain']",53.2854,22.5764,Asio flammeus,Short-eared Owl,Romuald Mikusek,Creative Commons Attribution-NonCommercial-ShareAlike 4.0,5.0,23:10,https://www.xeno-canto.org/656116,sheowl/XC656116.ogg
sheowl,[],"['begging call', 'juvenile', 'sex uncertain']",53.2854,22.5764,Asio flammeus,Short-eared Owl,Romuald Mikusek,Creative Commons Attribution-NonCommercial-ShareAlike 4.0,4.5,23:10,https://www.xeno-canto.org/656154,sheowl/XC656154.ogg
sheowl,[],"['begging call', 'juvenile', 'sex uncertain', 'wing-clapping']",53.2854,22.5764,Asio flammeus,Short-eared Owl,Romuald Mikusek,Creative Commons Attribution-NonCommercial-ShareAlike 4.0,4.5,23:55,https://www.xeno-canto.org/656164,sheowl/XC656164.ogg
sheowl,[],"['adult', 'alarm call', 'sex uncertain']",60.3855,7.6382,Asio flammeus,Short-eared Owl,Frode Falkenberg,Creative Commons Attribution-NonCommercial-ShareAlike 4.0,4.5,00:00,https://www.xeno-canto.org/658728,sheowl/XC658728.ogg
sheowl,[],"['begging call', 'juvenile', 'sex uncertain']",53.2854,22.5764,Asio flammeus,Short-eared Owl,Romuald Mikusek,Creative Commons Attribution-NonCommercial-ShareAlike 4.0,4.5,00:00,https://www.xeno-canto.org/661557,sheowl/XC661557.ogg
sheowl,[],"['adult', 'begging call', 'juvenile', 'sex uncertain', 'wing-clapping']",53.2854,22.5764,Asio flammeus,Short-eared Owl,Romuald Mikusek,Creative Commons Attribution-NonCommercial-ShareAlike 4.0,4.5,00:20,https://www.xeno-canto.org/661564,sheowl/XC661564.ogg
sheowl,[],"['adult', 'flight call', 'male', 'song', 'wing-clapping']",53.2854,22.5764,Asio flammeus,Short-eared Owl,Romuald Mikusek,Creative Commons Attribution-NonCommercial-ShareAlike 4.0,4.5,02:20,https://www.xeno-canto.org/661609,sheowl/XC661609.ogg
sheowl,[],"['adult', 'flight call', 'male', 'wing-clapping']",53.2854,22.5764,Asio flammeus,Short-eared Owl,Romuald Mikusek,Creative Commons Attribution-NonCommercial-ShareAlike 4.0,2.5,3:20,https://www.xeno-canto.org/661805,sheowl/XC661805.ogg
sheowl,[],"['begging call', 'flight call', 'sex uncertain', 'wing-clapping']",53.2854,22.5764,Asio flammeus,Short-eared Owl,Romuald Mikusek,Creative Commons Attribution-NonCommercial-ShareAlike 4.0,4.5,3:20,https://www.xeno-canto.org/661817,sheowl/XC661817.ogg
sheowl,[],['call'],53.2854,22.5764,Asio flammeus,Short-eared Owl,Romuald Mikusek,Creative Commons Attribution-NonCommercial-ShareAlike 4.0,4.5,8:30,https://www.xeno-canto.org/664536,sheowl/XC664536.ogg
sheowl,[],"['alarm call', 'flight call', 'sex uncertain']",53.2854,22.5764,Asio flammeus,Short-eared Owl,Romuald Mikusek,Creative Commons Attribution-NonCommercial-ShareAlike 4.0,4.5,2:05,https://www.xeno-canto.org/664628,sheowl/XC664628.ogg
sheowl,[],"['begging call', 'sex uncertain']",53.2854,22.5764,Asio flammeus,Short-eared Owl,Romuald Mikusek,Creative Commons Attribution-NonCommercial-ShareAlike 4.0,4.5,4:30,https://www.xeno-canto.org/664664,sheowl/XC664664.ogg
sheowl,[],"['alarm call', 'distraction display', 'male']",53.2854,22.5764,Asio flammeus,Short-eared Owl,Romuald Mikusek,Creative Commons Attribution-NonCommercial-ShareAlike 4.0,4.5,7:35,https://www.xeno-canto.org/666498,sheowl/XC666498.ogg
sheowl,[],"['alarm call', 'distraction display', 'male']",53.2854,22.5764,Asio flammeus,Short-eared Owl,Romuald Mikusek,Creative Commons Attribution-NonCommercial-ShareAlike 4.0,4.5,7:37,https://www.xeno-canto.org/666499,sheowl/XC666499.ogg
sheowl,[],"['alarm call', 'distraction display', 'male']",53.2854,22.5764,Asio flammeus,Short-eared Owl,Romuald Mikusek,Creative Commons Attribution-NonCommercial-ShareAlike 4.0,4.5,7:44,https://www.xeno-canto.org/666501,sheowl/XC666501.ogg
sheowl,[],"['alarm call', 'distraction display', 'male']",53.2854,22.5764,Asio flammeus,Short-eared Owl,Romuald Mikusek,Creative Commons Attribution-NonCommercial-ShareAlike 4.0,3.5,7:44,https://www.xeno-canto.org/666502,sheowl/XC666502.ogg
sheowl,[],"['alarm call', 'distraction display', 'male']",53.2854,22.5764,Asio flammeus,Short-eared Owl,Romuald Mikusek,Creative Commons Attribution-NonCommercial-ShareAlike 4.0,4.5,7:44,https://www.xeno-canto.org/666503,sheowl/XC666503.ogg
sheowl,[],"['call', 'flight call', 'sex uncertain']",53.2854,22.5764,Asio flammeus,Short-eared Owl,Romuald Mikusek,Creative Commons Attribution-NonCommercial-ShareAlike 4.0,3.5,20:00,https://www.xeno-canto.org/666516,sheowl/XC666516.ogg
shtsan,[],['call'],-38.0051,144.5904,Calidris acuminata,Sharp-tailed Sandpiper,nick talbot,Creative Commons Attribution-NonCommercial-ShareAlike 4.0,3.0,09:00,https://www.xeno-canto.org/182428,shtsan/XC182428.ogg
shtsan,[],['call'],70.9409,147.9749,Calidris acuminata,Sharp-tailed Sandpiper,Sunny,Creative Commons Attribution-NonCommercial-ShareAlike 4.0,5.0,15:30,https://www.xeno-canto.org/396683,shtsan/XC396683.ogg
shtsan,[],['song'],70.9409,147.9749,Calidris acuminata,Sharp-tailed Sandpiper,Ukolov Ilya,Creative Commons Attribution-NonCommercial-ShareAlike 4.0,4.0,12:00,https://www.xeno-canto.org/424284,shtsan/XC424284.ogg
skylar,[],['flight call'],53.3048,5.08,Alauda arvensis,Eurasian Skylark,Sander Bot,Creative Commons Attribution-NonCommercial-ShareAlike 3.0,3.5,09:00,https://www.xeno-canto.org/112425,skylar/XC112425.ogg
skylar,[],['flight call'],52.3417,20.9314,Alauda arvensis,Eurasian Skylark,Jarek Matusiak,Creative Commons Attribution-NonCommercial-ShareAlike 3.0,5.0,14:00,https://www.xeno-canto.org/114459,skylar/XC114459.ogg
skylar,[],['flight call'],52.0813,21.1706,Alauda arvensis,Eurasian Skylark,Jarek Matusiak,Creative Commons Attribution-NonCommercial-ShareAlike 3.0,5.0,15:20,https://www.xeno-canto.org/128543,skylar/XC128543.ogg
skylar,[],['song'],52.7167,23.8334,Alauda arvensis,Eurasian Skylark,Mathias Ritschard,Creative Commons Attribution-NonCommercial-ShareAlike 3.0,3.0,00:00,https://www.xeno-canto.org/129473,skylar/XC129473.ogg
skylar,[],['song'],60.2513,17.1808,Alauda arvensis,Eurasian Skylark,Jelmer Poelstra,Creative Commons Attribution-NonCommercial-ShareAlike 3.0,3.5,07:30,https://www.xeno-canto.org/130423,skylar/XC130423.ogg
skylar,[],"['male', 'song']",55.382,46.4035,Alauda arvensis,Eurasian Skylark,Albert Lastukhin,Creative Commons Attribution-NonCommercial-ShareAlike 3.0,4.0,05:00,https://www.xeno-canto.org/131285,skylar/XC131285.ogg
skylar,[],"['male', 'song']",55.382,46.4035,Alauda arvensis,Eurasian Skylark,Albert Lastukhin,Creative Commons Attribution-NonCommercial-ShareAlike 3.0,3.0,06:30,https://www.xeno-canto.org/131289,skylar/XC131289.ogg
skylar,[],"['flight call', 'male', 'song']",52.9165,17.096,Alauda arvensis,Eurasian Skylark,Krzysztof Deoniziak,Creative Commons Attribution-NonCommercial-ShareAlike 3.0,4.0,07:00,https://www.xeno-canto.org/131537,skylar/XC131537.ogg
skylar,[],['song'],60.7225,11.1095,Alauda arvensis,Eurasian Skylark,Elias A. Ryberg,Creative Commons Attribution-NonCommercial-ShareAlike 3.0,5.0,18:30,https://www.xeno-canto.org/131647,skylar/XC131647.ogg
skylar,[],['song'],47.3667,20.6347,Alauda arvensis,Eurasian Skylark,Volker Arnold,Creative Commons Attribution-NonCommercial-ShareAlike 3.0,4.0,11:54,https://www.xeno-canto.org/134077,skylar/XC134077.ogg
skylar,[],['song'],55.5271,47.6292,Alauda arvensis,Eurasian Skylark,Albert Lastukhin,Creative Commons Attribution-NonCommercial-ShareAlike 3.0,2.5,11:30,https://www.xeno-canto.org/138797,skylar/XC138797.ogg
skylar,[],"['male', 'song']",55.5158,47.7792,Alauda arvensis,Eurasian Skylark,Albert Lastukhin,Creative Commons Attribution-NonCommercial-ShareAlike 3.0,3.0,14:00,https://www.xeno-canto.org/138803,skylar/XC138803.ogg
skylar,[],['song'],55.0563,46.4694,Alauda arvensis,Eurasian Skylark,Albert Lastukhin,Creative Commons Attribution-NonCommercial-ShareAlike 3.0,2.0,09:00,https://www.xeno-canto.org/139048,skylar/XC139048.ogg
skylar,[],['song'],55.0296,46.5189,Alauda arvensis,Eurasian Skylark,Albert Lastukhin,Creative Commons Attribution-NonCommercial-ShareAlike 3.0,3.0,09:00,https://www.xeno-canto.org/139049,skylar/XC139049.ogg
skylar,[],['song'],52.9947,11.3403,Alauda arvensis,Eurasian Skylark,Volker Arnold,Creative Commons Attribution-NonCommercial-ShareAlike 3.0,4.0,12:14,https://www.xeno-canto.org/139781,skylar/XC139781.ogg
skylar,[],['song'],39.2609,44.045,Alauda arvensis,Eurasian Skylark,Yoav Perlman,Creative Commons Attribution-NonCommercial-ShareAlike 3.0,4.0,17:00,https://www.xeno-canto.org/139939,skylar/XC139939.ogg
skylar,[],['song'],49.363,11.7873,Alauda arvensis,Eurasian Skylark,Kilian Wasmer,Creative Commons Attribution-NonCommercial-ShareAlike 3.0,3.5,11:00,https://www.xeno-canto.org/140587,skylar/XC140587.ogg
skylar,[],"['in flight', 'song']",42.4436,1.9002,Alauda arvensis,Eurasian Skylark,Jordi Calvet,Creative Commons Attribution-NonCommercial-ShareAlike 3.0,3.5,08:15,https://www.xeno-canto.org/141436,skylar/XC141436.ogg
skylar,[],"['male', 'song']",51.3246,3.7232,Alauda arvensis,Eurasian Skylark,Erik Roels,Creative Commons Attribution-NonCommercial-ShareAlike 3.0,4.0,15:00,https://www.xeno-canto.org/142423,skylar/XC142423.ogg
skylar,[],['song'],43.4638,1.6084,Alauda arvensis,Eurasian Skylark,Bernard BOUSQUET,Creative Commons Attribution-NonCommercial-ShareAlike 3.0,4.0,07:30,https://www.xeno-canto.org/142519,skylar/XC142519.ogg
skylar,[],"['call', 'male', 'song']",51.0362,4.0066,Alauda arvensis,Eurasian Skylark,Erik Roels,Creative Commons Attribution-NonCommercial-ShareAlike 3.0,2.5,15:00,https://www.xeno-canto.org/142692,skylar/XC142692.ogg
skylar,[],"['call', 'flight call']",51.0362,4.0066,Alauda arvensis,Eurasian Skylark,Erik Roels,Creative Commons Attribution-NonCommercial-ShareAlike 3.0,4.0,16:00,https://www.xeno-canto.org/143109,skylar/XC143109.ogg
skylar,[],['song'],55.954,47.1046,Alauda arvensis,Eurasian Skylark,Albert Lastukhin,Creative Commons Attribution-NonCommercial-ShareAlike 3.0,3.0,16:00,https://www.xeno-canto.org/146521,skylar/XC146521.ogg
skylar,[],['song'],48.352,2.3572,Alauda arvensis,Eurasian Skylark,julien Rochefort,Creative Commons Attribution-NonCommercial-ShareAlike 3.0,4.0,09:30,https://www.xeno-canto.org/146574,skylar/XC146574.ogg
skylar,[],['song'],48.352,2.3572,Alauda arvensis,Eurasian Skylark,julien Rochefort,Creative Commons Attribution-NonCommercial-ShareAlike 3.0,4.0,11:00,https://www.xeno-canto.org/146575,skylar/XC146575.ogg
skylar,[],['flight call'],55.9792,47.3739,Alauda arvensis,Eurasian Skylark,Albert Lastukhin,Creative Commons Attribution-NonCommercial-ShareAlike 3.0,2.5,07:30,https://www.xeno-canto.org/147131,skylar/XC147131.ogg
skylar,[],['flight call'],55.9967,47.4144,Alauda arvensis,Eurasian Skylark,Albert Lastukhin,Creative Commons Attribution-NonCommercial-ShareAlike 3.0,4.0,09:00,https://www.xeno-canto.org/147139,skylar/XC147139.ogg
skylar,[],['flight call'],48.352,2.3572,Alauda arvensis,Eurasian Skylark,julien Rochefort,Creative Commons Attribution-NonCommercial-ShareAlike 3.0,4.0,11:00,https://www.xeno-canto.org/147421,skylar/XC147421.ogg
skylar,[],['flight call'],51.979,5.688,Alauda arvensis,Eurasian Skylark,Herman van Oosten,Creative Commons Attribution-NonCommercial-ShareAlike 3.0,4.0,08:15,https://www.xeno-canto.org/152410,skylar/XC152410.ogg
skylar,[],['Flight song'],55.653,12.574,Alauda arvensis,Eurasian Skylark,Mayron McKewy Mejía,Creative Commons Attribution-NonCommercial-ShareAlike 3.0,3.0,10:00,https://www.xeno-canto.org/152695,skylar/XC152695.ogg
skylar,[],"['alarm call', 'flight call']",43.3494,-0.3483,Alauda arvensis,Eurasian Skylark,Bernard BOUSQUET,Creative Commons Attribution-NonCommercial-ShareAlike 3.0,3.0,09:00,https://www.xeno-canto.org/152823,skylar/XC152823.ogg
skylar,[],['song'],50.5067,70.0639,Alauda arvensis,Eurasian Skylark,Arend Wassink,Creative Commons Attribution-NonCommercial-ShareAlike 3.0,5.0,06:00,https://www.xeno-canto.org/153898,skylar/XC153898.ogg
skylar,[],"['flight call', 'male', 'song']",44.8774,8.7166,Alauda arvensis,Eurasian Skylark,Mirko Tomasi,Creative Commons Attribution-NonCommercial-ShareAlike 3.0,4.0,10:00,https://www.xeno-canto.org/156831,skylar/XC156831.ogg
skylar,[],['flight call'],51.8825,6.33,Alauda arvensis,Eurasian Skylark,Roel Schwartz,Creative Commons Attribution-NonCommercial-ShareAlike 3.0,4.0,14:07,https://www.xeno-canto.org/167708,skylar/XC167708.ogg
skylar,[],['song'],52.3123,13.7697,Alauda arvensis,Eurasian Skylark,Sonnenburg,Creative Commons Attribution-NonCommercial-ShareAlike 3.0,3.0,10:50,https://www.xeno-canto.org/169061,skylar/XC169061.ogg
skylar,[],['flight call'],56.1077,47.5726,Alauda arvensis,Eurasian Skylark,Albert Lastukhin,Creative Commons Attribution-NonCommercial-ShareAlike 3.0,3.0,10:30,https://www.xeno-canto.org/170929,skylar/XC170929.ogg
skylar,[],"['flight call', 'song']",56.0953,47.3042,Alauda arvensis,Eurasian Skylark,Albert Lastukhin,Creative Commons Attribution-NonCommercial-ShareAlike 4.0,3.0,08:00,https://www.xeno-canto.org/172092,skylar/XC172092.ogg
skylar,[],['song'],56.0953,47.3042,Alauda arvensis,Eurasian Skylark,Albert Lastukhin,Creative Commons Attribution-NonCommercial-ShareAlike 4.0,3.0,08:00,https://www.xeno-canto.org/172095,skylar/XC172095.ogg
skylar,[],['song'],56.1296,47.3825,Alauda arvensis,Eurasian Skylark,Albert Lastukhin,Creative Commons Attribution-NonCommercial-ShareAlike 4.0,3.0,09:30,https://www.xeno-canto.org/172357,skylar/XC172357.ogg
skylar,[],"['flight song', 'song']",41.6793,1.4401,Alauda arvensis,Eurasian Skylark,Jordi Calvet,Creative Commons Attribution-NonCommercial-ShareAlike 4.0,4.0,14:35,https://www.xeno-canto.org/173012,skylar/XC173012.ogg
skylar,[],['song'],44.3494,-1.067,Alauda arvensis,Eurasian Skylark,Nicole Bouglouan,Creative Commons Attribution-NonCommercial-ShareAlike 4.0,4.0,10:00,https://www.xeno-canto.org/174450,skylar/XC174450.ogg
skylar,[],['song'],56.1289,47.3867,Alauda arvensis,Eurasian Skylark,Albert Lastukhin,Creative Commons Attribution-NonCommercial-ShareAlike 4.0,4.0,08:00,https://www.xeno-canto.org/174987,skylar/XC174987.ogg
skylar,[],['song'],56.1634,47.5103,Alauda arvensis,Eurasian Skylark,Albert Lastukhin,Creative Commons Attribution-NonCommercial-ShareAlike 4.0,3.0,09:00,https://www.xeno-canto.org/175176,skylar/XC175176.ogg
skylar,[],['song'],56.1283,47.4026,Alauda arvensis,Eurasian Skylark,Albert Lastukhin,Creative Commons Attribution-NonCommercial-ShareAlike 4.0,4.0,08:00,https://www.xeno-canto.org/175308,skylar/XC175308.ogg
skylar,[],['song'],56.1211,47.5042,Alauda arvensis,Eurasian Skylark,Albert Lastukhin,Creative Commons Attribution-NonCommercial-ShareAlike 4.0,4.0,10:30,https://www.xeno-canto.org/175701,skylar/XC175701.ogg
skylar,[],['song'],56.1211,47.5042,Alauda arvensis,Eurasian Skylark,Albert Lastukhin,Creative Commons Attribution-NonCommercial-ShareAlike 4.0,3.0,10:00,https://www.xeno-canto.org/175974,skylar/XC175974.ogg
skylar,[],"['male', 'song']",51.191,16.9613,Alauda arvensis,Eurasian Skylark,Antoni Knychała,Creative Commons Attribution-NonCommercial-ShareAlike 4.0,3.0,13:00,https://www.xeno-canto.org/176419,skylar/XC176419.ogg
skylar,[],"['male', 'song']",52.3836,55.2205,Alauda arvensis,Eurasian Skylark,Albert Lastukhin,Creative Commons Attribution-NonCommercial-ShareAlike 4.0,3.0,09:00,https://www.xeno-canto.org/182197,skylar/XC182197.ogg
skylar,[],"['male', 'song']",50.732,59.6352,Alauda arvensis,Eurasian Skylark,Albert Lastukhin,Creative Commons Attribution-NonCommercial-ShareAlike 4.0,4.0,06:00,https://www.xeno-canto.org/182281,skylar/XC182281.ogg
skylar,[],"['male', 'song']",51.6092,56.6584,Alauda arvensis,Eurasian Skylark,Albert Lastukhin,Creative Commons Attribution-NonCommercial-ShareAlike 4.0,2.5,11:30,https://www.xeno-canto.org/182387,skylar/XC182387.ogg
skylar,[],"['male', 'song']",50.6143,56.7371,Alauda arvensis,Eurasian Skylark,Albert Lastukhin,Creative Commons Attribution-NonCommercial-ShareAlike 4.0,3.0,15:30,https://www.xeno-canto.org/182390,skylar/XC182390.ogg
skylar,[],"['male', 'song']",50.1263,59.0844,Alauda arvensis,Eurasian Skylark,Albert Lastukhin,Creative Commons Attribution-NonCommercial-ShareAlike 4.0,3.0,09:30,https://www.xeno-canto.org/182458,skylar/XC182458.ogg
skylar,[],"['male', 'song']",49.4882,60.38,Alauda arvensis,Eurasian Skylark,Albert Lastukhin,Creative Commons Attribution-NonCommercial-ShareAlike 4.0,3.0,17:00,https://www.xeno-canto.org/182527,skylar/XC182527.ogg
skylar,[],"['male', 'song']",49.4882,60.38,Alauda arvensis,Eurasian Skylark,Albert Lastukhin,Creative Commons Attribution-NonCommercial-ShareAlike 4.0,3.0,17:00,https://www.xeno-canto.org/182528,skylar/XC182528.ogg
skylar,[],"['male', 'song']",48.6732,60.8533,Alauda arvensis,Eurasian Skylark,Albert Lastukhin,Creative Commons Attribution-NonCommercial-ShareAlike 4.0,3.5,05:30,https://www.xeno-canto.org/184582,skylar/XC184582.ogg
skylar,[],"['male', 'song']",48.6732,60.8533,Alauda arvensis,Eurasian Skylark,Albert Lastukhin,Creative Commons Attribution-NonCommercial-ShareAlike 4.0,4.0,05:00,https://www.xeno-canto.org/184583,skylar/XC184583.ogg
skylar,[],"['male', 'song']",48.6732,60.8533,Alauda arvensis,Eurasian Skylark,Albert Lastukhin,Creative Commons Attribution-NonCommercial-ShareAlike 4.0,3.0,05:00,https://www.xeno-canto.org/184584,skylar/XC184584.ogg
skylar,[],"['male', 'song']",50.1679,60.1505,Alauda arvensis,Eurasian Skylark,Albert Lastukhin,Creative Commons Attribution-NonCommercial-ShareAlike 4.0,4.0,14:00,https://www.xeno-canto.org/184751,skylar/XC184751.ogg
skylar,[],"['male', 'song']",50.1679,60.1505,Alauda arvensis,Eurasian Skylark,Albert Lastukhin,Creative Commons Attribution-NonCommercial-ShareAlike 4.0,4.0,14:00,https://www.xeno-canto.org/184752,skylar/XC184752.ogg
skylar,[],"['male', 'song']",53.3087,54.1425,Alauda arvensis,Eurasian Skylark,Albert Lastukhin,Creative Commons Attribution-NonCommercial-ShareAlike 4.0,3.0,15:00,https://www.xeno-canto.org/186011,skylar/XC186011.ogg
skylar,[],['flight call'],-38.0051,144.5904,Alauda arvensis,Eurasian Skylark,nick talbot,Creative Commons Attribution-NonCommercial-ShareAlike 4.0,4.0,08:00,https://www.xeno-canto.org/188312,skylar/XC188312.ogg
skylar,[],['flight call'],55.0948,47.7598,Alauda arvensis,Eurasian Skylark,Albert Lastukhin,Creative Commons Attribution-NonCommercial-ShareAlike 4.0,4.0,06:00,https://www.xeno-canto.org/189155,skylar/XC189155.ogg
skylar,[],"['autumn', 'call', 'male']",55.0538,47.7497,Alauda arvensis,Eurasian Skylark,Albert Lastukhin,Creative Commons Attribution-NonCommercial-ShareAlike 4.0,5.0,07:30,https://www.xeno-canto.org/189727,skylar/XC189727.ogg
skylar,[],"['autumn', 'call', 'male']",55.0409,47.7274,Alauda arvensis,Eurasian Skylark,Albert Lastukhin,Creative Commons Attribution-NonCommercial-ShareAlike 4.0,5.0,07:30,https://www.xeno-canto.org/189728,skylar/XC189728.ogg
skylar,[],['song'],35.0286,135.6863,Alauda arvensis,Eurasian Skylark,Anon Torimi,Creative Commons Attribution-NonCommercial-ShareAlike 4.0,3.0,11:00,https://www.xeno-canto.org/190706,skylar/XC190706.ogg
skylar,[],['song'],59.3844,12.8537,Alauda arvensis,Eurasian Skylark,Ante Strand,Creative Commons Attribution-NonCommercial-ShareAlike 4.0,3.0,07:00,https://www.xeno-canto.org/192344,skylar/XC192344.ogg
skylar,[],"['alarm call', 'call']",54.8788,9.8694,Alauda arvensis,Eurasian Skylark,Kjetil Botn,Creative Commons Attribution-NonCommercial-ShareAlike 4.0,5.0,11:30,https://www.xeno-canto.org/194620,skylar/XC194620.ogg
skylar,[],['song'],51.6386,6.4418,Alauda arvensis,Eurasian Skylark,Joe Klaiber,Creative Commons Attribution-NonCommercial-ShareAlike 4.0,4.0,08:00,https://www.xeno-canto.org/197628,skylar/XC197628.ogg
skylar,[],"['call', 'song']",53.5008,6.2774,Alauda arvensis,Eurasian Skylark,Rob van Bemmelen,Creative Commons Attribution-NonCommercial-ShareAlike 4.0,4.5,12:00,https://www.xeno-canto.org/198112,skylar/XC198112.ogg
skylar,[],"['male', 'song']",56.1211,47.5042,Alauda arvensis,Eurasian Skylark,Albert Lastukhin,Creative Commons Attribution-NonCommercial-ShareAlike 4.0,4.0,10:30,https://www.xeno-canto.org/199292,skylar/XC199292.ogg
skylar,[],"['male', 'song']",51.7145,5.6109,Alauda arvensis,Eurasian Skylark,Bart Gras,Creative Commons Attribution-NonCommercial-ShareAlike 4.0,5.0,08:26,https://www.xeno-canto.org/199763,skylar/XC199763.ogg
skylar,[],['flight call'],50.7566,3.3191,Alauda arvensis,Eurasian Skylark,Eddy Scheinpflug,Creative Commons Attribution-NonCommercial-ShareAlike 4.0,4.0,08:00,https://www.xeno-canto.org/200138,skylar/XC200138.ogg
skylar,['cangoo'],['song'],-43.5267,172.722,Alauda arvensis,Eurasian Skylark,Dan Lane,Creative Commons Attribution-NonCommercial-ShareAlike 4.0,3.5,10:30,https://www.xeno-canto.org/207678,skylar/XC207678.ogg
skylar,[],"['call', 'flight call']",34.9115,135.762,Alauda arvensis,Eurasian Skylark,Anon Torimi,Creative Commons Attribution-NonCommercial-ShareAlike 4.0,3.5,12:30,https://www.xeno-canto.org/209085,skylar/XC209085.ogg
skylar,[],['song'],54.5816,11.9231,Alauda arvensis,Eurasian Skylark,Louis A. Hansen,Creative Commons Attribution-NonCommercial-ShareAlike 4.0,3.5,07:08,https://www.xeno-canto.org/209138,skylar/XC209138.ogg
skylar,[],"['Subsong', 'song']",54.5592,11.9695,Alauda arvensis,Eurasian Skylark,Louis A. Hansen,Creative Commons Attribution-NonCommercial-ShareAlike 4.0,3.0,11:45,https://www.xeno-canto.org/209158,skylar/XC209158.ogg
skylar,[],"['Subsong', 'song']",54.5592,11.9695,Alauda arvensis,Eurasian Skylark,Louis A. Hansen,Creative Commons Attribution-NonCommercial-ShareAlike 4.0,3.0,11:56,https://www.xeno-canto.org/209159,skylar/XC209159.ogg
skylar,[],['song'],35.0722,135.5647,Alauda arvensis,Eurasian Skylark,Anon Torimi,Creative Commons Attribution-NonCommercial-ShareAlike 4.0,3.0,11:00,https://www.xeno-canto.org/212000,skylar/XC212000.ogg
skylar,[],['song'],35.4443,136.1954,Alauda arvensis,Eurasian Skylark,Anon Torimi,Creative Commons Attribution-NonCommercial-ShareAlike 4.0,2.5,11:30,https://www.xeno-canto.org/212797,skylar/XC212797.ogg
skylar,[],['song'],60.5527,15.6196,Alauda arvensis,Eurasian Skylark,Mikael Litsgård,Creative Commons Attribution-NonCommercial-ShareAlike 4.0,3.5,07:30,https://www.xeno-canto.org/212870,skylar/XC212870.ogg
skylar,[],['song'],35.1908,136.1528,Alauda arvensis,Eurasian Skylark,Anon Torimi,Creative Commons Attribution-NonCommercial-ShareAlike 4.0,3.0,10:00,https://www.xeno-canto.org/212966,skylar/XC212966.ogg
skylar,[],['song'],35.4221,136.2015,Alauda arvensis,Eurasian Skylark,Anon Torimi,Creative Commons Attribution-NonCommercial-ShareAlike 4.0,3.0,10:00,https://www.xeno-canto.org/214614,skylar/XC214614.ogg
skylar,[],['song'],35.4221,136.2015,Alauda arvensis,Eurasian Skylark,Anon Torimi,Creative Commons Attribution-NonCommercial-ShareAlike 4.0,3.0,10:00,https://www.xeno-canto.org/214616,skylar/XC214616.ogg
skylar,[],"['call', 'subsong']",60.3963,22.3703,Alauda arvensis,Eurasian Skylark,Harry Lehto,Creative Commons Attribution-NonCommercial-ShareAlike 4.0,4.0,?,https://www.xeno-canto.org/232502,skylar/XC232502.ogg
skylar,[],['song'],35.4952,136.1224,Alauda arvensis,Eurasian Skylark,Anon Torimi,Creative Commons Attribution-NonCommercial-ShareAlike 4.0,2.5,09:15,https://www.xeno-canto.org/233562,skylar/XC233562.ogg
skylar,[],['call'],34.8029,135.6139,Alauda arvensis,Eurasian Skylark,Anon Torimi,Creative Commons Attribution-NonCommercial-ShareAlike 4.0,4.0,11:00,https://www.xeno-canto.org/235542,skylar/XC235542.ogg
skylar,['jabwar'],['song'],34.8029,135.6139,Alauda arvensis,Eurasian Skylark,Anon Torimi,Creative Commons Attribution-NonCommercial-ShareAlike 4.0,3.5,11:00,https://www.xeno-canto.org/235545,skylar/XC235545.ogg
skylar,[],['song'],47.2023,8.8685,Alauda arvensis,Eurasian Skylark,Harry Kälin,Creative Commons Attribution-NonCommercial-ShareAlike 4.0,3.5,14:00,https://www.xeno-canto.org/240683,skylar/XC240683.ogg
skylar,[],['song'],44.3986,5.6051,Alauda arvensis,Eurasian Skylark,Yoann BLANCHON,Creative Commons Attribution-NonCommercial-ShareAlike 4.0,4.0,09:30,https://www.xeno-canto.org/241824,skylar/XC241824.ogg
skylar,[],['call'],53.6161,-10.1873,Alauda arvensis,Eurasian Skylark,Anthony McGeehan ,Creative Commons Attribution-NonCommercial-ShareAlike 4.0,4.0,10:00,https://www.xeno-canto.org/241900,skylar/XC241900.ogg
skylar,[],['call'],53.6161,-10.1873,Alauda arvensis,Eurasian Skylark,Anthony McGeehan ,Creative Commons Attribution-NonCommercial-ShareAlike 4.0,4.0,08:30,https://www.xeno-canto.org/241929,skylar/XC241929.ogg
skylar,[],['song'],54.1323,-0.1239,Alauda arvensis,Eurasian Skylark,Guillermo García-Saúco,Creative Commons Attribution-NonCommercial-ShareAlike 4.0,4.0,18:40,https://www.xeno-canto.org/246026,skylar/XC246026.ogg
skylar,[],['song'],46.4995,0.261,Alauda arvensis,Eurasian Skylark,Jack Berteau,Creative Commons Attribution-NonCommercial-ShareAlike 4.0,4.0,07:30,https://www.xeno-canto.org/246620,skylar/XC246620.ogg
skylar,[],['song'],48.9888,9.0577,Alauda arvensis,Eurasian Skylark,Christoph Randler,Creative Commons Attribution-NonCommercial-ShareAlike 4.0,3.5,07:00,https://www.xeno-canto.org/249283,skylar/XC249283.ogg
skylar,[],['song'],65.0167,25.4501,Alauda arvensis,Eurasian Skylark,Niels Krabbe,Creative Commons Attribution-NonCommercial-ShareAlike 3.0,5.0,xx:xx,https://www.xeno-canto.org/25140,skylar/XC25140.ogg
skylar,[],['song'],54.1654,-2.0504,Alauda arvensis,Eurasian Skylark,Aidan Place,Creative Commons Attribution-NonCommercial-ShareAlike 4.0,3.5,15:00,https://www.xeno-canto.org/256651,skylar/XC256651.ogg
skylar,[],['call'],54.7334,10.7001,Alauda arvensis,Eurasian Skylark,Niels Krabbe,Creative Commons Attribution-NonCommercial-ShareAlike 3.0,2.0,xx:xx,https://www.xeno-canto.org/25874,skylar/XC25874.ogg
skylar,[],"['male', 'song']",43.4495,132.1592,Alauda arvensis,Eurasian Skylark,Albert Lastukhin,Creative Commons Attribution-NonCommercial-ShareAlike 4.0,4.0,07:30,https://www.xeno-canto.org/267479,skylar/XC267479.ogg
skylar,[],"['male', 'song']",42.4085,130.7507,Alauda arvensis,Eurasian Skylark,Albert Lastukhin,Creative Commons Attribution-NonCommercial-ShareAlike 4.0,4.0,10:00,https://www.xeno-canto.org/267483,skylar/XC267483.ogg
skylar,[],['song'],32.1005,130.2751,Alauda arvensis,Eurasian Skylark,Ko Chie-Jen (Jerome),Creative Commons Attribution-NonCommercial-ShareAlike 4.0,3.5,13:32,https://www.xeno-canto.org/281931,skylar/XC281931.ogg
skylar,['skylar'],['song'],52.3156,5.7983,Alauda arvensis,Eurasian Skylark,Joost van Bruggen,Creative Commons Attribution-NonCommercial-ShareAlike 4.0,3.5,08:00,https://www.xeno-canto.org/282713,skylar/XC282713.ogg
skylar,[],['song'],42.037,143.1274,Alauda arvensis,Eurasian Skylark,Antony Schubert,Creative Commons Attribution-NonCommercial-ShareAlike 4.0,4.0,12:00,https://www.xeno-canto.org/283467,skylar/XC283467.ogg
skylar,[],['flight call'],54.3525,18.9657,Alauda arvensis,Eurasian Skylark,Jarek Matusiak,Creative Commons Attribution-NonCommercial-ShareAlike 4.0,3.5,11:00,https://www.xeno-canto.org/284622,skylar/XC284622.ogg
skylar,[],['flight call'],43.28,5.306,Alauda arvensis,Eurasian Skylark,Cedric Mroczko,Creative Commons Attribution-NonCommercial-ShareAlike 4.0,3.0,15:15,https://www.xeno-canto.org/285380,skylar/XC285380.ogg
skylar,[],['call'],60.2659,24.9573,Alauda arvensis,Eurasian Skylark,Hannu Holmström,Creative Commons Attribution-NonCommercial-ShareAlike 4.0,3.0,10:00,https://www.xeno-canto.org/286650,skylar/XC286650.ogg
skylar,[],['song'],52.6514,13.4729,Alauda arvensis,Eurasian Skylark,Joe Klaiber,Creative Commons Attribution-NonCommercial-ShareAlike 4.0,4.0,00:00,https://www.xeno-canto.org/287132,skylar/XC287132.ogg
skylar,[],['flight call'],37.0951,-6.0386,Alauda arvensis,Eurasian Skylark,José Carlos Sires,Creative Commons Attribution-NonCommercial-ShareAlike 4.0,3.0,?,https://www.xeno-canto.org/290312,skylar/XC290312.ogg
skylar,[],['song'],52.3189,5.7806,Alauda arvensis,Eurasian Skylark,Joost van Bruggen,Creative Commons Attribution-NonCommercial-ShareAlike 4.0,4.0,08:00,https://www.xeno-canto.org/292020,skylar/XC292020.ogg
skylar,[],['song'],53.1595,6.5295,Alauda arvensis,Eurasian Skylark,Ad Postma,Creative Commons Attribution-NonCommercial-ShareAlike 4.0,4.0,08:30,https://www.xeno-canto.org/297591,skylar/XC297591.ogg
skylar,[],['call'],51.3752,0.9401,Alauda arvensis,Eurasian Skylark,David Darrell-Lambert,Creative Commons Attribution-NonCommercial-ShareAlike 4.0,4.0,09:30,https://www.xeno-canto.org/299496,skylar/XC299496.ogg
skylar,[],['flight call'],37.0951,-6.0386,Alauda arvensis,Eurasian Skylark,José Carlos Sires,Creative Commons Attribution-NonCommercial-ShareAlike 4.0,4.0,?,https://www.xeno-canto.org/301572,skylar/XC301572.ogg
skylar,[],['song'],44.3494,-1.067,Alauda arvensis,Eurasian Skylark,Nicole Bouglouan,Creative Commons Attribution-NonCommercial-ShareAlike 4.0,2.0,11:00,https://www.xeno-canto.org/305216,skylar/XC305216.ogg
skylar,[],['call'],48.352,2.3572,Alauda arvensis,Eurasian Skylark,julien Rochefort,Creative Commons Attribution-NonCommercial-ShareAlike 4.0,5.0,11:00,https://www.xeno-canto.org/307760,skylar/XC307760.ogg
skylar,[],['song'],48.352,2.3572,Alauda arvensis,Eurasian Skylark,julien Rochefort,Creative Commons Attribution-NonCommercial-ShareAlike 4.0,4.0,11:00,https://www.xeno-canto.org/307762,skylar/XC307762.ogg
skylar,[],['song'],48.352,2.3572,Alauda arvensis,Eurasian Skylark,julien Rochefort,Creative Commons Attribution-NonCommercial-ShareAlike 4.0,4.0,11:30,https://www.xeno-canto.org/307765,skylar/XC307765.ogg
skylar,[],['song'],44.3494,-1.067,Alauda arvensis,Eurasian Skylark,Nicole Bouglouan,Creative Commons Attribution-NonCommercial-ShareAlike 4.0,4.0,11:00,https://www.xeno-canto.org/307926,skylar/XC307926.ogg
skylar,[],['song'],-38.1135,176.3158,Alauda arvensis,Eurasian Skylark,Joss Deffarges,Creative Commons Attribution-NonCommercial-ShareAlike 4.0,1.0,15:21,https://www.xeno-canto.org/309050,skylar/XC309050.ogg
skylar,[],"['song', 'songflight']",46.972,7.1562,Alauda arvensis,Eurasian Skylark,Jerome Fischer,Creative Commons Attribution-NonCommercial-ShareAlike 4.0,4.0,09:35,https://www.xeno-canto.org/309121,skylar/XC309121.ogg
skylar,[],['flight call'],46.9681,7.1673,Alauda arvensis,Eurasian Skylark,Jerome Fischer,Creative Commons Attribution-NonCommercial-ShareAlike 4.0,4.0,09:40,https://www.xeno-canto.org/309122,skylar/XC309122.ogg
skylar,[],"['male', 'song']",42.4921,24.3417,Alauda arvensis,Eurasian Skylark,Nikolay Sariev,Creative Commons Attribution-NonCommercial-ShareAlike 4.0,4.5,19:17,https://www.xeno-canto.org/309457,skylar/XC309457.ogg
skylar,[],"['male', 'song']",42.4921,24.3417,Alauda arvensis,Eurasian Skylark,Nikolay Sariev,Creative Commons Attribution-NonCommercial-ShareAlike 4.0,4.0,19:02,https://www.xeno-canto.org/309465,skylar/XC309465.ogg
skylar,[],"['male', 'song']",42.4921,24.3417,Alauda arvensis,Eurasian Skylark,Nikolay Sariev,Creative Commons Attribution-NonCommercial-ShareAlike 4.0,5.0,18:23,https://www.xeno-canto.org/309476,skylar/XC309476.ogg
skylar,[],"['male', 'song']",42.4921,24.3417,Alauda arvensis,Eurasian Skylark,Nikolay Sariev,Creative Commons Attribution-NonCommercial-ShareAlike 4.0,4.0,18:18,https://www.xeno-canto.org/309480,skylar/XC309480.ogg
skylar,[],['call'],42.4921,24.3417,Alauda arvensis,Eurasian Skylark,Nikolay Sariev,Creative Commons Attribution-NonCommercial-ShareAlike 4.0,4.0,18:17,https://www.xeno-canto.org/309611,skylar/XC309611.ogg
skylar,[],"['male', 'song']",42.4921,24.3417,Alauda arvensis,Eurasian Skylark,Nikolay Sariev,Creative Commons Attribution-NonCommercial-ShareAlike 4.0,4.0,18:02,https://www.xeno-canto.org/309616,skylar/XC309616.ogg
skylar,[],"['male', 'song']",42.4921,24.3417,Alauda arvensis,Eurasian Skylark,Nikolay Sariev,Creative Commons Attribution-NonCommercial-ShareAlike 4.0,5.0,14:03,https://www.xeno-canto.org/309623,skylar/XC309623.ogg
skylar,[],"['male', 'song']",42.4921,24.3417,Alauda arvensis,Eurasian Skylark,Nikolay Sariev,Creative Commons Attribution-NonCommercial-ShareAlike 4.0,3.0,14:18,https://www.xeno-canto.org/309632,skylar/XC309632.ogg
skylar,['jabwar'],['call'],34.8072,135.6158,Alauda arvensis,Eurasian Skylark,Anon Torimi,Creative Commons Attribution-NonCommercial-ShareAlike 4.0,3.5,09:00,https://www.xeno-canto.org/310344,skylar/XC310344.ogg
skylar,[],['song'],54.6763,46.6765,Alauda arvensis,Eurasian Skylark,Albert Lastukhin,Creative Commons Attribution-NonCommercial-ShareAlike 4.0,3.0,07:00,https://www.xeno-canto.org/312136,skylar/XC312136.ogg
skylar,[],"['male', 'song']",49.634,26.2213,Alauda arvensis,Eurasian Skylark,Ruslan Mazuryk,Creative Commons Attribution-NonCommercial-ShareAlike 4.0,1.5,18:50,https://www.xeno-canto.org/312299,skylar/XC312299.ogg
skylar,[],['song'],51.2292,5.255,Alauda arvensis,Eurasian Skylark,Toon Jansen,Creative Commons Attribution-NonCommercial-ShareAlike 4.0,3.0,10:00,https://www.xeno-canto.org/312491,skylar/XC312491.ogg
skylar,[],['song'],51.4897,0.2145,Alauda arvensis,Eurasian Skylark,David Darrell-Lambert,Creative Commons Attribution-NonCommercial-ShareAlike 4.0,4.0,08:00,https://www.xeno-canto.org/312632,skylar/XC312632.ogg
skylar,[],"['male', 'song']",58.7843,23.6655,Alauda arvensis,Eurasian Skylark,Eetu Paljakka,Creative Commons Attribution-NonCommercial-ShareAlike 4.0,3.5,05:49,https://www.xeno-canto.org/312760,skylar/XC312760.ogg
skylar,[],['song'],43.7823,12.7231,Alauda arvensis,Eurasian Skylark,Marco Pantalone,Creative Commons Attribution-NonCommercial-ShareAlike 4.0,1.0,18:00,https://www.xeno-canto.org/313462,skylar/XC313462.ogg
skylar,[],['song'],44.3494,-1.067,Alauda arvensis,Eurasian Skylark,Nicole Bouglouan,Creative Commons Attribution-NonCommercial-ShareAlike 4.0,3.0,10:30,https://www.xeno-canto.org/314022,skylar/XC314022.ogg
skylar,[],['song'],52.4272,0.9787,Alauda arvensis,Eurasian Skylark,iSpiny,Creative Commons Attribution-NonCommercial-ShareAlike 4.0,3.0,08:34,https://www.xeno-canto.org/314823,skylar/XC314823.ogg
skylar,[],['song'],47.202,8.869,Alauda arvensis,Eurasian Skylark,Harry Kälin,Creative Commons Attribution-NonCommercial-ShareAlike 4.0,4.0,09:30,https://www.xeno-canto.org/314989,skylar/XC314989.ogg
skylar,[],['song'],60.7225,11.1095,Alauda arvensis,Eurasian Skylark,Elias A. Ryberg,Creative Commons Attribution-NonCommercial-ShareAlike 4.0,3.5,06:46,https://www.xeno-canto.org/315430,skylar/XC315430.ogg
skylar,[],"['flight call', 'male', 'song']",49.634,26.2213,Alauda arvensis,Eurasian Skylark,Ruslan Mazuryk,Creative Commons Attribution-NonCommercial-ShareAlike 4.0,3.0,12:25,https://www.xeno-canto.org/315680,skylar/XC315680.ogg
skylar,[],"['flight call', 'male', 'song']",49.634,26.2213,Alauda arvensis,Eurasian Skylark,Ruslan Mazuryk,Creative Commons Attribution-NonCommercial-ShareAlike 4.0,3.0,14:41,https://www.xeno-canto.org/315683,skylar/XC315683.ogg
skylar,[],['song'],44.0124,7.6641,Alauda arvensis,Eurasian Skylark,Joss Deffarges,Creative Commons Attribution-NonCommercial-ShareAlike 4.0,3.5,09:00,https://www.xeno-canto.org/315924,skylar/XC315924.ogg
skylar,[],['song'],43.8076,6.8943,Alauda arvensis,Eurasian Skylark,Joss Deffarges,Creative Commons Attribution-NonCommercial-ShareAlike 4.0,2.5,05:30,https://www.xeno-canto.org/315929,skylar/XC315929.ogg
skylar,[],['song'],44.2012,7.1482,Alauda arvensis,Eurasian Skylark,Joss Deffarges,Creative Commons Attribution-NonCommercial-ShareAlike 4.0,3.5,14:30,https://www.xeno-canto.org/315930,skylar/XC315930.ogg
skylar,[],['song'],55.5969,49.7131,Alauda arvensis,Eurasian Skylark,Albert Lastukhin,Creative Commons Attribution-NonCommercial-ShareAlike 4.0,4.0,05:30,https://www.xeno-canto.org/316597,skylar/XC316597.ogg
skylar,[],['song'],55.7194,12.6158,Alauda arvensis,Eurasian Skylark,Chie-Jen Jerome Ko,Creative Commons Attribution-NonCommercial-ShareAlike 4.0,3.0,14:20,https://www.xeno-canto.org/316731,skylar/XC316731.ogg
skylar,[],['song'],53.6802,58.8524,Alauda arvensis,Eurasian Skylark,Albert Lastukhin,Creative Commons Attribution-NonCommercial-ShareAlike 4.0,2.5,08:30,https://www.xeno-canto.org/317316,skylar/XC317316.ogg
skylar,[],['song'],53.6802,58.8524,Alauda arvensis,Eurasian Skylark,Albert Lastukhin,Creative Commons Attribution-NonCommercial-ShareAlike 4.0,2.5,08:30,https://www.xeno-canto.org/317317,skylar/XC317317.ogg
skylar,[],['song'],53.6802,58.8524,Alauda arvensis,Eurasian Skylark,Albert Lastukhin,Creative Commons Attribution-NonCommercial-ShareAlike 4.0,2.5,08:30,https://www.xeno-canto.org/317318,skylar/XC317318.ogg
skylar,[],['call'],59.5157,16.4603,Alauda arvensis,Eurasian Skylark,Mikael Litsgård,Creative Commons Attribution-NonCommercial-ShareAlike 4.0,4.0,05:40,https://www.xeno-canto.org/317794,skylar/XC317794.ogg
skylar,[],['song'],54.3959,53.3862,Alauda arvensis,Eurasian Skylark,Albert Lastukhin,Creative Commons Attribution-NonCommercial-ShareAlike 4.0,4.0,05:00,https://www.xeno-canto.org/317855,skylar/XC317855.ogg
skylar,[],['song'],52.2676,13.7239,Alauda arvensis,Eurasian Skylark,Sonnenburg,Creative Commons Attribution-NonCommercial-ShareAlike 4.0,4.0,05:35,https://www.xeno-canto.org/318563,skylar/XC318563.ogg
skylar,[],['song'],54.4185,17.0177,Alauda arvensis,Eurasian Skylark,Szymon Pławecki,Creative Commons Attribution-NonCommercial-ShareAlike 4.0,2.5,07:00,https://www.xeno-canto.org/318647,skylar/XC318647.ogg
skylar,[],['song'],60.7385,10.9835,Alauda arvensis,Eurasian Skylark,Elias A. Ryberg,Creative Commons Attribution-NonCommercial-ShareAlike 4.0,4.0,08:20,https://www.xeno-canto.org/318756,skylar/XC318756.ogg
skylar,[],"['flight call', 'song']",58.2783,-4.06,Alauda arvensis,Eurasian Skylark,Bernard BOUSQUET,Creative Commons Attribution-NonCommercial-ShareAlike 4.0,4.0,06:30,https://www.xeno-canto.org/319034,skylar/XC319034.ogg
skylar,[],['song'],48.5982,-123.4016,Alauda arvensis,Eurasian Skylark,James Bradley,Creative Commons Attribution-NonCommercial-ShareAlike 4.0,4.0,11:50,https://www.xeno-canto.org/325230,skylar/XC325230.ogg
skylar,[],['song'],63.7745,9.5852,Alauda arvensis,Eurasian Skylark,Hans Einar Ring,Creative Commons Attribution-NonCommercial-ShareAlike 4.0,3.0,09:30,https://www.xeno-canto.org/325577,skylar/XC325577.ogg
skylar,[],['song'],63.7745,9.5852,Alauda arvensis,Eurasian Skylark,Hans Einar Ring,Creative Commons Attribution-NonCommercial-ShareAlike 4.0,3.0,08:30,https://www.xeno-canto.org/325578,skylar/XC325578.ogg
skylar,[],['flight call'],48.3705,10.8978,Alauda arvensis,Eurasian Skylark,johannes buhl,Creative Commons Attribution-NonCommercial-ShareAlike 4.0,1.5,08:30,https://www.xeno-canto.org/328121,skylar/XC328121.ogg
skylar,[],['flight call'],48.3705,10.8978,Alauda arvensis,Eurasian Skylark,johannes buhl,Creative Commons Attribution-NonCommercial-ShareAlike 4.0,2.0,09:00,https://www.xeno-canto.org/328122,skylar/XC328122.ogg
skylar,[],['song'],49.8699,127.6447,Alauda arvensis,Eurasian Skylark,Alex Thomas,Creative Commons Attribution-NonCommercial-ShareAlike 4.0,4.0,13:30,https://www.xeno-canto.org/329221,skylar/XC329221.ogg
skylar,[],"['alarm call', 'song']",70.0665,24.9879,Alauda arvensis,Eurasian Skylark,Hans Schekkerman,Creative Commons Attribution-NonCommercial-ShareAlike 4.0,3.5,11:30,https://www.xeno-canto.org/330935,skylar/XC330935.ogg
skylar,[],['song'],51.6992,-5.2738,Alauda arvensis,Eurasian Skylark,Tony Fulford,Creative Commons Attribution-NonCommercial-ShareAlike 4.0,4.0,09:00,https://www.xeno-canto.org/331748,skylar/XC331748.ogg
skylar,[],['song'],41.1272,14.7409,Alauda arvensis,Eurasian Skylark,borzolo,Creative Commons Attribution-NonCommercial-ShareAlike 4.0,0.5,07:00,https://www.xeno-canto.org/335278,skylar/XC335278.ogg
skylar,[],['song'],45.5339,13.9761,Alauda arvensis,Eurasian Skylark,Dare Šere,Creative Commons Attribution-NonCommercial-ShareAlike 4.0,4.0,17:00,https://www.xeno-canto.org/335656,skylar/XC335656.ogg
skylar,[],['flight call'],46.1302,11.0979,Alauda arvensis,Eurasian Skylark,Giuseppe Speranza,Creative Commons Attribution-NonCommercial-ShareAlike 4.0,4.0,18:00,https://www.xeno-canto.org/338569,skylar/XC338569.ogg
skylar,[],['song'],49.8699,127.6447,Alauda arvensis,Eurasian Skylark,Tom Wulf,Creative Commons Attribution-NonCommercial-ShareAlike 4.0,4.0,09:31,https://www.xeno-canto.org/339824,skylar/XC339824.ogg
skylar,[],['call'],54.877,8.3459,Alauda arvensis,Eurasian Skylark,Paul Ehlers,Creative Commons Attribution-NonCommercial-ShareAlike 4.0,4.0,12:30,https://www.xeno-canto.org/339840,skylar/XC339840.ogg
skylar,[],"['call', 'flight call']",37.0487,-8.9693,Alauda arvensis,Eurasian Skylark,Paulo Alves,Creative Commons Attribution-NonCommercial-ShareAlike 4.0,4.0,18:30,https://www.xeno-canto.org/340346,skylar/XC340346.ogg
skylar,[],['call'],62.3197,25.9833,Alauda arvensis,Eurasian Skylark,Tero Linjama,Creative Commons Attribution-NonCommercial-ShareAlike 4.0,4.0,07:00,https://www.xeno-canto.org/344087,skylar/XC344087.ogg
skylar,[],"['call', 'flight call', 'nocturnal flight call']",47.3388,7.8398,Alauda arvensis,Eurasian Skylark,Thomas Lüthi,Creative Commons Attribution-NonCommercial-ShareAlike 4.0,3.0,05:25,https://www.xeno-canto.org/344154,skylar/XC344154.ogg
skylar,[],"['flight call', 'male']",52.7137,21.4228,Alauda arvensis,Eurasian Skylark,Jarek Matusiak,Creative Commons Attribution-NonCommercial-ShareAlike 4.0,5.0,19:00,https://www.xeno-canto.org/345748,skylar/XC345748.ogg
skylar,['skylar'],['call'],58.9744,17.6503,Alauda arvensis,Eurasian Skylark,Ulf Elman,Creative Commons Attribution-NonCommercial-ShareAlike 4.0,3.5,07:00,https://www.xeno-canto.org/345781,skylar/XC345781.ogg
skylar,[],['song'],59.2112,23.6294,Alauda arvensis,Eurasian Skylark,James Lidster,Creative Commons Attribution-NonCommercial-ShareAlike 4.0,4.0,08:00,https://www.xeno-canto.org/358407,skylar/XC358407.ogg
skylar,[],['song'],52.5746,13.565,Alauda arvensis,Eurasian Skylark,Annette Hamann,Creative Commons Attribution-NonCommercial-ShareAlike 4.0,4.0,11:30,https://www.xeno-canto.org/360830,skylar/XC360830.ogg
skylar,['redjun'],"['male', 'song']",49.634,26.2213,Alauda arvensis,Eurasian Skylark,Ruslan Mazuryk,Creative Commons Attribution-NonCommercial-ShareAlike 4.0,2.5,10:00,https://www.xeno-canto.org/360908,skylar/XC360908.ogg
skylar,[],"['male', 'song']",49.634,26.2213,Alauda arvensis,Eurasian Skylark,Ruslan Mazuryk,Creative Commons Attribution-NonCommercial-ShareAlike 4.0,1.5,10:30,https://www.xeno-canto.org/360910,skylar/XC360910.ogg
skylar,[],['song'],52.9792,13.3379,Alauda arvensis,Eurasian Skylark,Annette Hamann,Creative Commons Attribution-NonCommercial-ShareAlike 4.0,4.0,16:30,https://www.xeno-canto.org/362045,skylar/XC362045.ogg
skylar,[],['song'],60.7225,11.1095,Alauda arvensis,Eurasian Skylark,Elias A. Ryberg,Creative Commons Attribution-NonCommercial-ShareAlike 4.0,4.5,08:00,https://www.xeno-canto.org/362402,skylar/XC362402.ogg
skylar,[],['song'],49.0572,1.6521,Alauda arvensis,Eurasian Skylark,Stanislas Wroza,Creative Commons Attribution-NonCommercial-ShareAlike 4.0,4.0,09:00,https://www.xeno-canto.org/362700,skylar/XC362700.ogg
skylar,[],['song'],49.0572,1.6521,Alauda arvensis,Eurasian Skylark,Stanislas Wroza,Creative Commons Attribution-NonCommercial-ShareAlike 4.0,4.0,09:00,https://www.xeno-canto.org/362702,skylar/XC362702.ogg
skylar,[],"['call', 'song']",49.0572,1.6521,Alauda arvensis,Eurasian Skylark,Stanislas Wroza,Creative Commons Attribution-NonCommercial-ShareAlike 4.0,4.0,09:00,https://www.xeno-canto.org/362703,skylar/XC362703.ogg
skylar,[],['flight call'],49.0572,1.6521,Alauda arvensis,Eurasian Skylark,Stanislas Wroza,Creative Commons Attribution-NonCommercial-ShareAlike 4.0,4.0,09:00,https://www.xeno-canto.org/362704,skylar/XC362704.ogg
skylar,[],['song'],51.8191,0.8534,Alauda arvensis,Eurasian Skylark,David Bissett,Creative Commons Attribution-NonCommercial-ShareAlike 4.0,4.0,11:00,https://www.xeno-canto.org/363898,skylar/XC363898.ogg
skylar,[],['song'],48.2085,11.1489,Alauda arvensis,Eurasian Skylark,Antonio Xeira,Creative Commons Attribution-NonCommercial-ShareAlike 4.0,4.0,08:30,https://www.xeno-canto.org/364088,skylar/XC364088.ogg
skylar,[],['song'],52.6124,1.381,Alauda arvensis,Eurasian Skylark,GABRIEL LEITE,Creative Commons Attribution-NonCommercial-ShareAlike 4.0,4.0,18:00,https://www.xeno-canto.org/364145,skylar/XC364145.ogg
skylar,[],"['song', 'song in flight']",41.6591,1.4844,Alauda arvensis,Eurasian Skylark,Jordi Calvet,Creative Commons Attribution-NonCommercial-ShareAlike 4.0,5.0,09:30,https://www.xeno-canto.org/365522,skylar/XC365522.ogg
skylar,[],"['call', 'flight call']",44.31,9.3321,Alauda arvensis,Eurasian Skylark,Andrea Simoncini,Creative Commons Attribution-NonCommercial-ShareAlike 4.0,2.0,12:00,https://www.xeno-canto.org/367185,skylar/XC367185.ogg
skylar,[],"['male', 'song']",49.634,26.2213,Alauda arvensis,Eurasian Skylark,Ruslan Mazuryk,Creative Commons Attribution-NonCommercial-ShareAlike 4.0,1.5,11:26,https://www.xeno-canto.org/367372,skylar/XC367372.ogg
skylar,[],"['flight call', 'male', 'song']",49.634,26.2213,Alauda arvensis,Eurasian Skylark,Ruslan Mazuryk,Creative Commons Attribution-NonCommercial-ShareAlike 4.0,2.0,12:49,https://www.xeno-canto.org/367392,skylar/XC367392.ogg
skylar,[],['song'],43.7912,13.0281,Alauda arvensis,Eurasian Skylark,Marco Pantalone,Creative Commons Attribution-NonCommercial-ShareAlike 4.0,2.0,13:00,https://www.xeno-canto.org/367493,skylar/XC367493.ogg
skylar,[],"['male', 'song']",54.687,47.7607,Alauda arvensis,Eurasian Skylark,Albert Lastukhin,Creative Commons Attribution-NonCommercial-ShareAlike 4.0,4.0,06:00,https://www.xeno-canto.org/367931,skylar/XC367931.ogg
skylar,[],"['male', 'song']",52.7069,48.2574,Alauda arvensis,Eurasian Skylark,Albert Lastukhin,Creative Commons Attribution-NonCommercial-ShareAlike 4.0,4.0,12:00,https://www.xeno-canto.org/367932,skylar/XC367932.ogg
skylar,[],"['male', 'song']",52.1558,46.9221,Alauda arvensis,Eurasian Skylark,Albert Lastukhin,Creative Commons Attribution-NonCommercial-ShareAlike 4.0,3.0,12:00,https://www.xeno-canto.org/367933,skylar/XC367933.ogg
skylar,[],"['male', 'song']",49.9553,45.184,Alauda arvensis,Eurasian Skylark,Albert Lastukhin,Creative Commons Attribution-NonCommercial-ShareAlike 4.0,3.0,13:30,https://www.xeno-canto.org/367935,skylar/XC367935.ogg
skylar,[],"['male', 'song']",49.9553,45.184,Alauda arvensis,Eurasian Skylark,Albert Lastukhin,Creative Commons Attribution-NonCommercial-ShareAlike 4.0,4.0,13:30,https://www.xeno-canto.org/367936,skylar/XC367936.ogg
skylar,[],['song'],45.9827,43.5699,Alauda arvensis,Eurasian Skylark,Albert Lastukhin,Creative Commons Attribution-NonCommercial-ShareAlike 4.0,4.0,08:30,https://www.xeno-canto.org/368008,skylar/XC368008.ogg
skylar,[],['song'],49.081,44.7924,Alauda arvensis,Eurasian Skylark,Albert Lastukhin,Creative Commons Attribution-NonCommercial-ShareAlike 4.0,4.0,05:00,https://www.xeno-canto.org/368038,skylar/XC368038.ogg
skylar,[],['song'],55.0271,47.9935,Alauda arvensis,Eurasian Skylark,Albert Lastukhin,Creative Commons Attribution-NonCommercial-ShareAlike 4.0,3.5,08:30,https://www.xeno-canto.org/370319,skylar/XC370319.ogg
skylar,[],['song'],43.7233,12.6617,Alauda arvensis,Eurasian Skylark,Marco Pantalone,Creative Commons Attribution-NonCommercial-ShareAlike 4.0,4.0,19:00,https://www.xeno-canto.org/370390,skylar/XC370390.ogg
skylar,[],['song'],42.7063,2.5169,Alauda arvensis,Eurasian Skylark,Manuel Grosselet,Creative Commons Attribution-NonCommercial-ShareAlike 4.0,4.5,06:00,https://www.xeno-canto.org/374285,skylar/XC374285.ogg
skylar,[],['song'],42.7063,2.5169,Alauda arvensis,Eurasian Skylark,Manuel Grosselet,Creative Commons Attribution-NonCommercial-ShareAlike 4.0,5.0,09:30,https://www.xeno-canto.org/374306,skylar/XC374306.ogg
skylar,[],['song'],42.4432,13.5602,Alauda arvensis,Eurasian Skylark,Dimitri,Creative Commons Attribution-NonCommercial-ShareAlike 4.0,4.0,14:30,https://www.xeno-canto.org/375536,skylar/XC375536.ogg
skylar,[],['song'],51.7865,4.7925,Alauda arvensis,Eurasian Skylark,Twan Mols,Creative Commons Attribution-NonCommercial-ShareAlike 4.0,4.0,11:00,https://www.xeno-canto.org/377128,skylar/XC377128.ogg
skylar,['skylar'],"['call', 'long series of calls']",47.994,10.9672,Alauda arvensis,Eurasian Skylark,Beatrix Saadi-Varchmin,Creative Commons Attribution-NonCommercial-ShareAlike 4.0,4.5,06:09,https://www.xeno-canto.org/378396,skylar/XC378396.ogg
skylar,['skylar'],"['call', 'long series of calls']",47.994,10.9672,Alauda arvensis,Eurasian Skylark,Beatrix Saadi-Varchmin,Creative Commons Attribution-NonCommercial-ShareAlike 4.0,4.5,06:20,https://www.xeno-canto.org/378397,skylar/XC378397.ogg
skylar,[],['flight song'],49.6066,8.0602,Alauda arvensis,Eurasian Skylark,AFR,Creative Commons Attribution-NonCommercial-ShareAlike 4.0,3.5,15:29,https://www.xeno-canto.org/380357,skylar/XC380357.ogg
skylar,"['mallar3', 'skylar']",['song'],47.9959,10.9666,Alauda arvensis,Eurasian Skylark,Beatrix Saadi-Varchmin,Creative Commons Attribution-NonCommercial-ShareAlike 4.0,4.5,09:27,https://www.xeno-canto.org/380395,skylar/XC380395.ogg
skylar,[],['flight call'],43.0452,6.1331,Alauda arvensis,Eurasian Skylark,AUDEVARD Aurélien,Creative Commons Attribution-NonCommercial-ShareAlike 4.0,4.0,09:30,https://www.xeno-canto.org/392779,skylar/XC392779.ogg
skylar,[],['flight call'],44.6114,-124.0695,Alauda arvensis,Eurasian Skylark,Adrian Hinkle,Creative Commons Attribution-NonCommercial-ShareAlike 4.0,3.0,13:30,https://www.xeno-canto.org/393782,skylar/XC393782.ogg
skylar,['skylar'],"['call', 'flight call']",43.7974,3.4244,Alauda arvensis,Eurasian Skylark,Cedric Mroczko,Creative Commons Attribution-NonCommercial-ShareAlike 4.0,3.5,21:05,https://www.xeno-canto.org/396861,skylar/XC396861.ogg
skylar,[],['song'],43.7974,3.4244,Alauda arvensis,Eurasian Skylark,Cedric Mroczko,Creative Commons Attribution-NonCommercial-ShareAlike 4.0,3.0,21:35,https://www.xeno-canto.org/396870,skylar/XC396870.ogg
skylar,[],"['male', 'song']",71.0806,28.2248,Alauda arvensis,Eurasian Skylark,Karl-Birger Strann,Creative Commons Attribution-NonCommercial-ShareAlike 4.0,5.0,09:30,https://www.xeno-canto.org/401962,skylar/XC401962.ogg
skylar,[],['song'],47.5685,7.8747,Alauda arvensis,Eurasian Skylark,Peter Ertl,Creative Commons Attribution-NonCommercial-ShareAlike 4.0,4.0,10:30,https://www.xeno-canto.org/407623,skylar/XC407623.ogg
skylar,[],"['Flight', 'song']",49.7063,-1.384,Alauda arvensis,Eurasian Skylark,Alain Verneau,Creative Commons Attribution-NonCommercial-ShareAlike 4.0,4.0,11:00,https://www.xeno-canto.org/416293,skylar/XC416293.ogg
skylar,[],"['flight call', 'male', 'song']",49.634,26.2213,Alauda arvensis,Eurasian Skylark,Ruslan Mazuryk,Creative Commons Attribution-NonCommercial-ShareAlike 4.0,3.0,18:58,https://www.xeno-canto.org/417144,skylar/XC417144.ogg
skylar,['skylar'],['song'],52.098,19.4598,Alauda arvensis,Eurasian Skylark,Jarek Matusiak,Creative Commons Attribution-NonCommercial-ShareAlike 4.0,4.5,18:00,https://www.xeno-canto.org/417772,skylar/XC417772.ogg
skylar,[],['song'],50.7784,5.0955,Alauda arvensis,Eurasian Skylark,Jo Beckers,Creative Commons Attribution-NonCommercial-ShareAlike 4.0,3.0,18:00,https://www.xeno-canto.org/418551,skylar/XC418551.ogg
skylar,[],['song'],50.9015,4.2649,Alauda arvensis,Eurasian Skylark,Seynaeve Adriaan,Creative Commons Attribution-NonCommercial-ShareAlike 4.0,5.0,10:46,https://www.xeno-canto.org/421481,skylar/XC421481.ogg
skylar,[],"['flight call', 'male', 'song']",49.634,26.2213,Alauda arvensis,Eurasian Skylark,Ruslan Mazuryk,Creative Commons Attribution-NonCommercial-ShareAlike 4.0,3.5,18:29,https://www.xeno-canto.org/421695,skylar/XC421695.ogg
skylar,[],['song'],44.4666,5.5943,Alauda arvensis,Eurasian Skylark,Vincent Pourchaire,Creative Commons Attribution-NonCommercial-ShareAlike 4.0,4.0,10:00,https://www.xeno-canto.org/422436,skylar/XC422436.ogg
skylar,[],['song'],41.8402,-7.9312,Alauda arvensis,Eurasian Skylark,Jorge Leitão,Creative Commons Attribution-NonCommercial-ShareAlike 4.0,4.0,18:31,https://www.xeno-canto.org/426174,skylar/XC426174.ogg
skylar,[],['song'],41.8402,-7.9312,Alauda arvensis,Eurasian Skylark,Jorge Leitão,Creative Commons Attribution-NonCommercial-ShareAlike 4.0,4.0,16:26,https://www.xeno-canto.org/428195,skylar/XC428195.ogg
skylar,[],['song'],44.7653,3.6981,Alauda arvensis,Eurasian Skylark,Vincent Pourchaire,Creative Commons Attribution-NonCommercial-ShareAlike 4.0,5.0,09:00,https://www.xeno-canto.org/431710,skylar/XC431710.ogg
skylar,[],['flight call'],63.7599,20.2763,Alauda arvensis,Eurasian Skylark,Lars Edenius,Creative Commons Attribution-NonCommercial-ShareAlike 4.0,4.5,08:00,https://www.xeno-canto.org/432114,skylar/XC432114.ogg
skylar,[],"['flight call', 'nocturnal flight call']",60.2357,25.0058,Alauda arvensis,Eurasian Skylark,Juha Saari,Creative Commons Attribution-NonCommercial-ShareAlike 4.0,4.0,00:50,https://www.xeno-canto.org/434312,skylar/XC434312.ogg
skylar,[],['flight call'],47.4854,92.387,Alauda arvensis,Eurasian Skylark,Lars Edenius,Creative Commons Attribution-NonCommercial-ShareAlike 4.0,4.0,07:00,https://www.xeno-canto.org/437072,skylar/XC437072.ogg
skylar,[],['flight call'],54.7032,18.6657,Alauda arvensis,Eurasian Skylark,Jarek Matusiak,Creative Commons Attribution-NonCommercial-ShareAlike 4.0,3.5,06:00,https://www.xeno-canto.org/437761,skylar/XC437761.ogg
skylar,[],['song'],51.1604,-0.7076,Alauda arvensis,Eurasian Skylark,Carlos Abrahams,Creative Commons Attribution-NonCommercial-ShareAlike 4.0,3.5,04:00,https://www.xeno-canto.org/437812,skylar/XC437812.ogg
skylar,[],['song'],41.8402,-7.9312,Alauda arvensis,Eurasian Skylark,Jorge Leitão,Creative Commons Attribution-NonCommercial-ShareAlike 4.0,4.0,19:33,https://www.xeno-canto.org/439200,skylar/XC439200.ogg
skylar,[],"['flight call', 'nocturnal flight call']",60.2357,25.0058,Alauda arvensis,Eurasian Skylark,Juha Saari,Creative Commons Attribution-NonCommercial-ShareAlike 4.0,3.0,02:35,https://www.xeno-canto.org/439352,skylar/XC439352.ogg
skylar,[],['call'],41.8499,-7.9133,Alauda arvensis,Eurasian Skylark,Jorge Leitão,Creative Commons Attribution-NonCommercial-ShareAlike 4.0,3.0,16:26,https://www.xeno-canto.org/439542,skylar/XC439542.ogg
skylar,[],['flight call'],49.7022,-1.3535,Alauda arvensis,Eurasian Skylark,Alain Verneau,Creative Commons Attribution-NonCommercial-ShareAlike 4.0,4.0,17:30,https://www.xeno-canto.org/439546,skylar/XC439546.ogg
skylar,[],"['flight call', 'nocturnal flight call']",60.2357,25.0058,Alauda arvensis,Eurasian Skylark,Juha Saari,Creative Commons Attribution-NonCommercial-ShareAlike 4.0,3.0,23:34,https://www.xeno-canto.org/440982,skylar/XC440982.ogg
skylar,[],['call'],35.1535,136.1057,Alauda arvensis,Eurasian Skylark,Anon Torimi,Creative Commons Attribution-NonCommercial-ShareAlike 4.0,3.5,08:05,https://www.xeno-canto.org/441637,skylar/XC441637.ogg
skylar,[],['call'],35.1535,136.1056,Alauda arvensis,Eurasian Skylark,Anon Torimi,Creative Commons Attribution-NonCommercial-ShareAlike 4.0,2.5,07:55,https://www.xeno-canto.org/442054,skylar/XC442054.ogg
skylar,[],['flight call'],42.7285,2.9876,Alauda arvensis,Eurasian Skylark,Quentin GIRAUDON,Creative Commons Attribution-NonCommercial-ShareAlike 4.0,4.0,07:30,https://www.xeno-canto.org/442138,skylar/XC442138.ogg
skylar,[],['flight call'],51.4142,4.43,Alauda arvensis,Eurasian Skylark,Bram Vogels,Creative Commons Attribution-NonCommercial-ShareAlike 4.0,4.0,00:00,https://www.xeno-canto.org/445334,skylar/XC445334.ogg
skylar,[],['flight call'],51.4142,4.43,Alauda arvensis,Eurasian Skylark,Bram Vogels,Creative Commons Attribution-NonCommercial-ShareAlike 4.0,4.0,00:00,https://www.xeno-canto.org/445335,skylar/XC445335.ogg
skylar,[],['flight call'],49.9655,88.6898,Alauda arvensis,Eurasian Skylark,Маер Владимир,Creative Commons Attribution-NonCommercial-ShareAlike 4.0,4.0,08:00,https://www.xeno-canto.org/448367,skylar/XC448367.ogg
skylar,[],"['male', 'song']",52.8351,104.424,Alauda arvensis,Eurasian Skylark,Vadim Ivushkin ,Creative Commons Attribution-NonCommercial-ShareAlike 4.0,4.0,13:30,https://www.xeno-canto.org/449773,skylar/XC449773.ogg
skylar,[],"['Nocturnal call', 'flight call']",52.0747,4.7632,Alauda arvensis,Eurasian Skylark,Michel Veldt,Creative Commons Attribution-NonCommercial-ShareAlike 4.0,3.0,05:51,https://www.xeno-canto.org/453853,skylar/XC453853.ogg
skylar,[],['flight call'],45.5408,-73.748,Alauda arvensis,Eurasian Skylark,Luís Ribeiro,Creative Commons Attribution-NonCommercial-ShareAlike 4.0,3.0,10:00,https://www.xeno-canto.org/454692,skylar/XC454692.ogg
skylar,[],"['flight call', 'nocturnal flight call']",43.5352,-1.4475,Alauda arvensis,Eurasian Skylark,Frédéric Cazaban,Creative Commons Attribution-NonCommercial-ShareAlike 4.0,4.0,03:00,https://www.xeno-canto.org/455342,skylar/XC455342.ogg
skylar,[],['flight call'],50.1117,8.5728,Alauda arvensis,Eurasian Skylark,brickegickel,Creative Commons Attribution-NonCommercial-ShareAlike 4.0,3.0,10:00,https://www.xeno-canto.org/456729,skylar/XC456729.ogg
skylar,[],['flight call'],41.697,-8.851,Alauda arvensis,Eurasian Skylark,Jorge Leitão,Creative Commons Attribution-NonCommercial-ShareAlike 4.0,4.0,18:00,https://www.xeno-canto.org/459399,skylar/XC459399.ogg
skylar,[],['call'],54.5592,11.9695,Alauda arvensis,Eurasian Skylark,Louis A. Hansen,Creative Commons Attribution-NonCommercial-ShareAlike 4.0,2.0,08:12,https://www.xeno-canto.org/459788,skylar/XC459788.ogg
skylar,[],['call'],54.5592,11.9695,Alauda arvensis,Eurasian Skylark,Louis A. Hansen,Creative Commons Attribution-NonCommercial-ShareAlike 4.0,3.0,08:26,https://www.xeno-canto.org/459793,skylar/XC459793.ogg
skylar,[],['flight call'],52.1468,5.3788,Alauda arvensis,Eurasian Skylark,Gerda van Deelen,Creative Commons Attribution-NonCommercial-ShareAlike 4.0,4.0,02:00,https://www.xeno-canto.org/459915,skylar/XC459915.ogg
skylar,[],['song'],52.5996,21.2722,Alauda arvensis,Eurasian Skylark,Jarek Matusiak,Creative Commons Attribution-NonCommercial-ShareAlike 4.0,0.0,15:00,https://www.xeno-canto.org/462158,skylar/XC462158.ogg
skylar,[],"['flight call', 'nocturnal flight call']",60.2357,25.0058,Alauda arvensis,Eurasian Skylark,Juha Saari,Creative Commons Attribution-NonCommercial-ShareAlike 4.0,2.0,02:31,https://www.xeno-canto.org/462426,skylar/XC462426.ogg
skylar,[],['song'],34.8075,135.7879,Alauda arvensis,Eurasian Skylark,Anon Torimi,Creative Commons Attribution-NonCommercial-ShareAlike 4.0,4.0,13:45,https://www.xeno-canto.org/462647,skylar/XC462647.ogg
skylar,[],['song'],51.8638,16.5974,Alauda arvensis,Eurasian Skylark,Michał Jezierski,Creative Commons Attribution-NonCommercial-ShareAlike 4.0,5.0,14:00,https://www.xeno-canto.org/463857,skylar/XC463857.ogg
skylar,[],['song'],51.4101,4.4217,Alauda arvensis,Eurasian Skylark,Bram Vogels,Creative Commons Attribution-NonCommercial-ShareAlike 4.0,0.0,00:00,https://www.xeno-canto.org/464300,skylar/XC464300.ogg
skylar,[],['song'],51.5424,-8.9528,Alauda arvensis,Eurasian Skylark,Harry Hussey,Creative Commons Attribution-NonCommercial-ShareAlike 4.0,4.0,09:33,https://www.xeno-canto.org/464509,skylar/XC464509.ogg
skylar,[],"['flight call', 'male']",50.7628,0.1188,Alauda arvensis,Eurasian Skylark,Pia Höfferle,Creative Commons Attribution-NonCommercial-ShareAlike 4.0,3.0,12:00,https://www.xeno-canto.org/465033,skylar/XC465033.ogg
skylar,[],['song'],47.4973,7.5021,Alauda arvensis,Eurasian Skylark,Nicolas Martinez,Creative Commons Attribution-NonCommercial-ShareAlike 4.0,0.0,08:15,https://www.xeno-canto.org/465367,skylar/XC465367.ogg
skylar,[],['flight call'],51.1399,1.3724,Alauda arvensis,Eurasian Skylark,nick talbot,Creative Commons Attribution-NonCommercial-ShareAlike 4.0,3.0,12:30,https://www.xeno-canto.org/466541,skylar/XC466541.ogg
skylar,[],['song'],50.1299,19.0525,Alauda arvensis,Eurasian Skylark,Ireneusz Oleksik,Creative Commons Attribution-NonCommercial-ShareAlike 4.0,3.5,14:45,https://www.xeno-canto.org/466731,skylar/XC466731.ogg
skylar,[],['song'],49.4961,23.9346,Alauda arvensis,Eurasian Skylark,Rostyslav Romanyshyn,Creative Commons Attribution-NonCommercial-ShareAlike 4.0,3.0,17:00,https://www.xeno-canto.org/467286,skylar/XC467286.ogg
skylar,[],['song'],51.6519,0.394,Alauda arvensis,Eurasian Skylark,David Bissett,Creative Commons Attribution-NonCommercial-ShareAlike 4.0,5.0,07:00,https://www.xeno-canto.org/467668,skylar/XC467668.ogg
skylar,[],['song'],42.7063,2.5169,Alauda arvensis,Eurasian Skylark,Olivier SWIFT,Creative Commons Attribution-NonCommercial-ShareAlike 4.0,5.0,09:00,https://www.xeno-canto.org/467956,skylar/XC467956.ogg
skylar,[],['song'],49.4521,0.2257,Alauda arvensis,Eurasian Skylark,Olivier SWIFT,Creative Commons Attribution-NonCommercial-ShareAlike 4.0,4.0,17:30,https://www.xeno-canto.org/468265,skylar/XC468265.ogg
skylar,[],['song'],48.2741,10.8188,Alauda arvensis,Eurasian Skylark,johannes buhl,Creative Commons Attribution-NonCommercial-ShareAlike 4.0,1.5,08:30,https://www.xeno-canto.org/468523,skylar/XC468523.ogg
skylar,[],['song'],46.2557,1.3055,Alauda arvensis,Eurasian Skylark,MERCIER Christophe,Creative Commons Attribution-NonCommercial-ShareAlike 4.0,4.0,14:22,https://www.xeno-canto.org/474328,skylar/XC474328.ogg
skylar,[],['song'],63.7599,20.2763,Alauda arvensis,Eurasian Skylark,Lars Edenius,Creative Commons Attribution-NonCommercial-ShareAlike 4.0,5.0,08:30,https://www.xeno-canto.org/475231,skylar/XC475231.ogg
skylar,[],['song'],48.2741,10.8188,Alauda arvensis,Eurasian Skylark,johannes buhl,Creative Commons Attribution-NonCommercial-ShareAlike 4.0,1.5,09:00,https://www.xeno-canto.org/476535,skylar/XC476535.ogg
skylar,[],['song'],52.8521,23.8232,Alauda arvensis,Eurasian Skylark,Étienne Leroy,Creative Commons Attribution-NonCommercial-ShareAlike 4.0,4.0,12:00,https://www.xeno-canto.org/477611,skylar/XC477611.ogg
skylar,[],['song'],52.6243,13.0796,Alauda arvensis,Eurasian Skylark,Stephan Risch,Creative Commons Attribution-NonCommercial-ShareAlike 4.0,4.0,15:47,https://www.xeno-canto.org/478521,skylar/XC478521.ogg
skylar,[],['song'],38.7246,48.3966,Alauda arvensis,Eurasian Skylark,Albert Lastukhin,Creative Commons Attribution-NonCommercial-ShareAlike 4.0,4.0,08:30,https://www.xeno-canto.org/480348,skylar/XC480348.ogg
skylar,[],['song'],41.8499,-7.9133,Alauda arvensis,Eurasian Skylark,Jorge Leitão,Creative Commons Attribution-NonCommercial-ShareAlike 4.0,0.0,12:27,https://www.xeno-canto.org/484613,skylar/XC484613.ogg
skylar,[],['call'],49.4811,17.4187,Alauda arvensis,Eurasian Skylark,Igor Uřinovský,Creative Commons Attribution-NonCommercial-ShareAlike 4.0,0.0,08:30,https://www.xeno-canto.org/485045,skylar/XC485045.ogg
skylar,[],['song'],41.8849,-7.7187,Alauda arvensis,Eurasian Skylark,Jorge Leitão,Creative Commons Attribution-NonCommercial-ShareAlike 4.0,0.0,10:54,https://www.xeno-canto.org/486607,skylar/XC486607.ogg
skylar,['skylar'],['song'],42.4382,13.597,Alauda arvensis,Eurasian Skylark,Francesco Sottile,Creative Commons Attribution-NonCommercial-ShareAlike 4.0,4.5,19:07,https://www.xeno-canto.org/489827,skylar/XC489827.ogg
skylar,[],['flight call'],47.2618,118.8659,Alauda arvensis,Eurasian Skylark,Philippe J. DUBOIS,Creative Commons Attribution-NonCommercial-ShareAlike 4.0,0.0,12:00,https://www.xeno-canto.org/491985,skylar/XC491985.ogg
skylar,[],['song'],56.1377,47.353,Alauda arvensis,Eurasian Skylark,Albert Lastukhin,Creative Commons Attribution-NonCommercial-ShareAlike 4.0,4.0,09:00,https://www.xeno-canto.org/495364,skylar/XC495364.ogg
skylar,[],['flight call'],63.7599,20.2763,Alauda arvensis,Eurasian Skylark,Lars Edenius,Creative Commons Attribution-NonCommercial-ShareAlike 4.0,5.0,10:00,https://www.xeno-canto.org/495678,skylar/XC495678.ogg
skylar,[],['song'],52.636,12.5902,Alauda arvensis,Eurasian Skylark,Beatrix Saadi-Varchmin,Creative Commons Attribution-NonCommercial-ShareAlike 4.0,5.0,10:28,https://www.xeno-canto.org/497872,skylar/XC497872.ogg
skylar,[],"['flight call', 'nocturnal flight call']",60.2357,25.0058,Alauda arvensis,Eurasian Skylark,Juha Saari,Creative Commons Attribution-NonCommercial-ShareAlike 4.0,0.0,02:30,https://www.xeno-canto.org/499818,skylar/XC499818.ogg
skylar,[],['flight call'],50.1191,18.9721,Alauda arvensis,Eurasian Skylark,Ireneusz Oleksik,Creative Commons Attribution-NonCommercial-ShareAlike 4.0,2.0,01:45,https://www.xeno-canto.org/501082,skylar/XC501082.ogg
skylar,[],['flight call'],50.1191,18.9721,Alauda arvensis,Eurasian Skylark,Ireneusz Oleksik,Creative Commons Attribution-NonCommercial-ShareAlike 4.0,2.0,01:52,https://www.xeno-canto.org/501084,skylar/XC501084.ogg
skylar,[],['flight call'],50.1191,18.9721,Alauda arvensis,Eurasian Skylark,Ireneusz Oleksik,Creative Commons Attribution-NonCommercial-ShareAlike 4.0,3.0,02:59,https://www.xeno-canto.org/501087,skylar/XC501087.ogg
skylar,[],['flight call'],50.1191,18.9721,Alauda arvensis,Eurasian Skylark,Ireneusz Oleksik,Creative Commons Attribution-NonCommercial-ShareAlike 4.0,4.0,02:59,https://www.xeno-canto.org/501088,skylar/XC501088.ogg
skylar,[],['flight call'],50.1191,18.9721,Alauda arvensis,Eurasian Skylark,Ireneusz Oleksik,Creative Commons Attribution-NonCommercial-ShareAlike 4.0,4.0,22:58,https://www.xeno-canto.org/501371,skylar/XC501371.ogg
skylar,[],['call'],59.9674,17.9371,Alauda arvensis,Eurasian Skylark,Robert Ekman,Creative Commons Attribution-NonCommercial-ShareAlike 4.0,4.0,13:30,https://www.xeno-canto.org/502402,skylar/XC502402.ogg
skylar,[],['call'],59.1266,18.3578,Alauda arvensis,Eurasian Skylark,Thomas Bergman,Creative Commons Attribution-NonCommercial-ShareAlike 4.0,4.5,07:55,https://www.xeno-canto.org/503273,skylar/XC503273.ogg
skylar,[],['nocturnal flight call'],52.5942,6.1046,Alauda arvensis,Eurasian Skylark,jaap oosterhuis,Creative Commons Attribution-NonCommercial-ShareAlike 4.0,0.0,04:30,https://www.xeno-canto.org/503709,skylar/XC503709.ogg
skylar,[],"['flight call', 'nocturnal flight call']",50.1191,18.9721,Alauda arvensis,Eurasian Skylark,Ireneusz Oleksik,Creative Commons Attribution-NonCommercial-ShareAlike 4.0,4.0,05:58,https://www.xeno-canto.org/504168,skylar/XC504168.ogg
skylar,[],['nocturnal flight call'],60.2357,25.0058,Alauda arvensis,Eurasian Skylark,Juha Saari,Creative Commons Attribution-NonCommercial-ShareAlike 4.0,0.0,04:46,https://www.xeno-canto.org/504568,skylar/XC504568.ogg
skylar,[],['song'],35.1535,136.1043,Alauda arvensis,Eurasian Skylark,Anon Torimi,Creative Commons Attribution-NonCommercial-ShareAlike 4.0,4.0,09:35,https://www.xeno-canto.org/510739,skylar/XC510739.ogg
skylar,[],['song'],46.7908,1.1855,Alauda arvensis,Eurasian Skylark,Olivier SWIFT,Creative Commons Attribution-NonCommercial-ShareAlike 4.0,4.5,07:11,https://www.xeno-canto.org/512593,skylar/XC512593.ogg
skylar,[],"['call', 'flight call']",48.6387,1.7376,Alauda arvensis,Eurasian Skylark,Tanguy Loïs,Creative Commons Attribution-NonCommercial-ShareAlike 4.0,2.5,09:30,https://www.xeno-canto.org/520610,skylar/XC520610.ogg
skylar,[],"['flight call', 'various calls in flight']",48.4767,1.9342,Alauda arvensis,Eurasian Skylark,Stanislas Wroza,Creative Commons Attribution-NonCommercial-ShareAlike 4.0,4.0,09:00,https://www.xeno-canto.org/522158,skylar/XC522158.ogg
skylar,[],['flight call'],48.4767,1.9342,Alauda arvensis,Eurasian Skylark,Stanislas Wroza,Creative Commons Attribution-NonCommercial-ShareAlike 4.0,5.0,09:00,https://www.xeno-canto.org/522159,skylar/XC522159.ogg
skylar,[],"['arched call', 'flight call']",44.6562,-1.2553,Alauda arvensis,Eurasian Skylark,Stanislas Wroza,Creative Commons Attribution-NonCommercial-ShareAlike 4.0,2.0,09:00,https://www.xeno-canto.org/526318,skylar/XC526318.ogg
skylar,[],"['arched call', 'flight call']",44.6562,-1.2553,Alauda arvensis,Eurasian Skylark,Stanislas Wroza,Creative Commons Attribution-NonCommercial-ShareAlike 4.0,3.0,09:00,https://www.xeno-canto.org/526431,skylar/XC526431.ogg
skylar,[],['song'],45.5939,99.2796,Alauda arvensis,Eurasian Skylark,James Lidster,Creative Commons Attribution-NonCommercial-ShareAlike 4.0,3.0,08:00,https://www.xeno-canto.org/526955,skylar/XC526955.ogg
skylar,[],"['flight call', 'two types of calls']",48.4609,-5.0449,Alauda arvensis,Eurasian Skylark,Stanislas Wroza,Creative Commons Attribution-NonCommercial-ShareAlike 4.0,4.0,09:00,https://www.xeno-canto.org/526981,skylar/XC526981.ogg
skylar,[],['flight call'],48.4609,-5.0449,Alauda arvensis,Eurasian Skylark,Stanislas Wroza,Creative Commons Attribution-NonCommercial-ShareAlike 4.0,4.0,09:00,https://www.xeno-canto.org/527042,skylar/XC527042.ogg
skylar,[],['flight call'],48.4609,-5.0449,Alauda arvensis,Eurasian Skylark,Stanislas Wroza,Creative Commons Attribution-NonCommercial-ShareAlike 4.0,2.0,09:00,https://www.xeno-canto.org/527063,skylar/XC527063.ogg
skylar,[],['flight call'],48.4609,-5.0449,Alauda arvensis,Eurasian Skylark,Stanislas Wroza,Creative Commons Attribution-NonCommercial-ShareAlike 4.0,4.0,09:00,https://www.xeno-canto.org/527065,skylar/XC527065.ogg
skylar,[],['flight call'],48.4609,-5.0449,Alauda arvensis,Eurasian Skylark,Stanislas Wroza,Creative Commons Attribution-NonCommercial-ShareAlike 4.0,4.0,09:00,https://www.xeno-canto.org/527066,skylar/XC527066.ogg
skylar,[],['flight call'],48.4609,-5.0449,Alauda arvensis,Eurasian Skylark,Stanislas Wroza,Creative Commons Attribution-NonCommercial-ShareAlike 4.0,4.0,09:00,https://www.xeno-canto.org/527067,skylar/XC527067.ogg
skylar,[],['flight call'],48.4609,-5.0449,Alauda arvensis,Eurasian Skylark,Stanislas Wroza,Creative Commons Attribution-NonCommercial-ShareAlike 4.0,4.0,09:00,https://www.xeno-canto.org/527070,skylar/XC527070.ogg
skylar,[],['song'],45.0754,100.6835,Alauda arvensis,Eurasian Skylark,James Lidster,Creative Commons Attribution-NonCommercial-ShareAlike 4.0,4.0,09:00,https://www.xeno-canto.org/527205,skylar/XC527205.ogg
skylar,[],"['flight call', 'song']",48.4609,-5.0449,Alauda arvensis,Eurasian Skylark,Stanislas Wroza,Creative Commons Attribution-NonCommercial-ShareAlike 4.0,4.0,09:00,https://www.xeno-canto.org/527436,skylar/XC527436.ogg
skylar,[],['flight call'],48.4609,-5.0449,Alauda arvensis,Eurasian Skylark,Stanislas Wroza,Creative Commons Attribution-NonCommercial-ShareAlike 4.0,4.0,09:00,https://www.xeno-canto.org/527437,skylar/XC527437.ogg
skylar,[],['song'],35.4479,136.2006,Alauda arvensis,Eurasian Skylark,Anon Torimi,Creative Commons Attribution-NonCommercial-ShareAlike 4.0,2.5,12:00,https://www.xeno-canto.org/528048,skylar/XC528048.ogg
skylar,[],['flight call'],50.1191,18.9721,Alauda arvensis,Eurasian Skylark,Ireneusz Oleksik,Creative Commons Attribution-NonCommercial-ShareAlike 4.0,2.0,07:26,https://www.xeno-canto.org/528069,skylar/XC528069.ogg
skylar,[],['nocturnal flight call'],51.0601,13.7716,Alauda arvensis,Eurasian Skylark,Jens Loose,Creative Commons Attribution-ShareAlike 4.0,3.0,01:35,https://www.xeno-canto.org/528350,skylar/XC528350.ogg
skylar,[],['song'],48.6396,1.7349,Alauda arvensis,Eurasian Skylark,Tanguy Loïs,Creative Commons Attribution-NonCommercial-ShareAlike 4.0,3.5,09:30,https://www.xeno-canto.org/528432,skylar/XC528432.ogg
skylar,[],['nocturnal flight call'],52.3287,21.0961,Alauda arvensis,Eurasian Skylark,Tomasz Wałachowski,Creative Commons Attribution-NonCommercial-ShareAlike 4.0,3.0,01:30,https://www.xeno-canto.org/528761,skylar/XC528761.ogg
skylar,[],['song'],48.6308,1.7219,Alauda arvensis,Eurasian Skylark,Tanguy Loïs,Creative Commons Attribution-NonCommercial-ShareAlike 4.0,5.0,09:00,https://www.xeno-canto.org/528943,skylar/XC528943.ogg
skylar,['mallar3'],"['call', 'flight call', 'nocturnal flight call']",53.9299,-2.9833,Alauda arvensis,Eurasian Skylark,Chris Batty,Creative Commons Attribution-NonCommercial-ShareAlike 4.0,2.5,21:33,https://www.xeno-canto.org/530607,skylar/XC530607.ogg
skylar,['mallar3'],"['call', 'flight call', 'nocturnal flight call']",53.9299,-2.9833,Alauda arvensis,Eurasian Skylark,Chris Batty,Creative Commons Attribution-NonCommercial-ShareAlike 4.0,1.5,00:38,https://www.xeno-canto.org/530609,skylar/XC530609.ogg
skylar,[],"['call', 'flight call', 'nocturnal flight call']",53.9299,-2.9833,Alauda arvensis,Eurasian Skylark,Chris Batty,Creative Commons Attribution-NonCommercial-ShareAlike 4.0,3.0,22:45,https://www.xeno-canto.org/530612,skylar/XC530612.ogg
skylar,[],"['call', 'flight call']",53.9299,-2.9833,Alauda arvensis,Eurasian Skylark,Chris Batty,Creative Commons Attribution-NonCommercial-ShareAlike 4.0,2.5,10:13,https://www.xeno-canto.org/530613,skylar/XC530613.ogg
skylar,[],['song'],53.9299,-2.9833,Alauda arvensis,Eurasian Skylark,Chris Batty,Creative Commons Attribution-NonCommercial-ShareAlike 4.0,1.5,06:11,https://www.xeno-canto.org/530614,skylar/XC530614.ogg
skylar,[],['song'],53.9299,-2.9833,Alauda arvensis,Eurasian Skylark,Chris Batty,Creative Commons Attribution-NonCommercial-ShareAlike 4.0,3.0,06:30,https://www.xeno-canto.org/530615,skylar/XC530615.ogg
skylar,[],"['call', 'flight call', 'subsong']",53.9299,-2.9833,Alauda arvensis,Eurasian Skylark,Chris Batty,Creative Commons Attribution-NonCommercial-ShareAlike 4.0,2.5,10:54,https://www.xeno-canto.org/530616,skylar/XC530616.ogg
skylar,['houspa'],"['call', 'flight call']",53.9299,-2.9833,Alauda arvensis,Eurasian Skylark,Chris Batty,Creative Commons Attribution-NonCommercial-ShareAlike 4.0,2.5,06:29,https://www.xeno-canto.org/530617,skylar/XC530617.ogg
skylar,[],"['call', 'flight call']",53.9299,-2.9833,Alauda arvensis,Eurasian Skylark,Chris Batty,Creative Commons Attribution-NonCommercial-ShareAlike 4.0,2.5,09:35,https://www.xeno-canto.org/530620,skylar/XC530620.ogg
skylar,[],"['call', 'flight call']",53.9299,-2.9833,Alauda arvensis,Eurasian Skylark,Chris Batty,Creative Commons Attribution-NonCommercial-ShareAlike 4.0,3.0,11:04,https://www.xeno-canto.org/530621,skylar/XC530621.ogg
skylar,[],"['adult', 'song']",48.0064,10.9501,Alauda arvensis,Eurasian Skylark,Beatrix Saadi-Varchmin,Creative Commons Attribution-NonCommercial-ShareAlike 4.0,3.0,10:13,https://www.xeno-canto.org/531208,skylar/XC531208.ogg
skylar,[],['nocturnal flight call'],60.2357,25.0058,Alauda arvensis,Eurasian Skylark,Juha Saari,Creative Commons Attribution-NonCommercial-ShareAlike 4.0,2.0,02:32,https://www.xeno-canto.org/533821,skylar/XC533821.ogg
skylar,[],['nocturnal flight call'],43.5352,-1.4475,Alauda arvensis,Eurasian Skylark,Frédéric Cazaban,Creative Commons Attribution-NonCommercial-ShareAlike 4.0,3.0,02:30,https://www.xeno-canto.org/534505,skylar/XC534505.ogg
skylar,[],['song'],49.0699,1.6524,Alauda arvensis,Eurasian Skylark,Stanislas Wroza,Creative Commons Attribution-NonCommercial-ShareAlike 4.0,4.0,07:30,https://www.xeno-canto.org/535457,skylar/XC535457.ogg
skylar,[],['flight call'],49.0699,1.6524,Alauda arvensis,Eurasian Skylark,Stanislas Wroza,Creative Commons Attribution-NonCommercial-ShareAlike 4.0,4.0,07:30,https://www.xeno-canto.org/535459,skylar/XC535459.ogg
skylar,[],['flight call'],50.3725,1.5697,Alauda arvensis,Eurasian Skylark,Stanislas Wroza,Creative Commons Attribution-NonCommercial-ShareAlike 4.0,4.0,09:00,https://www.xeno-canto.org/535560,skylar/XC535560.ogg
skylar,[],['flight call'],50.2571,1.5748,Alauda arvensis,Eurasian Skylark,Stanislas Wroza,Creative Commons Attribution-NonCommercial-ShareAlike 4.0,4.0,09:00,https://www.xeno-canto.org/535574,skylar/XC535574.ogg
skylar,[],['flight call'],48.7549,1.725,Alauda arvensis,Eurasian Skylark,Stanislas Wroza,Creative Commons Attribution-NonCommercial-ShareAlike 4.0,3.0,08:00,https://www.xeno-canto.org/535824,skylar/XC535824.ogg
skylar,['rinphe'],['song'],52.7439,-1.0339,Alauda arvensis,Eurasian Skylark,Michał Jezierski,Creative Commons Attribution-NonCommercial-ShareAlike 4.0,2.5,10:30,https://www.xeno-canto.org/535998,skylar/XC535998.ogg
skylar,[],['nocturnal flight call'],45.2867,4.8289,Alauda arvensis,Eurasian Skylark,Vincent Palomares,Creative Commons Attribution-NonCommercial-ShareAlike 4.0,3.0,03:30,https://www.xeno-canto.org/537563,skylar/XC537563.ogg
skylar,[],['song'],63.7755,20.0713,Alauda arvensis,Eurasian Skylark,Lars Edenius,Creative Commons Attribution-NonCommercial-ShareAlike 4.0,4.0,09:00,https://www.xeno-canto.org/538084,skylar/XC538084.ogg
skylar,[],['nocturnal flight call'],60.2357,25.0058,Alauda arvensis,Eurasian Skylark,Juha Saari,Creative Commons Attribution-NonCommercial-ShareAlike 4.0,2.0,22:22,https://www.xeno-canto.org/538729,skylar/XC538729.ogg
skylar,[],['song'],59.1256,18.357,Alauda arvensis,Eurasian Skylark,Thomas Bergman,Creative Commons Attribution-NonCommercial-ShareAlike 4.0,3.5,06:18,https://www.xeno-canto.org/539168,skylar/XC539168.ogg
skylar,[],"['adult', 'song']",52.9791,17.9972,Alauda arvensis,Eurasian Skylark,Karol Kustusch,Creative Commons Attribution-NonCommercial-ShareAlike 4.0,3.0,09:30,https://www.xeno-canto.org/544669,skylar/XC544669.ogg
skylar,[],['song'],45.2867,4.8289,Alauda arvensis,Eurasian Skylark,Vincent Palomares,Creative Commons Attribution-NonCommercial-ShareAlike 4.0,3.0,09:00,https://www.xeno-canto.org/545488,skylar/XC545488.ogg
skylar,[],['nocturnal flight call'],60.2357,25.0058,Alauda arvensis,Eurasian Skylark,Juha Saari,Creative Commons Attribution-NonCommercial-ShareAlike 4.0,4.0,01:38,https://www.xeno-canto.org/546007,skylar/XC546007.ogg
skylar,[],"['alarm call', 'arched call', 'flight call']",48.8659,1.9428,Alauda arvensis,Eurasian Skylark,Stanislas Wroza,Creative Commons Attribution-NonCommercial-ShareAlike 4.0,4.0,07:00,https://www.xeno-canto.org/547060,skylar/XC547060.ogg
skylar,[],"['alarm call', 'flight call', 'rapidfire']",48.8659,1.9428,Alauda arvensis,Eurasian Skylark,Stanislas Wroza,Creative Commons Attribution-NonCommercial-ShareAlike 4.0,5.0,07:00,https://www.xeno-canto.org/547106,skylar/XC547106.ogg
skylar,[],"['flight call', 'male', 'song', 'wings']",53.0853,21.5639,Alauda arvensis,Eurasian Skylark,Jarek Matusiak,Creative Commons Attribution-NonCommercial-ShareAlike 4.0,4.5,08:00,https://www.xeno-canto.org/548086,skylar/XC548086.ogg
skylar,[],"['flight call', 'male', 'song', 'wings']",53.0853,21.5639,Alauda arvensis,Eurasian Skylark,Jarek Matusiak,Creative Commons Attribution-NonCommercial-ShareAlike 4.0,4.5,09:00,https://www.xeno-canto.org/548093,skylar/XC548093.ogg
skylar,[],"['alarm call', 'call', 'male']",53.0853,21.5639,Alauda arvensis,Eurasian Skylark,Jarek Matusiak,Creative Commons Attribution-NonCommercial-ShareAlike 4.0,5.0,09:00,https://www.xeno-canto.org/548103,skylar/XC548103.ogg
skylar,[],['song'],48.8625,1.9443,Alauda arvensis,Eurasian Skylark,Stanislas Wroza,Creative Commons Attribution-NonCommercial-ShareAlike 4.0,5.0,06:30,https://www.xeno-canto.org/548123,skylar/XC548123.ogg
skylar,[],"['adult', 'male', 'song']",60.7225,11.1095,Alauda arvensis,Eurasian Skylark,Elias A. Ryberg,Creative Commons Attribution-NonCommercial-ShareAlike 4.0,5.0,15:14,https://www.xeno-canto.org/548297,skylar/XC548297.ogg
skylar,[],"['male', 'song']",47.6175,4.9237,Alauda arvensis,Eurasian Skylark,Gerard OLIVIER,Creative Commons Attribution-NonCommercial-ShareAlike 4.0,5.0,09:00,https://www.xeno-canto.org/548644,skylar/XC548644.ogg
skylar,[],"['male', 'song']",47.5719,5.3908,Alauda arvensis,Eurasian Skylark,Gerard OLIVIER,Creative Commons Attribution-NonCommercial-ShareAlike 4.0,5.0,09:00,https://www.xeno-canto.org/548647,skylar/XC548647.ogg
skylar,[],"['male', 'song']",46.596,4.6619,Alauda arvensis,Eurasian Skylark,Gerard OLIVIER,Creative Commons Attribution-NonCommercial-ShareAlike 4.0,5.0,07:20,https://www.xeno-canto.org/548650,skylar/XC548650.ogg
skylar,[],"['adult', 'male', 'song']",53.0853,21.5639,Alauda arvensis,Eurasian Skylark,Jarek Matusiak,Creative Commons Attribution-NonCommercial-ShareAlike 4.0,5.0,05:30,https://www.xeno-canto.org/548685,skylar/XC548685.ogg
skylar,[],"['adult', 'flight call', 'male', 'song', 'wings']",53.0853,21.5639,Alauda arvensis,Eurasian Skylark,Jarek Matusiak,Creative Commons Attribution-NonCommercial-ShareAlike 4.0,5.0,05:30,https://www.xeno-canto.org/548691,skylar/XC548691.ogg
skylar,[],['song'],59.8823,-1.3059,Alauda arvensis,Eurasian Skylark,Andrew Harrop,Creative Commons Attribution-NonCommercial-ShareAlike 4.0,4.0,06:00,https://www.xeno-canto.org/549269,skylar/XC549269.ogg
skylar,[],['song'],60.7989,26.9407,Alauda arvensis,Eurasian Skylark,Eetu Paljakka,Creative Commons Attribution-NonCommercial-ShareAlike 4.0,3.5,14:50,https://www.xeno-canto.org/549675,skylar/XC549675.ogg
skylar,[],['song'],43.0913,2.007,Alauda arvensis,Eurasian Skylark,Mike Nelson,Creative Commons Attribution-NonCommercial-ShareAlike 3.0,3.0,1:30pm,https://www.xeno-canto.org/55104,skylar/XC55104.ogg
skylar,[],['song'],43.0913,2.007,Alauda arvensis,Eurasian Skylark,Mike Nelson,Creative Commons Attribution-NonCommercial-ShareAlike 3.0,2.0,4:30pm,https://www.xeno-canto.org/55105,skylar/XC55105.ogg
skylar,[],['song'],45.2867,4.8289,Alauda arvensis,Eurasian Skylark,Vincent Palomares,Creative Commons Attribution-NonCommercial-ShareAlike 4.0,5.0,09:00,https://www.xeno-canto.org/553856,skylar/XC553856.ogg
skylar,[],['song'],60.2374,25.0561,Alauda arvensis,Eurasian Skylark,Eetu Paljakka,Creative Commons Attribution-NonCommercial-ShareAlike 4.0,4.5,10:45,https://www.xeno-canto.org/554924,skylar/XC554924.ogg
skylar,[],"['adult', 'male', 'song']",48.7368,4.3951,Alauda arvensis,Eurasian Skylark,Guillaume Bigayon,Creative Commons Attribution-NonCommercial-ShareAlike 4.0,5.0,09:30,https://www.xeno-canto.org/555189,skylar/XC555189.ogg
skylar,[],['song'],50.3692,8.8754,Alauda arvensis,Eurasian Skylark,brickegickel,Creative Commons Attribution-NonCommercial-ShareAlike 4.0,5.0,17:30,https://www.xeno-canto.org/557005,skylar/XC557005.ogg
skylar,[],"['male', 'song']",53.0963,4.8758,Alauda arvensis,Eurasian Skylark,Arend Wassink,Creative Commons Attribution-NonCommercial-ShareAlike 4.0,5.0,05:30,https://www.xeno-canto.org/557984,skylar/XC557984.ogg
skylar,[],"['adult', 'male', 'song']",54.8239,8.9049,Alauda arvensis,Eurasian Skylark,Claudia Haushalter,Creative Commons Attribution-NonCommercial-ShareAlike 4.0,3.0,21:00,https://www.xeno-canto.org/559795,skylar/XC559795.ogg
skylar,[],"['adult', 'male', 'song']",41.3122,0.9177,Alauda arvensis,Eurasian Skylark,Xavier Riera,Creative Commons Attribution-NonCommercial-ShareAlike 4.0,2.5,19:30,https://www.xeno-canto.org/561535,skylar/XC561535.ogg
skylar,[],"['adult', 'male', 'song']",41.312,0.912,Alauda arvensis,Eurasian Skylark,Xavier Riera,Creative Commons Attribution-NonCommercial-ShareAlike 4.0,3.0,20:30,https://www.xeno-canto.org/562495,skylar/XC562495.ogg
skylar,[],"['adult', 'song']",57.4772,-4.0978,Alauda arvensis,Eurasian Skylark,B Whyte,Creative Commons Attribution-NonCommercial-ShareAlike 4.0,3.0,15:30,https://www.xeno-canto.org/562678,skylar/XC562678.ogg
skylar,[],"['adult', 'male', 'song']",53.2019,-1.8551,Alauda arvensis,Eurasian Skylark,Rowan Wakefield,Creative Commons Attribution-NonCommercial-ShareAlike 4.0,5.0,13:30,https://www.xeno-canto.org/562886,skylar/XC562886.ogg
skylar,[],['song'],58.9531,17.5695,Alauda arvensis,Eurasian Skylark,Hans Norelius,Creative Commons Attribution-NonCommercial-ShareAlike 4.0,3.5,08:00,https://www.xeno-canto.org/563077,skylar/XC563077.ogg
skylar,[],"['adult', 'nocturnal song']",48.7042,-2.9879,Alauda arvensis,Eurasian Skylark,LE ROY Renaud,Creative Commons Attribution-NonCommercial-ShareAlike 4.0,3.0,04:30,https://www.xeno-canto.org/563406,skylar/XC563406.ogg
skylar,[],['song'],58.9218,23.0286,Alauda arvensis,Eurasian Skylark,Uku Paal,Creative Commons Attribution-NonCommercial-ShareAlike 4.0,2.5,09:00,https://www.xeno-canto.org/563768,skylar/XC563768.ogg
skylar,[],['song'],44.7861,8.8498,Alauda arvensis,Eurasian Skylark,Gloria Ramello,Creative Commons Attribution-NonCommercial-ShareAlike 4.0,2.5,05:00,https://www.xeno-canto.org/565036,skylar/XC565036.ogg
skylar,[],"['call', 'subsong']",46.0843,10.9621,Alauda arvensis,Eurasian Skylark,Giuseppe Speranza,Creative Commons Attribution-NonCommercial-ShareAlike 4.0,4.0,08:10,https://www.xeno-canto.org/566093,skylar/XC566093.ogg
skylar,[],"['call', 'subsong']",46.0843,10.9621,Alauda arvensis,Eurasian Skylark,Giuseppe Speranza,Creative Commons Attribution-NonCommercial-ShareAlike 4.0,4.0,08:15,https://www.xeno-canto.org/566132,skylar/XC566132.ogg
skylar,[],['song'],63.5399,19.6086,Alauda arvensis,Eurasian Skylark,Urban Lundström,Creative Commons Attribution-NonCommercial-ShareAlike 4.0,4.0,07:58,https://www.xeno-canto.org/566231,skylar/XC566231.ogg
skylar,[],['song'],43.4329,-4.0852,Alauda arvensis,Eurasian Skylark,Javier Hernández,Creative Commons Attribution-NonCommercial-ShareAlike 4.0,3.5,13:00,https://www.xeno-canto.org/567373,skylar/XC567373.ogg
skylar,[],"['adult', 'male', 'song']",50.9999,14.9912,Alauda arvensis,Eurasian Skylark,Jan Zouzalík,Creative Commons Attribution-NonCommercial-ShareAlike 4.0,3.0,17:30,https://www.xeno-canto.org/568908,skylar/XC568908.ogg
skylar,[],['flight call'],51.8064,16.6475,Alauda arvensis,Eurasian Skylark,Adrianna Muszyńska,Creative Commons Attribution-NonCommercial-ShareAlike 4.0,4.0,18:57,https://www.xeno-canto.org/569758,skylar/XC569758.ogg
skylar,[],"['song', 'song in flight']",41.7196,1.5957,Alauda arvensis,Eurasian Skylark,Jordi Calvet,Creative Commons Attribution-NonCommercial-ShareAlike 4.0,3.0,09:30,https://www.xeno-canto.org/570607,skylar/XC570607.ogg
skylar,[],"['life stage uncertain', 'male', 'song']",59.362,18.085,Alauda arvensis,Eurasian Skylark,Gunnar Dolk,Creative Commons Attribution-NonCommercial-ShareAlike 4.0,4.0,07:45,https://www.xeno-canto.org/571988,skylar/XC571988.ogg
skylar,[],['song'],50.5917,-2.0047,Alauda arvensis,Eurasian Skylark,Samuel Levy,Creative Commons Attribution-NonCommercial-ShareAlike 4.0,4.0,21:30,https://www.xeno-canto.org/572104,skylar/XC572104.ogg
skylar,[],['song'],50.9658,-1.9346,Alauda arvensis,Eurasian Skylark,Samuel Levy,Creative Commons Attribution-NonCommercial-ShareAlike 4.0,3.0,19:00,https://www.xeno-canto.org/572112,skylar/XC572112.ogg
skylar,[],"['adult', 'male', 'song']",48.7015,-2.9797,Alauda arvensis,Eurasian Skylark,LE ROY Renaud,Creative Commons Attribution-NonCommercial-ShareAlike 4.0,2.5,12:30,https://www.xeno-canto.org/572260,skylar/XC572260.ogg
skylar,[],"['adult', 'male', 'song']",56.2796,16.4611,Alauda arvensis,Eurasian Skylark,Steve Dahlfors,Creative Commons Attribution-NonCommercial-ShareAlike 4.0,4.0,09:30,https://www.xeno-canto.org/572406,skylar/XC572406.ogg
skylar,[],['song'],56.0747,47.3757,Alauda arvensis,Eurasian Skylark,Albert Lastukhin,Creative Commons Attribution-NonCommercial-ShareAlike 4.0,3.0,07:00,https://www.xeno-canto.org/573358,skylar/XC573358.ogg
skylar,[],['song'],40.0364,115.4743,Alauda arvensis,Eurasian Skylark,PT xiao,Creative Commons Attribution-NonCommercial-ShareAlike 4.0,4.0,12:00,https://www.xeno-canto.org/573884,skylar/XC573884.ogg
skylar,[],"['male', 'song']",39.9598,-1.0527,Alauda arvensis,Eurasian Skylark,Joan Balfagon,Creative Commons Attribution-NonCommercial-ShareAlike 4.0,3.0,8:00,https://www.xeno-canto.org/574939,skylar/XC574939.ogg
skylar,[],['song'],42.7291,0.965,Alauda arvensis,Eurasian Skylark,Sidney M,Creative Commons Attribution-NonCommercial-ShareAlike 4.0,2.0,10:30,https://www.xeno-canto.org/575998,skylar/XC575998.ogg
skylar,[],['song'],42.7291,0.965,Alauda arvensis,Eurasian Skylark,Sidney M,Creative Commons Attribution-NonCommercial-ShareAlike 4.0,1.0,10:30,https://www.xeno-canto.org/576000,skylar/XC576000.ogg
skylar,[],['song'],42.7291,0.965,Alauda arvensis,Eurasian Skylark,Sidney M,Creative Commons Attribution-NonCommercial-ShareAlike 4.0,1.0,10:30,https://www.xeno-canto.org/576002,skylar/XC576002.ogg
skylar,[],['song'],42.7291,0.965,Alauda arvensis,Eurasian Skylark,Sidney M,Creative Commons Attribution-NonCommercial-ShareAlike 4.0,2.0,10:30,https://www.xeno-canto.org/576010,skylar/XC576010.ogg
skylar,[],['song'],42.7291,0.965,Alauda arvensis,Eurasian Skylark,Sidney M,Creative Commons Attribution-NonCommercial-ShareAlike 4.0,2.0,10:30,https://www.xeno-canto.org/576011,skylar/XC576011.ogg
skylar,[],['nocturnal flight call'],60.2357,25.0058,Alauda arvensis,Eurasian Skylark,Juha Saari,Creative Commons Attribution-NonCommercial-ShareAlike 4.0,3.0,00:42,https://www.xeno-canto.org/576188,skylar/XC576188.ogg
skylar,[],['song'],42.7052,-0.5792,Alauda arvensis,Eurasian Skylark,Eduardo Realinho,Creative Commons Attribution-NonCommercial-ShareAlike 4.0,4.0,21:00,https://www.xeno-canto.org/577296,skylar/XC577296.ogg
skylar,[],"['adult', 'male', 'song']",49.5331,6.2305,Alauda arvensis,Eurasian Skylark,Marie Kayser,Creative Commons Attribution-NonCommercial-ShareAlike 4.0,5.0,14:00,https://www.xeno-canto.org/581204,skylar/XC581204.ogg
skylar,[],['song'],52.6532,-1.8794,Alauda arvensis,Eurasian Skylark,Oscar Campbell,Creative Commons Attribution-NonCommercial-ShareAlike 4.0,5.0,16:30,https://www.xeno-canto.org/582350,skylar/XC582350.ogg
skylar,[],['begging call'],51.4102,4.4201,Alauda arvensis,Eurasian Skylark,Bram Vogels,Creative Commons Attribution-NonCommercial-ShareAlike 4.0,4.0,00:00,https://www.xeno-canto.org/583696,skylar/XC583696.ogg
skylar,[],['nocturnal flight call'],47.9199,-2.2568,Alauda arvensis,Eurasian Skylark,Gaëtan Mineau,Creative Commons Attribution-NonCommercial-ShareAlike 4.0,4.0,03:00,https://www.xeno-canto.org/584540,skylar/XC584540.ogg
skylar,[],"['adult', 'male', 'song']",39.3026,16.5454,Alauda arvensis,Eurasian Skylark,Gianluca Congi,Creative Commons Attribution-NonCommercial-ShareAlike 4.0,3.0,17:24,https://www.xeno-canto.org/585081,skylar/XC585081.ogg
skylar,[],"['call', 'flight call', 'nocturnal flight call']",54.2081,-0.2889,Alauda arvensis,Eurasian Skylark,Mark Pearson,Creative Commons Attribution-NonCommercial-ShareAlike 4.0,3.0,00:18,https://www.xeno-canto.org/586593,skylar/XC586593.ogg
skylar,[],"['life stage uncertain', 'sex uncertain']",53.18,8.7928,Alauda arvensis,Eurasian Skylark,Thorsten Dröse,Creative Commons Attribution-NonCommercial-ShareAlike 4.0,3.0,08:00,https://www.xeno-canto.org/588121,skylar/XC588121.ogg
skylar,[],"['flight call', 'nocturnal flight call']",54.1818,-0.3203,Alauda arvensis,Eurasian Skylark,Will Scott,Creative Commons Attribution-NonCommercial-ShareAlike 4.0,2.0,05:37,https://www.xeno-canto.org/589189,skylar/XC589189.ogg
skylar,[],['nocturnal flight call'],51.8996,-8.4944,Alauda arvensis,Eurasian Skylark,Mr Mark Shorten,Creative Commons Attribution-NonCommercial-ShareAlike 4.0,1.0,02:00,https://www.xeno-canto.org/590363,skylar/XC590363.ogg
skylar,[],['nocturnal flight call'],60.2357,25.0058,Alauda arvensis,Eurasian Skylark,Juha Saari,Creative Commons Attribution-NonCommercial-ShareAlike 4.0,4.0,03:09,https://www.xeno-canto.org/590859,skylar/XC590859.ogg
skylar,[],"['flight call', 'odd calls', 'subsong in migratory flight']",48.3941,2.577,Alauda arvensis,Eurasian Skylark,Stanislas Wroza,Creative Commons Attribution-NonCommercial-ShareAlike 4.0,3.0,07:30,https://www.xeno-canto.org/594375,skylar/XC594375.ogg
skylar,[],['nocturnal flight call'],44.7973,-0.6094,Alauda arvensis,Eurasian Skylark,Marta Celej,Creative Commons Attribution-NonCommercial-ShareAlike 4.0,3.5,05:30,https://www.xeno-canto.org/594472,skylar/XC594472.ogg
skylar,[],"['call', 'flight call', 'nocturnal flight call']",52.0172,-0.34,Alauda arvensis,Eurasian Skylark,James P,Creative Commons Attribution-NonCommercial-ShareAlike 4.0,4.0,00:10,https://www.xeno-canto.org/594717,skylar/XC594717.ogg
skylar,[],['flight call'],48.0228,0.1995,Alauda arvensis,Eurasian Skylark,Christian Kerihuel,Creative Commons Attribution-NonCommercial-ShareAlike 4.0,3.0,05:00,https://www.xeno-canto.org/594718,skylar/XC594718.ogg
skylar,[],['nocturnal flight call'],53.4697,9.7893,Alauda arvensis,Eurasian Skylark,Lars Burnus,Creative Commons Attribution-NonCommercial-ShareAlike 4.0,5.0,04:08,https://www.xeno-canto.org/595153,skylar/XC595153.ogg
skylar,[],['alarm call'],48.6827,-3.0382,Alauda arvensis,Eurasian Skylark,LE ROY Renaud,Creative Commons Attribution-NonCommercial-ShareAlike 4.0,3.0,14:30,https://www.xeno-canto.org/595273,skylar/XC595273.ogg
skylar,[],['flight call'],51.7575,-0.4687,Alauda arvensis,Eurasian Skylark,Calum Mckellar,Creative Commons Attribution-NonCommercial-ShareAlike 4.0,5.0,07:58,https://www.xeno-canto.org/595571,skylar/XC595571.ogg
skylar,[],"['flight call', 'life stage uncertain', 'nocturnal flight call', 'sex uncertain']",50.1191,18.9721,Alauda arvensis,Eurasian Skylark,Ireneusz Oleksik,Creative Commons Attribution-NonCommercial-ShareAlike 4.0,3.0,01:54,https://www.xeno-canto.org/595676,skylar/XC595676.ogg
skylar,[],"['male', 'song']",50.1514,5.0445,Alauda arvensis,Eurasian Skylark,Alain Malengreau,Creative Commons Attribution-NonCommercial-ShareAlike 4.0,5.0,16:00,https://www.xeno-canto.org/595709,skylar/XC595709.ogg
skylar,[],['nocturnal flight call'],60.2357,25.0058,Alauda arvensis,Eurasian Skylark,Juha Saari,Creative Commons Attribution-NonCommercial-ShareAlike 4.0,3.0,00:50,https://www.xeno-canto.org/596874,skylar/XC596874.ogg
skylar,[],['song'],37.0487,-8.9693,Alauda arvensis,Eurasian Skylark,Eduardo Realinho,Creative Commons Attribution-NonCommercial-ShareAlike 4.0,3.5,14:00,https://www.xeno-canto.org/597391,skylar/XC597391.ogg
skylar,[],['nocturnal flight call'],48.0228,0.1995,Alauda arvensis,Eurasian Skylark,Christian Kerihuel,Creative Commons Attribution-NonCommercial-ShareAlike 4.0,4.0,03:30,https://www.xeno-canto.org/599109,skylar/XC599109.ogg
skylar,[],"['life stage uncertain', 'nocturnal flight call', 'sex uncertain']",41.2243,1.7254,Alauda arvensis,Eurasian Skylark,Sergi,Creative Commons Attribution-NonCommercial-ShareAlike 4.0,4.0,06:22,https://www.xeno-canto.org/599187,skylar/XC599187.ogg
skylar,[],['flight call'],52.6842,4.6341,Alauda arvensis,Eurasian Skylark,Wessel,Creative Commons Attribution-NonCommercial-ShareAlike 4.0,4.0,10:00,https://www.xeno-canto.org/600118,skylar/XC600118.ogg
skylar,[],"['life stage uncertain', 'nocturnal flight call', 'sex uncertain']",50.1191,18.9721,Alauda arvensis,Eurasian Skylark,Ireneusz Oleksik,Creative Commons Attribution-NonCommercial-ShareAlike 4.0,4.0,00:08,https://www.xeno-canto.org/600827,skylar/XC600827.ogg
skylar,[],"['flight call', 'life stage uncertain', 'nocturnal flight call', 'sex uncertain']",50.1191,18.9721,Alauda arvensis,Eurasian Skylark,Ireneusz Oleksik,Creative Commons Attribution-NonCommercial-ShareAlike 4.0,2.0,22:35,https://www.xeno-canto.org/601171,skylar/XC601171.ogg
skylar,[],['nocturnal flight call'],43.6108,3.8767,Alauda arvensis,Eurasian Skylark,Pierre Foulquier,Creative Commons Attribution-NonCommercial-ShareAlike 4.0,5.0,01:00,https://www.xeno-canto.org/601936,skylar/XC601936.ogg
skylar,[],['flight call'],51.4023,4.4307,Alauda arvensis,Eurasian Skylark,Bram Vogels,Creative Commons Attribution-NonCommercial-ShareAlike 4.0,4.0,02:00,https://www.xeno-canto.org/603093,skylar/XC603093.ogg
skylar,['jabwar'],['song'],35.1537,136.1046,Alauda arvensis,Eurasian Skylark,Anon Torimi,Creative Commons Attribution-NonCommercial-ShareAlike 4.0,4.5,08:20,https://www.xeno-canto.org/603580,skylar/XC603580.ogg
skylar,[],"['adult', 'male', 'song']",49.7185,7.3003,Alauda arvensis,Eurasian Skylark,Micha Luhn,Creative Commons Attribution-NonCommercial-ShareAlike 4.0,5.0,07:36,https://www.xeno-canto.org/603611,skylar/XC603611.ogg
skylar,[],"['adult', 'male', 'song']",49.7185,7.3003,Alauda arvensis,Eurasian Skylark,Micha Luhn,Creative Commons Attribution-NonCommercial-ShareAlike 4.0,5.0,19:50,https://www.xeno-canto.org/603637,skylar/XC603637.ogg
skylar,[],['call'],35.1534,136.1099,Alauda arvensis,Eurasian Skylark,Anon Torimi,Creative Commons Attribution-NonCommercial-ShareAlike 4.0,4.0,11:10,https://www.xeno-canto.org/605300,skylar/XC605300.ogg
skylar,[],"['flight call', 'sex uncertain']",41.5218,0.6182,Alauda arvensis,Eurasian Skylark,Jordi Calvet,Creative Commons Attribution-NonCommercial-ShareAlike 4.0,4.0,14:00,https://www.xeno-canto.org/607294,skylar/XC607294.ogg
skylar,[],"['flight call', 'life stage uncertain', 'sex uncertain']",41.312,0.912,Alauda arvensis,Eurasian Skylark,Xavier Riera,Creative Commons Attribution-NonCommercial-ShareAlike 4.0,5.0,12:30,https://www.xeno-canto.org/607436,skylar/XC607436.ogg
skylar,[],['song'],46.238,-1.5552,Alauda arvensis,Eurasian Skylark,Frédéric Cazaban,Creative Commons Attribution-NonCommercial-ShareAlike 4.0,5.0,07:18,https://www.xeno-canto.org/614525,skylar/XC614525.ogg
skylar,[],"['adult', 'male', 'song']",43.5676,4.8379,Alauda arvensis,Eurasian Skylark,Manceau Lionel,Creative Commons Attribution-NonCommercial-ShareAlike 4.0,5.0,08:30,https://www.xeno-canto.org/620943,skylar/XC620943.ogg
skylar,[],['flight call'],51.9518,4.9992,Alauda arvensis,Eurasian Skylark,Albert Noorlander,Creative Commons Attribution-NonCommercial-ShareAlike 4.0,5.0,10:15,https://www.xeno-canto.org/622639,skylar/XC622639.ogg
skylar,[],['nocturnal flight call'],50.7556,4.5701,Alauda arvensis,Eurasian Skylark,Frederik Fluyt,Creative Commons Attribution-NonCommercial-ShareAlike 4.0,4.0,01:00,https://www.xeno-canto.org/622771,skylar/XC622771.ogg
skylar,[],['nocturnal flight call'],50.1191,18.9721,Alauda arvensis,Eurasian Skylark,Ireneusz Oleksik,Creative Commons Attribution-NonCommercial-ShareAlike 4.0,4.0,03:55,https://www.xeno-canto.org/623025,skylar/XC623025.ogg
skylar,[],"['flight call', 'nocturnal flight call', 'sex uncertain']",50.1191,18.9721,Alauda arvensis,Eurasian Skylark,Ireneusz Oleksik,Creative Commons Attribution-NonCommercial-ShareAlike 4.0,4.0,02:07,https://www.xeno-canto.org/624254,skylar/XC624254.ogg
skylar,[],"['adult', 'male', 'song']",54.7983,25.2742,Alauda arvensis,Eurasian Skylark,Francesco Sottile,Creative Commons Attribution-NonCommercial-ShareAlike 4.0,5.0,14:17,https://www.xeno-canto.org/625341,skylar/XC625341.ogg
skylar,[],"['adult', 'male', 'song']",59.1248,18.3501,Alauda arvensis,Eurasian Skylark,Alan Dalton,Creative Commons Attribution-NonCommercial-ShareAlike 4.0,4.5,10:30,https://www.xeno-canto.org/625649,skylar/XC625649.ogg
skylar,[],"['mimicry/imitation', 'song']",42.153,-0.6828,Alauda arvensis,Eurasian Skylark,Eduardo Realinho,Creative Commons Attribution-NonCommercial-ShareAlike 4.0,4.0,13:30,https://www.xeno-canto.org/625661,skylar/XC625661.ogg
skylar,[],"['adult', 'song']",51.5323,4.9944,Alauda arvensis,Eurasian Skylark,Twan Mols,Creative Commons Attribution-NonCommercial-ShareAlike 4.0,4.0,10:30,https://www.xeno-canto.org/626296,skylar/XC626296.ogg
skylar,[],"['adult', 'song']",51.5323,4.9944,Alauda arvensis,Eurasian Skylark,Twan Mols,Creative Commons Attribution-NonCommercial-ShareAlike 4.0,4.0,10:30,https://www.xeno-canto.org/626298,skylar/XC626298.ogg
skylar,[],"['adult', 'call', 'sex uncertain', 'song']",48.0066,10.951,Alauda arvensis,Eurasian Skylark,Beatrix Saadi-Varchmin,Creative Commons Attribution-NonCommercial-ShareAlike 4.0,4.5,09:33,https://www.xeno-canto.org/627310,skylar/XC627310.ogg
skylar,[],['song'],46.0038,-0.6294,Alauda arvensis,Eurasian Skylark,Bernard BOUSQUET,Creative Commons Attribution-NonCommercial-ShareAlike 4.0,4.0,15:00,https://www.xeno-canto.org/627635,skylar/XC627635.ogg
skylar,[],"['flight call', 'nocturnal flight call']",53.5354,-2.1967,Alauda arvensis,Eurasian Skylark,Charles Farrell,Creative Commons Attribution-NonCommercial-ShareAlike 4.0,2.0,01:00,https://www.xeno-canto.org/627953,skylar/XC627953.ogg
skylar,[],"['adult', 'male', 'song']",43.0549,-9.2962,Alauda arvensis,Eurasian Skylark,Jacobo Ramil MIllarengo,Creative Commons Attribution-NonCommercial-ShareAlike 4.0,4.0,01:00,https://www.xeno-canto.org/629111,skylar/XC629111.ogg
skylar,[],"['adult', 'male', 'song']",43.0549,-9.2962,Alauda arvensis,Eurasian Skylark,Jacobo Ramil MIllarengo,Creative Commons Attribution-NonCommercial-ShareAlike 4.0,5.0,14:00,https://www.xeno-canto.org/629119,skylar/XC629119.ogg
skylar,[],"['adult', 'flight call', 'sex uncertain']",57.0491,-6.3496,Alauda arvensis,Eurasian Skylark,Sean Morris,Creative Commons Attribution-NonCommercial-ShareAlike 4.0,3.0,10:32,https://www.xeno-canto.org/629291,skylar/XC629291.ogg
skylar,[],['flight call'],41.0048,49.2195,Alauda arvensis,Eurasian Skylark,Marcel Tenhaeff,Creative Commons Attribution-NonCommercial-ShareAlike 4.0,5.0,09:00,https://www.xeno-canto.org/630461,skylar/XC630461.ogg
skylar,[],['song'],52.9085,10.231,Alauda arvensis,Eurasian Skylark,Sven Kransel,Creative Commons Attribution-NonCommercial-ShareAlike 4.0,5.0,07:30,https://www.xeno-canto.org/630597,skylar/XC630597.ogg
skylar,[],"['adult', 'male', 'song']",53.6176,-2.2593,Alauda arvensis,Eurasian Skylark,Charles Farrell,Creative Commons Attribution-NonCommercial-ShareAlike 4.0,3.0,14:15,https://www.xeno-canto.org/630808,skylar/XC630808.ogg
skylar,[],"['flight call', 'nocturnal flight call']",50.1191,18.9721,Alauda arvensis,Eurasian Skylark,Ireneusz Oleksik,Creative Commons Attribution-NonCommercial-ShareAlike 4.0,1.5,01:05,https://www.xeno-canto.org/631836,skylar/XC631836.ogg
skylar,[],"['sex uncertain', 'song']",41.6556,1.4224,Alauda arvensis,Eurasian Skylark,Jordi Calvet,Creative Commons Attribution-NonCommercial-ShareAlike 4.0,3.0,12:30,https://www.xeno-canto.org/631840,skylar/XC631840.ogg
skylar,[],"['adult', 'male', 'song']",52.3548,9.4464,Alauda arvensis,Eurasian Skylark,Markus Jacobs,Creative Commons Attribution-NonCommercial-ShareAlike 4.0,5.0,20:07,https://www.xeno-canto.org/632628,skylar/XC632628.ogg
skylar,[],"['adult', 'song']",52.7334,12.226,Alauda arvensis,Eurasian Skylark,Stephan Risch,Creative Commons Attribution-NonCommercial-ShareAlike 4.0,5.0,11:37,https://www.xeno-canto.org/634897,skylar/XC634897.ogg
skylar,[],['song'],52.742,12.3895,Alauda arvensis,Eurasian Skylark,Stephan Risch,Creative Commons Attribution-NonCommercial-ShareAlike 4.0,5.0,10:14,https://www.xeno-canto.org/635036,skylar/XC635036.ogg
skylar,[],"['adult', 'flight call', 'song']",43.2392,-0.0517,Alauda arvensis,Eurasian Skylark,Bernard BOUSQUET,Creative Commons Attribution-NonCommercial-ShareAlike 4.0,3.0,10:30,https://www.xeno-canto.org/635416,skylar/XC635416.ogg
skylar,[],"['adult', 'male', 'song']",50.9987,2.0386,Alauda arvensis,Eurasian Skylark,Florian Kubala,Creative Commons Attribution-NonCommercial-ShareAlike 4.0,3.0,14:30,https://www.xeno-canto.org/635998,skylar/XC635998.ogg
skylar,[],['flight call'],51.9512,5.956,Alauda arvensis,Eurasian Skylark,Jorick van de Westeringh,Creative Commons Attribution-NonCommercial-ShareAlike 4.0,4.5,10:30,https://www.xeno-canto.org/636007,skylar/XC636007.ogg
skylar,[],"['life stage uncertain', 'sex uncertain', 'song']",51.7752,16.6143,Alauda arvensis,Eurasian Skylark,Grzegorz Lorek,Creative Commons Attribution-NonCommercial-ShareAlike 4.0,3.5,16:55,https://www.xeno-canto.org/636223,skylar/XC636223.ogg
skylar,[],"['adult', 'sex uncertain', 'song']",49.5833,0.7028,Alauda arvensis,Eurasian Skylark,Xavier VERGON,Creative Commons Attribution-NonCommercial-ShareAlike 4.0,4.0,15:00,https://www.xeno-canto.org/637743,skylar/XC637743.ogg
skylar,[],"['adult', 'sex uncertain', 'song']",49.5833,0.7028,Alauda arvensis,Eurasian Skylark,Xavier VERGON,Creative Commons Attribution-NonCommercial-ShareAlike 4.0,4.0,14:30,https://www.xeno-canto.org/637744,skylar/XC637744.ogg
skylar,[],"['flight call', 'sex uncertain']",50.133,18.9274,Alauda arvensis,Eurasian Skylark,Ireneusz Oleksik,Creative Commons Attribution-NonCommercial-ShareAlike 4.0,3.5,07:33,https://www.xeno-canto.org/638042,skylar/XC638042.ogg
skylar,[],"['life stage uncertain', 'nocturnal flight call', 'sex uncertain']",58.7396,17.8657,Alauda arvensis,Eurasian Skylark,Alan Dalton,Creative Commons Attribution-NonCommercial-ShareAlike 4.0,5.0,03:00,https://www.xeno-canto.org/639727,skylar/XC639727.ogg
skylar,[],"['male', 'song']",53.8737,13.6194,Alauda arvensis,Eurasian Skylark,Micha Luhn,Creative Commons Attribution-NonCommercial-ShareAlike 4.0,4.0,10:50,https://www.xeno-canto.org/640738,skylar/XC640738.ogg
skylar,[],['song'],48.6371,1.6444,Alauda arvensis,Eurasian Skylark,Tanguy Loïs,Creative Commons Attribution-NonCommercial-ShareAlike 4.0,5.0,18:00,https://www.xeno-canto.org/640753,skylar/XC640753.ogg
skylar,[],"['adult', 'male', 'song']",50.0775,20.373,Alauda arvensis,Eurasian Skylark,Marcin Świostek,Creative Commons Attribution-NonCommercial-ShareAlike 4.0,5.0,05:30,https://www.xeno-canto.org/641783,skylar/XC641783.ogg
skylar,[],"['adult', 'male', 'song']",50.0775,20.373,Alauda arvensis,Eurasian Skylark,Marcin Świostek,Creative Commons Attribution-NonCommercial-ShareAlike 4.0,5.0,06:00,https://www.xeno-canto.org/641785,skylar/XC641785.ogg
skylar,[],"['male', 'song']",60.2828,5.2125,Alauda arvensis,Eurasian Skylark,bert de bruin,Creative Commons Attribution-NonCommercial-ShareAlike 4.0,3.0,08:00,https://www.xeno-canto.org/642274,skylar/XC642274.ogg
skylar,[],['song'],49.4673,19.8659,Alauda arvensis,Eurasian Skylark,Jacek Betleja,Creative Commons Attribution-NonCommercial-ShareAlike 4.0,5.0,08:00,https://www.xeno-canto.org/642567,skylar/XC642567.ogg
skylar,[],['song'],50.5952,3.3585,Alauda arvensis,Eurasian Skylark,Bernard Collet,Creative Commons Attribution-NonCommercial-ShareAlike 4.0,4.0,08:05,https://www.xeno-canto.org/642696,skylar/XC642696.ogg
skylar,[],['nocturnal flight call'],41.9919,1.5099,Alauda arvensis,Eurasian Skylark,Lluís Brotons,Creative Commons Attribution-NonCommercial-ShareAlike 4.0,3.5,01:30,https://www.xeno-canto.org/644155,skylar/XC644155.ogg
skylar,[],['uncertain'],56.241,-3.2251,Alauda arvensis,Eurasian Skylark,Oh Bea,Creative Commons Attribution-NonCommercial-ShareAlike 4.0,3.0,14:00,https://www.xeno-canto.org/644980,skylar/XC644980.ogg
skylar,[],['song'],58.3126,26.7897,Alauda arvensis,Eurasian Skylark,Uku Paal,Creative Commons Attribution-NonCommercial-ShareAlike 4.0,5.0,10:00,https://www.xeno-canto.org/645262,skylar/XC645262.ogg
skylar,[],['song'],50.0149,8.3902,Alauda arvensis,Eurasian Skylark,brickegickel,Creative Commons Attribution-NonCommercial-ShareAlike 4.0,5.0,06:00,https://www.xeno-canto.org/646617,skylar/XC646617.ogg
skylar,[],"['adult', 'dawn song', 'male']",57.6144,-4.1148,Alauda arvensis,Eurasian Skylark,David Tattersley,Creative Commons Attribution-NonCommercial-ShareAlike 4.0,5.0,03:31,https://www.xeno-canto.org/647453,skylar/XC647453.ogg
skylar,[],['song'],54.2836,8.8427,Alauda arvensis,Eurasian Skylark,Sven Kransel,Creative Commons Attribution-NonCommercial-ShareAlike 4.0,3.0,11:00,https://www.xeno-canto.org/647881,skylar/XC647881.ogg
skylar,[],['song'],51.4522,-9.8189,Alauda arvensis,Eurasian Skylark,Irish Wildlife Sounds,Creative Commons Attribution-NonCommercial-ShareAlike 4.0,5.0,10:00,https://www.xeno-canto.org/648386,skylar/XC648386.ogg
skylar,[],['song'],48.6727,23.1998,Alauda arvensis,Eurasian Skylark,Rostyslav Romanyshyn,Creative Commons Attribution-NonCommercial-ShareAlike 4.0,3.0,12:30,https://www.xeno-canto.org/649623,skylar/XC649623.ogg
skylar,[],['song'],54.0372,13.4249,Alauda arvensis,Eurasian Skylark,Micha Luhn,Creative Commons Attribution-NonCommercial-ShareAlike 4.0,3.5,15:00,https://www.xeno-canto.org/649655,skylar/XC649655.ogg
skylar,[],['song'],51.409,4.421,Alauda arvensis,Eurasian Skylark,Bram Vogels,Creative Commons Attribution-NonCommercial-ShareAlike 4.0,4.0,00:00,https://www.xeno-canto.org/650621,skylar/XC650621.ogg
skylar,[],['song'],48.2434,11.6277,Alauda arvensis,Eurasian Skylark,Mathias Götz,Creative Commons Attribution-NonCommercial-ShareAlike 4.0,5.0,13:30,https://www.xeno-canto.org/652475,skylar/XC652475.ogg
skylar,[],"['adult', 'sex uncertain', 'song']",53.1374,-6.3127,Alauda arvensis,Eurasian Skylark,Paul Bourdin,Creative Commons Attribution-NonCommercial-ShareAlike 4.0,5.0,09:00,https://www.xeno-canto.org/652906,skylar/XC652906.ogg
skylar,[],['song'],54.101,13.3918,Alauda arvensis,Eurasian Skylark,Micha Luhn,Creative Commons Attribution-NonCommercial-ShareAlike 4.0,3.5,06:45,https://www.xeno-canto.org/653091,skylar/XC653091.ogg
skylar,[],['song'],53.3194,-7.2303,Alauda arvensis,Eurasian Skylark,Mr Mark Shorten,Creative Commons Attribution-NonCommercial-ShareAlike 4.0,4.5,03:30,https://www.xeno-canto.org/655266,skylar/XC655266.ogg
skylar,[],['song'],58.7819,23.6666,Alauda arvensis,Eurasian Skylark,Uku Paal,Creative Commons Attribution-NonCommercial-ShareAlike 4.0,4.5,06:30,https://www.xeno-canto.org/656563,skylar/XC656563.ogg
skylar,[],['song'],58.5421,27.023,Alauda arvensis,Eurasian Skylark,Uku Paal,Creative Commons Attribution-NonCommercial-ShareAlike 4.0,5.0,06:00,https://www.xeno-canto.org/656577,skylar/XC656577.ogg
skylar,['skylar'],['song'],58.5421,27.023,Alauda arvensis,Eurasian Skylark,Uku Paal,Creative Commons Attribution-NonCommercial-ShareAlike 4.0,4.5,06:00,https://www.xeno-canto.org/656579,skylar/XC656579.ogg
skylar,['skylar'],"['adult', 'call', 'sex uncertain']",54.1633,13.3956,Alauda arvensis,Eurasian Skylark,Micha Luhn,Creative Commons Attribution-NonCommercial-ShareAlike 4.0,3.5,21:30,https://www.xeno-canto.org/657059,skylar/XC657059.ogg
skylar,[],['song'],48.2183,11.6063,Alauda arvensis,Eurasian Skylark,Mathias Götz,Creative Commons Attribution-NonCommercial-ShareAlike 4.0,3.0,13:30,https://www.xeno-canto.org/657423,skylar/XC657423.ogg
skylar,[],"['adult', 'male', 'song']",45.6006,18.4957,Alauda arvensis,Eurasian Skylark,Anita Rakitić,Creative Commons Attribution-NonCommercial-ShareAlike 4.0,4.0,07:30,https://www.xeno-canto.org/657611,skylar/XC657611.ogg
skylar,[],"['adult', 'male', 'song']",45.1394,18.2173,Alauda arvensis,Eurasian Skylark,Domagoj Tomičić,Creative Commons Attribution-NonCommercial-ShareAlike 4.0,4.5,10:00,https://www.xeno-canto.org/657634,skylar/XC657634.ogg
skylar,[],['song'],52.5916,-1.6984,Alauda arvensis,Eurasian Skylark,John Sirrett,Creative Commons Attribution-NonCommercial-ShareAlike 4.0,4.0,11:30,https://www.xeno-canto.org/658144,skylar/XC658144.ogg
skylar,[],"['life stage uncertain', 'nocturnal flight call', 'sex uncertain']",58.7396,17.8657,Alauda arvensis,Eurasian Skylark,Alan Dalton,Creative Commons Attribution-NonCommercial-ShareAlike 4.0,5.0,01:30,https://www.xeno-canto.org/658628,skylar/XC658628.ogg
skylar,['skylar'],['song'],49.2555,2.5223,Alauda arvensis,Eurasian Skylark,Cedric Mroczko,Creative Commons Attribution-NonCommercial-ShareAlike 4.0,3.5,08:45,https://www.xeno-canto.org/661423,skylar/XC661423.ogg
skylar,[],['song'],51.8979,11.3102,Alauda arvensis,Eurasian Skylark,Sven Kransel,Creative Commons Attribution-NonCommercial-ShareAlike 4.0,4.0,11:25,https://www.xeno-canto.org/661611,skylar/XC661611.ogg
skylar,[],"['anthropogenic:thropogenic:: rain', 'nocturnal flight call']",52.3857,-1.7909,Alauda arvensis,Eurasian Skylark,John Sirrett,Creative Commons Attribution-NonCommercial-ShareAlike 4.0,4.0,02:00,https://www.xeno-canto.org/662709,skylar/XC662709.ogg
skylar,[],"['adult', 'song']",48.867,9.059,Alauda arvensis,Eurasian Skylark,Domagoj Tomičić,Creative Commons Attribution-NonCommercial-ShareAlike 4.0,4.0,12:00,https://www.xeno-canto.org/662848,skylar/XC662848.ogg
skylar,[],"['flight call', 'song']",-38.0051,144.5904,Alauda arvensis,Eurasian Skylark,nick talbot,Creative Commons Attribution-NonCommercial-ShareAlike 4.0,4.0,11:00,https://www.xeno-canto.org/662920,skylar/XC662920.ogg
skylar,[],"['life stage uncertain', 'sex uncertain', 'song']",51.8529,17.0683,Alauda arvensis,Eurasian Skylark,Grzegorz Lorek,Creative Commons Attribution-NonCommercial-ShareAlike 4.0,4.0,05:45,https://www.xeno-canto.org/664030,skylar/XC664030.ogg
skylar,[],"['life stage uncertain', 'sex uncertain', 'song']",51.7781,16.5051,Alauda arvensis,Eurasian Skylark,Grzegorz Lorek,Creative Commons Attribution-NonCommercial-ShareAlike 4.0,4.0,18:30,https://www.xeno-canto.org/664848,skylar/XC664848.ogg
skylar,[],['nocturnal flight call'],41.4875,2.3653,Alauda arvensis,Eurasian Skylark,Feliu López i Gelats,Creative Commons Attribution-NonCommercial-ShareAlike 4.0,5.0,04:30,https://www.xeno-canto.org/666711,skylar/XC666711.ogg
skylar,[],"['mimicry/imitation', 'song']",55.2655,-8.2304,Alauda arvensis,Eurasian Skylark,Irish Wildlife Sounds,Creative Commons Attribution-NonCommercial-ShareAlike 4.0,5.0,13:00,https://www.xeno-canto.org/666860,skylar/XC666860.ogg
skylar,[],['song'],52.2068,-6.41,Alauda arvensis,Eurasian Skylark,Irish Wildlife Sounds,Creative Commons Attribution-NonCommercial-ShareAlike 4.0,5.0,13:00,https://www.xeno-canto.org/666885,skylar/XC666885.ogg
skylar,[],['subsong'],52.2068,-6.41,Alauda arvensis,Eurasian Skylark,Irish Wildlife Sounds,Creative Commons Attribution-NonCommercial-ShareAlike 4.0,5.0,13:00,https://www.xeno-canto.org/666887,skylar/XC666887.ogg
skylar,[],['song'],52.2068,-6.41,Alauda arvensis,Eurasian Skylark,Irish Wildlife Sounds,Creative Commons Attribution-NonCommercial-ShareAlike 4.0,5.0,13:00,https://www.xeno-canto.org/666890,skylar/XC666890.ogg
skylar,[],"['mimicry/imitation', 'song']",52.1977,-6.3925,Alauda arvensis,Eurasian Skylark,Irish Wildlife Sounds,Creative Commons Attribution-NonCommercial-ShareAlike 4.0,5.0,18:00,https://www.xeno-canto.org/666939,skylar/XC666939.ogg
snogoo,['cangoo'],['flight call'],39.2518,-75.4527,Anser caerulescens,Snow Goose,Daniel Parker,Creative Commons Attribution-NonCommercial-ShareAlike 3.0,1.5,15:00,https://www.xeno-canto.org/115925,snogoo/XC115925.ogg
snogoo,[],['flight call'],39.2518,-75.4527,Anser caerulescens,Snow Goose,Daniel Parker,Creative Commons Attribution-NonCommercial-ShareAlike 3.0,2.0,18:30,https://www.xeno-canto.org/116048,snogoo/XC116048.ogg
snogoo,[],['flight call'],39.2518,-75.4527,Anser caerulescens,Snow Goose,Daniel Parker,Creative Commons Attribution-NonCommercial-ShareAlike 3.0,2.0,16:00,https://www.xeno-canto.org/116051,snogoo/XC116051.ogg
snogoo,[],['flight call'],39.2518,-75.4527,Anser caerulescens,Snow Goose,Daniel Parker,Creative Commons Attribution-NonCommercial-ShareAlike 3.0,2.0,16:30,https://www.xeno-canto.org/116052,snogoo/XC116052.ogg
snogoo,[],['flight call'],39.2518,-75.4527,Anser caerulescens,Snow Goose,Daniel Parker,Creative Commons Attribution-NonCommercial-ShareAlike 3.0,2.0,16:45,https://www.xeno-canto.org/116053,snogoo/XC116053.ogg
snogoo,[],['call'],34.8,-114.522,Anser caerulescens,Snow Goose,Lauren Harter,Creative Commons Attribution-NonCommercial-ShareAlike 3.0,4.0,11:15,https://www.xeno-canto.org/121402,snogoo/XC121402.ogg
snogoo,[],['call'],34.8,-114.522,Anser caerulescens,Snow Goose,Lauren Harter,Creative Commons Attribution-NonCommercial-ShareAlike 3.0,4.0,11:15,https://www.xeno-canto.org/121403,snogoo/XC121403.ogg
snogoo,[],['call'],39.2518,-75.4527,Anser caerulescens,Snow Goose,Paul Driver,Creative Commons Attribution-NonCommercial-ShareAlike 3.0,5.0,09:00,https://www.xeno-canto.org/140021,snogoo/XC140021.ogg
snogoo,[],['flight call'],33.0881,-115.7097,Anser caerulescens,Snow Goose,Paul Marvin,Creative Commons Attribution-NonCommercial-ShareAlike 3.0,4.0,14:50,https://www.xeno-canto.org/143614,snogoo/XC143614.ogg
snogoo,[],['flight call'],33.0881,-115.7097,Anser caerulescens,Snow Goose,Paul Marvin,Creative Commons Attribution-NonCommercial-ShareAlike 3.0,5.0,15:28,https://www.xeno-canto.org/143615,snogoo/XC143615.ogg
snogoo,[],['flight call'],33.0881,-115.7097,Anser caerulescens,Snow Goose,Paul Marvin,Creative Commons Attribution-NonCommercial-ShareAlike 3.0,4.0,15:30,https://www.xeno-canto.org/143616,snogoo/XC143616.ogg
snogoo,[],['flight call'],33.0881,-115.7097,Anser caerulescens,Snow Goose,Paul Marvin,Creative Commons Attribution-NonCommercial-ShareAlike 3.0,5.0,14:51,https://www.xeno-canto.org/143617,snogoo/XC143617.ogg
snogoo,[],['call'],33.0881,-115.7097,Anser caerulescens,Snow Goose,Paul Marvin,Creative Commons Attribution-NonCommercial-ShareAlike 3.0,5.0,10:44,https://www.xeno-canto.org/143618,snogoo/XC143618.ogg
snogoo,[],['flight call'],33.0881,-115.7097,Anser caerulescens,Snow Goose,Paul Marvin,Creative Commons Attribution-NonCommercial-ShareAlike 3.0,5.0,10:50,https://www.xeno-canto.org/143620,snogoo/XC143620.ogg
snogoo,[],['flight call'],33.0881,-115.7097,Anser caerulescens,Snow Goose,Paul Marvin,Creative Commons Attribution-NonCommercial-ShareAlike 3.0,5.0,10:50,https://www.xeno-canto.org/143621,snogoo/XC143621.ogg
snogoo,[],['flight call'],33.0881,-115.7097,Anser caerulescens,Snow Goose,Paul Marvin,Creative Commons Attribution-NonCommercial-ShareAlike 3.0,5.0,10:45,https://www.xeno-canto.org/143622,snogoo/XC143622.ogg
snogoo,[],['flight call'],46.8867,-70.8527,Anser caerulescens,Snow Goose,Martin St-Michel,Creative Commons Attribution-NonCommercial-ShareAlike 3.0,4.0,09:22,https://www.xeno-canto.org/149944,snogoo/XC149944.ogg
snogoo,[],['call'],30.3538,-92.7236,Anser caerulescens,Snow Goose,Dan Lane,Creative Commons Attribution-NonCommercial-ShareAlike 3.0,3.0,09:00,https://www.xeno-canto.org/164635,snogoo/XC164635.ogg
snogoo,[],['call'],34.8054,-118.2201,Anser caerulescens,Snow Goose,Lance A. M. Benner,Creative Commons Attribution-NonCommercial-ShareAlike 3.0,4.0,09:34,https://www.xeno-canto.org/167610,snogoo/XC167610.ogg
snogoo,[],['call'],33.8062,-106.8787,Anser caerulescens,Snow Goose,Eric DeFonso,Creative Commons Attribution-NonCommercial-ShareAlike 4.0,3.0,07:02,https://www.xeno-canto.org/173139,snogoo/XC173139.ogg
snogoo,[],"['call', 'flight call']",33.8062,-106.8787,Anser caerulescens,Snow Goose,Eric DeFonso,Creative Commons Attribution-NonCommercial-ShareAlike 4.0,3.5,08:09,https://www.xeno-canto.org/173140,snogoo/XC173140.ogg
snogoo,[],['call'],29.9589,-92.6373,Anser caerulescens,Snow Goose,Daniel Lane,Creative Commons Attribution-NonCommercial-ShareAlike 3.0,3.5,16:35,https://www.xeno-canto.org/28265,snogoo/XC28265.ogg
snogoo,[],['call'],29.9589,-92.6373,Anser caerulescens,Snow Goose,Daniel Lane,Creative Commons Attribution-NonCommercial-ShareAlike 3.0,4.0,17:49,https://www.xeno-canto.org/28266,snogoo/XC28266.ogg
snogoo,[],['flight call'],47.069,-70.7935,Anser caerulescens,Snow Goose,Martin St-Michel,Creative Commons Attribution-NonCommercial-ShareAlike 4.0,3.5,08:14,https://www.xeno-canto.org/294523,snogoo/XC294523.ogg
snogoo,[],"['call', 'flight call']",38.845,-75.2871,Anser caerulescens,Snow Goose,Jerald R,Creative Commons Attribution-NonCommercial-ShareAlike 4.0,3.0,14:30,https://www.xeno-canto.org/298775,snogoo/XC298775.ogg
snogoo,[],['call'],48.2084,-122.3567,Anser caerulescens,Snow Goose,Bruce Lagerquist,Creative Commons Attribution-NonCommercial-ShareAlike 4.0,4.0,12:30,https://www.xeno-canto.org/342562,snogoo/XC342562.ogg
snogoo,[],['flight call'],48.3322,-122.3633,Anser caerulescens,Snow Goose,Bruce Lagerquist,Creative Commons Attribution-NonCommercial-ShareAlike 4.0,3.0,15:30,https://www.xeno-canto.org/350844,snogoo/XC350844.ogg
snogoo,[],['flight call'],48.3322,-122.3633,Anser caerulescens,Snow Goose,Bruce Lagerquist,Creative Commons Attribution-NonCommercial-ShareAlike 4.0,4.0,15:30,https://www.xeno-canto.org/350850,snogoo/XC350850.ogg
snogoo,['bknsti'],"['call', 'flight call']",37.1779,-120.6158,Anser caerulescens,Snow Goose,Thomas G. Graves,Creative Commons Attribution-NonCommercial-ShareAlike 4.0,3.5,16:21,https://www.xeno-canto.org/357528,snogoo/XC357528.ogg
snogoo,['wesmea'],"['call', 'flight call']",37.1779,-120.6158,Anser caerulescens,Snow Goose,Thomas G. Graves,Creative Commons Attribution-NonCommercial-ShareAlike 4.0,2.5,8:14,https://www.xeno-canto.org/357650,snogoo/XC357650.ogg
snogoo,['wesmea'],"['call', 'flight call']",33.1766,-115.6231,Anser caerulescens,Snow Goose,Thomas G. Graves,Creative Commons Attribution-NonCommercial-ShareAlike 4.0,4.5,9:16,https://www.xeno-canto.org/357944,snogoo/XC357944.ogg
snogoo,['gadwal'],['flight call'],33.1766,-115.6231,Anser caerulescens,Snow Goose,Thomas G. Graves,Creative Commons Attribution-NonCommercial-ShareAlike 4.0,4.5,10:11,https://www.xeno-canto.org/357958,snogoo/XC357958.ogg
snogoo,['ribgul'],"['Wing noise', 'call']",48.2961,-112.2648,Anser caerulescens,Snow Goose,Thomas Magarian,Creative Commons Attribution-NonCommercial-ShareAlike 4.0,3.5,17:46,https://www.xeno-canto.org/362116,snogoo/XC362116.ogg
snogoo,['ribgul'],"['Wing noise', 'call']",48.2961,-112.2648,Anser caerulescens,Snow Goose,Thomas Magarian,Creative Commons Attribution-NonCommercial-ShareAlike 4.0,3.5,17:37,https://www.xeno-canto.org/362119,snogoo/XC362119.ogg
snogoo,['ribgul'],"['Wing noise', 'call']",48.2961,-112.2648,Anser caerulescens,Snow Goose,Thomas Magarian,Creative Commons Attribution-NonCommercial-ShareAlike 4.0,3.5,17:39,https://www.xeno-canto.org/362121,snogoo/XC362121.ogg
snogoo,['cangoo'],['call'],48.635,-112.3305,Anser caerulescens,Snow Goose,Thomas Magarian,Creative Commons Attribution-NonCommercial-ShareAlike 4.0,3.5,19:53,https://www.xeno-canto.org/391747,snogoo/XC391747.ogg
snogoo,[],['call'],48.635,-112.3305,Anser caerulescens,Snow Goose,Thomas Magarian,Creative Commons Attribution-NonCommercial-ShareAlike 4.0,3.0,19:15,https://www.xeno-canto.org/392249,snogoo/XC392249.ogg
snogoo,['cangoo'],['call'],48.635,-112.3305,Anser caerulescens,Snow Goose,Thomas Magarian,Creative Commons Attribution-NonCommercial-ShareAlike 4.0,4.5,19:24,https://www.xeno-canto.org/392250,snogoo/XC392250.ogg
snogoo,['cangoo'],['call'],48.635,-112.3305,Anser caerulescens,Snow Goose,Thomas Magarian,Creative Commons Attribution-NonCommercial-ShareAlike 4.0,4.5,19:46,https://www.xeno-canto.org/393000,snogoo/XC393000.ogg
snogoo,[],['call'],33.839,-106.883,Anser caerulescens,Snow Goose,Thomas G. Graves,Creative Commons Attribution-NonCommercial-ShareAlike 4.0,5.0,10:25,https://www.xeno-canto.org/393548,snogoo/XC393548.ogg
snogoo,[],['call'],33.839,-106.883,Anser caerulescens,Snow Goose,Thomas G. Graves,Creative Commons Attribution-NonCommercial-ShareAlike 4.0,5.0,10:25,https://www.xeno-canto.org/393551,snogoo/XC393551.ogg
snogoo,[],['call'],64.5035,-165.4053,Anser caerulescens,Snow Goose,Patrik Åberg,Creative Commons Attribution-NonCommercial-ShareAlike 4.0,3.0,19:30,https://www.xeno-canto.org/406203,snogoo/XC406203.ogg
snogoo,[],['call'],64.5035,-165.4053,Anser caerulescens,Snow Goose,Patrik Åberg,Creative Commons Attribution-NonCommercial-ShareAlike 4.0,4.0,19:51,https://www.xeno-canto.org/406204,snogoo/XC406204.ogg
snogoo,[],['call'],64.5035,-165.4053,Anser caerulescens,Snow Goose,Patrik Åberg,Creative Commons Attribution-NonCommercial-ShareAlike 4.0,4.0,20:01,https://www.xeno-canto.org/406205,snogoo/XC406205.ogg
snogoo,[],['call'],38.0702,-103.0199,Anser caerulescens,Snow Goose,Ted Floyd,Creative Commons Attribution-NonCommercial-ShareAlike 4.0,1.0,16:18,https://www.xeno-canto.org/435999,snogoo/XC435999.ogg
snogoo,[],['flight call'],39.3212,-121.8164,Anser caerulescens,Snow Goose,Ed Pandolfino,Creative Commons Attribution-NonCommercial-ShareAlike 4.0,3.5,11:28,https://www.xeno-canto.org/450845,snogoo/XC450845.ogg
snogoo,[],['call'],33.0881,-115.7097,Anser caerulescens,Snow Goose,Paul Marvin,Creative Commons Attribution-NonCommercial-ShareAlike 4.0,4.0,10:08,https://www.xeno-canto.org/452069,snogoo/XC452069.ogg
snogoo,[],"['call', 'flight call']",33.0881,-115.7097,Anser caerulescens,Snow Goose,Paul Marvin,Creative Commons Attribution-NonCommercial-ShareAlike 4.0,3.5,10:06,https://www.xeno-canto.org/452070,snogoo/XC452070.ogg
snogoo,[],['flight call'],33.0881,-115.7097,Anser caerulescens,Snow Goose,Paul Marvin,Creative Commons Attribution-NonCommercial-ShareAlike 4.0,4.0,10:00,https://www.xeno-canto.org/452071,snogoo/XC452071.ogg
snogoo,[],['flight call'],33.0881,-115.7097,Anser caerulescens,Snow Goose,Paul Marvin,Creative Commons Attribution-NonCommercial-ShareAlike 4.0,4.0,09:42,https://www.xeno-canto.org/452073,snogoo/XC452073.ogg
snogoo,[],['flight call'],33.0881,-115.7097,Anser caerulescens,Snow Goose,Paul Marvin,Creative Commons Attribution-NonCommercial-ShareAlike 4.0,4.0,10:11,https://www.xeno-canto.org/452074,snogoo/XC452074.ogg
snogoo,[],['flight call'],33.0881,-115.7097,Anser caerulescens,Snow Goose,Paul Marvin,Creative Commons Attribution-NonCommercial-ShareAlike 4.0,3.5,15:28,https://www.xeno-canto.org/452574,snogoo/XC452574.ogg
snogoo,[],['flight call'],33.0881,-115.7097,Anser caerulescens,Snow Goose,Paul Marvin,Creative Commons Attribution-NonCommercial-ShareAlike 4.0,3.0,09:00,https://www.xeno-canto.org/452575,snogoo/XC452575.ogg
snogoo,[],['flight call'],33.0881,-115.7097,Anser caerulescens,Snow Goose,Paul Marvin,Creative Commons Attribution-NonCommercial-ShareAlike 4.0,3.0,09:04,https://www.xeno-canto.org/452576,snogoo/XC452576.ogg
snogoo,[],['flight call'],33.0881,-115.7097,Anser caerulescens,Snow Goose,Paul Marvin,Creative Commons Attribution-NonCommercial-ShareAlike 4.0,4.0,09:21,https://www.xeno-canto.org/452577,snogoo/XC452577.ogg
snogoo,[],['flight call'],33.0881,-115.7097,Anser caerulescens,Snow Goose,Paul Marvin,Creative Commons Attribution-NonCommercial-ShareAlike 4.0,3.0,14:44,https://www.xeno-canto.org/452579,snogoo/XC452579.ogg
snogoo,[],['flight call'],33.0881,-115.7097,Anser caerulescens,Snow Goose,Paul Marvin,Creative Commons Attribution-NonCommercial-ShareAlike 4.0,4.0,14:51,https://www.xeno-canto.org/452580,snogoo/XC452580.ogg
snogoo,[],['flight call'],33.0881,-115.7097,Anser caerulescens,Snow Goose,Paul Marvin,Creative Commons Attribution-NonCommercial-ShareAlike 4.0,4.0,14:32,https://www.xeno-canto.org/452581,snogoo/XC452581.ogg
snogoo,[],['flight call'],28.9491,-95.2968,Anser caerulescens,Snow Goose,Paul Marvin,Creative Commons Attribution-NonCommercial-ShareAlike 4.0,3.0,07:58,https://www.xeno-canto.org/453033,snogoo/XC453033.ogg
snogoo,[],['flight call'],33.354,-114.6867,Anser caerulescens,Snow Goose,Paul Marvin,Creative Commons Attribution-NonCommercial-ShareAlike 4.0,3.5,17:35,https://www.xeno-canto.org/453184,snogoo/XC453184.ogg
snogoo,[],['flight call'],29.951,-93.079,Anser caerulescens,Snow Goose,Paul Marvin,Creative Commons Attribution-NonCommercial-ShareAlike 4.0,4.0,12:11,https://www.xeno-canto.org/455505,snogoo/XC455505.ogg
snogoo,[],['flight call'],29.951,-93.079,Anser caerulescens,Snow Goose,Paul Marvin,Creative Commons Attribution-NonCommercial-ShareAlike 4.0,5.0,12:03,https://www.xeno-canto.org/455506,snogoo/XC455506.ogg
snogoo,[],['flight call'],33.0881,-115.7097,Anser caerulescens,Snow Goose,Paul Marvin,Creative Commons Attribution-NonCommercial-ShareAlike 4.0,5.0,11:09,https://www.xeno-canto.org/458783,snogoo/XC458783.ogg
snogoo,[],['flight call'],33.0881,-115.7097,Anser caerulescens,Snow Goose,Paul Marvin,Creative Commons Attribution-NonCommercial-ShareAlike 4.0,4.0,11:08,https://www.xeno-canto.org/458802,snogoo/XC458802.ogg
snogoo,['wesmea'],['flight call'],33.0881,-115.7097,Anser caerulescens,Snow Goose,Paul Marvin,Creative Commons Attribution-NonCommercial-ShareAlike 4.0,3.5,11:00,https://www.xeno-canto.org/458852,snogoo/XC458852.ogg
snogoo,['wesmea'],['flight call'],33.0881,-115.7097,Anser caerulescens,Snow Goose,Paul Marvin,Creative Commons Attribution-NonCommercial-ShareAlike 4.0,3.5,10:56,https://www.xeno-canto.org/458913,snogoo/XC458913.ogg
snogoo,['wesmea'],['flight call'],33.0881,-115.7097,Anser caerulescens,Snow Goose,Paul Marvin,Creative Commons Attribution-NonCommercial-ShareAlike 4.0,4.5,11:15,https://www.xeno-canto.org/458914,snogoo/XC458914.ogg
snogoo,[],['flight call'],33.0881,-115.7097,Anser caerulescens,Snow Goose,Paul Marvin,Creative Commons Attribution-NonCommercial-ShareAlike 4.0,5.0,11:18,https://www.xeno-canto.org/458915,snogoo/XC458915.ogg
snogoo,['wesmea'],['flight call'],33.0881,-115.7097,Anser caerulescens,Snow Goose,Paul Marvin,Creative Commons Attribution-NonCommercial-ShareAlike 4.0,4.5,11:24,https://www.xeno-canto.org/458916,snogoo/XC458916.ogg
snogoo,['wesmea'],['flight call'],33.0881,-115.7097,Anser caerulescens,Snow Goose,Paul Marvin,Creative Commons Attribution-NonCommercial-ShareAlike 4.0,3.5,11:25,https://www.xeno-canto.org/458917,snogoo/XC458917.ogg
snogoo,[],['flight call'],33.0881,-115.7097,Anser caerulescens,Snow Goose,Paul Marvin,Creative Commons Attribution-NonCommercial-ShareAlike 4.0,5.0,11:01,https://www.xeno-canto.org/458918,snogoo/XC458918.ogg
snogoo,[],['flight call'],33.0881,-115.7097,Anser caerulescens,Snow Goose,Paul Marvin,Creative Commons Attribution-NonCommercial-ShareAlike 4.0,5.0,12:12,https://www.xeno-canto.org/459192,snogoo/XC459192.ogg
snogoo,[],['flight call'],33.0881,-115.7097,Anser caerulescens,Snow Goose,Paul Marvin,Creative Commons Attribution-NonCommercial-ShareAlike 4.0,5.0,12:08,https://www.xeno-canto.org/459194,snogoo/XC459194.ogg
snogoo,"['cacgoo1', 'houfin']",['call'],46.8441,-119.4536,Anser caerulescens,Snow Goose,Bruce Lagerquist,Creative Commons Attribution-NonCommercial-ShareAlike 4.0,4.5,07:30,https://www.xeno-canto.org/467752,snogoo/XC467752.ogg
snogoo,[],['call'],45.7575,-122.778,Anser caerulescens,Snow Goose,Thomas Magarian,Creative Commons Attribution-NonCommercial-ShareAlike 4.0,0.0,15:23,https://www.xeno-canto.org/481272,snogoo/XC481272.ogg
snogoo,[],['call'],49.2165,-123.2056,Anser caerulescens,Snow Goose,Sunny,Creative Commons Attribution-NonCommercial-ShareAlike 4.0,5.0,10:30,https://www.xeno-canto.org/503108,snogoo/XC503108.ogg
snogoo,[],['call'],49.2165,-123.2056,Anser caerulescens,Snow Goose,Sunny,Creative Commons Attribution-NonCommercial-ShareAlike 4.0,5.0,10:30,https://www.xeno-canto.org/503109,snogoo/XC503109.ogg
snogoo,[],"['adult', 'call', 'juvenile']",40.9316,-102.6712,Anser caerulescens,Snow Goose,Sue Riffe,Creative Commons Attribution-NonCommercial-ShareAlike 4.0,4.5,14:45,https://www.xeno-canto.org/505402,snogoo/XC505402.ogg
snogoo,[],"['call', 'individual call']",49.1751,-123.1972,Anser caerulescens,Snow Goose,Sunny Tseng,Creative Commons Attribution-NonCommercial-ShareAlike 4.0,5.0,10:30,https://www.xeno-canto.org/509691,snogoo/XC509691.ogg
snogoo,[],"['adult', 'call', 'flock calls', 'sex uncertain']",49.1751,-123.1972,Anser caerulescens,Snow Goose,Sunny Tseng,Creative Commons Attribution-NonCommercial-ShareAlike 4.0,5.0,10:30,https://www.xeno-canto.org/509692,snogoo/XC509692.ogg
snogoo,[],"['adult', 'call', 'flock calls']",49.1751,-123.1972,Anser caerulescens,Snow Goose,Sunny Tseng,Creative Commons Attribution-NonCommercial-ShareAlike 4.0,5.0,11:00,https://www.xeno-canto.org/509693,snogoo/XC509693.ogg
snogoo,[],"['adult', 'call', 'individual call']",49.1751,-123.1972,Anser caerulescens,Snow Goose,Sunny Tseng,Creative Commons Attribution-NonCommercial-ShareAlike 4.0,5.0,11:00,https://www.xeno-canto.org/509694,snogoo/XC509694.ogg
snogoo,[],"['call', 'flock calls']",49.1751,-123.1972,Anser caerulescens,Snow Goose,Sunny Tseng,Creative Commons Attribution-NonCommercial-ShareAlike 4.0,5.0,11:00,https://www.xeno-canto.org/509696,snogoo/XC509696.ogg
snogoo,[],"['call', 'flock calls']",49.1751,-123.1972,Anser caerulescens,Snow Goose,Sunny Tseng,Creative Commons Attribution-NonCommercial-ShareAlike 4.0,5.0,11:00,https://www.xeno-canto.org/509698,snogoo/XC509698.ogg
snogoo,[],"['call', 'individual call']",49.1751,-123.1972,Anser caerulescens,Snow Goose,Sunny Tseng,Creative Commons Attribution-NonCommercial-ShareAlike 4.0,5.0,11:00,https://www.xeno-canto.org/509699,snogoo/XC509699.ogg
snogoo,['houspa'],"['Flight call', 'adult', 'call', 'sex uncertain']",33.1791,-115.6168,Anser caerulescens,Snow Goose,Phoenix Birder,Creative Commons Attribution-NonCommercial-ShareAlike 4.0,4.5,08:24,https://www.xeno-canto.org/516406,snogoo/XC516406.ogg
snogoo,[],"['call', 'flight call', 'flock']",40.8918,-91.0756,Anser caerulescens,Snow Goose,Bobby Wilcox,Creative Commons Attribution-NonCommercial-ShareAlike 4.0,4.0,16:00,https://www.xeno-canto.org/525888,snogoo/XC525888.ogg
snogoo,[],['call'],40.9316,-102.6712,Anser caerulescens,Snow Goose,Sue Riffe,Creative Commons Attribution-NonCommercial-ShareAlike 4.0,5.0,13:00,https://www.xeno-canto.org/532048,snogoo/XC532048.ogg
snogoo,['cacgoo1'],['call'],45.702,-122.781,Anser caerulescens,Snow Goose,Thomas Magarian,Creative Commons Attribution-NonCommercial-ShareAlike 4.0,0.0,16:06,https://www.xeno-canto.org/540212,snogoo/XC540212.ogg
snogoo,[],"['call', 'life stage uncertain', 'sex uncertain']",33.0838,-115.7096,Anser caerulescens,Snow Goose,Richard E. Webster,Creative Commons Attribution-NonCommercial-ShareAlike 4.0,4.5,07:06,https://www.xeno-canto.org/598117,snogoo/XC598117.ogg
snogoo,[],"['call', 'life stage uncertain', 'sex uncertain']",33.0838,-115.7096,Anser caerulescens,Snow Goose,Richard E. Webster,Creative Commons Attribution-NonCommercial-ShareAlike 4.0,4.0,07:11,https://www.xeno-canto.org/598118,snogoo/XC598118.ogg
snogoo,[],"['call', 'life stage uncertain', 'sex uncertain']",33.0838,-115.7096,Anser caerulescens,Snow Goose,Richard E. Webster,Creative Commons Attribution-NonCommercial-ShareAlike 4.0,4.0,07:04,https://www.xeno-canto.org/598119,snogoo/XC598119.ogg
snogoo,[],"['call', 'life stage uncertain', 'sex uncertain']",33.0838,-115.7096,Anser caerulescens,Snow Goose,Richard E. Webster,Creative Commons Attribution-NonCommercial-ShareAlike 4.0,4.5,07:01,https://www.xeno-canto.org/598120,snogoo/XC598120.ogg
snogoo,[],"['call', 'life stage uncertain', 'sex uncertain']",33.0838,-115.7096,Anser caerulescens,Snow Goose,Richard E. Webster,Creative Commons Attribution-NonCommercial-ShareAlike 4.0,3.0,07:13,https://www.xeno-canto.org/598121,snogoo/XC598121.ogg
snogoo,['mallar3'],"['flight call', 'life stage uncertain', 'sex uncertain']",49.0915,-123.1597,Anser caerulescens,Snow Goose,Peter Ward and Ken Hall,Creative Commons Attribution-NonCommercial-ShareAlike 4.0,4.5,09:00,https://www.xeno-canto.org/601777,snogoo/XC601777.ogg
snogoo,"['cacgoo1', 'cangoo']","['adult', 'call', 'female', 'juvenile', 'male']",40.9316,-102.6712,Anser caerulescens,Snow Goose,Sue Riffe,Creative Commons Attribution-NonCommercial-ShareAlike 4.0,3.5,16:00,https://www.xeno-canto.org/609200,snogoo/XC609200.ogg
snogoo,[],"['call', 'life stage uncertain', 'sex uncertain']",31.34,-109.273,Anser caerulescens,Snow Goose,Richard E. Webster,Creative Commons Attribution-NonCommercial-ShareAlike 4.0,3.5,09:54,https://www.xeno-canto.org/624546,snogoo/XC624546.ogg
sooshe,[],['song'],-46.8968,168.1571,Ardenna grisea,Sooty Shearwater,Rob van Bemmelen,Creative Commons Attribution-NonCommercial-ShareAlike 4.0,3.0,23:30,https://www.xeno-canto.org/198148,sooshe/XC198148.ogg
sooshe,[],['call'],-46.8968,168.1571,Ardenna grisea,Sooty Shearwater,Rob van Bemmelen,Creative Commons Attribution-NonCommercial-ShareAlike 4.0,4.0,23:30,https://www.xeno-canto.org/198149,sooshe/XC198149.ogg
sooshe,[],['call'],-46.8968,168.1571,Ardenna grisea,Sooty Shearwater,Rob van Bemmelen,Creative Commons Attribution-NonCommercial-ShareAlike 4.0,4.0,23:30,https://www.xeno-canto.org/198150,sooshe/XC198150.ogg
sooshe,[],['song'],-46.8968,168.1571,Ardenna grisea,Sooty Shearwater,Rob van Bemmelen,Creative Commons Attribution-NonCommercial-ShareAlike 4.0,4.0,23:30,https://www.xeno-canto.org/198157,sooshe/XC198157.ogg
sooshe,[],['call'],-56.5114,-68.7251,Ardenna grisea,Sooty Shearwater,Victor Raimilla Almonacid,Creative Commons Attribution-NonCommercial-ShareAlike 4.0,4.0,12:30,https://www.xeno-canto.org/263617,sooshe/XC263617.ogg
sooshe,[],['song'],-41.093,174.2727,Ardenna grisea,Sooty Shearwater,sjonnoh,Creative Commons Attribution-NonCommercial-ShareAlike 4.0,4.0,20:30,https://www.xeno-canto.org/288035,sooshe/XC288035.ogg
sooshe,[],['song'],-46.8959,168.1628,Ardenna grisea,Sooty Shearwater,Olivier SWIFT,Creative Commons Attribution-NonCommercial-ShareAlike 4.0,4.0,23:00,https://www.xeno-canto.org/341686,sooshe/XC341686.ogg
sooshe,[],"['call', 'female', 'male']",37.4724,-122.4677,Ardenna grisea,Sooty Shearwater,Thomas Hamel,Creative Commons Attribution-NonCommercial-ShareAlike 4.0,2.5,08:00,https://www.xeno-canto.org/385325,sooshe/XC385325.ogg
sooshe,[],['song'],-44.3371,-176.1776,Ardenna grisea,Sooty Shearwater,David Boyle,Creative Commons Attribution-NonCommercial-ShareAlike 4.0,5.0,23:30,https://www.xeno-canto.org/457257,sooshe/XC457257.ogg
sooshe,[],['call'],-44.2769,-176.3046,Ardenna grisea,Sooty Shearwater,Matt Slaymaker,Creative Commons Attribution-NonCommercial-ShareAlike 4.0,4.0,00:00,https://www.xeno-canto.org/537874,sooshe/XC537874.ogg
sooshe,[],"['adult', 'flight call']",-44.3371,-176.1776,Ardenna grisea,Sooty Shearwater,David Boyle,Creative Commons Attribution-NonCommercial-ShareAlike 4.0,4.0,21:30,https://www.xeno-canto.org/654940,sooshe/XC654940.ogg
sooter1,[],['call'],24.6279,-82.8728,Onychoprion fuscatus,Sooty Tern,Mike Nelson,Creative Commons Attribution-NonCommercial-ShareAlike 3.0,4.0,10:30,https://www.xeno-canto.org/131023,sooter1/XC131023.ogg
sooter1,[],['call'],24.6279,-82.8728,Onychoprion fuscatus,Sooty Tern,Mike Nelson,Creative Commons Attribution-NonCommercial-ShareAlike 3.0,4.0,10:30,https://www.xeno-canto.org/131025,sooter1/XC131025.ogg
sooter1,[],['call'],24.6279,-82.8728,Onychoprion fuscatus,Sooty Tern,Mike Nelson,Creative Commons Attribution-NonCommercial-ShareAlike 3.0,4.0,10:30,https://www.xeno-canto.org/131026,sooter1/XC131026.ogg
sooter1,[],['call'],24.6279,-82.8728,Onychoprion fuscatus,Sooty Tern,Mike Nelson,Creative Commons Attribution-NonCommercial-ShareAlike 3.0,4.0,10:30,https://www.xeno-canto.org/131028,sooter1/XC131028.ogg
sooter1,[],"['begging call', 'call']",-20.4221,57.7332,Onychoprion fuscatus,Sooty Tern,Johannes Fischer,Creative Commons Attribution-NonCommercial-ShareAlike 3.0,0.0,08:00,https://www.xeno-canto.org/148421,sooter1/XC148421.ogg
sooter1,[],['call'],-28.7163,113.7857,Onychoprion fuscatus,Sooty Tern,Nigel Jackett,Creative Commons Attribution-NonCommercial-ShareAlike 4.0,5.0,8:07,https://www.xeno-canto.org/237034,sooter1/XC237034.ogg
sooter1,[],"['female', 'flight call', 'male']",-33.8404,26.2849,Onychoprion fuscatus,Sooty Tern,Daniel Danckwerts,Creative Commons Attribution-NonCommercial-ShareAlike 4.0,3.5,20:30,https://www.xeno-canto.org/269324,sooter1/XC269324.ogg
sooter1,[],['flight call'],17.311,145.844,Onychoprion fuscatus,Sooty Tern,James Bradley,Creative Commons Attribution-NonCommercial-ShareAlike 4.0,3.0,21:00,https://www.xeno-canto.org/295390,sooter1/XC295390.ogg
sooter1,[],['call'],-7.9812,-14.3971,Onychoprion fuscatus,Sooty Tern,Jim Holmes,Creative Commons Attribution-NonCommercial-ShareAlike 4.0,5.0,10:00,https://www.xeno-canto.org/314682,sooter1/XC314682.ogg
sooter1,[],['flight call'],24.6279,-82.8728,Onychoprion fuscatus,Sooty Tern,Paul Marvin,Creative Commons Attribution-NonCommercial-ShareAlike 4.0,4.0,13:29,https://www.xeno-canto.org/315231,sooter1/XC315231.ogg
sooter1,[],['flight call'],24.6279,-82.8728,Onychoprion fuscatus,Sooty Tern,Paul Marvin,Creative Commons Attribution-NonCommercial-ShareAlike 4.0,4.0,13:23,https://www.xeno-canto.org/315232,sooter1/XC315232.ogg
sooter1,[],['call'],-4.2135,55.6683,Onychoprion fuscatus,Sooty Tern,Ross Gallardy,Creative Commons Attribution-NonCommercial-ShareAlike 4.0,5.0,09:30,https://www.xeno-canto.org/403992,sooter1/XC403992.ogg
sooter1,['arcter'],['call'],57.3129,-1.9932,Onychoprion fuscatus,Sooty Tern,Geoff Morgan,Creative Commons Attribution-NonCommercial-ShareAlike 4.0,2.5,10:00,https://www.xeno-canto.org/428685,sooter1/XC428685.ogg
sooter1,[],"['adult', 'flight call']",-17.3059,-142.5674,Onychoprion fuscatus,Sooty Tern,AUDEVARD Aurélien,Creative Commons Attribution-NonCommercial-ShareAlike 4.0,5.0,16:00,https://www.xeno-canto.org/620143,sooter1/XC620143.ogg
sooter1,[],"['adult', 'flight call']",-17.3059,-142.5674,Onychoprion fuscatus,Sooty Tern,AUDEVARD Aurélien,Creative Commons Attribution-NonCommercial-ShareAlike 4.0,5.0,16:00,https://www.xeno-canto.org/620146,sooter1/XC620146.ogg
sooter1,[],"['adult', 'flight call']",-17.3059,-142.5674,Onychoprion fuscatus,Sooty Tern,AUDEVARD Aurélien,Creative Commons Attribution-NonCommercial-ShareAlike 4.0,5.0,16:00,https://www.xeno-canto.org/620147,sooter1/XC620147.ogg
sooter1,[],"['adult', 'flight call']",-17.3059,-142.5674,Onychoprion fuscatus,Sooty Tern,AUDEVARD Aurélien,Creative Commons Attribution-NonCommercial-ShareAlike 4.0,5.0,16:00,https://www.xeno-canto.org/620149,sooter1/XC620149.ogg
sooter1,[],"['adult', 'flight call']",-17.3059,-142.5674,Onychoprion fuscatus,Sooty Tern,AUDEVARD Aurélien,Creative Commons Attribution-NonCommercial-ShareAlike 4.0,5.0,16:00,https://www.xeno-canto.org/620152,sooter1/XC620152.ogg
sooter1,[],"['adult', 'flight call']",-17.3059,-142.5674,Onychoprion fuscatus,Sooty Tern,AUDEVARD Aurélien,Creative Commons Attribution-NonCommercial-ShareAlike 4.0,5.0,16:00,https://www.xeno-canto.org/620153,sooter1/XC620153.ogg
sooter1,[],"['adult', 'flight call']",-17.3059,-142.5674,Onychoprion fuscatus,Sooty Tern,AUDEVARD Aurélien,Creative Commons Attribution-NonCommercial-ShareAlike 4.0,5.0,16:00,https://www.xeno-canto.org/620155,sooter1/XC620155.ogg
sooter1,['refboo'],"['adult', 'flight call']",-17.3059,-142.5674,Onychoprion fuscatus,Sooty Tern,AUDEVARD Aurélien,Creative Commons Attribution-NonCommercial-ShareAlike 4.0,4.5,16:00,https://www.xeno-canto.org/620158,sooter1/XC620158.ogg
sooter1,[],['pandemonium'],1.958,-157.483,Onychoprion fuscatus,Sooty Tern,Todd Mark,Creative Commons Attribution-NonCommercial-ShareAlike 3.0,3.0,?,https://www.xeno-canto.org/75455,sooter1/XC75455.ogg
sopsku1,[],['call'],-63.4689,-56.9902,Stercorarius maccormicki,South Polar Skua,Andrew Spencer,Creative Commons Attribution-NonCommercial-ShareAlike 4.0,5.0,10:15,https://www.xeno-canto.org/254080,sopsku1/XC254080.ogg
sopsku1,[],['call'],-63.4689,-56.9902,Stercorarius maccormicki,South Polar Skua,Andrew Spencer,Creative Commons Attribution-NonCommercial-ShareAlike 4.0,5.0,10:15,https://www.xeno-canto.org/254081,sopsku1/XC254081.ogg
sopsku1,[],['call'],-62.5884,-59.9215,Stercorarius maccormicki,South Polar Skua,Andrew Spencer,Creative Commons Attribution-NonCommercial-ShareAlike 4.0,5.0,10:00,https://www.xeno-canto.org/254083,sopsku1/XC254083.ogg
sopsku1,[],['call'],-62.5884,-59.9215,Stercorarius maccormicki,South Polar Skua,Andrew Spencer,Creative Commons Attribution-NonCommercial-ShareAlike 4.0,3.0,10:00,https://www.xeno-canto.org/254084,sopsku1/XC254084.ogg
sopsku1,[],"['call', 'female', 'male']",-71.8834,5.1667,Stercorarius maccormicki,South Polar Skua,Stein Ø. Nilsen,Creative Commons Attribution-NonCommercial-ShareAlike 4.0,5.0,12:00,https://www.xeno-canto.org/305317,sopsku1/XC305317.ogg
sopsku1,[],"['adult', 'call']",-64.6872,-62.6225,Stercorarius maccormicki,South Polar Skua,Fabrice Schmitt,Creative Commons Attribution-NonCommercial-ShareAlike 4.0,4.0,12:00,https://www.xeno-canto.org/540770,sopsku1/XC540770.ogg
sora,['moudov'],['call'],44.793,-92.962,Porzana carolina,Sora,Jonathon Jongsma,Creative Commons Attribution-ShareAlike 3.0,3.5,09:30,https://www.xeno-canto.org/102973,sora/XC102973.ogg
sora,[],['alarm call'],44.977,-93.324,Porzana carolina,Sora,Jonathon Jongsma,Creative Commons Attribution-ShareAlike 3.0,3.5,06:30,https://www.xeno-canto.org/107690,sora/XC107690.ogg
sora,[],['call'],44.8298,-93.2462,Porzana carolina,Sora,Jonathon Jongsma,Creative Commons Attribution-ShareAlike 3.0,3.5,07:23,https://www.xeno-canto.org/109542,sora/XC109542.ogg
sora,[],['alarm call'],44.8298,-93.2462,Porzana carolina,Sora,Jonathon Jongsma,Creative Commons Attribution-ShareAlike 3.0,4.0,06:41,https://www.xeno-canto.org/111153,sora/XC111153.ogg
sora,[],['call'],44.8298,-93.2462,Porzana carolina,Sora,Jonathon Jongsma,Creative Commons Attribution-ShareAlike 3.0,4.0,06:51,https://www.xeno-canto.org/111154,sora/XC111154.ogg
sora,[],['call'],44.8298,-93.2462,Porzana carolina,Sora,Jonathon Jongsma,Creative Commons Attribution-ShareAlike 3.0,3.5,06:49,https://www.xeno-canto.org/111155,sora/XC111155.ogg
sora,[],['call'],35.0307,-120.6205,Porzana carolina,Sora,Thomas G. Graves,Creative Commons Attribution-NonCommercial-ShareAlike 3.0,3.5,8:58,https://www.xeno-canto.org/129648,sora/XC129648.ogg
sora,['mallar3'],"['call', 'whinny calls']",35.0307,-120.6205,Porzana carolina,Sora,Thomas G. Graves,Creative Commons Attribution-NonCommercial-ShareAlike 3.0,2.5,9:14,https://www.xeno-canto.org/129787,sora/XC129787.ogg
sora,[],['call'],46.154,-72.7455,Porzana carolina,Sora,Martin St-Michel,Creative Commons Attribution-NonCommercial-ShareAlike 3.0,5.0,05:48,https://www.xeno-canto.org/141679,sora/XC141679.ogg
sora,['comgal1'],['call'],46.154,-72.7455,Porzana carolina,Sora,Martin St-Michel,Creative Commons Attribution-NonCommercial-ShareAlike 3.0,4.5,05:58,https://www.xeno-canto.org/141680,sora/XC141680.ogg
sora,[],['call'],33.0881,-115.7097,Porzana carolina,Sora,Paul Marvin,Creative Commons Attribution-NonCommercial-ShareAlike 3.0,4.0,07:10,https://www.xeno-canto.org/143687,sora/XC143687.ogg
sora,[],['song'],56.7264,-111.3803,Porzana carolina,Sora,Dugan Maynard,Creative Commons Attribution-NonCommercial-ShareAlike 3.0,0.5,04:30,https://www.xeno-canto.org/146931,sora/XC146931.ogg
sora,[],['call'],56.7264,-111.3803,Porzana carolina,Sora,Dugan Maynard,Creative Commons Attribution-NonCommercial-ShareAlike 3.0,2.5,06:30,https://www.xeno-canto.org/149263,sora/XC149263.ogg
sora,[],['call'],56.7264,-111.3803,Porzana carolina,Sora,Dugan Maynard,Creative Commons Attribution-NonCommercial-ShareAlike 3.0,2.5,04:00,https://www.xeno-canto.org/149457,sora/XC149457.ogg
sora,[],['alarm call'],33.3875,-81.9562,Porzana carolina,Sora,Liam Wolff,Creative Commons Attribution-NonCommercial-ShareAlike 3.0,3.5,17:38,https://www.xeno-canto.org/163779,sora/XC163779.ogg
sora,[],['call'],28.2267,-80.7645,Porzana carolina,Sora,Paul Marvin,Creative Commons Attribution-NonCommercial-ShareAlike 3.0,5.0,10:21,https://www.xeno-canto.org/169262,sora/XC169262.ogg
sora,[],['call'],28.5785,-80.9961,Porzana carolina,Sora,Paul Marvin,Creative Commons Attribution-NonCommercial-ShareAlike 4.0,4.5,08:13,https://www.xeno-canto.org/174342,sora/XC174342.ogg
sora,['comgal1'],['call'],28.5785,-80.9961,Porzana carolina,Sora,Paul Marvin,Creative Commons Attribution-NonCommercial-ShareAlike 4.0,3.5,08:09,https://www.xeno-canto.org/174343,sora/XC174343.ogg
sora,[],['call'],28.5785,-80.9961,Porzana carolina,Sora,Paul Marvin,Creative Commons Attribution-NonCommercial-ShareAlike 4.0,4.5,08:01,https://www.xeno-canto.org/174354,sora/XC174354.ogg
sora,[],['call'],28.2267,-80.7645,Porzana carolina,Sora,Paul Marvin,Creative Commons Attribution-NonCommercial-ShareAlike 4.0,3.5,12:02,https://www.xeno-canto.org/174357,sora/XC174357.ogg
sora,['norcar'],['call'],28.5785,-80.9961,Porzana carolina,Sora,Paul Marvin,Creative Commons Attribution-NonCommercial-ShareAlike 4.0,3.5,10:22,https://www.xeno-canto.org/174359,sora/XC174359.ogg
sora,[],['call'],28.5785,-80.9961,Porzana carolina,Sora,Paul Marvin,Creative Commons Attribution-NonCommercial-ShareAlike 4.0,3.5,08:09,https://www.xeno-canto.org/174375,sora/XC174375.ogg
sora,[],['per-weep'],45.2765,-73.956,Porzana carolina,Sora,Patrick Turgeon,Creative Commons Attribution-NonCommercial-ShareAlike 4.0,3.0,16:47,https://www.xeno-canto.org/175376,sora/XC175376.ogg
sora,"['comgal1', 'norcar']",['call'],28.5785,-80.9961,Porzana carolina,Sora,Paul Marvin,Creative Commons Attribution-NonCommercial-ShareAlike 4.0,3.5,08:51,https://www.xeno-canto.org/177310,sora/XC177310.ogg
sora,[],['call'],39.9976,-105.1179,Porzana carolina,Sora,Ted Floyd,Creative Commons Attribution-NonCommercial-ShareAlike 4.0,3.5,19:50,https://www.xeno-canto.org/177325,sora/XC177325.ogg
sora,[],['song'],39.9976,-105.1179,Porzana carolina,Sora,Ted Floyd,Creative Commons Attribution-NonCommercial-ShareAlike 4.0,4.0,09:36,https://www.xeno-canto.org/177334,sora/XC177334.ogg
sora,[],['call'],34.751,-112.017,Porzana carolina,Sora,Micah Riegner,Creative Commons Attribution-NonCommercial-ShareAlike 4.0,3.5,08:00,https://www.xeno-canto.org/177649,sora/XC177649.ogg
sora,[],"['per-weep', 'whinny']",51.7772,-103.5795,Porzana carolina,Sora,Patrick Turgeon,Creative Commons Attribution-NonCommercial-ShareAlike 4.0,4.0,20:04,https://www.xeno-canto.org/181170,sora/XC181170.ogg
sora,"['buwtea', 'mallar3']",['call'],40.6409,-104.3397,Porzana carolina,Sora,Richard E. Webster,Creative Commons Attribution-NonCommercial-ShareAlike 4.0,2.5,04:44,https://www.xeno-canto.org/184976,sora/XC184976.ogg
sora,['wesmea'],['call'],49.1453,-107.5042,Porzana carolina,Sora,Richard E. Webster,Creative Commons Attribution-NonCommercial-ShareAlike 4.0,4.5,21:11,https://www.xeno-canto.org/185868,sora/XC185868.ogg
sora,[],['call'],51.2818,-114.5384,Porzana carolina,Sora,Richard E. Webster,Creative Commons Attribution-NonCommercial-ShareAlike 4.0,3.5,22:17,https://www.xeno-canto.org/187237,sora/XC187237.ogg
sora,[],['call'],51.2818,-114.5384,Porzana carolina,Sora,Richard E. Webster,Creative Commons Attribution-NonCommercial-ShareAlike 4.0,3.5,06:27,https://www.xeno-canto.org/187267,sora/XC187267.ogg
sora,[],['call'],55.9278,-121.4001,Porzana carolina,Sora,Richard E. Webster,Creative Commons Attribution-NonCommercial-ShareAlike 4.0,4.0,00:48,https://www.xeno-canto.org/190223,sora/XC190223.ogg
sora,[],['call'],47.7312,-70.4221,Porzana carolina,Sora,Martin St-Michel,Creative Commons Attribution-NonCommercial-ShareAlike 4.0,4.5,18:42,https://www.xeno-canto.org/191464,sora/XC191464.ogg
sora,[],['call'],35.0307,-120.6205,Porzana carolina,Sora,Thomas G. Graves,Creative Commons Attribution-NonCommercial-ShareAlike 4.0,5.0,8:55,https://www.xeno-canto.org/201418,sora/XC201418.ogg
sora,[],"['alarm call', 'call']",56.7264,-111.3803,Porzana carolina,Sora,Luis A Villamil,Creative Commons Attribution-NonCommercial-ShareAlike 4.0,3.0,22:00,https://www.xeno-canto.org/205276,sora/XC205276.ogg
sora,['belkin1'],"['call', 'whinny']",31.941,-93.2848,Porzana carolina,Sora,Terry Davis,Creative Commons Attribution-NonCommercial-ShareAlike 4.0,3.5,16:05,https://www.xeno-canto.org/215677,sora/XC215677.ogg
sora,[],"['call', 'whinny']",31.941,-93.2848,Porzana carolina,Sora,Terry Davis,Creative Commons Attribution-NonCommercial-ShareAlike 4.0,4.5,16:05,https://www.xeno-canto.org/215678,sora/XC215678.ogg
sora,[],"['call', 'whinny']",31.941,-93.2848,Porzana carolina,Sora,Terry Davis,Creative Commons Attribution-NonCommercial-ShareAlike 4.0,2.5,16:05,https://www.xeno-canto.org/215679,sora/XC215679.ogg
sora,['mallar3'],"['duet', 'female', 'male']",45.0067,-81.3299,Porzana carolina,Sora,Harry Lehto,Creative Commons Attribution-NonCommercial-ShareAlike 4.0,4.5,?,https://www.xeno-canto.org/233160,sora/XC233160.ogg
sora,[],['call'],35.8744,-106.3122,Porzana carolina,Sora,Mouser Williams,Creative Commons Attribution-NonCommercial-ShareAlike 4.0,3.5,06:30,https://www.xeno-canto.org/236416,sora/XC236416.ogg
sora,[],['call'],41.4671,-71.5492,Porzana carolina,Sora,Dylan Pedro,Creative Commons Attribution-NonCommercial-ShareAlike 4.0,2.0,19:30,https://www.xeno-canto.org/237283,sora/XC237283.ogg
sora,[],"['alarm call', 'call']",42.373,-73.3677,Porzana carolina,Sora,Tim Spahr,Creative Commons Attribution-NonCommercial-ShareAlike 4.0,2.5,03:30,https://www.xeno-canto.org/246277,sora/XC246277.ogg
sora,[],"['begging call', 'call']",40.9857,-87.4867,Porzana carolina,Sora,Bates Estabrooks,Creative Commons Attribution-NonCommercial-ShareAlike 4.0,4.0,08:00,https://www.xeno-canto.org/266626,sora/XC266626.ogg
sora,[],['call'],40.1175,-75.0627,Porzana carolina,Sora,Paul Driver,Creative Commons Attribution-NonCommercial-ShareAlike 4.0,3.0,07:00,https://www.xeno-canto.org/278033,sora/XC278033.ogg
sora,[],['call'],40.1175,-75.0627,Porzana carolina,Sora,Paul Driver,Creative Commons Attribution-NonCommercial-ShareAlike 4.0,3.0,07:00,https://www.xeno-canto.org/278038,sora/XC278038.ogg
sora,[],['call'],40.1175,-75.0627,Porzana carolina,Sora,Paul Driver,Creative Commons Attribution-NonCommercial-ShareAlike 4.0,3.5,06:00,https://www.xeno-canto.org/278146,sora/XC278146.ogg
sora,[],['call'],40.8622,-124.0973,Porzana carolina,Sora,theroamingfro,Creative Commons Attribution-NonCommercial-ShareAlike 4.0,3.0,19:00,https://www.xeno-canto.org/282397,sora/XC282397.ogg
sora,[],['call'],33.6651,-117.8434,Porzana carolina,Sora,Paul Marvin,Creative Commons Attribution-NonCommercial-ShareAlike 4.0,3.5,11:02,https://www.xeno-canto.org/282622,sora/XC282622.ogg
sora,[],"['alarm call', 'song']",32.2783,-111.0229,Porzana carolina,Sora,Pat Goltz,Creative Commons Attribution-NonCommercial-ShareAlike 4.0,3.0,16:30,https://www.xeno-canto.org/287504,sora/XC287504.ogg
sora,[],['call'],18.0024,-94.5653,Porzana carolina,Sora,Manuel Grosselet,Creative Commons Attribution-NonCommercial-ShareAlike 4.0,4.0,08:30,https://www.xeno-canto.org/287995,sora/XC287995.ogg
sora,[],"['call', 'male']",18.0024,-94.5653,Porzana carolina,Sora,Manuel Grosselet,Creative Commons Attribution-NonCommercial-ShareAlike 4.0,4.0,08:30,https://www.xeno-canto.org/288001,sora/XC288001.ogg
sora,[],['call'],18.0024,-94.5653,Porzana carolina,Sora,Manuel Grosselet,Creative Commons Attribution-NonCommercial-ShareAlike 4.0,4.0,08:30,https://www.xeno-canto.org/288239,sora/XC288239.ogg
sora,[],['per-weep'],51.7078,-103.2185,Porzana carolina,Sora,Patrick Turgeon,Creative Commons Attribution-NonCommercial-ShareAlike 4.0,4.5,?,https://www.xeno-canto.org/292447,sora/XC292447.ogg
sora,['sora'],['Gargle'],51.7078,-103.2185,Porzana carolina,Sora,Patrick Turgeon,Creative Commons Attribution-NonCommercial-ShareAlike 4.0,3.5,?,https://www.xeno-canto.org/292449,sora/XC292449.ogg
sora,[],['Whinny'],51.7078,-103.2185,Porzana carolina,Sora,Patrick Turgeon,Creative Commons Attribution-NonCommercial-ShareAlike 4.0,5.0,?,https://www.xeno-canto.org/292603,sora/XC292603.ogg
sora,[],['call'],18.0024,-94.5653,Porzana carolina,Sora,Manuel Grosselet,Creative Commons Attribution-NonCommercial-ShareAlike 4.0,3.5,16:30,https://www.xeno-canto.org/293106,sora/XC293106.ogg
sora,[],['call'],18.0024,-94.5653,Porzana carolina,Sora,Manuel Grosselet,Creative Commons Attribution-NonCommercial-ShareAlike 4.0,3.5,10:00,https://www.xeno-canto.org/294051,sora/XC294051.ogg
sora,[],['call'],18.0024,-94.5653,Porzana carolina,Sora,Manuel Grosselet,Creative Commons Attribution-NonCommercial-ShareAlike 4.0,3.5,10:00,https://www.xeno-canto.org/294052,sora/XC294052.ogg
sora,[],['call'],56.7264,-111.3803,Porzana carolina,Sora,Julie,Creative Commons Attribution-NonCommercial-ShareAlike 4.0,2.0,22:00,https://www.xeno-canto.org/295379,sora/XC295379.ogg
sora,[],['call'],28.6781,-80.7717,Porzana carolina,Sora,Paul Marvin,Creative Commons Attribution-NonCommercial-ShareAlike 4.0,5.0,10:08,https://www.xeno-canto.org/296666,sora/XC296666.ogg
sora,[],['call'],28.2267,-80.7645,Porzana carolina,Sora,Paul Marvin,Creative Commons Attribution-NonCommercial-ShareAlike 4.0,4.0,07:39,https://www.xeno-canto.org/297802,sora/XC297802.ogg
sora,[],['call'],23.4933,-110.278,Porzana carolina,Sora,Todd Mark,Creative Commons Attribution-NonCommercial-ShareAlike 4.0,4.0,07:00,https://www.xeno-canto.org/302904,sora/XC302904.ogg
sora,[],['call'],34.5465,-82.8955,Porzana carolina,Sora,Tom Austin,Creative Commons Attribution-ShareAlike 4.0,1.5,11:30,https://www.xeno-canto.org/311814,sora/XC311814.ogg
sora,[],['call'],30.0972,-93.0131,Porzana carolina,Sora,Dan Lane,Creative Commons Attribution-NonCommercial-ShareAlike 4.0,4.0,18:00,https://www.xeno-canto.org/311876,sora/XC311876.ogg
sora,[],['call'],30.0972,-93.0131,Porzana carolina,Sora,Dan Lane,Creative Commons Attribution-NonCommercial-ShareAlike 4.0,3.5,18:00,https://www.xeno-canto.org/311877,sora/XC311877.ogg
sora,[],['Whinny'],41.5759,-87.8614,Porzana carolina,Sora,Matt Wistrand,Creative Commons Attribution-NonCommercial-ShareAlike 4.0,3.0,06:35,https://www.xeno-canto.org/312713,sora/XC312713.ogg
sora,[],['call'],42.3047,-71.6122,Porzana carolina,Sora,Justin Lawson,Creative Commons Attribution-NonCommercial-ShareAlike 4.0,3.0,10:00,https://www.xeno-canto.org/315465,sora/XC315465.ogg
sora,[],['call'],47.9406,-69.4928,Porzana carolina,Sora,Martin St-Michel,Creative Commons Attribution-NonCommercial-ShareAlike 4.0,2.5,08:51,https://www.xeno-canto.org/319176,sora/XC319176.ogg
sora,[],['song'],50.9619,-118.1997,Porzana carolina,Sora,James Bradley,Creative Commons Attribution-NonCommercial-ShareAlike 4.0,4.0,10:30,https://www.xeno-canto.org/325926,sora/XC325926.ogg
sora,[],['call'],50.9619,-118.1997,Porzana carolina,Sora,James Bradley,Creative Commons Attribution-NonCommercial-ShareAlike 4.0,4.0,08:30,https://www.xeno-canto.org/325929,sora/XC325929.ogg
sora,[],['call'],41.3399,-71.7049,Porzana carolina,Sora,Dylan Pedro,Creative Commons Attribution-NonCommercial-ShareAlike 4.0,2.0,11:00,https://www.xeno-canto.org/335244,sora/XC335244.ogg
sora,['comgal1'],['call'],28.2267,-80.7645,Porzana carolina,Sora,Paul Marvin,Creative Commons Attribution-NonCommercial-ShareAlike 4.0,2.5,10:01,https://www.xeno-canto.org/342051,sora/XC342051.ogg
sora,[],['song'],5.5124,-72.9791,Porzana carolina,Sora,Diana Carolina Macana,Creative Commons Attribution-NonCommercial-ShareAlike 4.0,1.5,06:40,https://www.xeno-canto.org/342218,sora/XC342218.ogg
sora,[],['call'],28.6719,-81.6826,Porzana carolina,Sora,Patrick Blake,Creative Commons Attribution-NonCommercial-ShareAlike 4.0,4.5,09:30,https://www.xeno-canto.org/342381,sora/XC342381.ogg
sora,[],['alarm call'],38.4605,-94.1438,Porzana carolina,Sora,Eric Hough,Creative Commons Attribution-NonCommercial-ShareAlike 4.0,3.5,19:00,https://www.xeno-canto.org/342675,sora/XC342675.ogg
sora,[],['song'],48.4183,-107.6657,Porzana carolina,Sora,Thomas Magarian,Creative Commons Attribution-NonCommercial-ShareAlike 4.0,2.5,10:49,https://www.xeno-canto.org/354701,sora/XC354701.ogg
sora,[],['song'],48.4183,-107.6657,Porzana carolina,Sora,Thomas Magarian,Creative Commons Attribution-NonCommercial-ShareAlike 4.0,4.5,10:46,https://www.xeno-canto.org/354998,sora/XC354998.ogg
sora,[],['call'],48.4183,-107.6657,Porzana carolina,Sora,Thomas Magarian,Creative Commons Attribution-NonCommercial-ShareAlike 4.0,4.5,10:47,https://www.xeno-canto.org/355000,sora/XC355000.ogg
sora,[],['call'],33.1766,-115.6231,Porzana carolina,Sora,Thomas G. Graves,Creative Commons Attribution-NonCommercial-ShareAlike 4.0,4.5,9:51,https://www.xeno-canto.org/357951,sora/XC357951.ogg
sora,[],['call'],40.8037,-77.9367,Porzana carolina,Sora,Julia Plummer,Creative Commons Attribution-NonCommercial-ShareAlike 4.0,2.0,18:30,https://www.xeno-canto.org/361945,sora/XC361945.ogg
sora,[],['alarm call'],40.9035,-102.6708,Porzana carolina,Sora,Eric DeFonso,Creative Commons Attribution-NonCommercial-ShareAlike 4.0,4.5,11:42,https://www.xeno-canto.org/368635,sora/XC368635.ogg
sora,[],['call'],45.9019,-64.338,Porzana carolina,Sora,Alain Clavette,Creative Commons Attribution-NonCommercial-ShareAlike 4.0,4.0,16:00,https://www.xeno-canto.org/373489,sora/XC373489.ogg
sora,[],['song'],59.3193,10.7465,Porzana carolina,Sora,Karsten Molværsmyr,Creative Commons Attribution-NonCommercial-ShareAlike 4.0,5.0,23:35,https://www.xeno-canto.org/375998,sora/XC375998.ogg
sora,[],['song'],59.3193,10.7465,Porzana carolina,Sora,Karsten Molværsmyr,Creative Commons Attribution-NonCommercial-ShareAlike 4.0,5.0,23:45,https://www.xeno-canto.org/375999,sora/XC375999.ogg
sora,[],"['male', 'song']",59.3191,10.7458,Porzana carolina,Sora,Lars Adler Krogh,Creative Commons Attribution-NonCommercial-ShareAlike 4.0,5.0,02:30,https://www.xeno-canto.org/376001,sora/XC376001.ogg
sora,[],"['male', 'song']",59.3191,10.7458,Porzana carolina,Sora,Lars Adler Krogh,Creative Commons Attribution-NonCommercial-ShareAlike 4.0,5.0,01:30,https://www.xeno-canto.org/376003,sora/XC376003.ogg
sora,[],['song'],59.3193,10.7465,Porzana carolina,Sora,Bjørn Olav Tveit,Creative Commons Attribution-ShareAlike 4.0,3.5,02:50,https://www.xeno-canto.org/376087,sora/XC376087.ogg
sora,[],['song'],39.9976,-105.1179,Porzana carolina,Sora,Ted Floyd,Creative Commons Attribution-NonCommercial-ShareAlike 4.0,3.0,09:59,https://www.xeno-canto.org/376220,sora/XC376220.ogg
sora,[],['call'],46.7691,-124.0975,Porzana carolina,Sora,Rachel Hudson,Creative Commons Attribution-NonCommercial-ShareAlike 4.0,4.5,11:30,https://www.xeno-canto.org/378587,sora/XC378587.ogg
sora,[],['juvenile'],40.6637,-104.972,Porzana carolina,Sora,Nick Komar,Creative Commons Attribution-NonCommercial-ShareAlike 4.0,4.5,07:40,https://www.xeno-canto.org/382683,sora/XC382683.ogg
sora,[],['song'],46.154,-72.7455,Porzana carolina,Sora,Martin St-Michel,Creative Commons Attribution-NonCommercial-ShareAlike 4.0,4.0,06:03,https://www.xeno-canto.org/384475,sora/XC384475.ogg
sora,[],['call'],34.4343,-104.2136,Porzana carolina,Sora,Vicki Dern,Creative Commons Attribution-NonCommercial-ShareAlike 4.0,4.5,13:35,https://www.xeno-canto.org/385311,sora/XC385311.ogg
sora,[],['whinny call'],40.4832,-104.9947,Porzana carolina,Sora,Nick Komar,Creative Commons Attribution-NonCommercial-ShareAlike 4.0,4.0,21:10,https://www.xeno-canto.org/394730,sora/XC394730.ogg
sora,[],['song'],40.4832,-104.9947,Porzana carolina,Sora,Nick Komar,Creative Commons Attribution-NonCommercial-ShareAlike 4.0,3.5,20:45,https://www.xeno-canto.org/394868,sora/XC394868.ogg
sora,[],['call'],32.2789,-111.0223,Porzana carolina,Sora,Janine McCabe,Creative Commons Attribution-NonCommercial-ShareAlike 4.0,2.5,09:30,https://www.xeno-canto.org/398302,sora/XC398302.ogg
sora,[],['call'],18.2887,-95.9128,Porzana carolina,Sora,Dan Lane,Creative Commons Attribution-NonCommercial-ShareAlike 4.0,3.5,17:00,https://www.xeno-canto.org/398980,sora/XC398980.ogg
sora,[],['song'],9.0859,-79.1559,Porzana carolina,Sora,Kent Livezey,Creative Commons Attribution-NonCommercial-ShareAlike 4.0,5.0,10:48,https://www.xeno-canto.org/399481,sora/XC399481.ogg
sora,[],['call'],9.0859,-79.1559,Porzana carolina,Sora,Kent Livezey,Creative Commons Attribution-NonCommercial-ShareAlike 4.0,5.0,10:43,https://www.xeno-canto.org/399482,sora/XC399482.ogg
sora,[],"['call', 'song']",25.4313,-100.1714,Porzana carolina,Sora,Leonardo Guzman Hernandez,Creative Commons Attribution-NonCommercial-ShareAlike 4.0,4.0,08:30,https://www.xeno-canto.org/406594,sora/XC406594.ogg
sora,[],['call'],43.3487,-79.8608,Porzana carolina,Sora,Dominik Hałas,Creative Commons Attribution-NonCommercial-ShareAlike 4.0,4.0,10:23,https://www.xeno-canto.org/413573,sora/XC413573.ogg
sora,[],['call'],39.919,-83.2065,Porzana carolina,Sora,Sue Riffe,Creative Commons Attribution-NonCommercial-ShareAlike 4.0,5.0,08:15,https://www.xeno-canto.org/417847,sora/XC417847.ogg
sora,[],['song'],39.919,-83.2065,Porzana carolina,Sora,Sue Riffe,Creative Commons Attribution-NonCommercial-ShareAlike 4.0,4.0,08:30,https://www.xeno-canto.org/417849,sora/XC417849.ogg
sora,[],['song'],39.9975,-105.1142,Porzana carolina,Sora,Ted Floyd,Creative Commons Attribution-NonCommercial-ShareAlike 4.0,0.0,20:56,https://www.xeno-canto.org/418912,sora/XC418912.ogg
sora,[],['call'],63.4752,-136.9902,Porzana carolina,Sora,Logan McLeod,Creative Commons Attribution-NonCommercial-ShareAlike 4.0,3.5,00:15,https://www.xeno-canto.org/433931,sora/XC433931.ogg
sora,[],"['call', 'splashing sounds as (I THINK) two birds chase each other']",39.763,-120.3409,Porzana carolina,Sora,Ed Pandolfino,Creative Commons Attribution-NonCommercial-ShareAlike 4.0,4.5,09:20,https://www.xeno-canto.org/443831,sora/XC443831.ogg
sora,['grbher3'],['call'],28.2267,-80.7645,Porzana carolina,Sora,Paul Marvin,Creative Commons Attribution-NonCommercial-ShareAlike 4.0,3.5,07:34,https://www.xeno-canto.org/451474,sora/XC451474.ogg
sora,[],['call'],31.4,-111.088,Porzana carolina,Sora,Paul Marvin,Creative Commons Attribution-NonCommercial-ShareAlike 4.0,5.0,07:43,https://www.xeno-canto.org/452184,sora/XC452184.ogg
sora,[],['call'],31.4,-111.088,Porzana carolina,Sora,Paul Marvin,Creative Commons Attribution-NonCommercial-ShareAlike 4.0,3.0,17:33,https://www.xeno-canto.org/452185,sora/XC452185.ogg
sora,[],['call'],26.0737,-98.1442,Porzana carolina,Sora,Paul Marvin,Creative Commons Attribution-NonCommercial-ShareAlike 4.0,3.5,09:32,https://www.xeno-canto.org/453198,sora/XC453198.ogg
sora,[],['call'],26.0737,-98.1442,Porzana carolina,Sora,Paul Marvin,Creative Commons Attribution-NonCommercial-ShareAlike 4.0,2.5,09:22,https://www.xeno-canto.org/453200,sora/XC453200.ogg
sora,[],['call'],23.0477,-109.697,Porzana carolina,Sora,Richard E. Webster,Creative Commons Attribution-NonCommercial-ShareAlike 4.0,2.0,09:01,https://www.xeno-canto.org/466255,sora/XC466255.ogg
sora,[],"['call', 'song']",42.0234,-79.4448,Porzana carolina,Sora,Jim Berry,Creative Commons Attribution-NonCommercial-ShareAlike 4.0,4.0,07:00,https://www.xeno-canto.org/469663,sora/XC469663.ogg
sora,[],['call'],34.2641,-114.0395,Porzana carolina,Sora,Eric Hough,Creative Commons Attribution-NonCommercial-ShareAlike 4.0,5.0,15:23,https://www.xeno-canto.org/475974,sora/XC475974.ogg
sora,[],['song'],42.0422,-82.4858,Porzana carolina,Sora,David Darrell-Lambert,Creative Commons Attribution-NonCommercial-ShareAlike 4.0,5.0,21:30,https://www.xeno-canto.org/477043,sora/XC477043.ogg
sora,[],"['call', 'ker-wee calls']",51.3142,-121.8012,Porzana carolina,Sora,Sunny Tseng,Creative Commons Attribution-NonCommercial-ShareAlike 4.0,3.0,14:30,https://www.xeno-canto.org/479769,sora/XC479769.ogg
sora,[],"['call', 'whinny calls']",51.3142,-121.8012,Porzana carolina,Sora,Sunny Tseng,Creative Commons Attribution-NonCommercial-ShareAlike 4.0,4.5,15:30,https://www.xeno-canto.org/479774,sora/XC479774.ogg
sora,[],"['call', 'ker-wee calls']",51.3142,-121.8012,Porzana carolina,Sora,Sunny Tseng,Creative Commons Attribution-NonCommercial-ShareAlike 4.0,4.0,15:30,https://www.xeno-canto.org/479777,sora/XC479777.ogg
sora,[],['alarm call'],39.8736,-86.3092,Porzana carolina,Sora,Don Gorney,Creative Commons Attribution-NonCommercial-ShareAlike 4.0,3.5,11:30,https://www.xeno-canto.org/481855,sora/XC481855.ogg
sora,[],['call'],30.9765,-91.9893,Porzana carolina,Sora,Jacob Saucier,Creative Commons Attribution-NonCommercial-ShareAlike 4.0,3.5,08:40,https://www.xeno-canto.org/498766,sora/XC498766.ogg
sora,[],"['adult', 'alarm call', 'call', 'keek series', 'sex uncertain']",33.6598,-117.8423,Porzana carolina,Sora,Kat Avila,Creative Commons Attribution-NonCommercial-ShareAlike 4.0,3.5,09:43,https://www.xeno-canto.org/504856,sora/XC504856.ogg
sora,[],"['call', 'life stage uncertain', 'sex uncertain', 'song']",33.1815,-115.6226,Porzana carolina,Sora,Phoenix Birder,Creative Commons Attribution-NonCommercial-ShareAlike 4.0,5.0,10:12,https://www.xeno-canto.org/516253,sora/XC516253.ogg
sora,['cangoo'],"['Perweep call.', 'adult', 'call', 'sex uncertain']",42.0334,-79.4213,Porzana carolina,Sora,Jim Berry,Creative Commons Attribution-NonCommercial-ShareAlike 4.0,4.5,07:30,https://www.xeno-canto.org/548705,sora/XC548705.ogg
sora,[],['call'],42.194,-83.0969,Porzana carolina,Sora,Mark Nenadov,Creative Commons Attribution-NonCommercial-ShareAlike 4.0,0.0,05:57,https://www.xeno-canto.org/557866,sora/XC557866.ogg
sora,[],"['call', 'song']",53.9263,-124.0697,Porzana carolina,Sora,Jeff Dyck,Creative Commons Attribution-NonCommercial-ShareAlike 4.0,4.5,14:00,https://www.xeno-canto.org/567108,sora/XC567108.ogg
sora,[],"['adult', 'call', 'sex uncertain']",40.1756,-115.4798,Porzana carolina,Sora,Richard E. Webster,Creative Commons Attribution-NonCommercial-ShareAlike 4.0,2.5,12:44,https://www.xeno-canto.org/574677,sora/XC574677.ogg
sora,[],"['adult', 'call', 'sex uncertain']",40.1756,-115.4798,Porzana carolina,Sora,Richard E. Webster,Creative Commons Attribution-NonCommercial-ShareAlike 4.0,5.0,12:42,https://www.xeno-canto.org/574679,sora/XC574679.ogg
sora,[],"['adult', 'call', 'sex uncertain']",40.1756,-115.4798,Porzana carolina,Sora,Richard E. Webster,Creative Commons Attribution-NonCommercial-ShareAlike 4.0,3.5,12:26,https://www.xeno-canto.org/574680,sora/XC574680.ogg
sora,[],"['adult', 'song']",40.3437,-104.6406,Porzana carolina,Sora,Eric DeFonso,Creative Commons Attribution-NonCommercial-ShareAlike 4.0,4.5,19:06,https://www.xeno-canto.org/580996,sora/XC580996.ogg
sora,[],['call'],32.6287,-116.923,Porzana carolina,Sora,Paul Marvin,Creative Commons Attribution-NonCommercial-ShareAlike 4.0,5.0,07:16,https://www.xeno-canto.org/586983,sora/XC586983.ogg
sora,[],['call'],32.6287,-116.923,Porzana carolina,Sora,Paul Marvin,Creative Commons Attribution-NonCommercial-ShareAlike 4.0,5.0,06:21,https://www.xeno-canto.org/605303,sora/XC605303.ogg
sora,[],['call'],32.6287,-116.923,Porzana carolina,Sora,Paul Marvin,Creative Commons Attribution-NonCommercial-ShareAlike 4.0,4.0,09:05,https://www.xeno-canto.org/605305,sora/XC605305.ogg
sora,[],['alarm call'],51.8438,-120.6912,Porzana carolina,Sora,Peter Ward and Ken Hall,Creative Commons Attribution-NonCommercial-ShareAlike 4.0,5.0,07:00,https://www.xeno-canto.org/606802,sora/XC606802.ogg
sora,[],['call'],49.3483,-122.6148,Porzana carolina,Sora,Peter Ward and Ken Hall,Creative Commons Attribution-NonCommercial-ShareAlike 4.0,5.0,09:00,https://www.xeno-canto.org/606803,sora/XC606803.ogg
sora,[],['alarm call'],49.3009,-119.6137,Porzana carolina,Sora,Peter Ward and Ken Hall,Creative Commons Attribution-NonCommercial-ShareAlike 4.0,5.0,07:30,https://www.xeno-canto.org/606805,sora/XC606805.ogg
sora,[],['call'],49.1191,-116.6328,Porzana carolina,Sora,Peter Ward and Ken Hall,Creative Commons Attribution-NonCommercial-ShareAlike 4.0,4.5,10:00,https://www.xeno-canto.org/606806,sora/XC606806.ogg
sora,[],"['Boreal toad', 'Wood frog', 'adult', 'call', 'nocturnal flight call', 'sex uncertain']",55.2568,-127.672,Porzana carolina,Sora,Larry Joseph,Creative Commons Attribution-NonCommercial-ShareAlike 4.0,2.5,00:07,https://www.xeno-canto.org/645412,sora/XC645412.ogg
sora,[],"['adult', 'call']",32.8698,-114.4675,Porzana carolina,Sora,Bobby Wilcox,Creative Commons Attribution-NonCommercial-ShareAlike 4.0,3.0,09:30,https://www.xeno-canto.org/645506,sora/XC645506.ogg
sora,['normoc'],['call'],30.4028,-88.2689,Porzana carolina,Sora,Mike Nelson,Creative Commons Attribution-NonCommercial-ShareAlike 3.0,3.5,7:30am,https://www.xeno-canto.org/64551,sora/XC64551.ogg
sora,[],"['Rattle Call', 'call']",30.4028,-88.2689,Porzana carolina,Sora,Mike Nelson,Creative Commons Attribution-NonCommercial-ShareAlike 3.0,4.5,7:30am,https://www.xeno-canto.org/64553,sora/XC64553.ogg
sora,['cangoo'],"['call', 'life stage uncertain', 'sex uncertain', 'whinny']",50.1786,-97.1303,Porzana carolina,Sora,Charlie W,Creative Commons Attribution-NonCommercial-ShareAlike 4.0,3.5,19:00,https://www.xeno-canto.org/653047,sora/XC653047.ogg
sora,[],"['Whinny', 'adult', 'call', 'sex uncertain']",48.959,-119.102,Porzana carolina,Sora,Bruce Lagerquist,Creative Commons Attribution-NonCommercial-ShareAlike 4.0,4.5,17:48,https://www.xeno-canto.org/656414,sora/XC656414.ogg
sora,[],"['Whinny', 'adult', 'call', 'sex uncertain']",48.959,-119.102,Porzana carolina,Sora,Bruce Lagerquist,Creative Commons Attribution-NonCommercial-ShareAlike 4.0,4.5,17:49,https://www.xeno-canto.org/656415,sora/XC656415.ogg
sora,[],"['Whinny', 'adult', 'call', 'sex uncertain']",48.959,-119.102,Porzana carolina,Sora,Bruce Lagerquist,Creative Commons Attribution-NonCommercial-ShareAlike 4.0,4.5,17:53,https://www.xeno-canto.org/656417,sora/XC656417.ogg
sora,[],"['adult', 'call', 'sex uncertain']",44.3163,-120.8983,Porzana carolina,Sora,Whitney Neufeld-Kaiser,Creative Commons Attribution-NonCommercial-ShareAlike 4.0,4.5,08:11,https://www.xeno-canto.org/663778,sora/XC663778.ogg
sora,[],['uncertain'],11.446,-69.598,Porzana carolina,Sora,Francisco contreras,Creative Commons Attribution-NonCommercial-ShareAlike 4.0,4.0,07:00,https://www.xeno-canto.org/664269,sora/XC664269.ogg
spodov,[],['song'],-10.1876,123.3798,Streptopelia chinensis,Spotted Dove,Colin Trainor,Creative Commons Attribution-NonCommercial-ShareAlike 3.0,2.5,09:00,https://www.xeno-canto.org/116499,spodov/XC116499.ogg
spodov,[],['song'],26.5949,93.4516,Streptopelia chinensis,Spotted Dove,Mike Nelson,Creative Commons Attribution-NonCommercial-ShareAlike 3.0,4.0,12:30,https://www.xeno-canto.org/116923,spodov/XC116923.ogg
spodov,[],['song'],26.9238,92.8288,Streptopelia chinensis,Spotted Dove,Mike Nelson,Creative Commons Attribution-NonCommercial-ShareAlike 3.0,4.0,16:00,https://www.xeno-canto.org/116924,spodov/XC116924.ogg
spodov,[],['song'],13.9144,104.5538,Streptopelia chinensis,Spotted Dove,Patrik Åberg,Creative Commons Attribution-NonCommercial-ShareAlike 3.0,5.0,08:21,https://www.xeno-canto.org/124409,spodov/XC124409.ogg
spodov,[],['song'],-8.7312,115.2357,Streptopelia chinensis,Spotted Dove,Bruno Durand,Creative Commons Attribution-NonCommercial-ShareAlike 3.0,3.5,10:30,https://www.xeno-canto.org/153022,spodov/XC153022.ogg
spodov,[],['song'],-8.4923,115.2652,Streptopelia chinensis,Spotted Dove,Bruno Durand,Creative Commons Attribution-NonCommercial-ShareAlike 3.0,3.5,08:30,https://www.xeno-canto.org/153052,spodov/XC153052.ogg
spodov,[],['call'],18.3802,73.7679,Streptopelia chinensis,Spotted Dove,Rajgopal Patil,Creative Commons Attribution-NonCommercial-ShareAlike 3.0,4.0,09:49,https://www.xeno-canto.org/157874,spodov/XC157874.ogg
spodov,[],['song'],15.5442,73.7733,Streptopelia chinensis,Spotted Dove,Albert Lastukhin,Creative Commons Attribution-NonCommercial-ShareAlike 3.0,2.0,07:30,https://www.xeno-canto.org/163930,spodov/XC163930.ogg
spodov,[],['song'],6.3667,81.5167,Streptopelia chinensis,Spotted Dove,Tero Linjama,Creative Commons Attribution-NonCommercial-ShareAlike 3.0,4.0,06:00,https://www.xeno-canto.org/164027,spodov/XC164027.ogg
spodov,['apapan'],['song'],19.4264,-155.2373,Streptopelia chinensis,Spotted Dove,Dan Lane,Creative Commons Attribution-NonCommercial-ShareAlike 4.0,3.5,06:00,https://www.xeno-canto.org/175220,spodov/XC175220.ogg
spodov,[],['call'],-10.594,123.2562,Streptopelia chinensis,Spotted Dove,Stijn Cooleman,Creative Commons Attribution-NonCommercial-ShareAlike 4.0,4.0,17:15,https://www.xeno-canto.org/179204,spodov/XC179204.ogg
spodov,[],['call'],22.2,114.135,Streptopelia chinensis,Spotted Dove,Timothy Bonebrake,Creative Commons Attribution-NonCommercial-ShareAlike 4.0,3.0,06:00,https://www.xeno-canto.org/181467,spodov/XC181467.ogg
spodov,[],['song'],14.5093,101.9353,Streptopelia chinensis,Spotted Dove,Greg Irving,Creative Commons Attribution-NonCommercial-ShareAlike 4.0,4.0,18:30,https://www.xeno-canto.org/185648,spodov/XC185648.ogg
spodov,[],['call'],-37.7417,144.9628,Streptopelia chinensis,Spotted Dove,nick talbot,Creative Commons Attribution-NonCommercial-ShareAlike 4.0,4.0,08:00,https://www.xeno-canto.org/186558,spodov/XC186558.ogg
spodov,[],['song'],6.286,81.2923,Streptopelia chinensis,Spotted Dove,Andrew Spencer,Creative Commons Attribution-NonCommercial-ShareAlike 4.0,5.0,06:10,https://www.xeno-canto.org/190962,spodov/XC190962.ogg
spodov,[],['song'],-33.8092,150.9869,Streptopelia chinensis,Spotted Dove,Diego Caiafa,Creative Commons Attribution-NonCommercial-ShareAlike 4.0,3.0,?,https://www.xeno-canto.org/193650,spodov/XC193650.ogg
spodov,[],['call'],15.4346,74.0985,Streptopelia chinensis,Spotted Dove,Andrew Mascarenhas,Creative Commons Attribution-NonCommercial-ShareAlike 4.0,4.0,07:00,https://www.xeno-canto.org/197100,spodov/XC197100.ogg
spodov,[],['song'],21.4007,-157.7898,Streptopelia chinensis,Spotted Dove,Ross Gallardy,Creative Commons Attribution-NonCommercial-ShareAlike 4.0,4.0,07:00,https://www.xeno-canto.org/203259,spodov/XC203259.ogg
spodov,"['commyn', 'zebdov']",['song'],-20.3179,57.5132,Streptopelia chinensis,Spotted Dove,Albert Lastukhin & Alexandr Shirjaev,Creative Commons Attribution-NonCommercial-ShareAlike 4.0,3.5,09:30,https://www.xeno-canto.org/203400,spodov/XC203400.ogg
spodov,"['commyn', 'rocpig', 'zebdov']",['song'],-20.3179,57.5132,Streptopelia chinensis,Spotted Dove,Albert Lastukhin & Alexandr Shirjaev,Creative Commons Attribution-NonCommercial-ShareAlike 4.0,2.5,09:00,https://www.xeno-canto.org/203404,spodov/XC203404.ogg
spodov,['zebdov'],['song'],-20.3179,57.5132,Streptopelia chinensis,Spotted Dove,Albert Lastukhin & Alexandr Shirjaev,Creative Commons Attribution-NonCommercial-ShareAlike 4.0,2.5,09:30,https://www.xeno-canto.org/203405,spodov/XC203405.ogg
spodov,"['redjun', 'zebdov']",['song'],21.4007,-157.7898,Streptopelia chinensis,Spotted Dove,Ross Gallardy,Creative Commons Attribution-NonCommercial-ShareAlike 4.0,3.5,06:30,https://www.xeno-canto.org/205837,spodov/XC205837.ogg
spodov,[],"['call', 'song']",7.961,80.759,Streptopelia chinensis,Spotted Dove,Mike Nelson,Creative Commons Attribution-NonCommercial-ShareAlike 4.0,4.0,06:30,https://www.xeno-canto.org/207655,spodov/XC207655.ogg
spodov,[],['call'],15.4346,74.0985,Streptopelia chinensis,Spotted Dove,Pankaj Lad,Creative Commons Attribution-NonCommercial-ShareAlike 4.0,5.0,08:45,https://www.xeno-canto.org/214010,spodov/XC214010.ogg
spodov,[],"['male', 'song']",-6.5998,106.7962,Streptopelia chinensis,Spotted Dove,Paulo Alves,Creative Commons Attribution-NonCommercial-ShareAlike 4.0,4.0,06:30,https://www.xeno-canto.org/233699,spodov/XC233699.ogg
spodov,[],['call'],13.9667,104.8833,Streptopelia chinensis,Spotted Dove,Mike Nelson,Creative Commons Attribution-NonCommercial-ShareAlike 4.0,4.0,08:30,https://www.xeno-canto.org/240369,spodov/XC240369.ogg
spodov,[],"['male', 'song']",-6.3233,105.8357,Streptopelia chinensis,Spotted Dove,Paulo Alves,Creative Commons Attribution-NonCommercial-ShareAlike 4.0,3.5,10:00,https://www.xeno-canto.org/245917,spodov/XC245917.ogg
spodov,[],"['male', 'song']",40.1155,116.485,Streptopelia chinensis,Spotted Dove,Joseph Tang,Creative Commons Attribution-NonCommercial-ShareAlike 4.0,3.5,17:00,https://www.xeno-canto.org/260139,spodov/XC260139.ogg
spodov,[],['call'],10.5204,76.434,Streptopelia chinensis,Spotted Dove,Vivek Puliyeri,Creative Commons Attribution-NonCommercial-ShareAlike 4.0,4.0,15:00,https://www.xeno-canto.org/267346,spodov/XC267346.ogg
spodov,[],['song'],19.3705,97.3556,Streptopelia chinensis,Spotted Dove,Albert Lastukhin & Vladimir Sotnikov ,Creative Commons Attribution-NonCommercial-ShareAlike 4.0,3.0,16:00,https://www.xeno-canto.org/291099,spodov/XC291099.ogg
spodov,[],['song'],19.3705,97.3556,Streptopelia chinensis,Spotted Dove,Albert Lastukhin & Vladimir Sotnikov ,Creative Commons Attribution-NonCommercial-ShareAlike 4.0,4.0,17:30,https://www.xeno-canto.org/291105,spodov/XC291105.ogg
spodov,[],['song'],19.3705,97.3556,Streptopelia chinensis,Spotted Dove,Albert Lastukhin & Vladimir Sotnikov ,Creative Commons Attribution-NonCommercial-ShareAlike 4.0,4.0,17:30,https://www.xeno-canto.org/291106,spodov/XC291106.ogg
spodov,[],['call'],20.1856,96.4863,Streptopelia chinensis,Spotted Dove,Albert Lastukhin,Creative Commons Attribution-NonCommercial-ShareAlike 4.0,4.0,09:00,https://www.xeno-canto.org/293551,spodov/XC293551.ogg
spodov,[],['song'],19.3705,97.3556,Streptopelia chinensis,Spotted Dove,Albert Lastukhin,Creative Commons Attribution-NonCommercial-ShareAlike 4.0,3.0,17:00,https://www.xeno-canto.org/293596,spodov/XC293596.ogg
spodov,[],['song'],12.4022,108.1835,Streptopelia chinensis,Spotted Dove,Albert Lastukhin & Yuri Glushchenko,Creative Commons Attribution-NonCommercial-ShareAlike 4.0,3.0,08:00,https://www.xeno-canto.org/304101,spodov/XC304101.ogg
spodov,[],['song'],11.9216,108.3683,Streptopelia chinensis,Spotted Dove,Albert Lastukhin & Yuri Glushchenko,Creative Commons Attribution-NonCommercial-ShareAlike 4.0,3.0,08:00,https://www.xeno-canto.org/304102,spodov/XC304102.ogg
spodov,[],['song'],12.2714,109.1138,Streptopelia chinensis,Spotted Dove,Albert Lastukhin & Yuri Glushchenko,Creative Commons Attribution-NonCommercial-ShareAlike 4.0,4.0,08:00,https://www.xeno-canto.org/304103,spodov/XC304103.ogg
spodov,[],['song'],19.3705,97.3556,Streptopelia chinensis,Spotted Dove,Albert Lastukhin,Creative Commons Attribution-NonCommercial-ShareAlike 4.0,4.0,09:00,https://www.xeno-canto.org/304725,spodov/XC304725.ogg
spodov,[],['call'],9.2492,76.6392,Streptopelia chinensis,Spotted Dove,HARI MAVELIKARA,Creative Commons Attribution-NonCommercial-ShareAlike 4.0,3.5,10:00,https://www.xeno-canto.org/312465,spodov/XC312465.ogg
spodov,[],['Song'],-8.7234,115.1703,Streptopelia chinensis,Spotted Dove,Allen T. Chartier,Creative Commons Attribution-NonCommercial-ShareAlike 3.0,3.0,?,https://www.xeno-canto.org/31443,spodov/XC31443.ogg
spodov,[],['Song'],-8.7234,115.1703,Streptopelia chinensis,Spotted Dove,Allen T. Chartier,Creative Commons Attribution-NonCommercial-ShareAlike 3.0,3.0,?,https://www.xeno-canto.org/31444,spodov/XC31444.ogg
spodov,[],['song'],24.1174,91.6324,Streptopelia chinensis,Spotted Dove,az dipu,Creative Commons Attribution-NonCommercial-ShareAlike 4.0,1.5,10:30,https://www.xeno-canto.org/323673,spodov/XC323673.ogg
spodov,[],['call'],10.1807,76.5626,Streptopelia chinensis,Spotted Dove,Dilip KG,Creative Commons Attribution-NonCommercial-ShareAlike 4.0,4.0,08:00,https://www.xeno-canto.org/335665,spodov/XC335665.ogg
spodov,[],['song'],13.4608,120.9375,Streptopelia chinensis,Spotted Dove,Albert Lastukhin & Yuri Glushchenko,Creative Commons Attribution-NonCommercial-ShareAlike 4.0,3.0,07:00,https://www.xeno-canto.org/345159,spodov/XC345159.ogg
spodov,['compea'],['call'],6.2975,81.2938,Streptopelia chinensis,Spotted Dove,Jim Holmes,Creative Commons Attribution-NonCommercial-ShareAlike 4.0,4.5,06:30,https://www.xeno-canto.org/346126,spodov/XC346126.ogg
spodov,[],['song'],18.6604,98.6934,Streptopelia chinensis,Spotted Dove,Albert Lastukhin,Creative Commons Attribution-NonCommercial-ShareAlike 4.0,3.0,06:30,https://www.xeno-canto.org/347681,spodov/XC347681.ogg
spodov,['houspa'],['song'],-36.7546,175.5043,Streptopelia chinensis,Spotted Dove,Tony Fulford,Creative Commons Attribution-NonCommercial-ShareAlike 4.0,3.5,17:30,https://www.xeno-canto.org/348751,spodov/XC348751.ogg
spodov,[],"['call', 'song']",-27.0249,153.1398,Streptopelia chinensis,Spotted Dove,Greg McLachlan,Creative Commons Attribution-NonCommercial-ShareAlike 4.0,4.5,06:30,https://www.xeno-canto.org/352026,spodov/XC352026.ogg
spodov,[],"['call', 'song']",12.8969,100.8777,Streptopelia chinensis,Spotted Dove,Bernard BOUSQUET,Creative Commons Attribution-NonCommercial-ShareAlike 4.0,3.5,17:00,https://www.xeno-canto.org/359362,spodov/XC359362.ogg
spodov,[],['song'],12.8969,100.8777,Streptopelia chinensis,Spotted Dove,Bernard BOUSQUET,Creative Commons Attribution-NonCommercial-ShareAlike 4.0,3.5,17:00,https://www.xeno-canto.org/359363,spodov/XC359363.ogg
spodov,[],['song'],19.2154,99.01,Streptopelia chinensis,Spotted Dove,Eric DeFonso,Creative Commons Attribution-NonCommercial-ShareAlike 4.0,4.0,13:22,https://www.xeno-canto.org/364383,spodov/XC364383.ogg
spodov,[],['song'],-8.5096,115.2509,Streptopelia chinensis,Spotted Dove,Eric DeFonso,Creative Commons Attribution-NonCommercial-ShareAlike 4.0,5.0,06:30,https://www.xeno-canto.org/365451,spodov/XC365451.ogg
spodov,[],['song'],27.374511,91.878319,Streptopelia chinensis,Spotted Dove,David Farrow,Creative Commons Attribution-NonCommercial-ShareAlike 3.0,4.0,?:?,https://www.xeno-canto.org/37600,spodov/XC37600.ogg
spodov,[],['song'],37.5648,112.0798,Streptopelia chinensis,Spotted Dove,Guy Kirwan,Creative Commons Attribution-NonCommercial-ShareAlike 4.0,3.5,11:00,https://www.xeno-canto.org/380593,spodov/XC380593.ogg
spodov,[],['call'],18.3479,99.4872,Streptopelia chinensis,Spotted Dove,Somkiat Pakapinyo (Chai),Creative Commons Attribution-NonCommercial-ShareAlike 4.0,4.0,11:00,https://www.xeno-canto.org/381365,spodov/XC381365.ogg
spodov,[],['song'],18.3479,99.4872,Streptopelia chinensis,Spotted Dove,Somkiat Pakapinyo (Chai),Creative Commons Attribution-NonCommercial-ShareAlike 4.0,4.0,11:00,https://www.xeno-canto.org/381366,spodov/XC381366.ogg
spodov,[],"['duet', 'song']",13.8549,100.4735,Streptopelia chinensis,Spotted Dove,Werzik,Creative Commons Attribution-NonCommercial-ShareAlike 4.0,2.5,9:00,https://www.xeno-canto.org/396741,spodov/XC396741.ogg
spodov,[],['song'],14.4387,101.372,Streptopelia chinensis,Spotted Dove,Diego Caiafa,Creative Commons Attribution-NonCommercial-ShareAlike 4.0,3.0,16:00,https://www.xeno-canto.org/398668,spodov/XC398668.ogg
spodov,[],['song'],15.5552,73.8863,Streptopelia chinensis,Spotted Dove,Antonio Xeira,Creative Commons Attribution-NonCommercial-ShareAlike 4.0,3.0,10:30,https://www.xeno-canto.org/400389,spodov/XC400389.ogg
spodov,[],['song'],1.313095,103.813677,Streptopelia chinensis,Spotted Dove,Patrik Åberg,Creative Commons Attribution-NonCommercial-ShareAlike 3.0,3.5,?,https://www.xeno-canto.org/40042,spodov/XC40042.ogg
spodov,[],['song'],15.5552,73.8863,Streptopelia chinensis,Spotted Dove,Antonio Xeira,Creative Commons Attribution-NonCommercial-ShareAlike 4.0,3.5,11:00,https://www.xeno-canto.org/401213,spodov/XC401213.ogg
spodov,[],"['call', 'song']",1.5249,110.3123,Streptopelia chinensis,Spotted Dove,Hobart WQH,Creative Commons Attribution-NonCommercial-ShareAlike 4.0,5.0,09:37,https://www.xeno-canto.org/433840,spodov/XC433840.ogg
spodov,[],"['call', 'song']",1.5249,110.3123,Streptopelia chinensis,Spotted Dove,Hobart WQH,Creative Commons Attribution-NonCommercial-ShareAlike 4.0,4.5,09:37,https://www.xeno-canto.org/433841,spodov/XC433841.ogg
spodov,[],"['female', 'song']",13.8116,100.5564,Streptopelia chinensis,Spotted Dove,Greg Irving,Creative Commons Attribution-NonCommercial-ShareAlike 4.0,4.0,10:30,https://www.xeno-canto.org/434919,spodov/XC434919.ogg
spodov,[],['song'],1.5249,110.3123,Streptopelia chinensis,Spotted Dove,Hobart WQH,Creative Commons Attribution-NonCommercial-ShareAlike 4.0,5.0,09:37,https://www.xeno-canto.org/441821,spodov/XC441821.ogg
spodov,[],['song'],1.5249,110.3123,Streptopelia chinensis,Spotted Dove,Hobart WQH,Creative Commons Attribution-NonCommercial-ShareAlike 4.0,5.0,09:37,https://www.xeno-canto.org/441823,spodov/XC441823.ogg
spodov,[],['song'],1.5249,110.3123,Streptopelia chinensis,Spotted Dove,Hobart WQH,Creative Commons Attribution-NonCommercial-ShareAlike 4.0,1.5,14:37,https://www.xeno-canto.org/443310,spodov/XC443310.ogg
spodov,[],['song'],1.5249,110.3123,Streptopelia chinensis,Spotted Dove,Hobart WQH,Creative Commons Attribution-NonCommercial-ShareAlike 4.0,1.5,14:37,https://www.xeno-canto.org/443311,spodov/XC443311.ogg
spodov,[],['song'],1.5249,110.3123,Streptopelia chinensis,Spotted Dove,Hobart WQH,Creative Commons Attribution-NonCommercial-ShareAlike 4.0,2.5,14:37,https://www.xeno-canto.org/443312,spodov/XC443312.ogg
spodov,[],['song'],20.8282,110.23,Streptopelia chinensis,Spotted Dove,Lars Lachmann,Creative Commons Attribution-NonCommercial-ShareAlike 4.0,3.0,14:00,https://www.xeno-canto.org/446608,spodov/XC446608.ogg
spodov,[],['song'],18.6688,98.6394,Streptopelia chinensis,Spotted Dove,Albert Lastukhin,Creative Commons Attribution-NonCommercial-ShareAlike 4.0,4.0,11:00,https://www.xeno-canto.org/447267,spodov/XC447267.ogg
spodov,[],['call'],12.9912,80.2363,Streptopelia chinensis,Spotted Dove,Vivek Puliyeri,Creative Commons Attribution-NonCommercial-ShareAlike 4.0,4.0,07:10,https://www.xeno-canto.org/459292,spodov/XC459292.ogg
spodov,['houspa'],['song'],-20.4338,57.4578,Streptopelia chinensis,Spotted Dove,Cedric Mroczko,Creative Commons Attribution-NonCommercial-ShareAlike 4.0,3.5,09:30,https://www.xeno-canto.org/463317,spodov/XC463317.ogg
spodov,[],['song'],18.2759,102.1759,Streptopelia chinensis,Spotted Dove,Andres Angulo ,Creative Commons Attribution-NonCommercial-ShareAlike 4.0,0.0,07:30,https://www.xeno-canto.org/464795,spodov/XC464795.ogg
spodov,['zebdov'],['song'],-20.4322,57.4566,Streptopelia chinensis,Spotted Dove,Cedric Mroczko,Creative Commons Attribution-NonCommercial-ShareAlike 4.0,3.5,17:20,https://www.xeno-canto.org/469220,spodov/XC469220.ogg
spodov,[],['song'],-1.7124,103.4003,Streptopelia chinensis,Spotted Dove,Kevin Darras,Creative Commons Attribution-NonCommercial-ShareAlike 4.0,1.5,08:00,https://www.xeno-canto.org/477307,spodov/XC477307.ogg
spodov,[],['song'],-1.7124,103.4003,Streptopelia chinensis,Spotted Dove,Kevin Darras,Creative Commons Attribution-NonCommercial-ShareAlike 4.0,2.0,08:30,https://www.xeno-canto.org/477310,spodov/XC477310.ogg
spodov,['rorpar'],"['call', 'song']",30.2805,77.9608,Streptopelia chinensis,Spotted Dove,Sreekumar Chirukandoth,Creative Commons Attribution-NonCommercial-ShareAlike 4.0,4.5,06:30,https://www.xeno-canto.org/484952,spodov/XC484952.ogg
spodov,['rorpar'],"['call', 'song']",30.2805,77.9608,Streptopelia chinensis,Spotted Dove,Sreekumar Chirukandoth,Creative Commons Attribution-NonCommercial-ShareAlike 4.0,4.5,06:30,https://www.xeno-canto.org/484953,spodov/XC484953.ogg
spodov,[],['song'],4.382,102.3999,Streptopelia chinensis,Spotted Dove,Beatrix Saadi-Varchmin,Creative Commons Attribution-NonCommercial-ShareAlike 4.0,4.0,07:20,https://www.xeno-canto.org/491970,spodov/XC491970.ogg
spodov,[],['call'],12.0544,75.1908,Streptopelia chinensis,Spotted Dove,Manoj Karingamadathil,Creative Commons Attribution-ShareAlike 4.0,5.0,08:30,https://www.xeno-canto.org/495643,spodov/XC495643.ogg
spodov,[],['call'],-20.9466,117.0578,Streptopelia chinensis,Spotted Dove,Peter Russell,Creative Commons Attribution-ShareAlike 4.0,3.0,07:00,https://www.xeno-canto.org/497557,spodov/XC497557.ogg
spodov,[],['song'],8.8445,98.2729,Streptopelia chinensis,Spotted Dove,Stephan Risch,Creative Commons Attribution-NonCommercial-ShareAlike 4.0,0.0,12:03,https://www.xeno-canto.org/504443,spodov/XC504443.ogg
spodov,[],['song'],21.1214,94.8581,Streptopelia chinensis,Spotted Dove,Greg Irving,Creative Commons Attribution-NonCommercial-ShareAlike 4.0,4.0,09:46,https://www.xeno-canto.org/510573,spodov/XC510573.ogg
spodov,[],['song'],21.1214,94.8581,Streptopelia chinensis,Spotted Dove,Greg Irving,Creative Commons Attribution-NonCommercial-ShareAlike 4.0,3.0,10:31,https://www.xeno-canto.org/510575,spodov/XC510575.ogg
spodov,[],"['adult', 'call']",-27.3659,153.0125,Streptopelia chinensis,Spotted Dove,James Lambert,Creative Commons Attribution-NonCommercial-ShareAlike 4.0,3.5,05:55,https://www.xeno-canto.org/518845,spodov/XC518845.ogg
spodov,[],['song'],13.9667,104.8833,Streptopelia chinensis,Spotted Dove,Oscar Campbell,Creative Commons Attribution-NonCommercial-ShareAlike 4.0,4.5,07:30,https://www.xeno-canto.org/519900,spodov/XC519900.ogg
spodov,[],"['adult', 'call']",-27.3659,153.0125,Streptopelia chinensis,Spotted Dove,James Lambert,Creative Commons Attribution-NonCommercial-ShareAlike 4.0,2.5,05:44,https://www.xeno-canto.org/521272,spodov/XC521272.ogg
spodov,[],"['call', 'life stage uncertain', 'sex uncertain']",3.1684,101.7731,Streptopelia chinensis,Spotted Dove,Attan Akmar,Creative Commons Attribution-NonCommercial-ShareAlike 4.0,2.0,07:30,https://www.xeno-canto.org/539818,spodov/XC539818.ogg
spodov,[],"['call', 'life stage uncertain', 'sex uncertain']",3.1674,101.7726,Streptopelia chinensis,Spotted Dove,Attan Akmar,Creative Commons Attribution-NonCommercial-ShareAlike 4.0,3.0,12:30,https://www.xeno-canto.org/539820,spodov/XC539820.ogg
spodov,[],"['adult', 'sex uncertain', 'song']",26.1878,91.6916,Streptopelia chinensis,Spotted Dove,Jayakrishnan U,Creative Commons Attribution-NonCommercial-ShareAlike 4.0,3.0,13:30,https://www.xeno-canto.org/545211,spodov/XC545211.ogg
spodov,[],['song'],18.023,102.4515,Streptopelia chinensis,Spotted Dove,Bram Piot,Creative Commons Attribution-NonCommercial-ShareAlike 4.0,3.5,07:20,https://www.xeno-canto.org/565937,spodov/XC565937.ogg
spodov,[],['song'],5.462,100.19,Streptopelia chinensis,Spotted Dove,Romuald Mikusek,Creative Commons Attribution-NonCommercial-ShareAlike 4.0,4.0,09:30,https://www.xeno-canto.org/566000,spodov/XC566000.ogg
spodov,['spodov'],"['adult', 'sex uncertain', 'song']",25.0345,121.5429,Streptopelia chinensis,Spotted Dove,An Chou,Creative Commons Attribution-NonCommercial-ShareAlike 4.0,2.5,17:25,https://www.xeno-canto.org/592454,spodov/XC592454.ogg
spodov,[],['song'],23.8314,120.7932,Streptopelia chinensis,Spotted Dove,Sunny Tseng,Creative Commons Attribution-NonCommercial-ShareAlike 4.0,4.0,07:30,https://www.xeno-canto.org/605124,spodov/XC605124.ogg
spodov,[],['call'],14.3819,101.8782,Streptopelia chinensis,Spotted Dove,Greg Irving,Creative Commons Attribution-NonCommercial-ShareAlike 4.0,3.5,06:00,https://www.xeno-canto.org/607186,spodov/XC607186.ogg
spodov,[],"['adult', 'sex uncertain', 'song']",-6.561,106.7594,Streptopelia chinensis,Spotted Dove,Hanom Bashari,Creative Commons Attribution-NonCommercial-ShareAlike 4.0,4.0,07:00,https://www.xeno-canto.org/610173,spodov/XC610173.ogg
spodov,[],"['adult', 'call', 'sex uncertain']",23.8152,90.3495,Streptopelia chinensis,Spotted Dove,Samiul Mohsanin,Creative Commons Attribution-NonCommercial-ShareAlike 4.0,5.0,10:00,https://www.xeno-canto.org/612056,spodov/XC612056.ogg
spodov,[],"['adult', 'sex uncertain', 'song']",23.828,120.8018,Streptopelia chinensis,Spotted Dove,Jerome Chie-Jen Ko,Creative Commons Attribution-NonCommercial-ShareAlike 4.0,2.5,11:33,https://www.xeno-canto.org/616498,spodov/XC616498.ogg
spodov,[],['flight call'],6.3897,80.5014,Streptopelia chinensis,Spotted Dove,Phil Gregory,Creative Commons Attribution-NonCommercial-ShareAlike 4.0,3.0,14:30,https://www.xeno-canto.org/618871,spodov/XC618871.ogg
spodov,[],['song'],22.7512,120.339,Streptopelia chinensis,Spotted Dove,Jerome Chie-Jen Ko,Creative Commons Attribution-NonCommercial-ShareAlike 4.0,3.5,15:30,https://www.xeno-canto.org/627819,spodov/XC627819.ogg
spodov,['commyn'],"['adult', 'dawn song', 'sex uncertain']",-37.7449,144.9906,Streptopelia chinensis,Spotted Dove,Christopher Watson,Creative Commons Attribution-NonCommercial-ShareAlike 4.0,2.5,05:50,https://www.xeno-canto.org/642949,spodov/XC642949.ogg
spodov,[],['uncertain'],39.9795,116.4807,Streptopelia chinensis,Spotted Dove,Common Jeff,Creative Commons Attribution-NonCommercial-ShareAlike 4.0,4.0,05:00,https://www.xeno-canto.org/665274,spodov/XC665274.ogg
spodov,['rorpar'],['song'],21.179,70.5865,Streptopelia chinensis,Spotted Dove,Jelle Scharringa,Creative Commons Attribution-NonCommercial-ShareAlike 4.0,3.5,16:30,https://www.xeno-canto.org/665481,spodov/XC665481.ogg
spodov,['rorpar'],['song'],7.2962,80.6421,Streptopelia chinensis,Spotted Dove,Jelle Scharringa,Creative Commons Attribution-NonCommercial-ShareAlike 4.0,3.5,17:15,https://www.xeno-canto.org/666579,spodov/XC666579.ogg
spodov,[],['song'],29.411,79.125,Streptopelia chinensis,Spotted Dove,Mike Nelson,Creative Commons Attribution-NonCommercial-ShareAlike 3.0,3.5,2:00pm,https://www.xeno-canto.org/74457,spodov/XC74457.ogg
spodov,[],['song'],29.411,79.125,Streptopelia chinensis,Spotted Dove,Mike Nelson,Creative Commons Attribution-NonCommercial-ShareAlike 3.0,2.5,2:00pm,https://www.xeno-canto.org/74458,spodov/XC74458.ogg
sposan,[],['call'],36.067,-83.231,Actitis macularius,Spotted Sandpiper,Mike Nelson,Creative Commons Attribution-NonCommercial-ShareAlike 3.0,3.5,11:30,https://www.xeno-canto.org/109327,sposan/XC109327.ogg
sposan,[],['song'],36.067,-83.231,Actitis macularius,Spotted Sandpiper,Mike Nelson,Creative Commons Attribution-NonCommercial-ShareAlike 3.0,4.0,11:30,https://www.xeno-canto.org/109328,sposan/XC109328.ogg
sposan,[],['flight call'],36.067,-83.231,Actitis macularius,Spotted Sandpiper,Mike Nelson,Creative Commons Attribution-NonCommercial-ShareAlike 3.0,4.0,11:30,https://www.xeno-canto.org/109329,sposan/XC109329.ogg
sposan,[],['call'],30.347,-91.218,Actitis macularius,Spotted Sandpiper,Dan Lane,Creative Commons Attribution-NonCommercial-ShareAlike 3.0,3.5,11:00,https://www.xeno-canto.org/113387,sposan/XC113387.ogg
sposan,[],['alarm call'],40.2263,-75.4174,Actitis macularius,Spotted Sandpiper,Paul Driver,Creative Commons Attribution-NonCommercial-ShareAlike 3.0,4.0,07:00,https://www.xeno-canto.org/139722,sposan/XC139722.ogg
sposan,[],['flight call'],40.2263,-75.4174,Actitis macularius,Spotted Sandpiper,Paul Driver,Creative Commons Attribution-NonCommercial-ShareAlike 3.0,4.0,07:00,https://www.xeno-canto.org/139725,sposan/XC139725.ogg
sposan,[],['juvenile'],40.2263,-75.4174,Actitis macularius,Spotted Sandpiper,Paul Driver,Creative Commons Attribution-NonCommercial-ShareAlike 3.0,4.0,07:00,https://www.xeno-canto.org/139726,sposan/XC139726.ogg
sposan,[],"['call', 'song']",41.1267,-104.697,Actitis macularius,Spotted Sandpiper,GABRIEL LEITE,Creative Commons Attribution-NonCommercial-ShareAlike 3.0,3.0,09:00,https://www.xeno-canto.org/139790,sposan/XC139790.ogg
sposan,[],['call'],56.7264,-111.3803,Actitis macularius,Spotted Sandpiper,Dugan Maynard,Creative Commons Attribution-NonCommercial-ShareAlike 3.0,1.5,04:00,https://www.xeno-canto.org/153616,sposan/XC153616.ogg
sposan,['sora'],['call'],56.7264,-111.3803,Actitis macularius,Spotted Sandpiper,Dugan Maynard,Creative Commons Attribution-NonCommercial-ShareAlike 3.0,2.5,22:00,https://www.xeno-canto.org/153624,sposan/XC153624.ogg
sposan,[],['song'],56.7264,-111.3803,Actitis macularius,Spotted Sandpiper,Dugan Maynard,Creative Commons Attribution-NonCommercial-ShareAlike 3.0,2.5,05:00,https://www.xeno-canto.org/154439,sposan/XC154439.ogg
sposan,[],['song'],56.7264,-111.3803,Actitis macularius,Spotted Sandpiper,Dugan Maynard,Creative Commons Attribution-NonCommercial-ShareAlike 3.0,3.0,05:00,https://www.xeno-canto.org/154789,sposan/XC154789.ogg
sposan,[],['call'],60.1061,-128.7521,Actitis macularius,Spotted Sandpiper,Ian Cruickshank,Creative Commons Attribution-NonCommercial-ShareAlike 3.0,4.0,10:00,https://www.xeno-canto.org/157635,sposan/XC157635.ogg
sposan,[],['alarm call'],62.3487,-152.4497,Actitis macularius,Spotted Sandpiper,Davyd Betchkal,Creative Commons Attribution-NonCommercial-ShareAlike 3.0,4.0,19:12,https://www.xeno-canto.org/157671,sposan/XC157671.ogg
sposan,[],['call'],37.6357,-102.534,Actitis macularius,Spotted Sandpiper,Eric DeFonso,Creative Commons Attribution-NonCommercial-ShareAlike 4.0,3.0,19:20,https://www.xeno-canto.org/172624,sposan/XC172624.ogg
sposan,[],['call'],48.4753,-123.4024,Actitis macularius,Spotted Sandpiper,Ian Cruickshank,Creative Commons Attribution-NonCommercial-ShareAlike 4.0,4.0,07:00,https://www.xeno-canto.org/183591,sposan/XC183591.ogg
sposan,[],['song'],48.4753,-123.4024,Actitis macularius,Spotted Sandpiper,Ian Cruickshank,Creative Commons Attribution-NonCommercial-ShareAlike 4.0,5.0,06:00,https://www.xeno-canto.org/183594,sposan/XC183594.ogg
sposan,[],"['call', 'song']",48.4753,-123.4024,Actitis macularius,Spotted Sandpiper,Ian Cruickshank,Creative Commons Attribution-NonCommercial-ShareAlike 4.0,4.0,06:00,https://www.xeno-canto.org/183595,sposan/XC183595.ogg
sposan,[],"['call', 'pink call']",55.5267,-120.0314,Actitis macularius,Spotted Sandpiper,Richard E. Webster,Creative Commons Attribution-NonCommercial-ShareAlike 4.0,3.5,05:27,https://www.xeno-canto.org/188442,sposan/XC188442.ogg
sposan,[],"['call', 'ringing call series']",55.5267,-120.0314,Actitis macularius,Spotted Sandpiper,Richard E. Webster,Creative Commons Attribution-NonCommercial-ShareAlike 4.0,3.5,05:30,https://www.xeno-canto.org/188443,sposan/XC188443.ogg
sposan,[],"['alarm call', 'flight call']",47.677,-70.8267,Actitis macularius,Spotted Sandpiper,Martin St-Michel,Creative Commons Attribution-NonCommercial-ShareAlike 4.0,5.0,09:57,https://www.xeno-canto.org/193409,sposan/XC193409.ogg
sposan,[],['song'],43.6465,-79.4637,Actitis macularius,Spotted Sandpiper,Diego Caiafa,Creative Commons Attribution-NonCommercial-ShareAlike 4.0,2.0,?,https://www.xeno-canto.org/195060,sposan/XC195060.ogg
sposan,[],['flight call'],52.7608,5.1204,Actitis macularius,Spotted Sandpiper,Johannes Fischer,Creative Commons Attribution-NonCommercial-ShareAlike 4.0,2.0,10:00,https://www.xeno-canto.org/211173,sposan/XC211173.ogg
sposan,[],['call'],56.7264,-111.3803,Actitis macularius,Spotted Sandpiper,Luis A Villamil,Creative Commons Attribution-NonCommercial-ShareAlike 4.0,3.0,22:00,https://www.xeno-canto.org/213494,sposan/XC213494.ogg
sposan,[],['flight call'],42.4659,-71.6395,Actitis macularius,Spotted Sandpiper,Paul Marvin,Creative Commons Attribution-NonCommercial-ShareAlike 4.0,4.0,14:48,https://www.xeno-canto.org/232636,sposan/XC232636.ogg
sposan,[],"['call', 'song']",48.4103,-115.3066,Actitis macularius,Spotted Sandpiper,Paul Marvin,Creative Commons Attribution-NonCommercial-ShareAlike 4.0,3.5,06:19,https://www.xeno-canto.org/232637,sposan/XC232637.ogg
sposan,[],['song'],48.4103,-115.3066,Actitis macularius,Spotted Sandpiper,Paul Marvin,Creative Commons Attribution-NonCommercial-ShareAlike 4.0,3.5,06:27,https://www.xeno-canto.org/232638,sposan/XC232638.ogg
sposan,[],['call'],28.6781,-80.7717,Actitis macularius,Spotted Sandpiper,Paul Marvin,Creative Commons Attribution-NonCommercial-ShareAlike 4.0,3.0,10:52,https://www.xeno-canto.org/232639,sposan/XC232639.ogg
sposan,[],['call'],44.0863,-73.3446,Actitis macularius,Spotted Sandpiper,Paul Marvin,Creative Commons Attribution-NonCommercial-ShareAlike 4.0,4.0,14:49,https://www.xeno-canto.org/232640,sposan/XC232640.ogg
sposan,[],['song'],43.3421,-72.5063,Actitis macularius,Spotted Sandpiper,Paul Marvin,Creative Commons Attribution-NonCommercial-ShareAlike 4.0,3.5,09:29,https://www.xeno-canto.org/232641,sposan/XC232641.ogg
sposan,[],['flight call'],39.8599,-75.7255,Actitis macularius,Spotted Sandpiper,Kelley Nunn,Creative Commons Attribution-NonCommercial-ShareAlike 4.0,4.0,22:00,https://www.xeno-canto.org/245659,sposan/XC245659.ogg
sposan,[],['alarm call'],40.2984,-124.3537,Actitis macularius,Spotted Sandpiper,Elias Aristides Elias,Creative Commons Attribution-NonCommercial-ShareAlike 4.0,5.0,10:01,https://www.xeno-canto.org/255373,sposan/XC255373.ogg
sposan,[],['flight call'],-4.467,-80.4,Actitis macularius,Spotted Sandpiper,John V. Moore,Creative Commons Attribution-NonCommercial-ShareAlike 4.0,5.0,?,https://www.xeno-canto.org/257516,sposan/XC257516.ogg
sposan,[],['call'],-2.427,-79.605,Actitis macularius,Spotted Sandpiper,John V. Moore,Creative Commons Attribution-NonCommercial-ShareAlike 4.0,5.0,?,https://www.xeno-canto.org/257517,sposan/XC257517.ogg
sposan,[],['take-off and flight calls'],-2.247,-80.941,Actitis macularius,Spotted Sandpiper,John V. Moore,Creative Commons Attribution-NonCommercial-ShareAlike 4.0,5.0,?,https://www.xeno-canto.org/257518,sposan/XC257518.ogg
sposan,[],"['flight calls', 'calls from ground']",-2.247,-80.941,Actitis macularius,Spotted Sandpiper,John V. Moore,Creative Commons Attribution-NonCommercial-ShareAlike 4.0,5.0,?,https://www.xeno-canto.org/257519,sposan/XC257519.ogg
sposan,[],['calls'],-2.247,-80.941,Actitis macularius,Spotted Sandpiper,John V. Moore,Creative Commons Attribution-NonCommercial-ShareAlike 4.0,4.5,?,https://www.xeno-canto.org/257520,sposan/XC257520.ogg
sposan,[],['flight call'],18.0024,-94.5653,Actitis macularius,Spotted Sandpiper,Manuel Grosselet,Creative Commons Attribution-NonCommercial-ShareAlike 4.0,4.0,07:00,https://www.xeno-canto.org/264262,sposan/XC264262.ogg
sposan,[],"['alarm call', 'call', 'female', 'juvenile']",42.6328,-118.5873,Actitis macularius,Spotted Sandpiper,Bobby Wilcox,Creative Commons Attribution-NonCommercial-ShareAlike 4.0,3.0,15:30,https://www.xeno-canto.org/270544,sposan/XC270544.ogg
sposan,[],['alarm call'],12.9679,-87.4702,Actitis macularius,Spotted Sandpiper,Orlando Jarquín G.,Creative Commons Attribution-NonCommercial-ShareAlike 4.0,3.5,11:30,https://www.xeno-canto.org/278362,sposan/XC278362.ogg
sposan,[],['flight call'],12.9679,-87.4702,Actitis macularius,Spotted Sandpiper,Orlando Jarquín G.,Creative Commons Attribution-NonCommercial-ShareAlike 4.0,3.0,11:30,https://www.xeno-canto.org/278363,sposan/XC278363.ogg
sposan,[],['flight call'],0.213,-78.214,Actitis macularius,Spotted Sandpiper,Patricio Mena Valenzuela,Creative Commons Attribution-NonCommercial-ShareAlike 4.0,2.5,09:45,https://www.xeno-canto.org/287590,sposan/XC287590.ogg
sposan,[],['flight call'],-4.3585,-80.2736,Actitis macularius,Spotted Sandpiper,Leonardo Ordóñez-Delgado,Creative Commons Attribution-NonCommercial-ShareAlike 4.0,3.0,07:00,https://www.xeno-canto.org/306695,sposan/XC306695.ogg
sposan,[],['alarm call'],20.5801,-103.3258,Actitis macularius,Spotted Sandpiper,Jesper Bay Jacobsen,Creative Commons Attribution-NonCommercial-ShareAlike 4.0,4.0,10:30,https://www.xeno-canto.org/308827,sposan/XC308827.ogg
sposan,['norcar'],['Anxiety calls of adult near nest'],42.8314,-82.8598,Actitis macularius,Spotted Sandpiper,Allen T. Chartier,Creative Commons Attribution-NonCommercial-ShareAlike 3.0,3.5,?,https://www.xeno-canto.org/31322,sposan/XC31322.ogg
sposan,[],['Alarm cal when taking flight'],42.8314,-82.8598,Actitis macularius,Spotted Sandpiper,Allen T. Chartier,Creative Commons Attribution-NonCommercial-ShareAlike 3.0,3.5,?,https://www.xeno-canto.org/31323,sposan/XC31323.ogg
sposan,[],['flight call'],9.3715,-75.9857,Actitis macularius,Spotted Sandpiper,Nick Komar,Creative Commons Attribution-NonCommercial-ShareAlike 4.0,3.0,10:00,https://www.xeno-canto.org/318584,sposan/XC318584.ogg
sposan,[],"['call', 'flight call']",44.9046,-86.0262,Actitis macularius,Spotted Sandpiper,Antonio Xeira,Creative Commons Attribution-NonCommercial-ShareAlike 4.0,4.0,12:00,https://www.xeno-canto.org/319718,sposan/XC319718.ogg
sposan,[],"['call', 'song']",40.6073,-105.1016,Actitis macularius,Spotted Sandpiper,Nick Komar,Creative Commons Attribution-NonCommercial-ShareAlike 4.0,2.5,06:15,https://www.xeno-canto.org/321384,sposan/XC321384.ogg
sposan,[],['call'],32.084,-109.051,Actitis macularius,Spotted Sandpiper,Richard E. Webster,Creative Commons Attribution-NonCommercial-ShareAlike 4.0,3.5,09:38,https://www.xeno-canto.org/322582,sposan/XC322582.ogg
sposan,"['moudov', 'normoc']",['call'],32.084,-109.051,Actitis macularius,Spotted Sandpiper,Richard E. Webster,Creative Commons Attribution-NonCommercial-ShareAlike 4.0,3.5,07:34,https://www.xeno-canto.org/322583,sposan/XC322583.ogg
sposan,[],['call'],40.4586,-105.0421,Actitis macularius,Spotted Sandpiper,Nick Komar,Creative Commons Attribution-NonCommercial-ShareAlike 4.0,3.0,16:00,https://www.xeno-canto.org/323225,sposan/XC323225.ogg
sposan,[],['call'],50.9619,-118.1997,Actitis macularius,Spotted Sandpiper,James Bradley,Creative Commons Attribution-NonCommercial-ShareAlike 4.0,3.0,08:30,https://www.xeno-canto.org/325948,sposan/XC325948.ogg
sposan,[],['call'],50.9619,-118.1997,Actitis macularius,Spotted Sandpiper,James Bradley,Creative Commons Attribution-NonCommercial-ShareAlike 4.0,4.0,08:30,https://www.xeno-canto.org/325949,sposan/XC325949.ogg
sposan,[],"['alarm call', 'female']",50.9619,-118.1997,Actitis macularius,Spotted Sandpiper,James Bradley,Creative Commons Attribution-NonCommercial-ShareAlike 4.0,4.0,08:30,https://www.xeno-canto.org/325950,sposan/XC325950.ogg
sposan,[],"['call', 'flight call']",40.414,-103.3855,Actitis macularius,Spotted Sandpiper,Nick Komar,Creative Commons Attribution-NonCommercial-ShareAlike 4.0,3.0,16:15,https://www.xeno-canto.org/330062,sposan/XC330062.ogg
sposan,[],"['begging call', 'flight call']",40.414,-103.3855,Actitis macularius,Spotted Sandpiper,Sue Riffe,Creative Commons Attribution-NonCommercial-ShareAlike 4.0,1.5,16:05,https://www.xeno-canto.org/332150,sposan/XC332150.ogg
sposan,[],"['alarm call', 'call']",38.4422,-119.0056,Actitis macularius,Spotted Sandpiper,Bobby Wilcox,Creative Commons Attribution-NonCommercial-ShareAlike 4.0,4.0,08:00,https://www.xeno-canto.org/333584,sposan/XC333584.ogg
sposan,[],['flight call'],28.6328,-80.7717,Actitis macularius,Spotted Sandpiper,Paul Marvin,Creative Commons Attribution-NonCommercial-ShareAlike 4.0,5.0,12:01,https://www.xeno-canto.org/334369,sposan/XC334369.ogg
sposan,['rudtur'],['call'],9.8799,-85.5309,Actitis macularius,Spotted Sandpiper,Albert Lastukhin,Creative Commons Attribution-NonCommercial-ShareAlike 4.0,3.5,05:30,https://www.xeno-canto.org/371207,sposan/XC371207.ogg
sposan,[],['call'],32.957,-112.8974,Actitis macularius,Spotted Sandpiper,Janine McCabe,Creative Commons Attribution-NonCommercial-ShareAlike 4.0,2.0,15:00,https://www.xeno-canto.org/389435,sposan/XC389435.ogg
sposan,[],['flight call'],46.154,-72.7455,Actitis macularius,Spotted Sandpiper,Martin St-Michel,Creative Commons Attribution-NonCommercial-ShareAlike 4.0,5.0,06:24,https://www.xeno-canto.org/389976,sposan/XC389976.ogg
sposan,[],['call'],44.2486,-83.4583,Actitis macularius,Spotted Sandpiper,Antonio Xeira,Creative Commons Attribution-NonCommercial-ShareAlike 4.0,3.0,06:00,https://www.xeno-canto.org/391149,sposan/XC391149.ogg
sposan,[],['call'],44.2486,-83.4583,Actitis macularius,Spotted Sandpiper,Antonio Xeira,Creative Commons Attribution-NonCommercial-ShareAlike 4.0,5.0,20:30,https://www.xeno-canto.org/391160,sposan/XC391160.ogg
sposan,[],['call'],-3.8141,-46.8045,Actitis macularius,Spotted Sandpiper,GABRIEL LEITE,Creative Commons Attribution-NonCommercial-ShareAlike 4.0,3.0,17:00,https://www.xeno-canto.org/395724,sposan/XC395724.ogg
sposan,[],['song'],56.7264,-111.3803,Actitis macularius,Spotted Sandpiper,Luis A Villamil,Creative Commons Attribution-NonCommercial-ShareAlike 4.0,0.0,23:30,https://www.xeno-canto.org/399609,sposan/XC399609.ogg
sposan,[],['flight call'],39.4733,-77.4345,Actitis macularius,Spotted Sandpiper,Andy Wilson,Creative Commons Attribution-NonCommercial-ShareAlike 4.0,2.0,21:00,https://www.xeno-canto.org/413804,sposan/XC413804.ogg
sposan,[],['song'],-8.5052,-35.0212,Actitis macularius,Spotted Sandpiper,JAYRSON ARAUJO DE OLIVEIRA,Creative Commons Attribution-NonCommercial-ShareAlike 4.0,5.0,11:27,https://www.xeno-canto.org/415533,sposan/XC415533.ogg
sposan,[],"['alarm call', 'call']",39.5268,-119.6088,Actitis macularius,Spotted Sandpiper,Bobby Wilcox,Creative Commons Attribution-NonCommercial-ShareAlike 4.0,4.0,08:00,https://www.xeno-canto.org/422425,sposan/XC422425.ogg
sposan,[],['song'],9.0163,-81.715,Actitis macularius,Spotted Sandpiper,Kent Livezey,Creative Commons Attribution-NonCommercial-ShareAlike 4.0,4.0,07:24,https://www.xeno-canto.org/437171,sposan/XC437171.ogg
sposan,[],['flight call'],-4.2889,-70.2948,Actitis macularius,Spotted Sandpiper,Jerome Fischer,Creative Commons Attribution-NonCommercial-ShareAlike 4.0,4.0,17:00,https://www.xeno-canto.org/437339,sposan/XC437339.ogg
sposan,[],"['alarm call', 'call', 'song']",39.1669,-120.2393,Actitis macularius,Spotted Sandpiper,Ed Pandolfino,Creative Commons Attribution-NonCommercial-ShareAlike 4.0,4.0,17:35,https://www.xeno-canto.org/444487,sposan/XC444487.ogg
sposan,[],"['flight call', 'song']",-14.625,-49.0051,Actitis macularius,Spotted Sandpiper,JAYRSON ARAUJO DE OLIVEIRA,Creative Commons Attribution-NonCommercial-ShareAlike 4.0,5.0,17:43,https://www.xeno-canto.org/448472,sposan/XC448472.ogg
sposan,['normoc'],['call'],27.7834,-109.8984,Actitis macularius,Spotted Sandpiper,Richard E. Webster,Creative Commons Attribution-NonCommercial-ShareAlike 4.0,3.5,06:11,https://www.xeno-canto.org/448922,sposan/XC448922.ogg
sposan,[],['flight call'],32.6185,-117.1029,Actitis macularius,Spotted Sandpiper,Paul Marvin,Creative Commons Attribution-NonCommercial-ShareAlike 4.0,4.0,08:18,https://www.xeno-canto.org/448942,sposan/XC448942.ogg
sposan,[],['flight call'],4.8313,-52.2973,Actitis macularius,Spotted Sandpiper,Brice de la Croix,Creative Commons Attribution-NonCommercial-ShareAlike 4.0,3.5,08:00,https://www.xeno-canto.org/449458,sposan/XC449458.ogg
sposan,[],"['call', 'flight call']",28.229,-80.813,Actitis macularius,Spotted Sandpiper,Paul Marvin,Creative Commons Attribution-NonCommercial-ShareAlike 4.0,4.0,08:41,https://www.xeno-canto.org/451683,sposan/XC451683.ogg
sposan,[],['flight call'],26.1253,-97.9532,Actitis macularius,Spotted Sandpiper,Paul Marvin,Creative Commons Attribution-NonCommercial-ShareAlike 4.0,5.0,11:06,https://www.xeno-canto.org/452792,sposan/XC452792.ogg
sposan,[],['flight call'],26.5878,-99.1487,Actitis macularius,Spotted Sandpiper,Paul Marvin,Creative Commons Attribution-NonCommercial-ShareAlike 4.0,4.0,10:29,https://www.xeno-canto.org/453000,sposan/XC453000.ogg
sposan,[],['flight call'],26.5878,-99.1487,Actitis macularius,Spotted Sandpiper,Paul Marvin,Creative Commons Attribution-NonCommercial-ShareAlike 4.0,4.0,10:19,https://www.xeno-canto.org/453002,sposan/XC453002.ogg
sposan,[],"['call', 'song']",46.8989,-119.2661,Actitis macularius,Spotted Sandpiper,ebbtidesound,Creative Commons Attribution-NonCommercial-ShareAlike 4.0,3.0,18:00,https://www.xeno-canto.org/455418,sposan/XC455418.ogg
sposan,[],['call'],40.6052,-74.2495,Actitis macularius,Spotted Sandpiper,William Whitehead,Creative Commons Attribution-NonCommercial-ShareAlike 4.0,5.0,07:00,https://www.xeno-canto.org/475681,sposan/XC475681.ogg
sposan,[],['alarm call'],40.6052,-74.2495,Actitis macularius,Spotted Sandpiper,William Whitehead,Creative Commons Attribution-NonCommercial-ShareAlike 4.0,5.0,06:30,https://www.xeno-canto.org/480225,sposan/XC480225.ogg
sposan,[],['nocturnal flight call'],25.7324,-109.0271,Actitis macularius,Spotted Sandpiper,Manuel Grosselet,Creative Commons Attribution-NonCommercial-ShareAlike 4.0,3.0,21:30,https://www.xeno-canto.org/492617,sposan/XC492617.ogg
sposan,[],"['Nocturnal Flight call', 'flight call']",25.6258,-109.0296,Actitis macularius,Spotted Sandpiper,Manuel Grosselet,Creative Commons Attribution-NonCommercial-ShareAlike 4.0,3.0,02:30,https://www.xeno-canto.org/498128,sposan/XC498128.ogg
sposan,[],"['Nocturnal Flight call', 'flight call']",25.6258,-109.0296,Actitis macularius,Spotted Sandpiper,Manuel Grosselet,Creative Commons Attribution-NonCommercial-ShareAlike 4.0,3.0,23:30,https://www.xeno-canto.org/498129,sposan/XC498129.ogg
sposan,[],['song'],-22.193127,-63.94455,Actitis macularius,Spotted Sandpiper,Bernabe Lopez-Lanus,Creative Commons Attribution-NonCommercial-ShareAlike 3.0,2.0,?:?,https://www.xeno-canto.org/51888,sposan/XC51888.ogg
sposan,[],"['alarm call', 'life stage uncertain', 'sex uncertain']",25.6007,-109.0504,Actitis macularius,Spotted Sandpiper,Manuel Grosselet,Creative Commons Attribution-NonCommercial-ShareAlike 4.0,5.0,08:00,https://www.xeno-canto.org/531820,sposan/XC531820.ogg
sposan,[],"['alarm call', 'call', 'flight call', 'sex uncertain']",25.6036,-109.0521,Actitis macularius,Spotted Sandpiper,Isain Contreras Rodríguez,Creative Commons Attribution-NonCommercial-ShareAlike 4.0,5.0,08:00,https://www.xeno-canto.org/531986,sposan/XC531986.ogg
sposan,[],['call'],5.159,-52.6268,Actitis macularius,Spotted Sandpiper,Brice de la Croix,Creative Commons Attribution-NonCommercial-ShareAlike 4.0,4.0,15:30,https://www.xeno-canto.org/538983,sposan/XC538983.ogg
sposan,[],['flight call'],9.0095,-79.4684,Actitis macularius,Spotted Sandpiper,Mike Nelson,Creative Commons Attribution-NonCommercial-ShareAlike 3.0,3.5,11:00am,https://www.xeno-canto.org/54424,sposan/XC54424.ogg
sposan,[],['song'],40.6052,-74.2495,Actitis macularius,Spotted Sandpiper,William Whitehead,Creative Commons Attribution-NonCommercial-ShareAlike 4.0,4.5,07:00,https://www.xeno-canto.org/552113,sposan/XC552113.ogg
sposan,[],['chamado'],-9.99161,-50.01774,Actitis macularius,Spotted Sandpiper,Caio Brito,Creative Commons Attribution-NonCommercial-ShareAlike 4.0,1.5,18:15,https://www.xeno-canto.org/556122,sposan/XC556122.ogg
sposan,[],"['adult', 'male', 'song']",40.4936,-121.4216,Actitis macularius,Spotted Sandpiper,Ron Overholtz,Creative Commons Attribution-NonCommercial-ShareAlike 4.0,0.0,11:00,https://www.xeno-canto.org/559004,sposan/XC559004.ogg
sposan,[],['nocturnal flight call'],44.0918,-123.1373,Actitis macularius,Spotted Sandpiper,Richard Hoyer,Creative Commons Attribution-NonCommercial-ShareAlike 4.0,0.5,04:45,https://www.xeno-canto.org/559833,sposan/XC559833.ogg
sposan,['cangoo'],['call'],42.1806,-82.7903,Actitis macularius,Spotted Sandpiper,Mark Nenadov,Creative Commons Attribution-NonCommercial-ShareAlike 4.0,0.0,5:54,https://www.xeno-canto.org/562777,sposan/XC562777.ogg
sposan,[],"['adult', 'alarm call', 'sex uncertain']",42.4911,-87.8021,Actitis macularius,Spotted Sandpiper,Annette McClellan,Creative Commons Attribution-NonCommercial-ShareAlike 4.0,0.0,06:30,https://www.xeno-canto.org/573903,sposan/XC573903.ogg
sposan,[],"['adult', 'alarm call', 'sex uncertain']",42.4911,-87.8021,Actitis macularius,Spotted Sandpiper,Annette McClellan,Creative Commons Attribution-NonCommercial-ShareAlike 4.0,0.0,06:30,https://www.xeno-canto.org/573904,sposan/XC573904.ogg
sposan,[],"['call', 'flight call', 'song']",36.067,-83.231,Actitis macularius,Spotted Sandpiper,Mike Nelson,Creative Commons Attribution-NonCommercial-ShareAlike 3.0,3.5,12:30pm,https://www.xeno-canto.org/58489,sposan/XC58489.ogg
sposan,[],"['flight call', 'sex uncertain']",19.3551,-99.0467,Actitis macularius,Spotted Sandpiper,Manuel Grosselet,Creative Commons Attribution-NonCommercial-ShareAlike 4.0,4.0,08:00,https://www.xeno-canto.org/587165,sposan/XC587165.ogg
sposan,[],"['alarm call', 'life stage uncertain', 'sex uncertain', 'song']",4.6554,-74.0948,Actitis macularius,Spotted Sandpiper,Erick Nicolás Patiño Acosta,Creative Commons Attribution-NonCommercial-ShareAlike 4.0,4.0,10:49,https://www.xeno-canto.org/597934,sposan/XC597934.ogg
sposan,[],"['alarm call', 'sex uncertain']",19.3128,-99.6982,Actitis macularius,Spotted Sandpiper,Manuel Grosselet,Creative Commons Attribution-NonCommercial-ShareAlike 4.0,3.5,09:30,https://www.xeno-canto.org/598768,sposan/XC598768.ogg
sposan,[],"['call', 'life stage uncertain', 'sex uncertain']",42.7699,-71.5992,Actitis macularius,Spotted Sandpiper,Christopher McPherson,Creative Commons Attribution-NonCommercial-ShareAlike 4.0,4.0,11:30,https://www.xeno-canto.org/599857,sposan/XC599857.ogg
sposan,[],"['adult', 'alarm call', 'call', 'sex uncertain', 'song']",0.448,-80.0467,Actitis macularius,Spotted Sandpiper,Manuel Sanchez-Nivicela,Creative Commons Attribution-NonCommercial-ShareAlike 4.0,4.5,06:30,https://www.xeno-canto.org/601157,sposan/XC601157.ogg
sposan,['moudov'],"['call', 'life stage uncertain', 'sex uncertain']",42.7463,-71.7074,Actitis macularius,Spotted Sandpiper,Christopher McPherson,Creative Commons Attribution-NonCommercial-ShareAlike 4.0,4.5,14:30,https://www.xeno-canto.org/602566,sposan/XC602566.ogg
sposan,[],"['call', 'life stage uncertain', 'sex uncertain']",42.7463,-71.7074,Actitis macularius,Spotted Sandpiper,Christopher McPherson,Creative Commons Attribution-NonCommercial-ShareAlike 4.0,3.5,15:30,https://www.xeno-canto.org/602567,sposan/XC602567.ogg
sposan,[],['call'],52.3479,-123.2914,Actitis macularius,Spotted Sandpiper,Peter Ward and Ken Hall,Creative Commons Attribution-NonCommercial-ShareAlike 4.0,5.0,13:30,https://www.xeno-canto.org/606781,sposan/XC606781.ogg
sposan,[],"['call', 'flight call']",52.3479,-123.2914,Actitis macularius,Spotted Sandpiper,Peter Ward and Ken Hall,Creative Commons Attribution-NonCommercial-ShareAlike 4.0,5.0,12:00,https://www.xeno-canto.org/606782,sposan/XC606782.ogg
sposan,[],['alarm call'],56.3293,-120.9586,Actitis macularius,Spotted Sandpiper,Peter Ward and Ken Hall,Creative Commons Attribution-NonCommercial-ShareAlike 4.0,5.0,17:00,https://www.xeno-canto.org/606783,sposan/XC606783.ogg
sposan,[],['call'],17.1596,-96.7625,Actitis macularius,Spotted Sandpiper,Manuel Grosselet,Creative Commons Attribution-NonCommercial-ShareAlike 4.0,5.0,09:00,https://www.xeno-canto.org/610099,sposan/XC610099.ogg
sposan,[],"['adult', 'interaction calls', 'sex uncertain']",32.084,-109.051,Actitis macularius,Spotted Sandpiper,Richard E. Webster,Creative Commons Attribution-NonCommercial-ShareAlike 4.0,3.5,08:43,https://www.xeno-canto.org/610886,sposan/XC610886.ogg
sposan,[],['alarm call'],15.6704,-96.5779,Actitis macularius,Spotted Sandpiper,Manuel Grosselet,Creative Commons Attribution-NonCommercial-ShareAlike 4.0,5.0,12:00,https://www.xeno-canto.org/613665,sposan/XC613665.ogg
sposan,[],"['adult', 'call', 'sex uncertain']",54.3795,10.1942,Actitis macularius,Spotted Sandpiper,Moritz Röttgen,Creative Commons Attribution-NonCommercial-ShareAlike 4.0,5.0,13:00,https://www.xeno-canto.org/621973,sposan/XC621973.ogg
sposan,[],"['adult', 'call', 'sex uncertain']",54.3795,10.1942,Actitis macularius,Spotted Sandpiper,Moritz Röttgen,Creative Commons Attribution-NonCommercial-ShareAlike 4.0,5.0,13:00,https://www.xeno-canto.org/621974,sposan/XC621974.ogg
sposan,[],"['adult', 'call', 'sex uncertain']",40.0264,-107.1245,Actitis macularius,Spotted Sandpiper,Naturalista,Creative Commons Attribution-NonCommercial-ShareAlike 4.0,4.0,13:23,https://www.xeno-canto.org/637899,sposan/XC637899.ogg
sposan,[],"['adult', 'sex uncertain']",4.9488,-73.9577,Actitis macularius,Spotted Sandpiper,Fernando Castro,Creative Commons Attribution-NonCommercial-ShareAlike 4.0,4.0,16:00,https://www.xeno-canto.org/638530,sposan/XC638530.ogg
sposan,[],"['Pip series', 'Pwee', 'adult', 'call', 'sex uncertain']",35.3463,-120.8428,Actitis macularius,Spotted Sandpiper,Thomas G. Graves,Creative Commons Attribution-NonCommercial-ShareAlike 4.0,4.0,17:53,https://www.xeno-canto.org/644889,sposan/XC644889.ogg
sposan,[],"['adult', 'call']",17.1583,-96.7624,Actitis macularius,Spotted Sandpiper,Manuel Grosselet,Creative Commons Attribution-NonCommercial-ShareAlike 4.0,4.0,12:30,https://www.xeno-canto.org/646826,sposan/XC646826.ogg
sposan,[],"['adult', 'call', 'sex uncertain']",31.34,-109.273,Actitis macularius,Spotted Sandpiper,Richard E. Webster,Creative Commons Attribution-NonCommercial-ShareAlike 4.0,3.5,11:43,https://www.xeno-canto.org/663104,sposan/XC663104.ogg
sposan,[],['nocturnal flight call'],44.4123,-78.2862,Actitis macularius,Spotted Sandpiper,Iain,Creative Commons Attribution-NonCommercial-ShareAlike 4.0,2.0,02:00,https://www.xeno-canto.org/666022,sposan/XC666022.ogg
sposan,[],"['flight call', 'life stage uncertain', 'sex uncertain', 'wave action']",45.8481,-87.001,Actitis macularius,Spotted Sandpiper,Valerie Heemstra,Creative Commons Attribution-NonCommercial-ShareAlike 4.0,2.0,08:30,https://www.xeno-canto.org/667193,sposan/XC667193.ogg
sposan,[],['calls (two types)'],3.3501,-55.4401,Actitis macularius,Spotted Sandpiper,Daniel Lane,Creative Commons Attribution-NonCommercial-ShareAlike 3.0,4.0,14:30,https://www.xeno-canto.org/75006,sposan/XC75006.ogg
sposan,[],['song'],3.3501,-55.4401,Actitis macularius,Spotted Sandpiper,Daniel Lane,Creative Commons Attribution-NonCommercial-ShareAlike 3.0,4.0,14:30,https://www.xeno-canto.org/75007,sposan/XC75007.ogg
towsol,[],['song'],44.9215,-93.2587,Myadestes townsendi,Townsend's Solitaire,Jonathon Jongsma,Creative Commons Attribution-ShareAlike 3.0,2.5,07:17,https://www.xeno-canto.org/123505,towsol/XC123505.ogg
towsol,[],['song'],44.4632,-104.3921,Myadestes townsendi,Townsend's Solitaire,GABRIEL LEITE,Creative Commons Attribution-NonCommercial-ShareAlike 3.0,4.0,10:30,https://www.xeno-canto.org/139875,towsol/XC139875.ogg
towsol,[],"['call', 'song']",31.8978,-109.2181,Myadestes townsendi,Townsend's Solitaire,Garrett MacDonald,Creative Commons Attribution-NonCommercial-ShareAlike 3.0,4.0,08:30,https://www.xeno-canto.org/155037,towsol/XC155037.ogg
towsol,[],['call'],53.3375,-120.1122,Myadestes townsendi,Townsend's Solitaire,Ian Cruickshank,Creative Commons Attribution-NonCommercial-ShareAlike 3.0,4.0,09:00,https://www.xeno-canto.org/158511,towsol/XC158511.ogg
towsol,[],['call'],40.2247,-105.2714,Myadestes townsendi,Townsend's Solitaire,Ted Floyd,Creative Commons Attribution-NonCommercial-ShareAlike 3.0,3.0,00:00,https://www.xeno-canto.org/164648,towsol/XC164648.ogg
towsol,[],['song'],39.9581,-105.34,Myadestes townsendi,Townsend's Solitaire,Eric DeFonso,Creative Commons Attribution-NonCommercial-ShareAlike 4.0,3.5,08:35,https://www.xeno-canto.org/172428,towsol/XC172428.ogg
towsol,[],['song'],39.9581,-105.34,Myadestes townsendi,Townsend's Solitaire,Eric DeFonso,Creative Commons Attribution-NonCommercial-ShareAlike 4.0,4.5,09:32,https://www.xeno-canto.org/172431,towsol/XC172431.ogg
towsol,[],['song'],38.658,-105.9661,Myadestes townsendi,Townsend's Solitaire,Eric DeFonso,Creative Commons Attribution-NonCommercial-ShareAlike 4.0,5.0,20:22,https://www.xeno-canto.org/173022,towsol/XC173022.ogg
towsol,[],['song'],52.2247,-117.202,Myadestes townsendi,Townsend's Solitaire,Richard E. Webster,Creative Commons Attribution-NonCommercial-ShareAlike 4.0,4.0,10:17,https://www.xeno-canto.org/188088,towsol/XC188088.ogg
towsol,[],['song'],52.2247,-117.202,Myadestes townsendi,Townsend's Solitaire,Richard E. Webster,Creative Commons Attribution-NonCommercial-ShareAlike 4.0,4.5,10:10,https://www.xeno-canto.org/188092,towsol/XC188092.ogg
towsol,[],['call'],55.4206,-123.0454,Myadestes townsendi,Townsend's Solitaire,Richard E. Webster,Creative Commons Attribution-NonCommercial-ShareAlike 4.0,3.0,10:37,https://www.xeno-canto.org/192809,towsol/XC192809.ogg
towsol,[],['call'],41.7,-70.7633,Myadestes townsendi,Townsend's Solitaire,Justin Lawson,Creative Commons Attribution-NonCommercial-ShareAlike 4.0,0.5,09:00,https://www.xeno-canto.org/205686,towsol/XC205686.ogg
towsol,[],['alarm call'],39.0588,-120.1188,Myadestes townsendi,Townsend's Solitaire,Scott Dietrich,Creative Commons Attribution-NonCommercial-ShareAlike 4.0,4.0,14:30,https://www.xeno-canto.org/210511,towsol/XC210511.ogg
towsol,[],['song'],37.132,-102.9978,Myadestes townsendi,Townsend's Solitaire,Dan Lane,Creative Commons Attribution-NonCommercial-ShareAlike 4.0,4.0,14:30,https://www.xeno-canto.org/216645,towsol/XC216645.ogg
towsol,[],['call'],37.3115,-119.0245,Myadestes townsendi,Townsend's Solitaire,Elias Aristides Elias,Creative Commons Attribution-NonCommercial-ShareAlike 4.0,4.5,09:30,https://www.xeno-canto.org/269700,towsol/XC269700.ogg
towsol,[],['song'],34.9437,-111.4899,Myadestes townsendi,Townsend's Solitaire,David Vander Pluym,Creative Commons Attribution-NonCommercial-ShareAlike 4.0,5.0,09:30,https://www.xeno-canto.org/282421,towsol/XC282421.ogg
towsol,[],['song'],34.9437,-111.4899,Myadestes townsendi,Townsend's Solitaire,David Vander Pluym,Creative Commons Attribution-NonCommercial-ShareAlike 4.0,4.5,09:30,https://www.xeno-canto.org/282422,towsol/XC282422.ogg
towsol,[],"['male', 'song']",34.4505,-110.4599,Myadestes townsendi,Townsend's Solitaire,Eric Hough,Creative Commons Attribution-NonCommercial-ShareAlike 4.0,5.0,09:30,https://www.xeno-canto.org/287779,towsol/XC287779.ogg
towsol,[],"['male', 'song']",36.1963,-112.0518,Myadestes townsendi,Townsend's Solitaire,Eric Hough,Creative Commons Attribution-NonCommercial-ShareAlike 4.0,3.0,09:30,https://www.xeno-canto.org/287780,towsol/XC287780.ogg
towsol,[],['Winter song'],40.5783,-105.1882,Myadestes townsendi,Townsend's Solitaire,Nick Komar,Creative Commons Attribution-NonCommercial-ShareAlike 4.0,4.0,08:25,https://www.xeno-canto.org/295331,towsol/XC295331.ogg
towsol,[],['call'],40.5783,-105.1882,Myadestes townsendi,Townsend's Solitaire,Nick Komar,Creative Commons Attribution-NonCommercial-ShareAlike 4.0,5.0,07:10,https://www.xeno-canto.org/295333,towsol/XC295333.ogg
towsol,[],['call'],35.212,-106.45,Myadestes townsendi,Townsend's Solitaire,Paul Marvin,Creative Commons Attribution-NonCommercial-ShareAlike 4.0,4.0,11:25,https://www.xeno-canto.org/297955,towsol/XC297955.ogg
towsol,[],['call'],40.5686,-105.1283,Myadestes townsendi,Townsend's Solitaire,Nick Komar,Creative Commons Attribution-NonCommercial-ShareAlike 4.0,4.5,10:30,https://www.xeno-canto.org/301683,towsol/XC301683.ogg
towsol,[],['call'],50.6143,-116.084,Myadestes townsendi,Townsend's Solitaire,Bruce Lagerquist,Creative Commons Attribution-NonCommercial-ShareAlike 4.0,5.0,8:00,https://www.xeno-canto.org/306800,towsol/XC306800.ogg
towsol,[],['call'],37.2287,-122.1108,Myadestes townsendi,Townsend's Solitaire,Alex Rinkert,Creative Commons Attribution-NonCommercial-ShareAlike 4.0,3.5,07:30,https://www.xeno-canto.org/309801,towsol/XC309801.ogg
towsol,[],['song'],38.5477,-106.3065,Myadestes townsendi,Townsend's Solitaire,Sue Riffe,Creative Commons Attribution-NonCommercial-ShareAlike 4.0,4.5,11:30,https://www.xeno-canto.org/311947,towsol/XC311947.ogg
towsol,[],['song'],38.5477,-106.3065,Myadestes townsendi,Townsend's Solitaire,Sue Riffe,Creative Commons Attribution-NonCommercial-ShareAlike 4.0,4.5,11:45,https://www.xeno-canto.org/311949,towsol/XC311949.ogg
towsol,[],['call'],41.6264,-88.5186,Myadestes townsendi,Townsend's Solitaire,Matt Wistrand,Creative Commons Attribution-NonCommercial-ShareAlike 4.0,2.5,07:39,https://www.xeno-canto.org/312371,towsol/XC312371.ogg
towsol,[],['song'],37.4626,-119.2956,Myadestes townsendi,Townsend's Solitaire,Vincent Weber,Creative Commons Attribution-NonCommercial-ShareAlike 4.0,3.5,14:27,https://www.xeno-canto.org/322432,towsol/XC322432.ogg
towsol,[],['call'],48.7715,-120.7122,Myadestes townsendi,Townsend's Solitaire,Michael Hobbs,Creative Commons Attribution-NonCommercial-ShareAlike 4.0,3.0,15:30,https://www.xeno-canto.org/328425,towsol/XC328425.ogg
towsol,[],"['male', 'song']",45.5892,-111.062,Myadestes townsendi,Townsend's Solitaire,Thomas Magarian,Creative Commons Attribution-NonCommercial-ShareAlike 4.0,5.0,10:32,https://www.xeno-canto.org/334615,towsol/XC334615.ogg
towsol,[],"['male', 'song']",47.9386,-108.5087,Myadestes townsendi,Townsend's Solitaire,Thomas Magarian,Creative Commons Attribution-NonCommercial-ShareAlike 4.0,5.0,11:28,https://www.xeno-canto.org/334619,towsol/XC334619.ogg
towsol,[],['warble call'],40.3705,-104.0915,Myadestes townsendi,Townsend's Solitaire,Nick Komar,Creative Commons Attribution-NonCommercial-ShareAlike 4.0,3.5,08:00,https://www.xeno-canto.org/340512,towsol/XC340512.ogg
towsol,[],['Quiet song'],38.8718,-104.8862,Myadestes townsendi,Townsend's Solitaire,Matt Wistrand,Creative Commons Attribution-NonCommercial-ShareAlike 4.0,4.0,11:36,https://www.xeno-canto.org/348430,towsol/XC348430.ogg
towsol,[],['call'],38.8718,-104.8862,Myadestes townsendi,Townsend's Solitaire,Matt Wistrand,Creative Commons Attribution-NonCommercial-ShareAlike 4.0,5.0,11:43,https://www.xeno-canto.org/348432,towsol/XC348432.ogg
towsol,[],['call'],38.8718,-104.8862,Myadestes townsendi,Townsend's Solitaire,Matt Wistrand,Creative Commons Attribution-NonCommercial-ShareAlike 4.0,4.5,09:29,https://www.xeno-canto.org/348674,towsol/XC348674.ogg
towsol,[],['song'],34.295,-116.9506,Myadestes townsendi,Townsend's Solitaire,Richard E. Webster,Creative Commons Attribution-NonCommercial-ShareAlike 4.0,4.5,05:45,https://www.xeno-canto.org/351884,towsol/XC351884.ogg
towsol,[],['song'],34.295,-116.9506,Myadestes townsendi,Townsend's Solitaire,Richard E. Webster,Creative Commons Attribution-NonCommercial-ShareAlike 4.0,4.5,05:50,https://www.xeno-canto.org/351887,towsol/XC351887.ogg
towsol,[],['song'],34.295,-116.9506,Myadestes townsendi,Townsend's Solitaire,Richard E. Webster,Creative Commons Attribution-NonCommercial-ShareAlike 4.0,4.5,07:00,https://www.xeno-canto.org/351891,towsol/XC351891.ogg
towsol,[],['song'],34.2191,-116.9728,Myadestes townsendi,Townsend's Solitaire,Richard E. Webster,Creative Commons Attribution-NonCommercial-ShareAlike 4.0,4.5,19:30,https://www.xeno-canto.org/351893,towsol/XC351893.ogg
towsol,[],['call'],32.9823,-116.6008,Myadestes townsendi,Townsend's Solitaire,Richard E. Webster,Creative Commons Attribution-NonCommercial-ShareAlike 4.0,4.5,?,https://www.xeno-canto.org/351895,towsol/XC351895.ogg
towsol,[],['phrases'],32.9823,-116.6008,Myadestes townsendi,Townsend's Solitaire,Richard E. Webster,Creative Commons Attribution-NonCommercial-ShareAlike 4.0,4.5,?,https://www.xeno-canto.org/351896,towsol/XC351896.ogg
towsol,[],"['call', 'phrases']",32.9823,-116.6008,Myadestes townsendi,Townsend's Solitaire,Richard E. Webster,Creative Commons Attribution-NonCommercial-ShareAlike 4.0,4.5,?,https://www.xeno-canto.org/351897,towsol/XC351897.ogg
towsol,[],['song'],34.2109,-116.8013,Myadestes townsendi,Townsend's Solitaire,Richard E. Webster,Creative Commons Attribution-NonCommercial-ShareAlike 4.0,4.5,11:30,https://www.xeno-canto.org/351898,towsol/XC351898.ogg
towsol,[],['song'],36.6403,-105.6892,Myadestes townsendi,Townsend's Solitaire,Vicki Dern,Creative Commons Attribution-NonCommercial-ShareAlike 4.0,5.0,09:14,https://www.xeno-canto.org/365064,towsol/XC365064.ogg
towsol,[],['song'],39.0593,-120.5723,Myadestes townsendi,Townsend's Solitaire,Steve Hampton,Creative Commons Attribution-NonCommercial-ShareAlike 4.0,4.5,19:30,https://www.xeno-canto.org/370059,towsol/XC370059.ogg
towsol,[],['song'],39.0593,-120.5723,Myadestes townsendi,Townsend's Solitaire,Steve Hampton,Creative Commons Attribution-NonCommercial-ShareAlike 4.0,4.0,19:30,https://www.xeno-canto.org/370060,towsol/XC370060.ogg
towsol,[],['song'],39.57,-120.12,Myadestes townsendi,Townsend's Solitaire,Jeremy Minns,Creative Commons Attribution-NonCommercial-ShareAlike 4.0,4.0,10:26,https://www.xeno-canto.org/381718,towsol/XC381718.ogg
towsol,[],['song'],39.57,-120.12,Myadestes townsendi,Townsend's Solitaire,Jeremy Minns,Creative Commons Attribution-NonCommercial-ShareAlike 4.0,4.0,10:26,https://www.xeno-canto.org/381719,towsol/XC381719.ogg
towsol,[],['song'],37.7458,-105.5043,Myadestes townsendi,Townsend's Solitaire,Vicki Dern,Creative Commons Attribution-NonCommercial-ShareAlike 4.0,5.0,07:24,https://www.xeno-canto.org/389264,towsol/XC389264.ogg
towsol,[],['song'],38.2083,-106.5964,Myadestes townsendi,Townsend's Solitaire,Vicki Dern,Creative Commons Attribution-NonCommercial-ShareAlike 4.0,4.5,09:59,https://www.xeno-canto.org/389271,towsol/XC389271.ogg
towsol,[],['song'],38.2584,-107.758,Myadestes townsendi,Townsend's Solitaire,Vicki Dern,Creative Commons Attribution-NonCommercial-ShareAlike 4.0,5.0,09:49,https://www.xeno-canto.org/389274,towsol/XC389274.ogg
towsol,[],['song'],37.7289,-119.5745,Myadestes townsendi,Townsend's Solitaire,Guy Kirwan,Creative Commons Attribution-NonCommercial-ShareAlike 4.0,4.0,08:30,https://www.xeno-canto.org/390198,towsol/XC390198.ogg
towsol,[],['Phrases'],40.7759,-111.8572,Myadestes townsendi,Townsend's Solitaire,Michael Lester,Creative Commons Attribution-NonCommercial-ShareAlike 4.0,3.5,10:30,https://www.xeno-canto.org/390557,towsol/XC390557.ogg
towsol,[],['call'],35.0337,-106.3742,Myadestes townsendi,Townsend's Solitaire,Thomas G. Graves,Creative Commons Attribution-NonCommercial-ShareAlike 4.0,4.0,8:49,https://www.xeno-canto.org/393275,towsol/XC393275.ogg
towsol,[],['song'],35.1364,-106.4786,Myadestes townsendi,Townsend's Solitaire,Thomas G. Graves,Creative Commons Attribution-NonCommercial-ShareAlike 4.0,3.0,14:26,https://www.xeno-canto.org/393289,towsol/XC393289.ogg
towsol,[],"['juvenile', 'juvenile begging call', 'song', 'very unique. And adult singing']",37.9491,-119.2053,Myadestes townsendi,Townsend's Solitaire,Kristie Nelson,Creative Commons Attribution-NonCommercial-ShareAlike 4.0,4.0,15:00,https://www.xeno-canto.org/394806,towsol/XC394806.ogg
towsol,[],"['song', 'whisper song']",44.3031,-121.7093,Myadestes townsendi,Townsend's Solitaire,Jenna Curtis,Creative Commons Attribution-NonCommercial-ShareAlike 4.0,2.5,15:18,https://www.xeno-canto.org/417610,towsol/XC417610.ogg
towsol,[],['song'],38.0778,-119.2543,Myadestes townsendi,Townsend's Solitaire,Bobby Wilcox,Creative Commons Attribution-NonCommercial-ShareAlike 4.0,4.0,08:00,https://www.xeno-canto.org/422414,towsol/XC422414.ogg
towsol,[],['alarm call'],48.7245,-120.6631,Myadestes townsendi,Townsend's Solitaire,Stephen Chase,Creative Commons Attribution-NonCommercial-ShareAlike 4.0,1.5,01:00,https://www.xeno-canto.org/426061,towsol/XC426061.ogg
towsol,[],['song'],62.3008,-136.0867,Myadestes townsendi,Townsend's Solitaire,Logan McLeod,Creative Commons Attribution-NonCommercial-ShareAlike 4.0,4.5,23:00,https://www.xeno-canto.org/431934,towsol/XC431934.ogg
towsol,[],['song'],35.9788,-105.9131,Myadestes townsendi,Townsend's Solitaire,Jerry Friedman,Creative Commons Attribution-NonCommercial-ShareAlike 4.0,4.0,10:00,https://www.xeno-canto.org/442865,towsol/XC442865.ogg
towsol,[],['call'],39.9936,-105.0897,Myadestes townsendi,Townsend's Solitaire,Ted Floyd,Creative Commons Attribution-NonCommercial-ShareAlike 4.0,4.0,13:32,https://www.xeno-canto.org/444274,towsol/XC444274.ogg
towsol,[],['call'],41.5606,-121.5266,Myadestes townsendi,Townsend's Solitaire,Ed Pandolfino,Creative Commons Attribution-NonCommercial-ShareAlike 4.0,5.0,09:44,https://www.xeno-canto.org/446637,towsol/XC446637.ogg
towsol,[],"['call', 'song']",41.2127,-121.3172,Myadestes townsendi,Townsend's Solitaire,Ed Pandolfino,Creative Commons Attribution-NonCommercial-ShareAlike 4.0,5.0,12:43,https://www.xeno-canto.org/446638,towsol/XC446638.ogg
towsol,[],['song'],39.144,-120.7592,Myadestes townsendi,Townsend's Solitaire,Ed Pandolfino,Creative Commons Attribution-NonCommercial-ShareAlike 4.0,5.0,05:10,https://www.xeno-canto.org/446640,towsol/XC446640.ogg
towsol,[],['call'],41.6921,-121.5477,Myadestes townsendi,Townsend's Solitaire,Ed Pandolfino,Creative Commons Attribution-NonCommercial-ShareAlike 4.0,3.5,06:53,https://www.xeno-canto.org/446641,towsol/XC446641.ogg
towsol,[],['song'],40.3151,-105.4055,Myadestes townsendi,Townsend's Solitaire,Sue Riffe,Creative Commons Attribution-NonCommercial-ShareAlike 4.0,4.0,11:45,https://www.xeno-canto.org/450676,towsol/XC450676.ogg
towsol,[],['song'],32.554,-117.0852,Myadestes townsendi,Townsend's Solitaire,Paul Marvin,Creative Commons Attribution-NonCommercial-ShareAlike 4.0,2.0,14:38,https://www.xeno-canto.org/451016,towsol/XC451016.ogg
towsol,['houfin'],['flight song'],35.0898,-106.392,Myadestes townsendi,Townsend's Solitaire,Paul Marvin,Creative Commons Attribution-NonCommercial-ShareAlike 4.0,3.5,09:24,https://www.xeno-canto.org/461629,towsol/XC461629.ogg
towsol,[],['call'],35.0898,-106.392,Myadestes townsendi,Townsend's Solitaire,Paul Marvin,Creative Commons Attribution-NonCommercial-ShareAlike 4.0,4.5,08:16,https://www.xeno-canto.org/461638,towsol/XC461638.ogg
towsol,[],['call'],39.6585,-74.2593,Myadestes townsendi,Townsend's Solitaire,Christopher M. Heckscher,Creative Commons Attribution-NonCommercial-ShareAlike 4.0,5.0,08:00,https://www.xeno-canto.org/467488,towsol/XC467488.ogg
towsol,[],"['call', 'song']",46.7022,-121.0997,Myadestes townsendi,Townsend's Solitaire,Bruce Lagerquist,Creative Commons Attribution-NonCommercial-ShareAlike 4.0,5.0,08:30,https://www.xeno-canto.org/488461,towsol/XC488461.ogg
towsol,[],['call'],33.9653,-109.5131,Myadestes townsendi,Townsend's Solitaire,Phoenix Birder,Creative Commons Attribution-NonCommercial-ShareAlike 4.0,4.0,14:00,https://www.xeno-canto.org/489372,towsol/XC489372.ogg
towsol,[],"['adult', 'song']",50.0123,-119.494,Myadestes townsendi,Townsend's Solitaire,Ken Hall,Creative Commons Attribution-NonCommercial-ShareAlike 4.0,5.0,08:00,https://www.xeno-canto.org/511313,towsol/XC511313.ogg
towsol,[],"['adult', 'sex uncertain', 'song']",37.7458,-105.5043,Myadestes townsendi,Townsend's Solitaire,Scott Gravette,Creative Commons Attribution-NonCommercial-ShareAlike 4.0,5.0,10:00,https://www.xeno-canto.org/512411,towsol/XC512411.ogg
towsol,[],"['adult', 'call', 'sex uncertain']",37.7458,-105.5043,Myadestes townsendi,Townsend's Solitaire,Scott Gravette,Creative Commons Attribution-NonCommercial-ShareAlike 4.0,4.5,11:00,https://www.xeno-canto.org/512414,towsol/XC512414.ogg
towsol,[],"['adult', 'call', 'sex uncertain']",31.933,-109.207,Myadestes townsendi,Townsend's Solitaire,Ken Blankenship,Creative Commons Attribution-NonCommercial-ShareAlike 4.0,2.0,10:00,https://www.xeno-canto.org/538547,towsol/XC538547.ogg
towsol,[],['song'],38.511,-106.531,Myadestes townsendi,Townsend's Solitaire,Mike Nelson,Creative Commons Attribution-NonCommercial-ShareAlike 3.0,3.0,5:30pm,https://www.xeno-canto.org/54454,towsol/XC54454.ogg
towsol,[],['call'],39.0585,-120.5752,Myadestes townsendi,Townsend's Solitaire,Ed Pandolfino,Creative Commons Attribution-NonCommercial-ShareAlike 4.0,4.0,09:43,https://www.xeno-canto.org/555126,towsol/XC555126.ogg
towsol,[],"['adult', 'sex uncertain', 'song']",47.3354,-120.579,Myadestes townsendi,Townsend's Solitaire,Bruce Lagerquist,Creative Commons Attribution-NonCommercial-ShareAlike 4.0,4.5,6:38,https://www.xeno-canto.org/561904,towsol/XC561904.ogg
towsol,[],"['adult', 'call', 'sex uncertain']",34.1115,-109.5789,Myadestes townsendi,Townsend's Solitaire,Phoenix Birder,Creative Commons Attribution-NonCommercial-ShareAlike 4.0,5.0,08:54,https://www.xeno-canto.org/563628,towsol/XC563628.ogg
towsol,[],"['adult', 'male', 'song']",38.3084,-119.5951,Myadestes townsendi,Townsend's Solitaire,Ron Overholtz,Creative Commons Attribution-NonCommercial-ShareAlike 4.0,0.0,18:30,https://www.xeno-canto.org/565859,towsol/XC565859.ogg
towsol,[],"['adult', 'song']",38.391,-119.5442,Myadestes townsendi,Townsend's Solitaire,Bobby Wilcox,Creative Commons Attribution-NonCommercial-ShareAlike 4.0,4.0,09:00,https://www.xeno-canto.org/570304,towsol/XC570304.ogg
towsol,[],"['adult', 'song']",38.391,-119.5442,Myadestes townsendi,Townsend's Solitaire,Bobby Wilcox,Creative Commons Attribution-NonCommercial-ShareAlike 4.0,4.0,09:00,https://www.xeno-canto.org/570305,towsol/XC570305.ogg
towsol,[],['song'],39.629,-122.757,Myadestes townsendi,Townsend's Solitaire,Ed Pandolfino,Creative Commons Attribution-NonCommercial-ShareAlike 4.0,5.0,09:13,https://www.xeno-canto.org/570380,towsol/XC570380.ogg
towsol,[],"['adult', 'sex uncertain', 'song']",39.0058,-114.3098,Myadestes townsendi,Townsend's Solitaire,Richard E. Webster,Creative Commons Attribution-NonCommercial-ShareAlike 4.0,3.0,08:21,https://www.xeno-canto.org/574673,towsol/XC574673.ogg
towsol,['wiltur'],"['adult', 'flight song', 'sex uncertain']",39.0058,-114.3098,Myadestes townsendi,Townsend's Solitaire,Richard E. Webster,Creative Commons Attribution-NonCommercial-ShareAlike 4.0,4.5,08:23,https://www.xeno-canto.org/574675,towsol/XC574675.ogg
towsol,[],"['adult', 'flight song', 'sex uncertain']",37.6116,-112.8337,Myadestes townsendi,Townsend's Solitaire,Richard E. Webster,Creative Commons Attribution-NonCommercial-ShareAlike 4.0,2.5,07:26,https://www.xeno-canto.org/574676,towsol/XC574676.ogg
towsol,[],['Song'],39.665703,-105.205169,Myadestes townsendi,Townsend's Solitaire,Okamoto Keita Sin,Creative Commons Attribution-NonCommercial-ShareAlike 4.0,4.0,14:45,https://www.xeno-canto.org/576704,towsol/XC576704.ogg
towsol,[],"['adult', 'call']",44.323,-121.5194,Myadestes townsendi,Townsend's Solitaire,Thomas Magarian,Creative Commons Attribution-NonCommercial-ShareAlike 4.0,3.5,09:46,https://www.xeno-canto.org/603270,towsol/XC603270.ogg
towsol,[],"['adult', 'call']",44.323,-121.5194,Myadestes townsendi,Townsend's Solitaire,Thomas Magarian,Creative Commons Attribution-NonCommercial-ShareAlike 4.0,3.5,09:50,https://www.xeno-canto.org/603271,towsol/XC603271.ogg
towsol,[],"['adult', 'call']",44.323,-121.5194,Myadestes townsendi,Townsend's Solitaire,Thomas Magarian,Creative Commons Attribution-NonCommercial-ShareAlike 4.0,3.5,09:51,https://www.xeno-canto.org/603272,towsol/XC603272.ogg
towsol,[],"['adult', 'call']",44.323,-121.5194,Myadestes townsendi,Townsend's Solitaire,Thomas Magarian,Creative Commons Attribution-NonCommercial-ShareAlike 4.0,3.5,09:48,https://www.xeno-canto.org/603273,towsol/XC603273.ogg
towsol,[],['call'],37.8898,-121.9301,Myadestes townsendi,Townsend's Solitaire,Denise Wight,Creative Commons Attribution-NonCommercial-ShareAlike 4.0,3.5,14:30,https://www.xeno-canto.org/605865,towsol/XC605865.ogg
towsol,[],"['adult', 'sex uncertain', 'song']",32.2666,-99.695,Myadestes townsendi,Townsend's Solitaire,Brad Banner,Creative Commons Attribution-NonCommercial-ShareAlike 4.0,4.5,10:00,https://www.xeno-canto.org/614582,towsol/XC614582.ogg
towsol,[],"['adult', 'call', 'sex uncertain']",32.2666,-99.695,Myadestes townsendi,Townsend's Solitaire,Brad Banner,Creative Commons Attribution-NonCommercial-ShareAlike 4.0,4.5,10:00,https://www.xeno-canto.org/614584,towsol/XC614584.ogg
towsol,[],"['adult', 'call', 'sex uncertain', 'subsong']",40.5688,-105.1275,Myadestes townsendi,Townsend's Solitaire,Nick Komar,Creative Commons Attribution-NonCommercial-ShareAlike 4.0,4.0,08:30,https://www.xeno-canto.org/621206,towsol/XC621206.ogg
towsol,[],"['adult', 'male', 'sex uncertain', 'song']",42.7901,-123.8283,Myadestes townsendi,Townsend's Solitaire,Don Henise,Creative Commons Attribution-NonCommercial-ShareAlike 4.0,3.0,10:58,https://www.xeno-canto.org/661469,towsol/XC661469.ogg
towsol,[],"['adult', 'male', 'sex uncertain', 'song']",42.7901,-123.8283,Myadestes townsendi,Townsend's Solitaire,Don Henise,Creative Commons Attribution-NonCommercial-ShareAlike 4.0,3.0,11:07,https://www.xeno-canto.org/661470,towsol/XC661470.ogg
towsol,[],"['adult', 'call', 'sex uncertain']",39.5488,-120.319,Myadestes townsendi,Townsend's Solitaire,Ron Overholtz,Creative Commons Attribution-NonCommercial-ShareAlike 4.0,4.0,19:00,https://www.xeno-canto.org/662656,towsol/XC662656.ogg
wantat1,[],['call'],62.3487,-152.4497,Tringa incana,Wandering Tattler,Davyd Betchkal,Creative Commons Attribution-NonCommercial-ShareAlike 3.0,3.5,11:25,https://www.xeno-canto.org/120771,wantat1/XC120771.ogg
wantat1,[],['call'],32.759,-117.256,Tringa incana,Wandering Tattler,Paul Marvin,Creative Commons Attribution-NonCommercial-ShareAlike 3.0,4.0,09:01,https://www.xeno-canto.org/140489,wantat1/XC140489.ogg
wantat1,[],['call'],59.6504,-136.5775,Tringa incana,Wandering Tattler,Ian Cruickshank,Creative Commons Attribution-NonCommercial-ShareAlike 3.0,3.0,12:00,https://www.xeno-canto.org/169002,wantat1/XC169002.ogg
wantat1,[],['flight call'],-14.3416,-170.7223,Tringa incana,Wandering Tattler,Samuel Jones,Creative Commons Attribution-NonCommercial-ShareAlike 4.0,4.0,18:00,https://www.xeno-canto.org/180834,wantat1/XC180834.ogg
wantat1,[],['call'],21.4347,-157.757,Tringa incana,Wandering Tattler,Ross Gallardy,Creative Commons Attribution-NonCommercial-ShareAlike 4.0,3.0,11:00,https://www.xeno-canto.org/207428,wantat1/XC207428.ogg
wantat1,[],['flight call'],21.4347,-157.757,Tringa incana,Wandering Tattler,Ross Gallardy,Creative Commons Attribution-NonCommercial-ShareAlike 4.0,2.0,11:00,https://www.xeno-canto.org/207429,wantat1/XC207429.ogg
wantat1,[],['call'],64.4669,-164.7537,Tringa incana,Wandering Tattler,Patrik Åberg,Creative Commons Attribution-NonCommercial-ShareAlike 4.0,3.0,14:11,https://www.xeno-canto.org/406237,wantat1/XC406237.ogg
wantat1,[],['flight call'],23.1262,121.4217,Tringa incana,Wandering Tattler,Funkerhunter,Creative Commons Attribution-NonCommercial-ShareAlike 4.0,0.0,12:30,https://www.xeno-canto.org/415690,wantat1/XC415690.ogg
wantat1,[],"['call', 'flight call']",23.1262,121.4217,Tringa incana,Wandering Tattler,Funkerhunter,Creative Commons Attribution-NonCommercial-ShareAlike 4.0,0.0,12:30,https://www.xeno-canto.org/415693,wantat1/XC415693.ogg
wantat1,[],['call'],64.7185,-165.9233,Tringa incana,Wandering Tattler,Steve Hampton,Creative Commons Attribution-NonCommercial-ShareAlike 4.0,5.0,13:30,https://www.xeno-canto.org/420226,wantat1/XC420226.ogg
wantat1,[],['call'],68.9795,-146.0645,Tringa incana,Wandering Tattler,Logan McLeod,Creative Commons Attribution-NonCommercial-ShareAlike 4.0,4.0,03:30,https://www.xeno-canto.org/454195,wantat1/XC454195.ogg
wantat1,['bknsti'],['call'],21.9003,-159.6048,Tringa incana,Wandering Tattler,Phoenix Birder,Creative Commons Attribution-NonCommercial-ShareAlike 4.0,4.5,10:34,https://www.xeno-canto.org/503518,wantat1/XC503518.ogg
wantat1,[],"['adult', 'alarm call', 'sex uncertain']",68.3748,-149.3206,Tringa incana,Wandering Tattler,"Seth Beaudreault, Toolik Field Station",Creative Commons Attribution-NonCommercial-ShareAlike 4.0,4.0,07:30,https://www.xeno-canto.org/591481,wantat1/XC591481.ogg
wantat1,[],"['adult', 'call', 'sex uncertain']",-19.5057,169.2447,Tringa incana,Wandering Tattler,Dominik Maximilián Ramík,Creative Commons Attribution-NonCommercial-ShareAlike 4.0,4.0,18:16,https://www.xeno-canto.org/612154,wantat1/XC612154.ogg
wantat1,[],['flight call'],-17.4529,-143.4711,Tringa incana,Wandering Tattler,AUDEVARD Aurélien,Creative Commons Attribution-NonCommercial-ShareAlike 4.0,5.0,17:00,https://www.xeno-canto.org/619370,wantat1/XC619370.ogg
wantat1,[],['uncertain'],-17.3059,-142.5674,Tringa incana,Wandering Tattler,AUDEVARD Aurélien,Creative Commons Attribution-NonCommercial-ShareAlike 4.0,5.0,16:00,https://www.xeno-canto.org/620142,wantat1/XC620142.ogg
wantat1,[],['song'],6.777,158.207,Tringa incana,Wandering Tattler,Todd Mark,Creative Commons Attribution-NonCommercial-ShareAlike 3.0,1.0,15:00,https://www.xeno-canto.org/75434,wantat1/XC75434.ogg
wantat1,[],['song'],6.777,158.207,Tringa incana,Wandering Tattler,Todd Mark,Creative Commons Attribution-NonCommercial-ShareAlike 3.0,1.0,15:00,https://www.xeno-canto.org/75435,wantat1/XC75435.ogg
wantat1,[],['call'],-9.762,-138.885,Tringa incana,Wandering Tattler,Todd Mark,Creative Commons Attribution-NonCommercial-ShareAlike 3.0,1.0,9:00,https://www.xeno-canto.org/75436,wantat1/XC75436.ogg
warwhe1,[],['song'],-3.0036,129.1814,Zosterops japonicus,Warbling White-eye,Todd Mark,Creative Commons Attribution-NonCommercial-ShareAlike 3.0,4.0,10:00,https://www.xeno-canto.org/122061,warwhe1/XC122061.ogg
warwhe1,[],"['male', 'song']",35.1854,126.945,Zosterops japonicus,Warbling White-eye,Patrick Blake,Creative Commons Attribution-NonCommercial-ShareAlike 3.0,5.0,16:15,https://www.xeno-canto.org/135109,warwhe1/XC135109.ogg
warwhe1,[],['call'],1.35,124.8664,Zosterops japonicus,Warbling White-eye,Mike Nelson,Creative Commons Attribution-NonCommercial-ShareAlike 3.0,4.0,09:00,https://www.xeno-canto.org/152079,warwhe1/XC152079.ogg
warwhe1,[],['song'],-1.5159,120.2301,Zosterops japonicus,Warbling White-eye,Mike Nelson,Creative Commons Attribution-NonCommercial-ShareAlike 3.0,3.0,11:00,https://www.xeno-canto.org/152144,warwhe1/XC152144.ogg
warwhe1,[],['song'],-1.5159,120.2301,Zosterops japonicus,Warbling White-eye,Mike Nelson,Creative Commons Attribution-NonCommercial-ShareAlike 3.0,4.0,11:00,https://www.xeno-canto.org/152145,warwhe1/XC152145.ogg
warwhe1,[],['song'],7.076,125.3016,Zosterops japonicus,Warbling White-eye,Arend Wassink,Creative Commons Attribution-NonCommercial-ShareAlike 3.0,4.0,16:00,https://www.xeno-canto.org/164815,warwhe1/XC164815.ogg
warwhe1,[],['song'],35.7239,139.7492,Zosterops japonicus,Warbling White-eye,yann muzika,Creative Commons Attribution-NonCommercial-ShareAlike 4.0,4.0,14:30,https://www.xeno-canto.org/172706,warwhe1/XC172706.ogg
warwhe1,[],['song'],35.7239,139.7492,Zosterops japonicus,Warbling White-eye,yann muzika,Creative Commons Attribution-NonCommercial-ShareAlike 4.0,5.0,08:30,https://www.xeno-canto.org/172824,warwhe1/XC172824.ogg
warwhe1,[],['song'],8.1238,124.9273,Zosterops japonicus,Warbling White-eye,Tomas Carlberg,Creative Commons Attribution-NonCommercial-ShareAlike 4.0,5.0,10:40,https://www.xeno-canto.org/175329,warwhe1/XC175329.ogg
warwhe1,"['apapan', 'houfin']","['call', 'song']",19.7901,-155.3273,Zosterops japonicus,Warbling White-eye,Dan Lane,Creative Commons Attribution-NonCommercial-ShareAlike 4.0,4.5,09:30,https://www.xeno-canto.org/175490,warwhe1/XC175490.ogg
warwhe1,[],['flight call'],-1.7622,124.807,Zosterops japonicus,Warbling White-eye,Peter Wilton,Creative Commons Attribution-ShareAlike 4.0,3.0,11:00,https://www.xeno-canto.org/176943,warwhe1/XC176943.ogg
warwhe1,[],"['call', 'flight call']",-1.7622,124.807,Zosterops japonicus,Warbling White-eye,Peter Wilton,Creative Commons Attribution-ShareAlike 4.0,4.0,11:00,https://www.xeno-canto.org/176944,warwhe1/XC176944.ogg
warwhe1,[],['song'],34.6859,135.5288,Zosterops japonicus,Warbling White-eye,Anon Torimi,Creative Commons Attribution-NonCommercial-ShareAlike 4.0,5.0,10:30,https://www.xeno-canto.org/191389,warwhe1/XC191389.ogg
warwhe1,[],"['3 parted chip', 'OCWA-song-like call', 'call', 'giggly call', 'lego like down slurred ca']",33.6216,-117.9093,Zosterops japonicus,Warbling White-eye,Elias Aristides Elias,Creative Commons Attribution-NonCommercial-ShareAlike 4.0,4.0,15:01,https://www.xeno-canto.org/192817,warwhe1/XC192817.ogg
warwhe1,['houfin'],['HUVI-like call and PSFL-like call'],33.6216,-117.9093,Zosterops japonicus,Warbling White-eye,Elias Aristides Elias,Creative Commons Attribution-NonCommercial-ShareAlike 4.0,3.5,15:10,https://www.xeno-canto.org/192982,warwhe1/XC192982.ogg
warwhe1,[],['call'],26.4574,127.9417,Zosterops japonicus,Warbling White-eye,Ross Gallardy,Creative Commons Attribution-NonCommercial-ShareAlike 4.0,5.0,07:00,https://www.xeno-canto.org/193714,warwhe1/XC193714.ogg
warwhe1,[],['call'],36.7267,126.6234,Zosterops japonicus,Warbling White-eye,Ross Gallardy,Creative Commons Attribution-NonCommercial-ShareAlike 4.0,4.0,09:30,https://www.xeno-canto.org/194700,warwhe1/XC194700.ogg
warwhe1,[],['call'],34.6854,135.5295,Zosterops japonicus,Warbling White-eye,Anon Torimi,Creative Commons Attribution-NonCommercial-ShareAlike 4.0,4.0,12:00,https://www.xeno-canto.org/197367,warwhe1/XC197367.ogg
warwhe1,[],['song'],34.6837,135.5257,Zosterops japonicus,Warbling White-eye,Anon Torimi,Creative Commons Attribution-NonCommercial-ShareAlike 4.0,4.0,11:00,https://www.xeno-canto.org/197947,warwhe1/XC197947.ogg
warwhe1,[],['call'],21.2995,-157.7623,Zosterops japonicus,Warbling White-eye,Ross Gallardy,Creative Commons Attribution-NonCommercial-ShareAlike 4.0,4.0,10:00,https://www.xeno-canto.org/205833,warwhe1/XC205833.ogg
warwhe1,[],['call'],21.2995,-157.7623,Zosterops japonicus,Warbling White-eye,Ross Gallardy,Creative Commons Attribution-NonCommercial-ShareAlike 4.0,5.0,10:00,https://www.xeno-canto.org/205835,warwhe1/XC205835.ogg
warwhe1,[],['call'],21.6853,-157.9473,Zosterops japonicus,Warbling White-eye,Ross Gallardy,Creative Commons Attribution-NonCommercial-ShareAlike 4.0,5.0,07:30,https://www.xeno-canto.org/208165,warwhe1/XC208165.ogg
warwhe1,[],['call'],21.6853,-157.9473,Zosterops japonicus,Warbling White-eye,Ross Gallardy,Creative Commons Attribution-NonCommercial-ShareAlike 4.0,5.0,07:30,https://www.xeno-canto.org/208166,warwhe1/XC208166.ogg
warwhe1,[],['call'],21.3128,-157.7253,Zosterops japonicus,Warbling White-eye,Ross Gallardy,Creative Commons Attribution-NonCommercial-ShareAlike 4.0,4.0,08:00,https://www.xeno-canto.org/209515,warwhe1/XC209515.ogg
warwhe1,[],['call'],16.5309,120.8421,Zosterops japonicus,Warbling White-eye,"Romeo B. Galang, Jr",Creative Commons Attribution-NonCommercial-ShareAlike 4.0,4.0,09:30,https://www.xeno-canto.org/209948,warwhe1/XC209948.ogg
warwhe1,['oahama'],['call'],21.3318,-157.8205,Zosterops japonicus,Warbling White-eye,Ross Gallardy,Creative Commons Attribution-NonCommercial-ShareAlike 4.0,3.5,08:00,https://www.xeno-canto.org/210186,warwhe1/XC210186.ogg
warwhe1,[],['flight call'],21.3318,-157.8205,Zosterops japonicus,Warbling White-eye,Ross Gallardy,Creative Commons Attribution-NonCommercial-ShareAlike 4.0,4.0,08:00,https://www.xeno-canto.org/210187,warwhe1/XC210187.ogg
warwhe1,['oahama'],['call'],21.3318,-157.8205,Zosterops japonicus,Warbling White-eye,Ross Gallardy,Creative Commons Attribution-NonCommercial-ShareAlike 4.0,3.5,08:00,https://www.xeno-canto.org/210188,warwhe1/XC210188.ogg
warwhe1,[],['call'],32.1056,130.2845,Zosterops japonicus,Warbling White-eye,Phil Gregory,Creative Commons Attribution-NonCommercial-ShareAlike 4.0,2.5,09:30,https://www.xeno-canto.org/210444,warwhe1/XC210444.ogg
warwhe1,[],['call'],-1.7342,101.2512,Zosterops japonicus,Warbling White-eye,Mike Nelson,Creative Commons Attribution-NonCommercial-ShareAlike 4.0,4.0,15:30,https://www.xeno-canto.org/241675,warwhe1/XC241675.ogg
warwhe1,[],"['call', 'song']",-2.0498,101.3073,Zosterops japonicus,Warbling White-eye,Mike Nelson,Creative Commons Attribution-NonCommercial-ShareAlike 4.0,4.0,10:30,https://www.xeno-canto.org/242627,warwhe1/XC242627.ogg
warwhe1,[],['song'],19.6642,-155.3896,Zosterops japonicus,Warbling White-eye,Todd Mark,Creative Commons Attribution-NonCommercial-ShareAlike 4.0,4.0,07:30,https://www.xeno-canto.org/252716,warwhe1/XC252716.ogg
warwhe1,['redjun'],['call'],22.1467,-159.6134,Zosterops japonicus,Warbling White-eye,Daniel Lane,Creative Commons Attribution-NonCommercial-ShareAlike 3.0,4.5,09:00,https://www.xeno-canto.org/27315,warwhe1/XC27315.ogg
warwhe1,[],['call'],22.1506,-159.6406,Zosterops japonicus,Warbling White-eye,Daniel Lane,Creative Commons Attribution-NonCommercial-ShareAlike 3.0,4.0,12:00,https://www.xeno-canto.org/27333,warwhe1/XC27333.ogg
warwhe1,[],"['call', 'song']",22.1467,-159.6134,Zosterops japonicus,Warbling White-eye,Daniel Lane,Creative Commons Attribution-NonCommercial-ShareAlike 3.0,5.0,12:45,https://www.xeno-canto.org/27339,warwhe1/XC27339.ogg
warwhe1,[],['call'],-7.9504,113.6248,Zosterops japonicus,Warbling White-eye,Bas van Balen,Creative Commons Attribution-NonCommercial-ShareAlike 4.0,5.0,16:20,https://www.xeno-canto.org/287972,warwhe1/XC287972.ogg
warwhe1,[],['call'],-7.971,113.6248,Zosterops japonicus,Warbling White-eye,Bas van Balen,Creative Commons Attribution-NonCommercial-ShareAlike 4.0,3.0,07:20,https://www.xeno-canto.org/287982,warwhe1/XC287982.ogg
warwhe1,[],"['call', 'song']",-8.4808,120.4561,Zosterops japonicus,Warbling White-eye,Mike Nelson,Creative Commons Attribution-NonCommercial-ShareAlike 4.0,4.0,09:30,https://www.xeno-canto.org/292546,warwhe1/XC292546.ogg
warwhe1,[],['song'],-8.642,120.5592,Zosterops japonicus,Warbling White-eye,Mike Nelson,Creative Commons Attribution-NonCommercial-ShareAlike 4.0,4.0,09:30,https://www.xeno-canto.org/292566,warwhe1/XC292566.ogg
warwhe1,[],['call'],16.9747,121.0292,Zosterops japonicus,Warbling White-eye,Mike Nelson,Creative Commons Attribution-NonCommercial-ShareAlike 4.0,4.0,10:00,https://www.xeno-canto.org/308900,warwhe1/XC308900.ogg
warwhe1,[],['call'],21.876,-159.4424,Zosterops japonicus,Warbling White-eye,Bobby Wilcox,Creative Commons Attribution-NonCommercial-ShareAlike 4.0,3.0,17:30,https://www.xeno-canto.org/314508,warwhe1/XC314508.ogg
warwhe1,[],['Song?'],-8.6334,120.5601,Zosterops japonicus,Warbling White-eye,Allen T. Chartier,Creative Commons Attribution-NonCommercial-ShareAlike 3.0,3.0,?,https://www.xeno-canto.org/31452,warwhe1/XC31452.ogg
warwhe1,[],['call'],8.1373,124.9648,Zosterops japonicus,Warbling White-eye,Ross Gallardy,Creative Commons Attribution-NonCommercial-ShareAlike 4.0,4.0,08:30,https://www.xeno-canto.org/321115,warwhe1/XC321115.ogg
warwhe1,['iiwi'],['song'],20.769,-156.237,Zosterops japonicus,Warbling White-eye,Thomas G. Graves,Creative Commons Attribution-NonCommercial-ShareAlike 4.0,3.5,10:30,https://www.xeno-canto.org/326568,warwhe1/XC326568.ogg
warwhe1,[],"['song', 'subsong']",34.6589,135.6259,Zosterops japonicus,Warbling White-eye,Anon Torimi,Creative Commons Attribution-NonCommercial-ShareAlike 4.0,3.5,12:30,https://www.xeno-canto.org/363009,warwhe1/XC363009.ogg
warwhe1,[],['song'],35.1111,129.1255,Zosterops japonicus,Warbling White-eye,Stuart Fisher,Creative Commons Attribution-NonCommercial-ShareAlike 4.0,3.5,08:00,https://www.xeno-canto.org/369657,warwhe1/XC369657.ogg
warwhe1,[],"['call', 'song']",35.0546,129.0835,Zosterops japonicus,Warbling White-eye,Stuart Fisher,Creative Commons Attribution-NonCommercial-ShareAlike 4.0,3.0,08:30,https://www.xeno-canto.org/369711,warwhe1/XC369711.ogg
warwhe1,['norcar'],['song'],19.4378,-155.3017,Zosterops japonicus,Warbling White-eye,Ulf Elman,Creative Commons Attribution-NonCommercial-ShareAlike 4.0,3.5,08:58,https://www.xeno-canto.org/385605,warwhe1/XC385605.ogg
warwhe1,[],['song'],-8.7659,121.8122,Zosterops japonicus,Warbling White-eye,Oscar Campbell,Creative Commons Attribution-NonCommercial-ShareAlike 4.0,4.0,09:00,https://www.xeno-canto.org/389523,warwhe1/XC389523.ogg
warwhe1,[],['call'],28.4468,129.59,Zosterops japonicus,Warbling White-eye,Guy Kirwan,Creative Commons Attribution-NonCommercial-ShareAlike 4.0,3.5,08:00,https://www.xeno-canto.org/409246,warwhe1/XC409246.ogg
warwhe1,[],['call'],8.1238,124.9273,Zosterops japonicus,Warbling White-eye,Rolf A. de By,Creative Commons Attribution-NonCommercial-ShareAlike 4.0,4.0,08:36,https://www.xeno-canto.org/411789,warwhe1/XC411789.ogg
warwhe1,[],['call'],8.1238,124.9273,Zosterops japonicus,Warbling White-eye,Rolf A. de By,Creative Commons Attribution-NonCommercial-ShareAlike 4.0,4.0,08:36,https://www.xeno-canto.org/411790,warwhe1/XC411790.ogg
warwhe1,[],['song'],35.6804,139.7967,Zosterops japonicus,Warbling White-eye,Gerbenth,Creative Commons Attribution-NonCommercial-ShareAlike 4.0,4.0,07:30,https://www.xeno-canto.org/436950,warwhe1/XC436950.ogg
warwhe1,[],['call'],21.542,-158.1925,Zosterops japonicus,Warbling White-eye,Sean Erroll MacDonald,Creative Commons Attribution-NonCommercial-ShareAlike 4.0,5.0,06:10,https://www.xeno-canto.org/454893,warwhe1/XC454893.ogg
warwhe1,['jabwar'],['song'],21.5379,-158.1937,Zosterops japonicus,Warbling White-eye,Sean Erroll MacDonald,Creative Commons Attribution-NonCommercial-ShareAlike 4.0,3.5,11:37,https://www.xeno-canto.org/454896,warwhe1/XC454896.ogg
warwhe1,[],['Think it is a call'],35.6724,139.9641,Zosterops japonicus,Warbling White-eye,Aladdin,Creative Commons Attribution-NonCommercial-ShareAlike 4.0,3.0,08:00,https://www.xeno-canto.org/465135,warwhe1/XC465135.ogg
warwhe1,[],['call'],24.4349,124.2131,Zosterops japonicus,Warbling White-eye,Gareth K.,Creative Commons Attribution-NonCommercial-ShareAlike 4.0,5.0,14:00,https://www.xeno-canto.org/466095,warwhe1/XC466095.ogg
warwhe1,[],['call'],35.2636,135.7807,Zosterops japonicus,Warbling White-eye,Anon Torimi,Creative Commons Attribution-NonCommercial-ShareAlike 4.0,4.0,10:20,https://www.xeno-canto.org/483892,warwhe1/XC483892.ogg
warwhe1,['oahama'],['call'],4.3808,176.832,Zosterops japonicus,Warbling White-eye,Ted Floyd,Creative Commons Attribution-NonCommercial-ShareAlike 4.0,0.0,08:55,https://www.xeno-canto.org/503118,warwhe1/XC503118.ogg
warwhe1,[],['call'],21.9003,-159.6048,Zosterops japonicus,Warbling White-eye,Phoenix Birder,Creative Commons Attribution-NonCommercial-ShareAlike 4.0,5.0,10:44,https://www.xeno-canto.org/503528,warwhe1/XC503528.ogg
warwhe1,['jabwar'],"['male', 'song']",26.7622,128.2574,Zosterops japonicus,Warbling White-eye,Markus Jacobs,Creative Commons Attribution-NonCommercial-ShareAlike 4.0,4.5,05:30,https://www.xeno-canto.org/507025,warwhe1/XC507025.ogg
warwhe1,[],"['adult', 'call', 'sex uncertain']",25.2098,121.6945,Zosterops japonicus,Warbling White-eye,Chi Po-Wei,Creative Commons Attribution-NonCommercial-ShareAlike 4.0,3.0,10:00,https://www.xeno-canto.org/509447,warwhe1/XC509447.ogg
warwhe1,[],['call'],25.0858,121.7568,Zosterops japonicus,Warbling White-eye,Sunny Tseng,Creative Commons Attribution-NonCommercial-ShareAlike 4.0,3.0,07:30,https://www.xeno-canto.org/516329,warwhe1/XC516329.ogg
warwhe1,[],['call'],25.0858,121.7568,Zosterops japonicus,Warbling White-eye,Sunny Tseng,Creative Commons Attribution-NonCommercial-ShareAlike 4.0,4.0,07:30,https://www.xeno-canto.org/516333,warwhe1/XC516333.ogg
warwhe1,[],['song'],35.8194,126.4666,Zosterops japonicus,Warbling White-eye,Byoungsoon Jang,Creative Commons Attribution-NonCommercial-ShareAlike 4.0,5.0,6:10,https://www.xeno-canto.org/570336,warwhe1/XC570336.ogg
warwhe1,[],['Song'],28.4525,129.5928,Zosterops japonicus,Warbling White-eye,Okamoto Keita Sin,Creative Commons Attribution-NonCommercial-ShareAlike 4.0,5.0,18:27,https://www.xeno-canto.org/576719,warwhe1/XC576719.ogg
warwhe1,[],"['adult', 'song']",35.0103,135.7949,Zosterops japonicus,Warbling White-eye,Eric DeFonso,Creative Commons Attribution-NonCommercial-ShareAlike 4.0,5.0,09:29,https://www.xeno-canto.org/581686,warwhe1/XC581686.ogg
warwhe1,[],['call'],35.154,136.1057,Zosterops japonicus,Warbling White-eye,Anon Torimi,Creative Commons Attribution-NonCommercial-ShareAlike 4.0,2.5,08:30,https://www.xeno-canto.org/602064,warwhe1/XC602064.ogg
warwhe1,[],['call'],35.6574,136.0893,Zosterops japonicus,Warbling White-eye,Anon Torimi,Creative Commons Attribution-NonCommercial-ShareAlike 4.0,3.5,08:55,https://www.xeno-canto.org/602065,warwhe1/XC602065.ogg
warwhe1,[],['call'],35.6574,136.0893,Zosterops japonicus,Warbling White-eye,Anon Torimi,Creative Commons Attribution-NonCommercial-ShareAlike 4.0,2.5,09:25,https://www.xeno-canto.org/602074,warwhe1/XC602074.ogg
warwhe1,[],"['male', 'song']",35.8176,126.4657,Zosterops japonicus,Warbling White-eye,Byoungsoon Jang,Creative Commons Attribution-NonCommercial-ShareAlike 4.0,4.0,05:08,https://www.xeno-canto.org/656625,warwhe1/XC656625.ogg
wesmea,[],"['call', 'song']",43.6405,-103.3732,Sturnella neglecta,Western Meadowlark,Jonathon Jongsma,Creative Commons Attribution-ShareAlike 3.0,3.5,10:54,https://www.xeno-canto.org/104522,wesmea/XC104522.ogg
wesmea,[],"['call', 'song']",43.6651,-103.3862,Sturnella neglecta,Western Meadowlark,Jonathon Jongsma,Creative Commons Attribution-ShareAlike 3.0,4.0,12:00,https://www.xeno-canto.org/104524,wesmea/XC104524.ogg
wesmea,[],['call'],29.267,-108.1098,Sturnella neglecta,Western Meadowlark,Todd Mark,Creative Commons Attribution-NonCommercial-ShareAlike 3.0,4.0,?:?,https://www.xeno-canto.org/11449,wesmea/XC11449.ogg
wesmea,[],['song'],29.267,-108.1098,Sturnella neglecta,Western Meadowlark,Todd Mark,Creative Commons Attribution-NonCommercial-ShareAlike 3.0,4.0,?:?,https://www.xeno-canto.org/11450,wesmea/XC11450.ogg
wesmea,['cangoo'],"['male', 'song']",41.2344,-105.854,Sturnella neglecta,Western Meadowlark,GABRIEL LEITE,Creative Commons Attribution-NonCommercial-ShareAlike 3.0,3.5,15:00,https://www.xeno-canto.org/128234,wesmea/XC128234.ogg
wesmea,[],"['male', 'song']",44.4632,-104.3921,Sturnella neglecta,Western Meadowlark,GABRIEL LEITE,Creative Commons Attribution-NonCommercial-ShareAlike 3.0,4.0,08:30,https://www.xeno-canto.org/139883,wesmea/XC139883.ogg
wesmea,[],['song'],24.1105,-110.3466,Sturnella neglecta,Western Meadowlark,Richard Hoyer,Creative Commons Attribution-NonCommercial-ShareAlike 3.0,4.0,07:46,https://www.xeno-canto.org/146077,wesmea/XC146077.ogg
wesmea,[],['song'],33.9053,-106.8681,Sturnella neglecta,Western Meadowlark,Russ Wigh,Creative Commons Attribution-NonCommercial-ShareAlike 3.0,4.0,07:30,https://www.xeno-canto.org/151099,wesmea/XC151099.ogg
wesmea,[],"['call', 'song']",49.0957,-119.5265,Sturnella neglecta,Western Meadowlark,Ian Cruickshank,Creative Commons Attribution-NonCommercial-ShareAlike 3.0,4.0,17:00,https://www.xeno-canto.org/156724,wesmea/XC156724.ogg
wesmea,[],['call'],49.012,-119.6725,Sturnella neglecta,Western Meadowlark,Ian Cruickshank,Creative Commons Attribution-NonCommercial-ShareAlike 3.0,4.0,10:00,https://www.xeno-canto.org/158520,wesmea/XC158520.ogg
wesmea,[],"['call', 'song']",47.6688,-111.3328,Sturnella neglecta,Western Meadowlark,Paul Marvin,Creative Commons Attribution-NonCommercial-ShareAlike 3.0,5.0,12:04,https://www.xeno-canto.org/161769,wesmea/XC161769.ogg
wesmea,[],['call'],32.7802,-117.2154,Sturnella neglecta,Western Meadowlark,Paul Marvin,Creative Commons Attribution-NonCommercial-ShareAlike 3.0,5.0,10:58,https://www.xeno-canto.org/161770,wesmea/XC161770.ogg
wesmea,[],['call'],33.1729,-115.6144,Sturnella neglecta,Western Meadowlark,Paul Marvin,Creative Commons Attribution-NonCommercial-ShareAlike 3.0,5.0,15:02,https://www.xeno-canto.org/161771,wesmea/XC161771.ogg
wesmea,[],"['call', 'song']",33.0881,-115.7097,Sturnella neglecta,Western Meadowlark,Paul Marvin,Creative Commons Attribution-NonCommercial-ShareAlike 3.0,5.0,10:44,https://www.xeno-canto.org/161772,wesmea/XC161772.ogg
wesmea,[],['call'],32.564,-117.1256,Sturnella neglecta,Western Meadowlark,Paul Marvin,Creative Commons Attribution-NonCommercial-ShareAlike 3.0,5.0,08:11,https://www.xeno-canto.org/161773,wesmea/XC161773.ogg
wesmea,[],"['call', 'song']",32.564,-117.1256,Sturnella neglecta,Western Meadowlark,Paul Marvin,Creative Commons Attribution-NonCommercial-ShareAlike 3.0,5.0,10:47,https://www.xeno-canto.org/161774,wesmea/XC161774.ogg
wesmea,[],['call'],32.564,-117.1256,Sturnella neglecta,Western Meadowlark,Paul Marvin,Creative Commons Attribution-NonCommercial-ShareAlike 3.0,4.0,07:36,https://www.xeno-canto.org/161775,wesmea/XC161775.ogg
wesmea,[],"['call', 'song']",32.564,-117.1256,Sturnella neglecta,Western Meadowlark,Paul Marvin,Creative Commons Attribution-NonCommercial-ShareAlike 3.0,5.0,11:06,https://www.xeno-canto.org/161776,wesmea/XC161776.ogg
wesmea,[],['call'],32.564,-117.1256,Sturnella neglecta,Western Meadowlark,Paul Marvin,Creative Commons Attribution-NonCommercial-ShareAlike 3.0,4.0,10:45,https://www.xeno-canto.org/161777,wesmea/XC161777.ogg
wesmea,[],['song'],33.0881,-115.7097,Sturnella neglecta,Western Meadowlark,Paul Marvin,Creative Commons Attribution-NonCommercial-ShareAlike 3.0,4.0,12:41,https://www.xeno-canto.org/161778,wesmea/XC161778.ogg
wesmea,[],['call'],38.5458,-106.9253,Sturnella neglecta,Western Meadowlark,Paul Marvin,Creative Commons Attribution-NonCommercial-ShareAlike 3.0,4.0,09:43,https://www.xeno-canto.org/161780,wesmea/XC161780.ogg
wesmea,[],['song'],40.496,-107.2517,Sturnella neglecta,Western Meadowlark,Paul Marvin,Creative Commons Attribution-NonCommercial-ShareAlike 3.0,5.0,12:17,https://www.xeno-canto.org/161781,wesmea/XC161781.ogg
wesmea,[],"['call', 'song']",47.6688,-111.3328,Sturnella neglecta,Western Meadowlark,Paul Marvin,Creative Commons Attribution-NonCommercial-ShareAlike 3.0,5.0,08:26,https://www.xeno-canto.org/161783,wesmea/XC161783.ogg
wesmea,[],['song'],36.5715,-104.583,Sturnella neglecta,Western Meadowlark,Paul Marvin,Creative Commons Attribution-NonCommercial-ShareAlike 3.0,5.0,19:04,https://www.xeno-canto.org/161785,wesmea/XC161785.ogg
wesmea,[],['call'],42.1032,-104.1931,Sturnella neglecta,Western Meadowlark,Paul Marvin,Creative Commons Attribution-NonCommercial-ShareAlike 3.0,4.0,14:20,https://www.xeno-canto.org/161786,wesmea/XC161786.ogg
wesmea,[],['jumbled calls and subsong'],48.4753,-123.4024,Sturnella neglecta,Western Meadowlark,Ian Cruickshank,Creative Commons Attribution-NonCommercial-ShareAlike 3.0,3.0,08:40,https://www.xeno-canto.org/167988,wesmea/XC167988.ogg
wesmea,[],['song'],50.7677,-120.894,Sturnella neglecta,Western Meadowlark,Ian Cruickshank,Creative Commons Attribution-NonCommercial-ShareAlike 3.0,2.5,06:00,https://www.xeno-canto.org/169030,wesmea/XC169030.ogg
wesmea,[],['song'],37.6491,-105.5924,Sturnella neglecta,Western Meadowlark,Ted Floyd,Creative Commons Attribution-NonCommercial-ShareAlike 3.0,4.0,10:38,https://www.xeno-canto.org/170899,wesmea/XC170899.ogg
wesmea,['wesmea'],['song'],40.2495,-105.2181,Sturnella neglecta,Western Meadowlark,Eric DeFonso,Creative Commons Attribution-NonCommercial-ShareAlike 4.0,4.5,06:59,https://www.xeno-canto.org/172447,wesmea/XC172447.ogg
wesmea,[],['song'],40.2495,-105.2181,Sturnella neglecta,Western Meadowlark,Eric DeFonso,Creative Commons Attribution-NonCommercial-ShareAlike 4.0,5.0,07:25,https://www.xeno-canto.org/172448,wesmea/XC172448.ogg
wesmea,[],['song'],38.0998,-103.0845,Sturnella neglecta,Western Meadowlark,Eric DeFonso,Creative Commons Attribution-NonCommercial-ShareAlike 4.0,4.5,10:06,https://www.xeno-canto.org/172625,wesmea/XC172625.ogg
wesmea,[],['song'],43.7279,-84.5869,Sturnella neglecta,Western Meadowlark,Zak Pohlen,Creative Commons Attribution-NonCommercial-ShareAlike 4.0,1.5,08:30,https://www.xeno-canto.org/174388,wesmea/XC174388.ogg
wesmea,[],['song'],43.7279,-84.5798,Sturnella neglecta,Western Meadowlark,Curt Hofer,Creative Commons Attribution-NonCommercial-ShareAlike 4.0,4.0,15:15,https://www.xeno-canto.org/174630,wesmea/XC174630.ogg
wesmea,[],['song'],42.2291,-83.5278,Sturnella neglecta,Western Meadowlark,Don Henise,Creative Commons Attribution-NonCommercial-ShareAlike 4.0,1.5,06:52,https://www.xeno-canto.org/177797,wesmea/XC177797.ogg
wesmea,[],['song'],43.2172,-118.8449,Sturnella neglecta,Western Meadowlark,Eric Cannizzaro,Creative Commons Attribution-NonCommercial-ShareAlike 4.0,4.5,06:30,https://www.xeno-canto.org/179914,wesmea/XC179914.ogg
wesmea,[],['song'],39.4871,-111.9703,Sturnella neglecta,Western Meadowlark,Bobby Wilcox,Creative Commons Attribution-NonCommercial-ShareAlike 4.0,4.0,08:30,https://www.xeno-canto.org/180277,wesmea/XC180277.ogg
wesmea,[],['song'],33.271,-112.7802,Sturnella neglecta,Western Meadowlark,Tim Marquardt,Creative Commons Attribution-NonCommercial-ShareAlike 4.0,3.5,17:08,https://www.xeno-canto.org/183009,wesmea/XC183009.ogg
wesmea,[],['song'],40.6409,-104.3397,Sturnella neglecta,Western Meadowlark,Richard E. Webster,Creative Commons Attribution-NonCommercial-ShareAlike 4.0,4.5,05:31,https://www.xeno-canto.org/184930,wesmea/XC184930.ogg
wesmea,['moudov'],['song'],40.6409,-104.3397,Sturnella neglecta,Western Meadowlark,Richard E. Webster,Creative Commons Attribution-NonCommercial-ShareAlike 4.0,4.5,08:45,https://www.xeno-canto.org/184988,wesmea/XC184988.ogg
wesmea,"['moudov', 'wesmea']",['song'],40.6409,-104.3397,Sturnella neglecta,Western Meadowlark,Richard E. Webster,Creative Commons Attribution-NonCommercial-ShareAlike 4.0,4.5,08:37,https://www.xeno-canto.org/184990,wesmea/XC184990.ogg
wesmea,[],['song'],40.6831,-104.3589,Sturnella neglecta,Western Meadowlark,Richard E. Webster,Creative Commons Attribution-NonCommercial-ShareAlike 4.0,4.5,07:01,https://www.xeno-canto.org/185139,wesmea/XC185139.ogg
wesmea,[],['song'],40.6831,-104.3589,Sturnella neglecta,Western Meadowlark,Richard E. Webster,Creative Commons Attribution-NonCommercial-ShareAlike 4.0,3.5,06:47,https://www.xeno-canto.org/185140,wesmea/XC185140.ogg
wesmea,[],"['flight call', 'song']",40.6831,-104.3589,Sturnella neglecta,Western Meadowlark,Richard E. Webster,Creative Commons Attribution-NonCommercial-ShareAlike 4.0,4.5,06:49,https://www.xeno-canto.org/185141,wesmea/XC185141.ogg
wesmea,[],['flight call'],40.6831,-104.3589,Sturnella neglecta,Western Meadowlark,Richard E. Webster,Creative Commons Attribution-NonCommercial-ShareAlike 4.0,3.5,07:08,https://www.xeno-canto.org/185142,wesmea/XC185142.ogg
wesmea,[],"['call', 'flight song', 'song']",40.6831,-104.3589,Sturnella neglecta,Western Meadowlark,Richard E. Webster,Creative Commons Attribution-NonCommercial-ShareAlike 4.0,4.5,07:07,https://www.xeno-canto.org/185143,wesmea/XC185143.ogg
wesmea,['rinphe'],"['call', 'song']",48.4183,-107.6657,Sturnella neglecta,Western Meadowlark,Richard E. Webster,Creative Commons Attribution-NonCommercial-ShareAlike 4.0,3.5,05:08,https://www.xeno-canto.org/185565,wesmea/XC185565.ogg
wesmea,[],"['call', 'flight song']",48.4183,-107.6657,Sturnella neglecta,Western Meadowlark,Richard E. Webster,Creative Commons Attribution-NonCommercial-ShareAlike 4.0,2.5,08:27,https://www.xeno-canto.org/185566,wesmea/XC185566.ogg
wesmea,['wesmea'],['song'],49.1453,-107.5042,Sturnella neglecta,Western Meadowlark,Richard E. Webster,Creative Commons Attribution-NonCommercial-ShareAlike 4.0,4.5,20:44,https://www.xeno-canto.org/185825,wesmea/XC185825.ogg
wesmea,['wesmea'],['song'],49.1453,-107.5042,Sturnella neglecta,Western Meadowlark,Richard E. Webster,Creative Commons Attribution-NonCommercial-ShareAlike 4.0,3.5,21:04,https://www.xeno-canto.org/185827,wesmea/XC185827.ogg
wesmea,[],"['call', 'song']",49.1453,-107.5042,Sturnella neglecta,Western Meadowlark,Richard E. Webster,Creative Commons Attribution-NonCommercial-ShareAlike 4.0,4.5,21:04,https://www.xeno-canto.org/185829,wesmea/XC185829.ogg
wesmea,['wesmea'],['call'],49.1453,-107.5042,Sturnella neglecta,Western Meadowlark,Richard E. Webster,Creative Commons Attribution-NonCommercial-ShareAlike 4.0,4.5,20:21,https://www.xeno-canto.org/185831,wesmea/XC185831.ogg
wesmea,[],['call'],49.1453,-107.5042,Sturnella neglecta,Western Meadowlark,Richard E. Webster,Creative Commons Attribution-NonCommercial-ShareAlike 4.0,4.5,21:27,https://www.xeno-canto.org/185835,wesmea/XC185835.ogg
wesmea,['rinphe'],['song'],49.1453,-107.5042,Sturnella neglecta,Western Meadowlark,Richard E. Webster,Creative Commons Attribution-NonCommercial-ShareAlike 4.0,4.5,20:14,https://www.xeno-canto.org/185839,wesmea/XC185839.ogg
wesmea,"['rinphe', 'wesmea']","['call', 'song']",49.1453,-107.5042,Sturnella neglecta,Western Meadowlark,Richard E. Webster,Creative Commons Attribution-NonCommercial-ShareAlike 4.0,4.5,20:11,https://www.xeno-canto.org/185844,wesmea/XC185844.ogg
wesmea,['wesmea'],['song'],49.1453,-107.5042,Sturnella neglecta,Western Meadowlark,Richard E. Webster,Creative Commons Attribution-NonCommercial-ShareAlike 4.0,3.5,21:39,https://www.xeno-canto.org/185846,wesmea/XC185846.ogg
wesmea,['wesmea'],['song'],49.1453,-107.5042,Sturnella neglecta,Western Meadowlark,Richard E. Webster,Creative Commons Attribution-NonCommercial-ShareAlike 4.0,4.5,21:41,https://www.xeno-canto.org/185848,wesmea/XC185848.ogg
wesmea,[],['flight song'],49.1453,-107.5042,Sturnella neglecta,Western Meadowlark,Richard E. Webster,Creative Commons Attribution-NonCommercial-ShareAlike 4.0,4.0,21:40,https://www.xeno-canto.org/185850,wesmea/XC185850.ogg
wesmea,[],['song'],49.1453,-107.5042,Sturnella neglecta,Western Meadowlark,Richard E. Webster,Creative Commons Attribution-NonCommercial-ShareAlike 4.0,3.5,21:35,https://www.xeno-canto.org/185852,wesmea/XC185852.ogg
wesmea,"['moudov', 'wesmea']",['song'],49.1453,-107.5042,Sturnella neglecta,Western Meadowlark,Richard E. Webster,Creative Commons Attribution-NonCommercial-ShareAlike 4.0,4.5,04:30,https://www.xeno-canto.org/186324,wesmea/XC186324.ogg
wesmea,"['moudov', 'sora', 'wesmea']",['song'],49.1453,-107.5042,Sturnella neglecta,Western Meadowlark,Richard E. Webster,Creative Commons Attribution-NonCommercial-ShareAlike 4.0,4.5,04:26,https://www.xeno-canto.org/186330,wesmea/XC186330.ogg
wesmea,[],['chase song'],49.1453,-107.5042,Sturnella neglecta,Western Meadowlark,Richard E. Webster,Creative Commons Attribution-NonCommercial-ShareAlike 4.0,5.0,07:24,https://www.xeno-canto.org/186333,wesmea/XC186333.ogg
wesmea,['wesmea'],"['flight song', 'song']",49.1453,-107.5042,Sturnella neglecta,Western Meadowlark,Richard E. Webster,Creative Commons Attribution-NonCommercial-ShareAlike 4.0,4.5,04:43,https://www.xeno-canto.org/186337,wesmea/XC186337.ogg
wesmea,"['moudov', 'wesmea']",['song'],49.0715,-106.5309,Sturnella neglecta,Western Meadowlark,Richard E. Webster,Creative Commons Attribution-NonCommercial-ShareAlike 4.0,4.5,04:39,https://www.xeno-canto.org/186683,wesmea/XC186683.ogg
wesmea,['wesmea'],['song'],49.0715,-106.5309,Sturnella neglecta,Western Meadowlark,Richard E. Webster,Creative Commons Attribution-NonCommercial-ShareAlike 4.0,4.5,06:03,https://www.xeno-canto.org/186686,wesmea/XC186686.ogg
wesmea,[],['song'],49.0715,-106.5309,Sturnella neglecta,Western Meadowlark,Richard E. Webster,Creative Commons Attribution-NonCommercial-ShareAlike 4.0,5.0,06:38,https://www.xeno-canto.org/186688,wesmea/XC186688.ogg
wesmea,['wesmea'],"['flight song', 'song']",49.0715,-106.5309,Sturnella neglecta,Western Meadowlark,Richard E. Webster,Creative Commons Attribution-NonCommercial-ShareAlike 4.0,4.5,06:27,https://www.xeno-canto.org/186691,wesmea/XC186691.ogg
wesmea,[],['song'],46.8762,-113.0448,Sturnella neglecta,Western Meadowlark,Eddy Scheinpflug,Creative Commons Attribution-NonCommercial-ShareAlike 4.0,4.0,07:30,https://www.xeno-canto.org/199592,wesmea/XC199592.ogg
wesmea,[],['song'],40.2495,-105.2181,Sturnella neglecta,Western Meadowlark,Eric DeFonso,Creative Commons Attribution-NonCommercial-ShareAlike 4.0,5.0,08:30,https://www.xeno-canto.org/205281,wesmea/XC205281.ogg
wesmea,['mallar3'],['song'],39.9958,-105.2158,Sturnella neglecta,Western Meadowlark,Eric DeFonso,Creative Commons Attribution-NonCommercial-ShareAlike 4.0,4.5,07:30,https://www.xeno-canto.org/205382,wesmea/XC205382.ogg
wesmea,[],['call'],48.3197,-123.5463,Sturnella neglecta,Western Meadowlark,Ian Cruickshank,Creative Commons Attribution-NonCommercial-ShareAlike 4.0,3.0,10:00,https://www.xeno-canto.org/210104,wesmea/XC210104.ogg
wesmea,[],"['call', 'song']",21.8973,-159.6032,Sturnella neglecta,Western Meadowlark,Ross Gallardy,Creative Commons Attribution-NonCommercial-ShareAlike 4.0,4.0,17:30,https://www.xeno-canto.org/210355,wesmea/XC210355.ogg
wesmea,[],"['call', 'song']",21.8973,-159.6032,Sturnella neglecta,Western Meadowlark,Ross Gallardy,Creative Commons Attribution-NonCommercial-ShareAlike 4.0,4.0,17:30,https://www.xeno-canto.org/210356,wesmea/XC210356.ogg
wesmea,[],"['call', 'song']",21.8973,-159.6032,Sturnella neglecta,Western Meadowlark,Ross Gallardy,Creative Commons Attribution-NonCommercial-ShareAlike 4.0,4.0,17:30,https://www.xeno-canto.org/210358,wesmea/XC210358.ogg
wesmea,[],['song'],40.0215,-105.0941,Sturnella neglecta,Western Meadowlark,Ted Floyd,Creative Commons Attribution-NonCommercial-ShareAlike 4.0,5.0,10:55,https://www.xeno-canto.org/211486,wesmea/XC211486.ogg
wesmea,[],['song'],38.5147,-121.0471,Sturnella neglecta,Western Meadowlark,Jim Holmes,Creative Commons Attribution-NonCommercial-ShareAlike 4.0,5.0,12:00,https://www.xeno-canto.org/212944,wesmea/XC212944.ogg
wesmea,[],['song'],34.8073,-118.234,Sturnella neglecta,Western Meadowlark,Lance A. M. Benner,Creative Commons Attribution-NonCommercial-ShareAlike 4.0,4.0,07:23,https://www.xeno-canto.org/213060,wesmea/XC213060.ogg
wesmea,[],['song'],34.8073,-118.234,Sturnella neglecta,Western Meadowlark,Lance A. M. Benner,Creative Commons Attribution-NonCommercial-ShareAlike 4.0,4.0,07:24,https://www.xeno-canto.org/213061,wesmea/XC213061.ogg
wesmea,[],['song'],40.554,-107.216,Sturnella neglecta,Western Meadowlark,Dan Lane,Creative Commons Attribution-NonCommercial-ShareAlike 4.0,3.5,06:00,https://www.xeno-canto.org/216664,wesmea/XC216664.ogg
wesmea,[],['flight call'],40.554,-107.216,Sturnella neglecta,Western Meadowlark,Dan Lane,Creative Commons Attribution-NonCommercial-ShareAlike 4.0,3.5,06:00,https://www.xeno-canto.org/216667,wesmea/XC216667.ogg
wesmea,[],"['call', 'song']",40.588,-107.275,Sturnella neglecta,Western Meadowlark,Dan Lane,Creative Commons Attribution-NonCommercial-ShareAlike 4.0,3.5,08:00,https://www.xeno-canto.org/216669,wesmea/XC216669.ogg
wesmea,[],"['male', 'song']",40.0457,-105.1446,Sturnella neglecta,Western Meadowlark,Ted Floyd,Creative Commons Attribution-NonCommercial-ShareAlike 4.0,5.0,07:16,https://www.xeno-canto.org/217293,wesmea/XC217293.ogg
wesmea,[],"['""churk"" or ""clurk""', 'call']",32.6865,-93.7899,Sturnella neglecta,Western Meadowlark,Terry Davis,Creative Commons Attribution-NonCommercial-ShareAlike 4.0,2.5,09:34,https://www.xeno-canto.org/217760,wesmea/XC217760.ogg
wesmea,['moudov'],"['call', 'song']",35.2396,-119.9018,Sturnella neglecta,Western Meadowlark,Thomas G. Graves,Creative Commons Attribution-NonCommercial-ShareAlike 4.0,3.5,7:32,https://www.xeno-canto.org/232491,wesmea/XC232491.ogg
wesmea,[],"['call', 'song']",35.2396,-119.9018,Sturnella neglecta,Western Meadowlark,Thomas G. Graves,Creative Commons Attribution-NonCommercial-ShareAlike 4.0,3.5,7:34,https://www.xeno-canto.org/232492,wesmea/XC232492.ogg
wesmea,[],"['call', 'churts and sputters', 'song']",35.2396,-119.9018,Sturnella neglecta,Western Meadowlark,Thomas G. Graves,Creative Commons Attribution-NonCommercial-ShareAlike 4.0,4.5,7:54,https://www.xeno-canto.org/232501,wesmea/XC232501.ogg
wesmea,['moudov'],"['churts and sputters', 'song']",35.2396,-119.9018,Sturnella neglecta,Western Meadowlark,Thomas G. Graves,Creative Commons Attribution-NonCommercial-ShareAlike 4.0,4.5,8:17,https://www.xeno-canto.org/232512,wesmea/XC232512.ogg
wesmea,[],"['call', 'churts and sputters']",35.2396,-119.9018,Sturnella neglecta,Western Meadowlark,Thomas G. Graves,Creative Commons Attribution-NonCommercial-ShareAlike 4.0,5.0,8:21,https://www.xeno-canto.org/232514,wesmea/XC232514.ogg
wesmea,[],['song'],40.0215,-105.0941,Sturnella neglecta,Western Meadowlark,Ted Floyd,Creative Commons Attribution-NonCommercial-ShareAlike 4.0,5.0,06:50,https://www.xeno-canto.org/234211,wesmea/XC234211.ogg
wesmea,[],"['alarm call', 'call', 'flight call', 'male', 'song']",40.016,-105.2765,Sturnella neglecta,Western Meadowlark,Ted Floyd,Creative Commons Attribution-NonCommercial-ShareAlike 4.0,5.0,06:32,https://www.xeno-canto.org/246746,wesmea/XC246746.ogg
wesmea,['mallar3'],['song'],40.0622,-105.1406,Sturnella neglecta,Western Meadowlark,Eric DeFonso,Creative Commons Attribution-NonCommercial-ShareAlike 4.0,4.5,06:09,https://www.xeno-canto.org/246799,wesmea/XC246799.ogg
wesmea,[],['song'],44.1651,-78.6243,Sturnella neglecta,Western Meadowlark,Iain,Creative Commons Attribution-NonCommercial-ShareAlike 4.0,1.5,19:00,https://www.xeno-canto.org/252013,wesmea/XC252013.ogg
wesmea,[],['song'],40.0358,-105.1415,Sturnella neglecta,Western Meadowlark,Eric DeFonso,Creative Commons Attribution-NonCommercial-ShareAlike 4.0,2.5,05:48,https://www.xeno-canto.org/253536,wesmea/XC253536.ogg
wesmea,[],['song'],44.3311,-73.262,Sturnella neglecta,Western Meadowlark,Larry Clarfeld,Creative Commons Attribution-NonCommercial-ShareAlike 4.0,2.5,05:30,https://www.xeno-canto.org/253826,wesmea/XC253826.ogg
wesmea,[],['alarm call'],43.6651,-103.3862,Sturnella neglecta,Western Meadowlark,Jonathon Jongsma,Creative Commons Attribution-ShareAlike 4.0,5.0,10:30,https://www.xeno-canto.org/254452,wesmea/XC254452.ogg
wesmea,[],['call'],43.6571,-103.4143,Sturnella neglecta,Western Meadowlark,Jonathon Jongsma,Creative Commons Attribution-ShareAlike 4.0,4.0,06:30,https://www.xeno-canto.org/254453,wesmea/XC254453.ogg
wesmea,[],['call'],43.6651,-103.3862,Sturnella neglecta,Western Meadowlark,Jonathon Jongsma,Creative Commons Attribution-ShareAlike 4.0,5.0,06:30,https://www.xeno-canto.org/254454,wesmea/XC254454.ogg
wesmea,[],['song'],43.6651,-103.3862,Sturnella neglecta,Western Meadowlark,Jonathon Jongsma,Creative Commons Attribution-ShareAlike 4.0,4.5,07:00,https://www.xeno-canto.org/254455,wesmea/XC254455.ogg
wesmea,[],"['Courtship calls', 'female', 'male']",40.5558,-105.1438,Sturnella neglecta,Western Meadowlark,Nick Komar,Creative Commons Attribution-NonCommercial-ShareAlike 4.0,3.5,07:45,https://www.xeno-canto.org/254533,wesmea/XC254533.ogg
wesmea,[],"['call', 'song']",40.758,-104.0309,Sturnella neglecta,Western Meadowlark,Aidan Place,Creative Commons Attribution-NonCommercial-ShareAlike 4.0,3.0,12:00,https://www.xeno-canto.org/256623,wesmea/XC256623.ogg
wesmea,[],['flight call'],48.5048,-106.5625,Sturnella neglecta,Western Meadowlark,Paul Marvin,Creative Commons Attribution-NonCommercial-ShareAlike 4.0,4.5,09:20,https://www.xeno-canto.org/293805,wesmea/XC293805.ogg
wesmea,[],['call'],48.5048,-106.5625,Sturnella neglecta,Western Meadowlark,Paul Marvin,Creative Commons Attribution-NonCommercial-ShareAlike 4.0,4.5,06:07,https://www.xeno-canto.org/293806,wesmea/XC293806.ogg
wesmea,[],['call'],48.5048,-106.5625,Sturnella neglecta,Western Meadowlark,Paul Marvin,Creative Commons Attribution-NonCommercial-ShareAlike 4.0,4.5,09:07,https://www.xeno-canto.org/293807,wesmea/XC293807.ogg
wesmea,[],['flight call'],48.5048,-106.5625,Sturnella neglecta,Western Meadowlark,Paul Marvin,Creative Commons Attribution-NonCommercial-ShareAlike 4.0,4.5,08:38,https://www.xeno-canto.org/293808,wesmea/XC293808.ogg
wesmea,['cangoo'],['song'],40.5381,-105.0109,Sturnella neglecta,Western Meadowlark,Nick Komar,Creative Commons Attribution-NonCommercial-ShareAlike 4.0,2.5,13:45,https://www.xeno-canto.org/295286,wesmea/XC295286.ogg
wesmea,[],['song'],33.1475,-115.628,Sturnella neglecta,Western Meadowlark,Joshua Jaeger,Creative Commons Attribution-NonCommercial-ShareAlike 4.0,2.0,06:45,https://www.xeno-canto.org/296614,wesmea/XC296614.ogg
wesmea,[],"['call', 'male', 'song']",52.7995,-119.2465,Sturnella neglecta,Western Meadowlark,James Bradley,Creative Commons Attribution-NonCommercial-ShareAlike 4.0,4.0,17:00,https://www.xeno-canto.org/302251,wesmea/XC302251.ogg
wesmea,[],"['song', 'whisper song']",40.7188,-123.9283,Sturnella neglecta,Western Meadowlark,Elias Aristides Elias,Creative Commons Attribution-NonCommercial-ShareAlike 4.0,4.0,16:42,https://www.xeno-canto.org/303685,wesmea/XC303685.ogg
wesmea,[],['wing noise'],40.7188,-123.9283,Sturnella neglecta,Western Meadowlark,Elias Aristides Elias,Creative Commons Attribution-NonCommercial-ShareAlike 4.0,3.0,17:22,https://www.xeno-canto.org/303686,wesmea/XC303686.ogg
wesmea,[],['song'],34.7896,-90.2897,Sturnella neglecta,Western Meadowlark,Hal Mitchell,Creative Commons Attribution-NonCommercial-ShareAlike 4.0,3.0,08:30,https://www.xeno-canto.org/305684,wesmea/XC305684.ogg
wesmea,[],['song'],34.6562,-90.2743,Sturnella neglecta,Western Meadowlark,Hal Mitchell,Creative Commons Attribution-NonCommercial-ShareAlike 4.0,4.0,10:30,https://www.xeno-canto.org/306749,wesmea/XC306749.ogg
wesmea,[],"['call', 'song', 'sputters']",35.1617,-119.8244,Sturnella neglecta,Western Meadowlark,Thomas G. Graves,Creative Commons Attribution-NonCommercial-ShareAlike 4.0,4.5,7:20,https://www.xeno-canto.org/307449,wesmea/XC307449.ogg
wesmea,[],"['call', 'churts and sputters', 'song']",35.1617,-119.8244,Sturnella neglecta,Western Meadowlark,Thomas G. Graves,Creative Commons Attribution-NonCommercial-ShareAlike 4.0,4.5,08:15,https://www.xeno-canto.org/307459,wesmea/XC307459.ogg
wesmea,[],['song'],35.1617,-119.8244,Sturnella neglecta,Western Meadowlark,Thomas G. Graves,Creative Commons Attribution-NonCommercial-ShareAlike 4.0,4.5,8:23,https://www.xeno-canto.org/307460,wesmea/XC307460.ogg
wesmea,['ribgul'],['song'],40.3343,-104.6397,Sturnella neglecta,Western Meadowlark,Sue Riffe,Creative Commons Attribution-NonCommercial-ShareAlike 4.0,2.5,11:30,https://www.xeno-canto.org/310726,wesmea/XC310726.ogg
wesmea,[],['song'],42.11,-88.5391,Sturnella neglecta,Western Meadowlark,Matt Wistrand,Creative Commons Attribution-NonCommercial-ShareAlike 4.0,3.0,11:30,https://www.xeno-canto.org/310757,wesmea/XC310757.ogg
wesmea,['warwhe1'],"['call', 'song']",22.2029,-159.473,Sturnella neglecta,Western Meadowlark,Dan Lane,Creative Commons Attribution-NonCommercial-ShareAlike 4.0,3.5,09:30,https://www.xeno-canto.org/317137,wesmea/XC317137.ogg
wesmea,[],['song'],40.4866,-105.2387,Sturnella neglecta,Western Meadowlark,Nick Komar,Creative Commons Attribution-NonCommercial-ShareAlike 4.0,4.0,06:50,https://www.xeno-canto.org/320545,wesmea/XC320545.ogg
wesmea,[],['song'],51.9946,-122.4253,Sturnella neglecta,Western Meadowlark,Phil Ranson,Creative Commons Attribution-NonCommercial-ShareAlike 4.0,3.5,09:36,https://www.xeno-canto.org/324378,wesmea/XC324378.ogg
wesmea,[],['song'],51.9946,-122.4253,Sturnella neglecta,Western Meadowlark,Phil Ranson,Creative Commons Attribution-NonCommercial-ShareAlike 4.0,3.5,09:38,https://www.xeno-canto.org/324379,wesmea/XC324379.ogg
wesmea,[],"['call', 'song']",37.629,-104.3157,Sturnella neglecta,Western Meadowlark,Sue Riffe,Creative Commons Attribution-NonCommercial-ShareAlike 4.0,3.5,07:05,https://www.xeno-canto.org/325136,wesmea/XC325136.ogg
wesmea,[],['song'],37.0835,-105.871,Sturnella neglecta,Western Meadowlark,Sue Riffe,Creative Commons Attribution-NonCommercial-ShareAlike 4.0,3.5,09:07,https://www.xeno-canto.org/325469,wesmea/XC325469.ogg
wesmea,[],['alarm call'],50.9619,-118.1997,Sturnella neglecta,Western Meadowlark,James Bradley,Creative Commons Attribution-NonCommercial-ShareAlike 4.0,4.0,07:30,https://www.xeno-canto.org/325941,wesmea/XC325941.ogg
wesmea,[],['call'],50.9619,-118.1997,Sturnella neglecta,Western Meadowlark,James Bradley,Creative Commons Attribution-NonCommercial-ShareAlike 4.0,4.0,09:30,https://www.xeno-canto.org/325944,wesmea/XC325944.ogg
wesmea,['wesmea'],['song'],42.11,-88.5391,Sturnella neglecta,Western Meadowlark,Matt Wistrand,Creative Commons Attribution-NonCommercial-ShareAlike 4.0,3.5,06:06,https://www.xeno-canto.org/326695,wesmea/XC326695.ogg
wesmea,[],['song'],42.11,-88.5391,Sturnella neglecta,Western Meadowlark,Matt Wistrand,Creative Commons Attribution-NonCommercial-ShareAlike 4.0,3.5,06:14,https://www.xeno-canto.org/326697,wesmea/XC326697.ogg
wesmea,[],['call'],43.3315,-120.6685,Sturnella neglecta,Western Meadowlark,Ken Burton,Creative Commons Attribution-NonCommercial-ShareAlike 4.0,2.0,07:41,https://www.xeno-canto.org/327948,wesmea/XC327948.ogg
wesmea,[],['song'],41.7453,-83.8003,Sturnella neglecta,Western Meadowlark,Aidan Place,Creative Commons Attribution-NonCommercial-ShareAlike 4.0,3.0,10:00,https://www.xeno-canto.org/332656,wesmea/XC332656.ogg
wesmea,['wesmea'],['song'],29.1834,-108.1226,Sturnella neglecta,Western Meadowlark,Richard E. Webster,Creative Commons Attribution-NonCommercial-ShareAlike 4.0,4.5,07:12,https://www.xeno-canto.org/337563,wesmea/XC337563.ogg
wesmea,[],"['call', 'song']",29.1834,-108.1226,Sturnella neglecta,Western Meadowlark,Richard E. Webster,Creative Commons Attribution-NonCommercial-ShareAlike 4.0,3.5,07:23,https://www.xeno-canto.org/337565,wesmea/XC337565.ogg
wesmea,"['houspa', 'wesmea']","['call', 'song']",29.1834,-108.1226,Sturnella neglecta,Western Meadowlark,Richard E. Webster,Creative Commons Attribution-NonCommercial-ShareAlike 4.0,4.5,07:18,https://www.xeno-canto.org/337566,wesmea/XC337566.ogg
wesmea,['wesmea'],['call'],29.1834,-108.1226,Sturnella neglecta,Western Meadowlark,Richard E. Webster,Creative Commons Attribution-NonCommercial-ShareAlike 4.0,4.5,06:35,https://www.xeno-canto.org/337567,wesmea/XC337567.ogg
wesmea,"['houspa', 'wesmea']",['call'],29.1834,-108.1226,Sturnella neglecta,Western Meadowlark,Richard E. Webster,Creative Commons Attribution-NonCommercial-ShareAlike 4.0,4.5,06:36,https://www.xeno-canto.org/337568,wesmea/XC337568.ogg
wesmea,['wesmea'],['call'],29.1834,-108.1226,Sturnella neglecta,Western Meadowlark,Richard E. Webster,Creative Commons Attribution-NonCommercial-ShareAlike 4.0,4.5,06:42,https://www.xeno-canto.org/337569,wesmea/XC337569.ogg
wesmea,['wesmea'],"['call', 'song']",29.1834,-108.1226,Sturnella neglecta,Western Meadowlark,Richard E. Webster,Creative Commons Attribution-NonCommercial-ShareAlike 4.0,4.5,06:37,https://www.xeno-canto.org/337570,wesmea/XC337570.ogg
wesmea,['wesmea'],"['call', 'song']",29.1834,-108.1226,Sturnella neglecta,Western Meadowlark,Richard E. Webster,Creative Commons Attribution-NonCommercial-ShareAlike 4.0,3.5,06:33,https://www.xeno-canto.org/337571,wesmea/XC337571.ogg
wesmea,['houspa'],"['call', 'song']",29.1834,-108.1226,Sturnella neglecta,Western Meadowlark,Richard E. Webster,Creative Commons Attribution-NonCommercial-ShareAlike 4.0,2.5,06:29,https://www.xeno-canto.org/337573,wesmea/XC337573.ogg
wesmea,['wesmea'],['song'],29.1834,-108.1226,Sturnella neglecta,Western Meadowlark,Richard E. Webster,Creative Commons Attribution-NonCommercial-ShareAlike 4.0,3.5,06:54,https://www.xeno-canto.org/337574,wesmea/XC337574.ogg
wesmea,['wesmea'],"['call', 'song']",29.1834,-108.1226,Sturnella neglecta,Western Meadowlark,Richard E. Webster,Creative Commons Attribution-NonCommercial-ShareAlike 4.0,4.5,07:35,https://www.xeno-canto.org/337575,wesmea/XC337575.ogg
wesmea,"['houspa', 'wesmea']",['song'],29.1834,-108.1226,Sturnella neglecta,Western Meadowlark,Richard E. Webster,Creative Commons Attribution-NonCommercial-ShareAlike 4.0,3.5,06:31,https://www.xeno-canto.org/337577,wesmea/XC337577.ogg
wesmea,['wesmea'],"['call', 'song']",29.1834,-108.1226,Sturnella neglecta,Western Meadowlark,Richard E. Webster,Creative Commons Attribution-NonCommercial-ShareAlike 4.0,3.5,07:48,https://www.xeno-canto.org/337578,wesmea/XC337578.ogg
wesmea,[],['Subsong(?)'],40.5574,-104.9671,Sturnella neglecta,Western Meadowlark,Nick Komar,Creative Commons Attribution-NonCommercial-ShareAlike 4.0,3.0,12:30,https://www.xeno-canto.org/339637,wesmea/XC339637.ogg
wesmea,[],['call'],48.5309,-112.1172,Sturnella neglecta,Western Meadowlark,Thomas Magarian,Creative Commons Attribution-NonCommercial-ShareAlike 4.0,3.0,10:00,https://www.xeno-canto.org/341528,wesmea/XC341528.ogg
wesmea,[],['call'],48.5309,-112.1172,Sturnella neglecta,Western Meadowlark,Thomas Magarian,Creative Commons Attribution-NonCommercial-ShareAlike 4.0,3.0,10:02,https://www.xeno-canto.org/341529,wesmea/XC341529.ogg
wesmea,[],['song'],48.5309,-112.1172,Sturnella neglecta,Western Meadowlark,Thomas Magarian,Creative Commons Attribution-NonCommercial-ShareAlike 4.0,3.0,10:04,https://www.xeno-canto.org/341688,wesmea/XC341688.ogg
wesmea,[],['song'],48.5309,-112.1172,Sturnella neglecta,Western Meadowlark,Thomas Magarian,Creative Commons Attribution-NonCommercial-ShareAlike 4.0,3.0,10:05,https://www.xeno-canto.org/341689,wesmea/XC341689.ogg
wesmea,[],['song'],48.5309,-112.1172,Sturnella neglecta,Western Meadowlark,Thomas Magarian,Creative Commons Attribution-NonCommercial-ShareAlike 4.0,3.0,10:07,https://www.xeno-canto.org/341690,wesmea/XC341690.ogg
wesmea,[],['song'],48.5309,-112.1172,Sturnella neglecta,Western Meadowlark,Thomas Magarian,Creative Commons Attribution-NonCommercial-ShareAlike 4.0,3.0,10:08,https://www.xeno-canto.org/341691,wesmea/XC341691.ogg
wesmea,[],['song'],46.3444,-120.8292,Sturnella neglecta,Western Meadowlark,Bruce Lagerquist,Creative Commons Attribution-NonCommercial-ShareAlike 4.0,4.5,12:30,https://www.xeno-canto.org/342484,wesmea/XC342484.ogg
wesmea,[],['call'],40.0215,-105.0941,Sturnella neglecta,Western Meadowlark,Ted Floyd,Creative Commons Attribution-NonCommercial-ShareAlike 4.0,5.0,15:39,https://www.xeno-canto.org/349624,wesmea/XC349624.ogg
wesmea,[],"['call', 'song']",48.784,-112.0507,Sturnella neglecta,Western Meadowlark,Thomas Magarian,Creative Commons Attribution-NonCommercial-ShareAlike 4.0,3.0,08:15,https://www.xeno-canto.org/355270,wesmea/XC355270.ogg
wesmea,[],['song'],48.784,-112.0507,Sturnella neglecta,Western Meadowlark,Thomas Magarian,Creative Commons Attribution-NonCommercial-ShareAlike 4.0,3.0,08:17,https://www.xeno-canto.org/355271,wesmea/XC355271.ogg
wesmea,[],['song'],48.784,-112.0507,Sturnella neglecta,Western Meadowlark,Thomas Magarian,Creative Commons Attribution-NonCommercial-ShareAlike 4.0,4.0,14:30,https://www.xeno-canto.org/355284,wesmea/XC355284.ogg
wesmea,[],['song'],48.4555,-111.367,Sturnella neglecta,Western Meadowlark,Thomas Magarian,Creative Commons Attribution-NonCommercial-ShareAlike 4.0,3.0,14:31,https://www.xeno-canto.org/355285,wesmea/XC355285.ogg
wesmea,[],['song'],48.4043,-111.2368,Sturnella neglecta,Western Meadowlark,Thomas Magarian,Creative Commons Attribution-NonCommercial-ShareAlike 4.0,3.0,16:19,https://www.xeno-canto.org/355287,wesmea/XC355287.ogg
wesmea,[],['call'],48.784,-112.0507,Sturnella neglecta,Western Meadowlark,Thomas Magarian,Creative Commons Attribution-NonCommercial-ShareAlike 4.0,3.0,10:05,https://www.xeno-canto.org/355300,wesmea/XC355300.ogg
wesmea,[],['song'],48.784,-112.0507,Sturnella neglecta,Western Meadowlark,Thomas Magarian,Creative Commons Attribution-NonCommercial-ShareAlike 4.0,3.0,06:19,https://www.xeno-canto.org/355301,wesmea/XC355301.ogg
wesmea,[],['song'],48.784,-112.0507,Sturnella neglecta,Western Meadowlark,Thomas Magarian,Creative Commons Attribution-NonCommercial-ShareAlike 4.0,3.0,06:32,https://www.xeno-canto.org/355302,wesmea/XC355302.ogg
wesmea,[],['song'],48.784,-112.0507,Sturnella neglecta,Western Meadowlark,Thomas Magarian,Creative Commons Attribution-NonCommercial-ShareAlike 4.0,2.5,07:46,https://www.xeno-canto.org/355303,wesmea/XC355303.ogg
wesmea,[],['song'],48.5309,-112.1172,Sturnella neglecta,Western Meadowlark,Thomas Magarian,Creative Commons Attribution-NonCommercial-ShareAlike 4.0,3.0,09:38,https://www.xeno-canto.org/355304,wesmea/XC355304.ogg
wesmea,[],"['call', 'song']",48.5309,-112.1172,Sturnella neglecta,Western Meadowlark,Thomas Magarian,Creative Commons Attribution-NonCommercial-ShareAlike 4.0,4.0,09:40,https://www.xeno-canto.org/355305,wesmea/XC355305.ogg
wesmea,[],['song'],48.5309,-112.1172,Sturnella neglecta,Western Meadowlark,Thomas Magarian,Creative Commons Attribution-NonCommercial-ShareAlike 4.0,4.0,09:42,https://www.xeno-canto.org/355306,wesmea/XC355306.ogg
wesmea,[],['song'],48.5309,-112.1172,Sturnella neglecta,Western Meadowlark,Thomas Magarian,Creative Commons Attribution-NonCommercial-ShareAlike 4.0,4.0,09:46,https://www.xeno-canto.org/355344,wesmea/XC355344.ogg
wesmea,[],['song'],48.5309,-112.1172,Sturnella neglecta,Western Meadowlark,Thomas Magarian,Creative Commons Attribution-NonCommercial-ShareAlike 4.0,4.0,09:47,https://www.xeno-canto.org/355345,wesmea/XC355345.ogg
wesmea,[],['song'],48.5309,-112.1172,Sturnella neglecta,Western Meadowlark,Thomas Magarian,Creative Commons Attribution-NonCommercial-ShareAlike 4.0,4.0,09:48,https://www.xeno-canto.org/355347,wesmea/XC355347.ogg
wesmea,[],['song'],48.5309,-112.1172,Sturnella neglecta,Western Meadowlark,Thomas Magarian,Creative Commons Attribution-NonCommercial-ShareAlike 4.0,4.0,09:50,https://www.xeno-canto.org/355348,wesmea/XC355348.ogg
wesmea,[],['song'],48.5309,-112.1172,Sturnella neglecta,Western Meadowlark,Thomas Magarian,Creative Commons Attribution-NonCommercial-ShareAlike 4.0,4.0,09:51,https://www.xeno-canto.org/355349,wesmea/XC355349.ogg
wesmea,[],"['Flight song', 'call', 'song']",48.1506,-107.013,Sturnella neglecta,Western Meadowlark,Thomas Magarian,Creative Commons Attribution-NonCommercial-ShareAlike 4.0,4.0,15:10,https://www.xeno-canto.org/355351,wesmea/XC355351.ogg
wesmea,[],['song'],48.784,-112.0507,Sturnella neglecta,Western Meadowlark,Thomas Magarian,Creative Commons Attribution-NonCommercial-ShareAlike 4.0,3.0,05:20,https://www.xeno-canto.org/355352,wesmea/XC355352.ogg
wesmea,[],"['call', 'song']",48.784,-112.0507,Sturnella neglecta,Western Meadowlark,Thomas Magarian,Creative Commons Attribution-NonCommercial-ShareAlike 4.0,3.0,06:04,https://www.xeno-canto.org/355354,wesmea/XC355354.ogg
wesmea,[],"['call', 'song']",48.784,-112.0507,Sturnella neglecta,Western Meadowlark,Thomas Magarian,Creative Commons Attribution-NonCommercial-ShareAlike 4.0,3.0,06:05,https://www.xeno-canto.org/355355,wesmea/XC355355.ogg
wesmea,[],"['Flight song', 'song']",48.635,-112.3305,Sturnella neglecta,Western Meadowlark,Thomas Magarian,Creative Commons Attribution-NonCommercial-ShareAlike 4.0,4.0,17:16,https://www.xeno-canto.org/355356,wesmea/XC355356.ogg
wesmea,"['cangoo', 'moudov']",['song'],48.01,-106.4336,Sturnella neglecta,Western Meadowlark,Thomas Magarian,Creative Commons Attribution-NonCommercial-ShareAlike 4.0,3.5,19:40,https://www.xeno-canto.org/355357,wesmea/XC355357.ogg
wesmea,[],['song'],48.4183,-107.6657,Sturnella neglecta,Western Meadowlark,Thomas Magarian,Creative Commons Attribution-NonCommercial-ShareAlike 4.0,3.5,12:24,https://www.xeno-canto.org/355360,wesmea/XC355360.ogg
wesmea,[],"['call', 'flight song', 'song']",48.784,-112.0507,Sturnella neglecta,Western Meadowlark,Thomas Magarian,Creative Commons Attribution-NonCommercial-ShareAlike 4.0,3.5,07:52,https://www.xeno-canto.org/355361,wesmea/XC355361.ogg
wesmea,[],"['flight song', 'song']",48.784,-112.0507,Sturnella neglecta,Western Meadowlark,Thomas Magarian,Creative Commons Attribution-NonCommercial-ShareAlike 4.0,2.5,08:15,https://www.xeno-canto.org/355363,wesmea/XC355363.ogg
wesmea,[],"['flight song', 'song']",48.784,-112.0507,Sturnella neglecta,Western Meadowlark,Thomas Magarian,Creative Commons Attribution-NonCommercial-ShareAlike 4.0,2.5,07:41,https://www.xeno-canto.org/355365,wesmea/XC355365.ogg
wesmea,['mallar3'],"['flight song', 'song']",48.784,-112.0507,Sturnella neglecta,Western Meadowlark,Thomas Magarian,Creative Commons Attribution-NonCommercial-ShareAlike 4.0,2.5,05:40,https://www.xeno-canto.org/355366,wesmea/XC355366.ogg
wesmea,['mallar3'],"['flight song', 'song']",48.784,-112.0507,Sturnella neglecta,Western Meadowlark,Thomas Magarian,Creative Commons Attribution-NonCommercial-ShareAlike 4.0,3.5,06:12,https://www.xeno-canto.org/355367,wesmea/XC355367.ogg
wesmea,[],['song'],48.4555,-111.367,Sturnella neglecta,Western Meadowlark,Thomas Magarian,Creative Commons Attribution-NonCommercial-ShareAlike 4.0,3.0,13:44,https://www.xeno-canto.org/355368,wesmea/XC355368.ogg
wesmea,[],['song'],48.784,-112.0507,Sturnella neglecta,Western Meadowlark,Thomas Magarian,Creative Commons Attribution-NonCommercial-ShareAlike 4.0,2.5,08:50,https://www.xeno-canto.org/355369,wesmea/XC355369.ogg
wesmea,[],['song'],48.5309,-112.1172,Sturnella neglecta,Western Meadowlark,Thomas Magarian,Creative Commons Attribution-NonCommercial-ShareAlike 4.0,4.5,10:09,https://www.xeno-canto.org/355370,wesmea/XC355370.ogg
wesmea,[],['song'],48.5309,-112.1172,Sturnella neglecta,Western Meadowlark,Thomas Magarian,Creative Commons Attribution-NonCommercial-ShareAlike 4.0,4.5,10:10,https://www.xeno-canto.org/355371,wesmea/XC355371.ogg
wesmea,[],['song'],48.5309,-112.1172,Sturnella neglecta,Western Meadowlark,Thomas Magarian,Creative Commons Attribution-NonCommercial-ShareAlike 4.0,3.5,10:12,https://www.xeno-canto.org/355372,wesmea/XC355372.ogg
wesmea,[],"['call', 'song']",48.784,-112.0507,Sturnella neglecta,Western Meadowlark,Thomas Magarian,Creative Commons Attribution-NonCommercial-ShareAlike 4.0,2.5,06:21,https://www.xeno-canto.org/355373,wesmea/XC355373.ogg
wesmea,[],['song'],48.784,-112.0507,Sturnella neglecta,Western Meadowlark,Thomas Magarian,Creative Commons Attribution-NonCommercial-ShareAlike 4.0,2.5,07:27,https://www.xeno-canto.org/355374,wesmea/XC355374.ogg
wesmea,[],"['call', 'song']",48.784,-112.0507,Sturnella neglecta,Western Meadowlark,Thomas Magarian,Creative Commons Attribution-NonCommercial-ShareAlike 4.0,2.5,04:35,https://www.xeno-canto.org/355375,wesmea/XC355375.ogg
wesmea,[],"['call', 'song']",48.784,-112.0507,Sturnella neglecta,Western Meadowlark,Thomas Magarian,Creative Commons Attribution-NonCommercial-ShareAlike 4.0,2.5,06:46,https://www.xeno-canto.org/355376,wesmea/XC355376.ogg
wesmea,[],"['call', 'song']",48.784,-112.0507,Sturnella neglecta,Western Meadowlark,Thomas Magarian,Creative Commons Attribution-NonCommercial-ShareAlike 4.0,2.5,07:19,https://www.xeno-canto.org/355377,wesmea/XC355377.ogg
wesmea,[],['song'],48.784,-112.0507,Sturnella neglecta,Western Meadowlark,Thomas Magarian,Creative Commons Attribution-NonCommercial-ShareAlike 4.0,3.5,08:29,https://www.xeno-canto.org/355378,wesmea/XC355378.ogg
wesmea,[],['song'],47.5339,-111.2291,Sturnella neglecta,Western Meadowlark,Thomas Magarian,Creative Commons Attribution-NonCommercial-ShareAlike 4.0,3.5,12:30,https://www.xeno-canto.org/355379,wesmea/XC355379.ogg
wesmea,[],['song'],48.784,-112.0507,Sturnella neglecta,Western Meadowlark,Thomas Magarian,Creative Commons Attribution-NonCommercial-ShareAlike 4.0,2.5,05:20,https://www.xeno-canto.org/355380,wesmea/XC355380.ogg
wesmea,[],['song'],48.784,-112.0507,Sturnella neglecta,Western Meadowlark,Thomas Magarian,Creative Commons Attribution-NonCommercial-ShareAlike 4.0,3.5,10:48,https://www.xeno-canto.org/355381,wesmea/XC355381.ogg
wesmea,[],['song'],48.784,-112.0507,Sturnella neglecta,Western Meadowlark,Thomas Magarian,Creative Commons Attribution-NonCommercial-ShareAlike 4.0,2.5,05:50,https://www.xeno-canto.org/355382,wesmea/XC355382.ogg
wesmea,[],['song'],48.784,-112.0507,Sturnella neglecta,Western Meadowlark,Thomas Magarian,Creative Commons Attribution-NonCommercial-ShareAlike 4.0,2.5,05:51,https://www.xeno-canto.org/355383,wesmea/XC355383.ogg
wesmea,[],"['flight call', 'song']",48.784,-112.0507,Sturnella neglecta,Western Meadowlark,Thomas Magarian,Creative Commons Attribution-NonCommercial-ShareAlike 4.0,2.5,05:53,https://www.xeno-canto.org/355384,wesmea/XC355384.ogg
wesmea,[],['call'],48.784,-112.0507,Sturnella neglecta,Western Meadowlark,Thomas Magarian,Creative Commons Attribution-NonCommercial-ShareAlike 4.0,2.5,07:10,https://www.xeno-canto.org/355385,wesmea/XC355385.ogg
wesmea,[],['call'],48.784,-112.0507,Sturnella neglecta,Western Meadowlark,Thomas Magarian,Creative Commons Attribution-NonCommercial-ShareAlike 4.0,2.5,11:57,https://www.xeno-canto.org/355386,wesmea/XC355386.ogg
wesmea,[],"['call', 'song']",48.784,-112.0507,Sturnella neglecta,Western Meadowlark,Thomas Magarian,Creative Commons Attribution-NonCommercial-ShareAlike 4.0,3.5,07:14,https://www.xeno-canto.org/355387,wesmea/XC355387.ogg
wesmea,[],['song'],48.784,-112.0507,Sturnella neglecta,Western Meadowlark,Thomas Magarian,Creative Commons Attribution-NonCommercial-ShareAlike 4.0,2.5,11:38,https://www.xeno-canto.org/355388,wesmea/XC355388.ogg
wesmea,[],['song'],48.784,-112.0507,Sturnella neglecta,Western Meadowlark,Thomas Magarian,Creative Commons Attribution-NonCommercial-ShareAlike 4.0,2.5,07:02,https://www.xeno-canto.org/355389,wesmea/XC355389.ogg
wesmea,[],['song'],30.7795,-91.6116,Sturnella neglecta,Western Meadowlark,Dan Lane,Creative Commons Attribution-NonCommercial-ShareAlike 4.0,3.0,08:00,https://www.xeno-canto.org/357087,wesmea/XC357087.ogg
wesmea,['snogoo'],['song'],37.1779,-120.6158,Sturnella neglecta,Western Meadowlark,Thomas G. Graves,Creative Commons Attribution-NonCommercial-ShareAlike 4.0,4.5,8:29,https://www.xeno-canto.org/357651,wesmea/XC357651.ogg
wesmea,[],"['call', 'song']",37.1779,-120.6158,Sturnella neglecta,Western Meadowlark,Thomas G. Graves,Creative Commons Attribution-NonCommercial-ShareAlike 4.0,4.5,9:09,https://www.xeno-canto.org/357660,wesmea/XC357660.ogg
wesmea,[],"['secondary softer vocalization', 'song']",47.204,-120.727,Sturnella neglecta,Western Meadowlark,Bruce Lagerquist,Creative Commons Attribution-NonCommercial-ShareAlike 4.0,4.5,12:00,https://www.xeno-canto.org/367439,wesmea/XC367439.ogg
wesmea,[],['song'],40.6595,-104.3516,Sturnella neglecta,Western Meadowlark,Sue Riffe,Creative Commons Attribution-NonCommercial-ShareAlike 4.0,5.0,1:32,https://www.xeno-canto.org/368591,wesmea/XC368591.ogg
wesmea,['rinphe'],['song'],39.6428,-102.1585,Sturnella neglecta,Western Meadowlark,Sue Riffe,Creative Commons Attribution-NonCommercial-ShareAlike 4.0,4.5,6:45,https://www.xeno-canto.org/368629,wesmea/XC368629.ogg
wesmea,[],['song'],39.6428,-102.1585,Sturnella neglecta,Western Meadowlark,Sue Riffe,Creative Commons Attribution-NonCommercial-ShareAlike 4.0,4.5,6:46,https://www.xeno-canto.org/368631,wesmea/XC368631.ogg
wesmea,[],['song'],39.6428,-102.1585,Sturnella neglecta,Western Meadowlark,Sue Riffe,Creative Commons Attribution-NonCommercial-ShareAlike 4.0,4.5,6:47,https://www.xeno-canto.org/368644,wesmea/XC368644.ogg
wesmea,[],['song'],33.9053,-106.8681,Sturnella neglecta,Western Meadowlark,Russ Wigh,Creative Commons Attribution-NonCommercial-ShareAlike 4.0,5.0,07:30,https://www.xeno-canto.org/370746,wesmea/XC370746.ogg
wesmea,[],['call'],47.204,-120.727,Sturnella neglecta,Western Meadowlark,Bruce Lagerquist,Creative Commons Attribution-NonCommercial-ShareAlike 4.0,5.0,14:00,https://www.xeno-canto.org/371333,wesmea/XC371333.ogg
wesmea,[],"['call', 'song']",48.784,-112.0507,Sturnella neglecta,Western Meadowlark,Thomas Magarian,Creative Commons Attribution-NonCommercial-ShareAlike 4.0,0.0,15:21,https://www.xeno-canto.org/371739,wesmea/XC371739.ogg
wesmea,[],['song'],25.0202,-100.5896,Sturnella neglecta,Western Meadowlark,Manuel Grosselet,Creative Commons Attribution-NonCommercial-ShareAlike 4.0,5.0,10:00,https://www.xeno-canto.org/371783,wesmea/XC371783.ogg
wesmea,[],['song'],25.0202,-100.5896,Sturnella neglecta,Western Meadowlark,Manuel Grosselet,Creative Commons Attribution-NonCommercial-ShareAlike 4.0,4.5,10:00,https://www.xeno-canto.org/371784,wesmea/XC371784.ogg
wesmea,[],['song'],25.0202,-100.5896,Sturnella neglecta,Western Meadowlark,Manuel Grosselet,Creative Commons Attribution-NonCommercial-ShareAlike 4.0,5.0,10:00,https://www.xeno-canto.org/371786,wesmea/XC371786.ogg
wesmea,[],['song'],25.0202,-100.5896,Sturnella neglecta,Western Meadowlark,Manuel Grosselet,Creative Commons Attribution-NonCommercial-ShareAlike 4.0,5.0,09:30,https://www.xeno-canto.org/371788,wesmea/XC371788.ogg
wesmea,[],"['Flight song', 'song']",48.5309,-112.1172,Sturnella neglecta,Western Meadowlark,Thomas Magarian,Creative Commons Attribution-NonCommercial-ShareAlike 4.0,0.0,08:38,https://www.xeno-canto.org/372032,wesmea/XC372032.ogg
wesmea,[],['song'],48.5309,-112.1172,Sturnella neglecta,Western Meadowlark,Thomas Magarian,Creative Commons Attribution-NonCommercial-ShareAlike 4.0,0.0,09:09,https://www.xeno-canto.org/372033,wesmea/XC372033.ogg
wesmea,[],"['Flight song', 'song']",48.5309,-112.1172,Sturnella neglecta,Western Meadowlark,Thomas Magarian,Creative Commons Attribution-NonCommercial-ShareAlike 4.0,3.5,09:12,https://www.xeno-canto.org/372034,wesmea/XC372034.ogg
wesmea,['wesmea'],['song'],40.6967,-104.3996,Sturnella neglecta,Western Meadowlark,Bobby Wilcox,Creative Commons Attribution-NonCommercial-ShareAlike 4.0,3.5,08:00,https://www.xeno-canto.org/373512,wesmea/XC373512.ogg
wesmea,[],['song'],48.0185,-106.4556,Sturnella neglecta,Western Meadowlark,Matt Wistrand,Creative Commons Attribution-NonCommercial-ShareAlike 4.0,5.0,18:26,https://www.xeno-canto.org/374030,wesmea/XC374030.ogg
wesmea,[],['call'],48.0185,-106.4556,Sturnella neglecta,Western Meadowlark,Matt Wistrand,Creative Commons Attribution-NonCommercial-ShareAlike 4.0,5.0,18:15,https://www.xeno-canto.org/374031,wesmea/XC374031.ogg
wesmea,[],['Short song'],40.9489,-105.0752,Sturnella neglecta,Western Meadowlark,Nick Komar,Creative Commons Attribution-NonCommercial-ShareAlike 4.0,3.0,09:00,https://www.xeno-canto.org/375118,wesmea/XC375118.ogg
wesmea,['wesmea'],"['male', 'song']",39.2384,-119.7668,Sturnella neglecta,Western Meadowlark,Bobby Wilcox,Creative Commons Attribution-NonCommercial-ShareAlike 4.0,3.5,10:00,https://www.xeno-canto.org/375744,wesmea/XC375744.ogg
wesmea,[],"['male', 'song']",39.2384,-119.7668,Sturnella neglecta,Western Meadowlark,Bobby Wilcox,Creative Commons Attribution-NonCommercial-ShareAlike 4.0,3.5,10:00,https://www.xeno-canto.org/375745,wesmea/XC375745.ogg
wesmea,[],"['male', 'song']",41.5822,-118.7333,Sturnella neglecta,Western Meadowlark,Bobby Wilcox,Creative Commons Attribution-NonCommercial-ShareAlike 4.0,4.0,12:00,https://www.xeno-canto.org/375754,wesmea/XC375754.ogg
wesmea,[],['song'],53.2756,-120.0789,Sturnella neglecta,Western Meadowlark,Jeff Dyck,Creative Commons Attribution-NonCommercial-ShareAlike 4.0,4.5,14:30,https://www.xeno-canto.org/376423,wesmea/XC376423.ogg
wesmea,[],['song'],39.6466,-120.3786,Sturnella neglecta,Western Meadowlark,Jeremy Minns,Creative Commons Attribution-NonCommercial-ShareAlike 4.0,5.0,09:38,https://www.xeno-canto.org/377864,wesmea/XC377864.ogg
wesmea,[],['song'],34.9051,-119.8852,Sturnella neglecta,Western Meadowlark,Guy Kirwan,Creative Commons Attribution-NonCommercial-ShareAlike 4.0,5.0,08:00,https://www.xeno-canto.org/390106,wesmea/XC390106.ogg
wesmea,[],['song'],25.1137,-101.093,Sturnella neglecta,Western Meadowlark,Leonardo Guzman Hernandez,Creative Commons Attribution-NonCommercial-ShareAlike 4.0,5.0,10:30,https://www.xeno-canto.org/398813,wesmea/XC398813.ogg
wesmea,[],['song'],25.3309,-100.8544,Sturnella neglecta,Western Meadowlark,Leonardo Guzman Hernandez,Creative Commons Attribution-NonCommercial-ShareAlike 4.0,3.0,10:30,https://www.xeno-canto.org/406586,wesmea/XC406586.ogg
wesmea,[],['song'],35.5914,-106.0253,Sturnella neglecta,Western Meadowlark,Scott Crabtree,Creative Commons Attribution-NonCommercial-ShareAlike 4.0,4.0,09:18,https://www.xeno-canto.org/407866,wesmea/XC407866.ogg
wesmea,[],['song'],45.83,-111.8652,Sturnella neglecta,Western Meadowlark,Tom Forwood Jr.,Creative Commons Attribution-NonCommercial-ShareAlike 4.0,4.0,05:00,https://www.xeno-canto.org/408939,wesmea/XC408939.ogg
wesmea,['ribgul'],['song'],47.3815,-114.0322,Sturnella neglecta,Western Meadowlark,Kent Livezey,Creative Commons Attribution-NonCommercial-ShareAlike 4.0,3.5,12:01,https://www.xeno-canto.org/416307,wesmea/XC416307.ogg
wesmea,[],['song'],38.7509,-114.5653,Sturnella neglecta,Western Meadowlark,Bobby Wilcox,Creative Commons Attribution-NonCommercial-ShareAlike 4.0,4.0,12:00,https://www.xeno-canto.org/418020,wesmea/XC418020.ogg
wesmea,[],['song'],38.4707,-114.6532,Sturnella neglecta,Western Meadowlark,Bobby Wilcox,Creative Commons Attribution-NonCommercial-ShareAlike 4.0,5.0,10:00,https://www.xeno-canto.org/418077,wesmea/XC418077.ogg
wesmea,['normoc'],['song'],38.7509,-114.5653,Sturnella neglecta,Western Meadowlark,Bobby Wilcox,Creative Commons Attribution-NonCommercial-ShareAlike 4.0,3.5,07:00,https://www.xeno-canto.org/420257,wesmea/XC420257.ogg
wesmea,[],['song'],39.1778,-114.389,Sturnella neglecta,Western Meadowlark,Bobby Wilcox,Creative Commons Attribution-NonCommercial-ShareAlike 4.0,4.0,08:00,https://www.xeno-canto.org/420262,wesmea/XC420262.ogg
wesmea,[],['song'],39.1778,-114.389,Sturnella neglecta,Western Meadowlark,Bobby Wilcox,Creative Commons Attribution-NonCommercial-ShareAlike 4.0,4.0,08:30,https://www.xeno-canto.org/420263,wesmea/XC420263.ogg
wesmea,[],['song'],37.629,-104.3157,Sturnella neglecta,Western Meadowlark,Sue Riffe,Creative Commons Attribution-NonCommercial-ShareAlike 4.0,4.0,05:10,https://www.xeno-canto.org/424770,wesmea/XC424770.ogg
wesmea,[],['song'],48.4732,-123.3999,Sturnella neglecta,Western Meadowlark,CARL HUGHES,Creative Commons Attribution-NonCommercial-ShareAlike 4.0,4.0,10:30,https://www.xeno-canto.org/425024,wesmea/XC425024.ogg
wesmea,[],['call'],40.6161,-117.3455,Sturnella neglecta,Western Meadowlark,Bobby Wilcox,Creative Commons Attribution-NonCommercial-ShareAlike 4.0,4.0,05:00,https://www.xeno-canto.org/425095,wesmea/XC425095.ogg
wesmea,[],['call'],46.7691,-124.0975,Sturnella neglecta,Western Meadowlark,Rachel Hudson,Creative Commons Attribution-NonCommercial-ShareAlike 4.0,5.0,16:00,https://www.xeno-canto.org/440250,wesmea/XC440250.ogg
wesmea,[],['song'],38.5313,-121.0443,Sturnella neglecta,Western Meadowlark,Ed Pandolfino,Creative Commons Attribution-NonCommercial-ShareAlike 4.0,4.0,09:25,https://www.xeno-canto.org/442211,wesmea/XC442211.ogg
wesmea,[],['song'],41.6927,-121.548,Sturnella neglecta,Western Meadowlark,Ed Pandolfino,Creative Commons Attribution-NonCommercial-ShareAlike 4.0,4.5,07:39,https://www.xeno-canto.org/442212,wesmea/XC442212.ogg
wesmea,[],['flight call'],32.7802,-117.2154,Sturnella neglecta,Western Meadowlark,Paul Marvin,Creative Commons Attribution-NonCommercial-ShareAlike 4.0,3.0,15:15,https://www.xeno-canto.org/448722,wesmea/XC448722.ogg
wesmea,[],['song'],33.0881,-115.7097,Sturnella neglecta,Western Meadowlark,Paul Marvin,Creative Commons Attribution-NonCommercial-ShareAlike 4.0,4.0,09:27,https://www.xeno-canto.org/452089,wesmea/XC452089.ogg
wesmea,[],"['call', 'song']",32.6287,-116.923,Sturnella neglecta,Western Meadowlark,Paul Marvin,Creative Commons Attribution-NonCommercial-ShareAlike 4.0,5.0,08:25,https://www.xeno-canto.org/453112,wesmea/XC453112.ogg
wesmea,[],"['call', 'song']",33.354,-114.6867,Sturnella neglecta,Western Meadowlark,Paul Marvin,Creative Commons Attribution-NonCommercial-ShareAlike 4.0,3.5,16:32,https://www.xeno-canto.org/453179,wesmea/XC453179.ogg
wesmea,['houfin'],['song'],33.0461,-116.9362,Sturnella neglecta,Western Meadowlark,Paul Marvin,Creative Commons Attribution-NonCommercial-ShareAlike 4.0,4.5,09:19,https://www.xeno-canto.org/453337,wesmea/XC453337.ogg
wesmea,[],['call'],33.0461,-116.9362,Sturnella neglecta,Western Meadowlark,Paul Marvin,Creative Commons Attribution-NonCommercial-ShareAlike 4.0,4.0,09:15,https://www.xeno-canto.org/453338,wesmea/XC453338.ogg
wesmea,[],['call'],31.9387,-105.2013,Sturnella neglecta,Western Meadowlark,Paul Marvin,Creative Commons Attribution-NonCommercial-ShareAlike 4.0,4.5,08:57,https://www.xeno-canto.org/453904,wesmea/XC453904.ogg
wesmea,[],['song'],31.9387,-105.2013,Sturnella neglecta,Western Meadowlark,Paul Marvin,Creative Commons Attribution-NonCommercial-ShareAlike 4.0,4.5,08:55,https://www.xeno-canto.org/453905,wesmea/XC453905.ogg
wesmea,[],['call'],35.5511,-105.1667,Sturnella neglecta,Western Meadowlark,Paul Marvin,Creative Commons Attribution-NonCommercial-ShareAlike 4.0,5.0,16:25,https://www.xeno-canto.org/459590,wesmea/XC459590.ogg
wesmea,[],['song'],35.5511,-105.1667,Sturnella neglecta,Western Meadowlark,Paul Marvin,Creative Commons Attribution-NonCommercial-ShareAlike 4.0,5.0,16:56,https://www.xeno-canto.org/459591,wesmea/XC459591.ogg
wesmea,[],['song'],35.2396,-119.9018,Sturnella neglecta,Western Meadowlark,Thomas G. Graves,Creative Commons Attribution-NonCommercial-ShareAlike 4.0,4.5,8:40,https://www.xeno-canto.org/459746,wesmea/XC459746.ogg
wesmea,['wesmea'],"['Chup', 'Rattle', 'call', 'song']",35.2396,-119.9018,Sturnella neglecta,Western Meadowlark,Thomas G. Graves,Creative Commons Attribution-NonCommercial-ShareAlike 4.0,4.5,9:08,https://www.xeno-canto.org/459752,wesmea/XC459752.ogg
wesmea,['wesmea'],"['Rattle', 'call', 'song']",35.2396,-119.9018,Sturnella neglecta,Western Meadowlark,Thomas G. Graves,Creative Commons Attribution-NonCommercial-ShareAlike 4.0,4.5,9:20,https://www.xeno-canto.org/459756,wesmea/XC459756.ogg
wesmea,[],['song'],34.9808,-106.677,Sturnella neglecta,Western Meadowlark,TJ Hathcock,Creative Commons Attribution-NonCommercial-ShareAlike 4.0,4.0,07:30,https://www.xeno-canto.org/465605,wesmea/XC465605.ogg
wesmea,[],['song'],40.9006,-91.0928,Sturnella neglecta,Western Meadowlark,Bobby Wilcox,Creative Commons Attribution-NonCommercial-ShareAlike 4.0,4.0,18:30,https://www.xeno-canto.org/466361,wesmea/XC466361.ogg
wesmea,[],['call'],40.9006,-91.0928,Sturnella neglecta,Western Meadowlark,Bobby Wilcox,Creative Commons Attribution-NonCommercial-ShareAlike 4.0,4.0,18:30,https://www.xeno-canto.org/466445,wesmea/XC466445.ogg
wesmea,[],['song'],38.5441,-121.8544,Sturnella neglecta,Western Meadowlark,Steve Hampton,Creative Commons Attribution-NonCommercial-ShareAlike 4.0,4.5,10:30,https://www.xeno-canto.org/467104,wesmea/XC467104.ogg
wesmea,[],['call'],46.8983,-123.0497,Sturnella neglecta,Western Meadowlark,bowtyler,Creative Commons Attribution-NonCommercial-ShareAlike 4.0,4.5,07:07,https://www.xeno-canto.org/472284,wesmea/XC472284.ogg
wesmea,[],"['call', 'song']",46.8983,-123.0497,Sturnella neglecta,Western Meadowlark,bowtyler,Creative Commons Attribution-NonCommercial-ShareAlike 4.0,4.5,07:09,https://www.xeno-canto.org/472287,wesmea/XC472287.ogg
wesmea,[],['call'],46.8983,-123.0497,Sturnella neglecta,Western Meadowlark,bowtyler,Creative Commons Attribution-NonCommercial-ShareAlike 4.0,4.5,07:12,https://www.xeno-canto.org/472289,wesmea/XC472289.ogg
wesmea,"['houfin', 'houspa']",['song'],36.72,-102.5354,Sturnella neglecta,Western Meadowlark,Matthew L. Brady,Creative Commons Attribution-NonCommercial-ShareAlike 4.0,4.5,12:00,https://www.xeno-canto.org/473804,wesmea/XC473804.ogg
wesmea,[],['song'],41.6372,-118.6945,Sturnella neglecta,Western Meadowlark,Bobby Wilcox,Creative Commons Attribution-NonCommercial-ShareAlike 4.0,4.5,05:00,https://www.xeno-canto.org/477781,wesmea/XC477781.ogg
wesmea,[],['song'],41.7539,-115.1074,Sturnella neglecta,Western Meadowlark,Ed Pandolfino,Creative Commons Attribution-NonCommercial-ShareAlike 4.0,5.0,09:21,https://www.xeno-canto.org/482210,wesmea/XC482210.ogg
wesmea,[],['song'],41.7797,-115.1471,Sturnella neglecta,Western Meadowlark,Ed Pandolfino,Creative Commons Attribution-NonCommercial-ShareAlike 4.0,5.0,05:55,https://www.xeno-canto.org/482953,wesmea/XC482953.ogg
wesmea,[],['song'],48.4182,-106.4554,Sturnella neglecta,Western Meadowlark,Jacob Saucier,Creative Commons Attribution-NonCommercial-ShareAlike 4.0,5.0,?,https://www.xeno-canto.org/500164,wesmea/XC500164.ogg
wesmea,[],['song'],48.4182,-106.4554,Sturnella neglecta,Western Meadowlark,Jacob Saucier,Creative Commons Attribution-NonCommercial-ShareAlike 4.0,5.0,?,https://www.xeno-canto.org/500165,wesmea/XC500165.ogg
wesmea,[],['song'],48.4182,-106.4554,Sturnella neglecta,Western Meadowlark,Jacob Saucier,Creative Commons Attribution-NonCommercial-ShareAlike 4.0,5.0,?,https://www.xeno-canto.org/500166,wesmea/XC500166.ogg
wesmea,"['redjun', 'zebdov']","['call', 'song']",22.2029,-159.473,Sturnella neglecta,Western Meadowlark,Phoenix Birder,Creative Commons Attribution-NonCommercial-ShareAlike 4.0,4.5,12:54,https://www.xeno-canto.org/503278,wesmea/XC503278.ogg
wesmea,['cangoo'],['song'],33.0461,-116.9362,Sturnella neglecta,Western Meadowlark,Paul Marvin,Creative Commons Attribution-NonCommercial-ShareAlike 4.0,4.5,07:02,https://www.xeno-canto.org/509569,wesmea/XC509569.ogg
wesmea,[],"['adult', 'call', 'sex uncertain']",40.1647,-119.1355,Sturnella neglecta,Western Meadowlark,Bobby Wilcox,Creative Commons Attribution-NonCommercial-ShareAlike 4.0,4.0,07:00,https://www.xeno-canto.org/510710,wesmea/XC510710.ogg
wesmea,[],"['life stage uncertain', 'sex uncertain', 'song']",33.1762,-115.6196,Sturnella neglecta,Western Meadowlark,Phoenix Birder,Creative Commons Attribution-NonCommercial-ShareAlike 4.0,4.5,08:35,https://www.xeno-canto.org/516405,wesmea/XC516405.ogg
wesmea,[],['song'],38.5901,-121.146,Sturnella neglecta,Western Meadowlark,Jerry S Cole,Creative Commons Attribution-NonCommercial-ShareAlike 4.0,4.0,10:30,https://www.xeno-canto.org/528540,wesmea/XC528540.ogg
wesmea,[],"['call', 'song']",32.6675,-116.9268,Sturnella neglecta,Western Meadowlark,Paul Marvin,Creative Commons Attribution-NonCommercial-ShareAlike 4.0,4.5,07:12,https://www.xeno-canto.org/534182,wesmea/XC534182.ogg
wesmea,[],['call'],32.6675,-116.9268,Sturnella neglecta,Western Meadowlark,Paul Marvin,Creative Commons Attribution-NonCommercial-ShareAlike 4.0,4.5,08:44,https://www.xeno-canto.org/534184,wesmea/XC534184.ogg
wesmea,[],['song'],32.6675,-116.9268,Sturnella neglecta,Western Meadowlark,Paul Marvin,Creative Commons Attribution-NonCommercial-ShareAlike 4.0,4.5,06:38,https://www.xeno-canto.org/534185,wesmea/XC534185.ogg
wesmea,[],"['adult', 'sex uncertain', 'song']",46.9661,-119.249,Sturnella neglecta,Western Meadowlark,Whitney Neufeld-Kaiser,Creative Commons Attribution-NonCommercial-ShareAlike 4.0,4.0,12:00,https://www.xeno-canto.org/539038,wesmea/XC539038.ogg
wesmea,[],"['call', 'song']",32.6675,-116.9268,Sturnella neglecta,Western Meadowlark,Paul Marvin,Creative Commons Attribution-NonCommercial-ShareAlike 4.0,4.0,07:42,https://www.xeno-canto.org/539517,wesmea/XC539517.ogg
wesmea,[],"['call', 'song']",32.6675,-116.9268,Sturnella neglecta,Western Meadowlark,Paul Marvin,Creative Commons Attribution-NonCommercial-ShareAlike 4.0,4.0,07:31,https://www.xeno-canto.org/539520,wesmea/XC539520.ogg
wesmea,[],['call'],32.6675,-116.9268,Sturnella neglecta,Western Meadowlark,Paul Marvin,Creative Commons Attribution-NonCommercial-ShareAlike 4.0,3.5,07:26,https://www.xeno-canto.org/539523,wesmea/XC539523.ogg
wesmea,[],"['adult', 'call', 'male', 'song']",38.4507,-121.0916,Sturnella neglecta,Western Meadowlark,Ed Pandolfino,Creative Commons Attribution-NonCommercial-ShareAlike 4.0,5.0,09:30,https://www.xeno-canto.org/543667,wesmea/XC543667.ogg
wesmea,[],"['adult', 'female', 'male', 'song']",38.4507,-121.0916,Sturnella neglecta,Western Meadowlark,Ed Pandolfino,Creative Commons Attribution-NonCommercial-ShareAlike 4.0,5.0,09:33,https://www.xeno-canto.org/543669,wesmea/XC543669.ogg
wesmea,[],"['adult', 'male', 'song']",38.4507,-121.0916,Sturnella neglecta,Western Meadowlark,Ed Pandolfino,Creative Commons Attribution-NonCommercial-ShareAlike 4.0,5.0,09:40,https://www.xeno-canto.org/543671,wesmea/XC543671.ogg
wesmea,[],"['adult', 'female', 'male', 'song']",38.4507,-121.0916,Sturnella neglecta,Western Meadowlark,Ed Pandolfino,Creative Commons Attribution-NonCommercial-ShareAlike 4.0,4.0,09:58,https://www.xeno-canto.org/543672,wesmea/XC543672.ogg
wesmea,[],['song'],32.564,-117.1256,Sturnella neglecta,Western Meadowlark,Paul Marvin,Creative Commons Attribution-NonCommercial-ShareAlike 4.0,5.0,07:16,https://www.xeno-canto.org/544026,wesmea/XC544026.ogg
wesmea,[],['song'],38.586,-121.637,Sturnella neglecta,Western Meadowlark,Steve Hampton,Creative Commons Attribution-NonCommercial-ShareAlike 4.0,5.0,16:30,https://www.xeno-canto.org/544064,wesmea/XC544064.ogg
wesmea,[],['call'],32.6675,-116.9268,Sturnella neglecta,Western Meadowlark,Paul Marvin,Creative Commons Attribution-NonCommercial-ShareAlike 4.0,4.5,09:30,https://www.xeno-canto.org/545898,wesmea/XC545898.ogg
wesmea,[],['song'],40.6831,-104.3589,Sturnella neglecta,Western Meadowlark,Mike Nelson,Creative Commons Attribution-NonCommercial-ShareAlike 3.0,5.0,3:30pm,https://www.xeno-canto.org/54610,wesmea/XC54610.ogg
wesmea,[],['song'],40.8353,-106.4495,Sturnella neglecta,Western Meadowlark,Mike Nelson,Creative Commons Attribution-NonCommercial-ShareAlike 3.0,5.0,4:30pm,https://www.xeno-canto.org/54611,wesmea/XC54611.ogg
wesmea,[],['song'],37.039,-101.9598,Sturnella neglecta,Western Meadowlark,Mike Nelson,Creative Commons Attribution-NonCommercial-ShareAlike 3.0,5.0,5:30pm,https://www.xeno-canto.org/54615,wesmea/XC54615.ogg
wesmea,[],"['call', 'song']",37.039,-101.9598,Sturnella neglecta,Western Meadowlark,Mike Nelson,Creative Commons Attribution-NonCommercial-ShareAlike 3.0,2.5,5:30pm,https://www.xeno-canto.org/54617,wesmea/XC54617.ogg
wesmea,[],"['call', 'life stage uncertain', 'sex uncertain', 'song', 'subsong']",50.7499,-120.5754,Sturnella neglecta,Western Meadowlark,Risto Milner,Creative Commons Attribution-NonCommercial-ShareAlike 4.0,4.0,14:00,https://www.xeno-canto.org/550666,wesmea/XC550666.ogg
wesmea,[],"['adult', 'call', 'song']",37.21,-121.8026,Sturnella neglecta,Western Meadowlark,Peter Wilton,Creative Commons Attribution-ShareAlike 4.0,4.0,08:30,https://www.xeno-canto.org/550994,wesmea/XC550994.ogg
wesmea,[],"['adult', 'call', 'male', 'song']",35.1343,-119.8367,Sturnella neglecta,Western Meadowlark,Thomas G. Graves,Creative Commons Attribution-NonCommercial-ShareAlike 4.0,4.5,6:47,https://www.xeno-canto.org/554560,wesmea/XC554560.ogg
wesmea,[],"['adult', 'male', 'song']",35.1343,-119.8367,Sturnella neglecta,Western Meadowlark,Thomas G. Graves,Creative Commons Attribution-NonCommercial-ShareAlike 4.0,5.0,7:04,https://www.xeno-canto.org/554562,wesmea/XC554562.ogg
wesmea,['wesmea'],"['adult', 'call', 'male', 'song']",35.1343,-119.8367,Sturnella neglecta,Western Meadowlark,Thomas G. Graves,Creative Commons Attribution-NonCommercial-ShareAlike 4.0,4.5,7:10,https://www.xeno-canto.org/554563,wesmea/XC554563.ogg
wesmea,"['moudov', 'wesmea']","['adult', 'call', 'male', 'song']",35.1343,-119.8367,Sturnella neglecta,Western Meadowlark,Thomas G. Graves,Creative Commons Attribution-NonCommercial-ShareAlike 4.0,4.5,7:20,https://www.xeno-canto.org/554565,wesmea/XC554565.ogg
wesmea,[],"['adult', 'male', 'song']",35.2396,-119.9018,Sturnella neglecta,Western Meadowlark,Thomas G. Graves,Creative Commons Attribution-NonCommercial-ShareAlike 4.0,4.0,10:59,https://www.xeno-canto.org/554581,wesmea/XC554581.ogg
wesmea,[],['song'],45.9424,-121.3332,Sturnella neglecta,Western Meadowlark,Steve Hampton,Creative Commons Attribution-NonCommercial-ShareAlike 4.0,4.5,11:00,https://www.xeno-canto.org/558361,wesmea/XC558361.ogg
wesmea,[],"['adult', 'male', 'song']",37.1566,-118.3271,Sturnella neglecta,Western Meadowlark,Ron Overholtz,Creative Commons Attribution-NonCommercial-ShareAlike 4.0,0.0,09:30,https://www.xeno-canto.org/559010,wesmea/XC559010.ogg
wesmea,[],"['adult', 'sex uncertain', 'song']",34.9477,-111.4802,Sturnella neglecta,Western Meadowlark,Phoenix Birder,Creative Commons Attribution-NonCommercial-ShareAlike 4.0,5.0,08:27,https://www.xeno-canto.org/570616,wesmea/XC570616.ogg
wesmea,[],"['adult', 'call', 'sex uncertain']",40.5781,-105.0445,Sturnella neglecta,Western Meadowlark,Lori Zabel,Creative Commons Attribution-NonCommercial-ShareAlike 4.0,3.0,09:00,https://www.xeno-canto.org/572420,wesmea/XC572420.ogg
wesmea,[],"['life stage uncertain', 'sex uncertain', 'song']",50.7201,-120.5251,Sturnella neglecta,Western Meadowlark,Risto Milner,Creative Commons Attribution-NonCommercial-ShareAlike 4.0,3.0,16:30,https://www.xeno-canto.org/573681,wesmea/XC573681.ogg
wesmea,[],"['adult', 'male', 'song']",40.9217,-115.0335,Sturnella neglecta,Western Meadowlark,Richard E. Webster,Creative Commons Attribution-NonCommercial-ShareAlike 4.0,3.5,10:20,https://www.xeno-canto.org/574373,wesmea/XC574373.ogg
wesmea,[],"['adult', 'male', 'song']",40.7195,-115.4899,Sturnella neglecta,Western Meadowlark,Richard E. Webster,Creative Commons Attribution-NonCommercial-ShareAlike 4.0,4.5,08:21,https://www.xeno-canto.org/574374,wesmea/XC574374.ogg
wesmea,[],"['adult', 'call', 'male', 'song']",39.8337,-115.4181,Sturnella neglecta,Western Meadowlark,Richard E. Webster,Creative Commons Attribution-NonCommercial-ShareAlike 4.0,4.0,07:28,https://www.xeno-canto.org/574375,wesmea/XC574375.ogg
wesmea,[],"['adult', 'male', 'song']",40.0349,-115.5271,Sturnella neglecta,Western Meadowlark,Richard E. Webster,Creative Commons Attribution-NonCommercial-ShareAlike 4.0,5.0,08:08,https://www.xeno-canto.org/574377,wesmea/XC574377.ogg
wesmea,[],"['adult', 'call']",40.9217,-115.0335,Sturnella neglecta,Western Meadowlark,Richard E. Webster,Creative Commons Attribution-NonCommercial-ShareAlike 4.0,4.5,10:33,https://www.xeno-canto.org/574379,wesmea/XC574379.ogg
wesmea,[],"['life stage uncertain', 'sex uncertain', 'song']",32.2603,-106.8258,Sturnella neglecta,Western Meadowlark,Sue Riffe,Creative Commons Attribution-NonCommercial-ShareAlike 4.0,4.5,7:30,https://www.xeno-canto.org/577773,wesmea/XC577773.ogg
wesmea,[],"['adult', 'song']",40.8365,-102.7764,Sturnella neglecta,Western Meadowlark,Eric DeFonso,Creative Commons Attribution-NonCommercial-ShareAlike 4.0,4.5,10:15,https://www.xeno-canto.org/580988,wesmea/XC580988.ogg
wesmea,['calqua'],"['adult', 'male', 'song']",43.2644,-118.8443,Sturnella neglecta,Western Meadowlark,Peter Ward and Ken Hall,Creative Commons Attribution-NonCommercial-ShareAlike 4.0,4.5,07:30,https://www.xeno-canto.org/598459,wesmea/XC598459.ogg
wesmea,['gamqua'],"['adult', 'call', 'sex uncertain', 'song']",31.864,-109.047,Sturnella neglecta,Western Meadowlark,Richard E. Webster,Creative Commons Attribution-NonCommercial-ShareAlike 4.0,4.5,06:58,https://www.xeno-canto.org/607437,wesmea/XC607437.ogg
wesmea,['gamqua'],"['adult', 'call', 'sex uncertain', 'song']",31.34,-109.273,Sturnella neglecta,Western Meadowlark,Richard E. Webster,Creative Commons Attribution-NonCommercial-ShareAlike 4.0,3.5,07:05,https://www.xeno-canto.org/607446,wesmea/XC607446.ogg
wesmea,['snogoo'],"['adult', 'call', 'sex uncertain', 'song']",33.0838,-115.7096,Sturnella neglecta,Western Meadowlark,Richard E. Webster,Creative Commons Attribution-NonCommercial-ShareAlike 4.0,4.5,07:04,https://www.xeno-canto.org/607447,wesmea/XC607447.ogg
wesmea,[],"['adult', 'sex uncertain', 'song']",31.864,-109.047,Sturnella neglecta,Western Meadowlark,Richard E. Webster,Creative Commons Attribution-NonCommercial-ShareAlike 4.0,5.0,08:37,https://www.xeno-canto.org/607448,wesmea/XC607448.ogg
wesmea,"['gamqua', 'moudov']","['adult', 'call', 'sex uncertain', 'song']",31.864,-109.047,Sturnella neglecta,Western Meadowlark,Richard E. Webster,Creative Commons Attribution-NonCommercial-ShareAlike 4.0,4.5,07:09,https://www.xeno-canto.org/607449,wesmea/XC607449.ogg
wesmea,['gamqua'],"['adult', 'call', 'sex uncertain', 'song']",31.864,-109.047,Sturnella neglecta,Western Meadowlark,Richard E. Webster,Creative Commons Attribution-NonCommercial-ShareAlike 4.0,3.5,07:22,https://www.xeno-canto.org/607452,wesmea/XC607452.ogg
wesmea,[],"['adult', 'call', 'sex uncertain', 'song']",31.864,-109.047,Sturnella neglecta,Western Meadowlark,Richard E. Webster,Creative Commons Attribution-NonCommercial-ShareAlike 4.0,4.5,07:22,https://www.xeno-canto.org/607454,wesmea/XC607454.ogg
wesmea,[],"['adult', 'call', 'sex uncertain', 'song']",31.864,-109.047,Sturnella neglecta,Western Meadowlark,Richard E. Webster,Creative Commons Attribution-NonCommercial-ShareAlike 4.0,4.5,07:43,https://www.xeno-canto.org/607456,wesmea/XC607456.ogg
wesmea,[],"['adult', 'call', 'sex uncertain', 'song']",31.864,-109.047,Sturnella neglecta,Western Meadowlark,Richard E. Webster,Creative Commons Attribution-NonCommercial-ShareAlike 4.0,4.5,07:39,https://www.xeno-canto.org/607458,wesmea/XC607458.ogg
wesmea,[],"['adult', 'call', 'sex uncertain', 'song']",31.864,-109.047,Sturnella neglecta,Western Meadowlark,Richard E. Webster,Creative Commons Attribution-NonCommercial-ShareAlike 4.0,3.5,07:29,https://www.xeno-canto.org/607461,wesmea/XC607461.ogg
wesmea,"['gamqua', 'moudov']","['adult', 'call', 'sex uncertain', 'song']",32.084,-109.051,Sturnella neglecta,Western Meadowlark,Richard E. Webster,Creative Commons Attribution-NonCommercial-ShareAlike 4.0,3.5,07:08,https://www.xeno-canto.org/607463,wesmea/XC607463.ogg
wesmea,"['amewig', 'gamqua', 'moudov']","['adult', 'call', 'sex uncertain', 'song']",32.084,-109.051,Sturnella neglecta,Western Meadowlark,Richard E. Webster,Creative Commons Attribution-NonCommercial-ShareAlike 4.0,4.5,07:17,https://www.xeno-canto.org/607464,wesmea/XC607464.ogg
wesmea,"['amewig', 'moudov']","['adult', 'call', 'sex uncertain', 'song']",32.084,-109.051,Sturnella neglecta,Western Meadowlark,Richard E. Webster,Creative Commons Attribution-NonCommercial-ShareAlike 4.0,4.5,07:21,https://www.xeno-canto.org/607465,wesmea/XC607465.ogg
wesmea,['gamqua'],"['adult', 'sex uncertain', 'song']",31.5633,-109.716,Sturnella neglecta,Western Meadowlark,Richard E. Webster,Creative Commons Attribution-NonCommercial-ShareAlike 4.0,4.5,06:34,https://www.xeno-canto.org/607466,wesmea/XC607466.ogg
wesmea,[],"['adult', 'call', 'sex uncertain', 'song']",40.7108,-104.5603,Sturnella neglecta,Western Meadowlark,Sue Riffe,Creative Commons Attribution-NonCommercial-ShareAlike 4.0,5.0,10:26,https://www.xeno-canto.org/612865,wesmea/XC612865.ogg
wesmea,[],"['adult', 'call', 'sex uncertain']",39.2888,-102.2597,Sturnella neglecta,Western Meadowlark,Sue Riffe,Creative Commons Attribution-NonCommercial-ShareAlike 4.0,4.0,10:13,https://www.xeno-canto.org/613111,wesmea/XC613111.ogg
wesmea,[],['song'],38.5911,-121.6806,Sturnella neglecta,Western Meadowlark,Steve Hampton,Creative Commons Attribution-NonCommercial-ShareAlike 4.0,4.5,15:30,https://www.xeno-canto.org/619061,wesmea/XC619061.ogg
wesmea,[],['call'],40.4412,-105.0411,Sturnella neglecta,Western Meadowlark,Nick Komar,Creative Commons Attribution-NonCommercial-ShareAlike 4.0,4.0,15:00,https://www.xeno-canto.org/621208,wesmea/XC621208.ogg
wesmea,[],['song'],37.6136,-122.0047,Sturnella neglecta,Western Meadowlark,Denise Wight,Creative Commons Attribution-NonCommercial-ShareAlike 4.0,4.0,14:30,https://www.xeno-canto.org/627852,wesmea/XC627852.ogg
wesmea,[],"['adult', 'call', 'male', 'sex uncertain', 'song']",31.34,-109.273,Sturnella neglecta,Western Meadowlark,Richard E. Webster,Creative Commons Attribution-NonCommercial-ShareAlike 4.0,4.5,08:08,https://www.xeno-canto.org/629303,wesmea/XC629303.ogg
wesmea,[],"['adult', 'sex uncertain', 'song']",46.701,-119.0178,Sturnella neglecta,Western Meadowlark,Whitney Neufeld-Kaiser,Creative Commons Attribution-NonCommercial-ShareAlike 4.0,5.0,9:31,https://www.xeno-canto.org/633070,wesmea/XC633070.ogg
wesmea,[],"['adult', 'male', 'song']",41.645,-88.798,Sturnella neglecta,Western Meadowlark,Matt Wistrand,Creative Commons Attribution-NonCommercial-ShareAlike 4.0,5.0,08:59,https://www.xeno-canto.org/638594,wesmea/XC638594.ogg
wesmea,[],"['adult', 'call', 'female', 'male', 'song']",38.4649,-120.8992,Sturnella neglecta,Western Meadowlark,Ed Pandolfino,Creative Commons Attribution-NonCommercial-ShareAlike 4.0,3.0,07:32,https://www.xeno-canto.org/639145,wesmea/XC639145.ogg
wesmea,[],"['adult', 'call', 'female', 'male', 'rattle', 'song']",35.2711,-120.6913,Sturnella neglecta,Western Meadowlark,Thomas G. Graves,Creative Commons Attribution-NonCommercial-ShareAlike 4.0,4.0,16:29,https://www.xeno-canto.org/644916,wesmea/XC644916.ogg
wesmea,[],"['life stage uncertain', 'sex uncertain', 'song']",25.3293,-100.8531,Sturnella neglecta,Western Meadowlark,Leonardo Guzman Hernandez,Creative Commons Attribution-NonCommercial-ShareAlike 4.0,4.0,11:48,https://www.xeno-canto.org/659918,wesmea/XC659918.ogg
wesmea,[],"['adult', 'male', 'song']",46.9544,-97.4279,Sturnella neglecta,Western Meadowlark,Keith Corliss,Creative Commons Attribution-NonCommercial-ShareAlike 4.0,4.0,11:30,https://www.xeno-canto.org/661340,wesmea/XC661340.ogg
wesmea,[],"['adult', 'call', 'sex uncertain']",46.2806,-119.1191,Sturnella neglecta,Western Meadowlark,Whitney Neufeld-Kaiser,Creative Commons Attribution-NonCommercial-ShareAlike 4.0,5.0,20:35,https://www.xeno-canto.org/663738,wesmea/XC663738.ogg
wesmea,[],"['adult', 'call', 'male', 'song']",40.8123,-104.7428,Sturnella neglecta,Western Meadowlark,Sue Riffe,Creative Commons Attribution-NonCommercial-ShareAlike 4.0,3.5,6:54,https://www.xeno-canto.org/664433,wesmea/XC664433.ogg
wesmea,[],['song'],44.092,-95.059,Sturnella neglecta,Western Meadowlark,Jonathon Jongsma,Creative Commons Attribution-ShareAlike 3.0,4.0,17:19,https://www.xeno-canto.org/76505,wesmea/XC76505.ogg
wessan,[],['flight call'],36.067,-83.231,Calidris mauri,Western Sandpiper,Mike Nelson,Creative Commons Attribution-NonCommercial-ShareAlike 3.0,4.0,11:00,https://www.xeno-canto.org/109331,wessan/XC109331.ogg
wessan,['leasan'],['flight call'],46.9459,-124.1499,Calidris mauri,Western Sandpiper,Tayler Brooks,Creative Commons Attribution-NonCommercial-ShareAlike 3.0,4.5,13:30,https://www.xeno-canto.org/113152,wessan/XC113152.ogg
wessan,['dunlin'],['song'],71.2435,-156.6335,Calidris mauri,Western Sandpiper,Andrew Spencer,Creative Commons Attribution-NonCommercial-ShareAlike 3.0,4.5,00:55,https://www.xeno-canto.org/141736,wessan/XC141736.ogg
wessan,[],['call'],33.1612,-115.6414,Calidris mauri,Western Sandpiper,Paul Marvin,Creative Commons Attribution-NonCommercial-ShareAlike 3.0,4.0,13:10,https://www.xeno-canto.org/143759,wessan/XC143759.ogg
wessan,[],['song'],64.4655,-165.1492,Calidris mauri,Western Sandpiper,Andrew Spencer,Creative Commons Attribution-NonCommercial-ShareAlike 3.0,5.0,23:45,https://www.xeno-canto.org/149244,wessan/XC149244.ogg
wessan,[],['call'],64.4655,-165.1492,Calidris mauri,Western Sandpiper,Andrew Spencer,Creative Commons Attribution-NonCommercial-ShareAlike 3.0,5.0,08:00,https://www.xeno-canto.org/149245,wessan/XC149245.ogg
wessan,[],"['call', 'song']",64.4655,-165.1492,Calidris mauri,Western Sandpiper,Andrew Spencer,Creative Commons Attribution-NonCommercial-ShareAlike 3.0,5.0,08:00,https://www.xeno-canto.org/149246,wessan/XC149246.ogg
wessan,[],"['call', 'song']",64.4655,-165.1492,Calidris mauri,Western Sandpiper,Andrew Spencer,Creative Commons Attribution-NonCommercial-ShareAlike 3.0,5.0,08:00,https://www.xeno-canto.org/149247,wessan/XC149247.ogg
wessan,[],"['call', 'song']",64.4655,-165.1492,Calidris mauri,Western Sandpiper,Andrew Spencer,Creative Commons Attribution-NonCommercial-ShareAlike 3.0,5.0,08:00,https://www.xeno-canto.org/149248,wessan/XC149248.ogg
wessan,[],"['call', 'song']",64.4655,-165.1492,Calidris mauri,Western Sandpiper,Andrew Spencer,Creative Commons Attribution-NonCommercial-ShareAlike 3.0,5.0,08:00,https://www.xeno-canto.org/149250,wessan/XC149250.ogg
wessan,[],"['call', 'song']",64.4655,-165.1492,Calidris mauri,Western Sandpiper,Andrew Spencer,Creative Commons Attribution-NonCommercial-ShareAlike 3.0,5.0,08:00,https://www.xeno-canto.org/149251,wessan/XC149251.ogg
wessan,[],['call'],64.4655,-165.1492,Calidris mauri,Western Sandpiper,Andrew Spencer,Creative Commons Attribution-NonCommercial-ShareAlike 3.0,5.0,08:00,https://www.xeno-canto.org/149252,wessan/XC149252.ogg
wessan,[],['call'],29.766,-93.337,Calidris mauri,Western Sandpiper,Dan Lane,Creative Commons Attribution-NonCommercial-ShareAlike 3.0,1.0,16:00,https://www.xeno-canto.org/155044,wessan/XC155044.ogg
wessan,[],['call'],10.1434,-85.0428,Calidris mauri,Western Sandpiper,Mike Nelson,Creative Commons Attribution-NonCommercial-ShareAlike 3.0,4.0,10:30,https://www.xeno-canto.org/166311,wessan/XC166311.ogg
wessan,[],['call'],59.6346,-151.4968,Calidris mauri,Western Sandpiper,Davyd Betchkal,Creative Commons Attribution-NonCommercial-ShareAlike 4.0,4.5,11:06,https://www.xeno-canto.org/178065,wessan/XC178065.ogg
wessan,[],['flight call'],48.3197,-123.5463,Calidris mauri,Western Sandpiper,Ian Cruickshank,Creative Commons Attribution-NonCommercial-ShareAlike 4.0,4.0,08:30,https://www.xeno-canto.org/210110,wessan/XC210110.ogg
wessan,[],['call'],48.6611,-123.4114,Calidris mauri,Western Sandpiper,James Bradley,Creative Commons Attribution-NonCommercial-ShareAlike 4.0,3.0,09:30,https://www.xeno-canto.org/302648,wessan/XC302648.ogg
wessan,[],"['call', 'flight call']",33.0966,-115.7465,Calidris mauri,Western Sandpiper,Paul Marvin,Creative Commons Attribution-NonCommercial-ShareAlike 4.0,4.0,11:12,https://www.xeno-canto.org/324161,wessan/XC324161.ogg
wessan,[],"['call', 'flight call']",33.0966,-115.7465,Calidris mauri,Western Sandpiper,Paul Marvin,Creative Commons Attribution-NonCommercial-ShareAlike 4.0,4.0,11:10,https://www.xeno-canto.org/324168,wessan/XC324168.ogg
wessan,[],['call'],33.0966,-115.7465,Calidris mauri,Western Sandpiper,Paul Marvin,Creative Commons Attribution-NonCommercial-ShareAlike 4.0,3.5,10:21,https://www.xeno-canto.org/324276,wessan/XC324276.ogg
wessan,[],['call'],33.0966,-115.7465,Calidris mauri,Western Sandpiper,Paul Marvin,Creative Commons Attribution-NonCommercial-ShareAlike 4.0,4.0,11:08,https://www.xeno-canto.org/324280,wessan/XC324280.ogg
wessan,[],['call'],33.0966,-115.7465,Calidris mauri,Western Sandpiper,Paul Marvin,Creative Commons Attribution-NonCommercial-ShareAlike 4.0,4.0,11:09,https://www.xeno-canto.org/324283,wessan/XC324283.ogg
wessan,[],"['call', 'flight call']",33.0966,-115.7465,Calidris mauri,Western Sandpiper,Paul Marvin,Creative Commons Attribution-NonCommercial-ShareAlike 4.0,5.0,11:13,https://www.xeno-canto.org/324726,wessan/XC324726.ogg
wessan,[],['call'],64.5035,-165.4053,Calidris mauri,Western Sandpiper,Patrik Åberg,Creative Commons Attribution-NonCommercial-ShareAlike 4.0,5.0,10:29,https://www.xeno-canto.org/406209,wessan/XC406209.ogg
wessan,[],['alarm call'],64.5035,-165.4053,Calidris mauri,Western Sandpiper,Patrik Åberg,Creative Commons Attribution-NonCommercial-ShareAlike 4.0,5.0,04:35,https://www.xeno-canto.org/406210,wessan/XC406210.ogg
wessan,[],['call'],64.4669,-164.7537,Calidris mauri,Western Sandpiper,Patrik Åberg,Creative Commons Attribution-NonCommercial-ShareAlike 4.0,4.0,16:33,https://www.xeno-canto.org/406236,wessan/XC406236.ogg
wessan,[],['call'],50.4555,-125.3633,Calidris mauri,Western Sandpiper,Niels Krabbe,Creative Commons Attribution-NonCommercial-ShareAlike 4.0,4.0,15:00,https://www.xeno-canto.org/433226,wessan/XC433226.ogg
wessan,[],['call'],35.3975,-120.8671,Calidris mauri,Western Sandpiper,Thomas G. Graves,Creative Commons Attribution-NonCommercial-ShareAlike 4.0,3.0,16:33,https://www.xeno-canto.org/435673,wessan/XC435673.ogg
wessan,[],['flight call'],32.6185,-117.1029,Calidris mauri,Western Sandpiper,Paul Marvin,Creative Commons Attribution-NonCommercial-ShareAlike 4.0,4.0,06:52,https://www.xeno-canto.org/493640,wessan/XC493640.ogg
wessan,[],['alarm call'],25.6258,-109.0296,Calidris mauri,Western Sandpiper,Manuel Grosselet,Creative Commons Attribution-NonCommercial-ShareAlike 4.0,5.0,06:00,https://www.xeno-canto.org/498127,wessan/XC498127.ogg
wessan,[],"['adult', 'call', 'sex uncertain']",25.6007,-109.0504,Calidris mauri,Western Sandpiper,Manuel Grosselet,Creative Commons Attribution-NonCommercial-ShareAlike 4.0,3.5,10:30,https://www.xeno-canto.org/518561,wessan/XC518561.ogg
wessan,[],['call'],45.6123,-122.7352,Calidris mauri,Western Sandpiper,Thomas Magarian,Creative Commons Attribution-NonCommercial-ShareAlike 4.0,0.0,14:29,https://www.xeno-canto.org/546113,wessan/XC546113.ogg
wessan,[],['call'],45.6123,-122.7352,Calidris mauri,Western Sandpiper,Thomas Magarian,Creative Commons Attribution-NonCommercial-ShareAlike 4.0,0.0,14:34,https://www.xeno-canto.org/546115,wessan/XC546115.ogg
wessan,[],['call'],45.6123,-122.7352,Calidris mauri,Western Sandpiper,Thomas Magarian,Creative Commons Attribution-NonCommercial-ShareAlike 4.0,0.0,11:02,https://www.xeno-canto.org/546118,wessan/XC546118.ogg
wessan,[],['call'],45.6123,-122.7352,Calidris mauri,Western Sandpiper,Thomas Magarian,Creative Commons Attribution-NonCommercial-ShareAlike 4.0,0.0,14:23,https://www.xeno-canto.org/546120,wessan/XC546120.ogg
wessan,[],['call'],45.6123,-122.7352,Calidris mauri,Western Sandpiper,Thomas Magarian,Creative Commons Attribution-NonCommercial-ShareAlike 4.0,0.0,14:24,https://www.xeno-canto.org/546122,wessan/XC546122.ogg
wessan,[],['call'],16.4294,-94.8793,Calidris mauri,Western Sandpiper,Manuel Grosselet,Creative Commons Attribution-NonCommercial-ShareAlike 4.0,4.0,09:00,https://www.xeno-canto.org/623970,wessan/XC623970.ogg
wessan,[],['call'],16.4294,-94.8793,Calidris mauri,Western Sandpiper,Manuel Grosselet,Creative Commons Attribution-NonCommercial-ShareAlike 4.0,5.0,09:00,https://www.xeno-canto.org/623972,wessan/XC623972.ogg
wessan,[],['call'],16.4294,-94.8793,Calidris mauri,Western Sandpiper,Manuel Grosselet,Creative Commons Attribution-NonCommercial-ShareAlike 4.0,3.5,08:30,https://www.xeno-canto.org/623973,wessan/XC623973.ogg
wessan,[],['flight call'],32.564,-117.1256,Calidris mauri,Western Sandpiper,Paul Marvin,Creative Commons Attribution-NonCommercial-ShareAlike 4.0,4.0,08:02,https://www.xeno-canto.org/631011,wessan/XC631011.ogg
wetshe,['blknod'],"['call', 'pair at nest']",-23.3051,151.9165,Ardenna pacifica,Wedge-tailed Shearwater,Simon Elliott,Creative Commons Attribution-NonCommercial-ShareAlike 3.0,4.5,21:50,https://www.xeno-canto.org/113088,wetshe/XC113088.ogg
wetshe,[],['begging call'],-20.4221,57.7332,Ardenna pacifica,Wedge-tailed Shearwater,Johannes Fischer,Creative Commons Attribution-NonCommercial-ShareAlike 3.0,5.0,09:00,https://www.xeno-canto.org/148422,wetshe/XC148422.ogg
wetshe,[],['call'],22.2285,-159.4046,Ardenna pacifica,Wedge-tailed Shearwater,Dan Lane,Creative Commons Attribution-NonCommercial-ShareAlike 4.0,5.0,10:30,https://www.xeno-canto.org/174963,wetshe/XC174963.ogg
wetshe,[],['call'],22.2285,-159.4046,Ardenna pacifica,Wedge-tailed Shearwater,Dan Lane,Creative Commons Attribution-NonCommercial-ShareAlike 4.0,5.0,10:30,https://www.xeno-canto.org/174964,wetshe/XC174964.ogg
wetshe,['pomjae'],"['aggressive', 'call', 'feeding']",-34.4444,151.1897,Ardenna pacifica,Wedge-tailed Shearwater,Stewart Ford,Creative Commons Attribution-NonCommercial-ShareAlike 4.0,3.5,14:00,https://www.xeno-canto.org/211502,wetshe/XC211502.ogg
wetshe,"['norcar', 'warwhe1']",['call'],22.2285,-159.4046,Ardenna pacifica,Wedge-tailed Shearwater,Dan Lane,Creative Commons Attribution-NonCommercial-ShareAlike 4.0,3.5,14:30,https://www.xeno-canto.org/234993,wetshe/XC234993.ogg
wetshe,"['norcar', 'warwhe1']",['call'],22.2285,-159.4046,Ardenna pacifica,Wedge-tailed Shearwater,Dan Lane,Creative Commons Attribution-NonCommercial-ShareAlike 4.0,3.5,14:30,https://www.xeno-canto.org/234995,wetshe/XC234995.ogg
wetshe,[],['flight call'],30.4816,140.3752,Ardenna pacifica,Wedge-tailed Shearwater,Todd Mark,Creative Commons Attribution-NonCommercial-ShareAlike 4.0,3.0,10:30,https://www.xeno-canto.org/268322,wetshe/XC268322.ogg
wetshe,[],['flight call'],30.4816,140.3752,Ardenna pacifica,Wedge-tailed Shearwater,Todd Mark,Creative Commons Attribution-NonCommercial-ShareAlike 4.0,3.0,10:30,https://www.xeno-canto.org/268326,wetshe/XC268326.ogg
wetshe,[],"['call', 'female', 'male']",-21.3734,55.5507,Ardenna pacifica,Wedge-tailed Shearwater,Daniel Danckwerts,Creative Commons Attribution-NonCommercial-ShareAlike 4.0,4.0,02:30,https://www.xeno-canto.org/303127,wetshe/XC303127.ogg
wetshe,[],"['begging call', 'juvenile']",-21.3734,55.5507,Ardenna pacifica,Wedge-tailed Shearwater,Daniel Danckwerts,Creative Commons Attribution-NonCommercial-ShareAlike 4.0,4.0,02:30,https://www.xeno-canto.org/303128,wetshe/XC303128.ogg
wetshe,[],"['begging call', 'juvenile']",-21.3734,55.5507,Ardenna pacifica,Wedge-tailed Shearwater,Daniel Danckwerts,Creative Commons Attribution-NonCommercial-ShareAlike 4.0,4.0,02:30,https://www.xeno-canto.org/303129,wetshe/XC303129.ogg
wetshe,[],"['begging call', 'juvenile']",-21.3734,55.5507,Ardenna pacifica,Wedge-tailed Shearwater,Daniel Danckwerts,Creative Commons Attribution-NonCommercial-ShareAlike 4.0,4.0,02:30,https://www.xeno-canto.org/303130,wetshe/XC303130.ogg
wetshe,[],"['begging call', 'juvenile']",-21.3734,55.5507,Ardenna pacifica,Wedge-tailed Shearwater,Daniel Danckwerts,Creative Commons Attribution-NonCommercial-ShareAlike 4.0,4.0,02:30,https://www.xeno-canto.org/303131,wetshe/XC303131.ogg
wetshe,[],"['call', 'female', 'male']",-21.3734,55.5507,Ardenna pacifica,Wedge-tailed Shearwater,Daniel Danckwerts,Creative Commons Attribution-NonCommercial-ShareAlike 4.0,4.0,02:30,https://www.xeno-canto.org/303132,wetshe/XC303132.ogg
wetshe,[],"['call', 'female', 'male']",-21.3734,55.5507,Ardenna pacifica,Wedge-tailed Shearwater,Daniel Danckwerts,Creative Commons Attribution-NonCommercial-ShareAlike 4.0,4.0,02:30,https://www.xeno-canto.org/303133,wetshe/XC303133.ogg
wetshe,[],"['begging call', 'call', 'juvenile']",21.8719,-159.4414,Ardenna pacifica,Wedge-tailed Shearwater,Bobby Wilcox,Creative Commons Attribution-NonCommercial-ShareAlike 4.0,4.0,19:00,https://www.xeno-canto.org/331251,wetshe/XC331251.ogg
wetshe,[],['song'],-32.6888,152.2252,Ardenna pacifica,Wedge-tailed Shearwater,Greg McLachlan,Creative Commons Attribution-NonCommercial-ShareAlike 4.0,4.0,04:30,https://www.xeno-canto.org/461801,wetshe/XC461801.ogg
wetshe,[],"['adult', 'call', 'sex uncertain']",-31.5212,159.0645,Ardenna pacifica,Wedge-tailed Shearwater,Eddy Smith,Creative Commons Attribution-NonCommercial-ShareAlike 4.0,5.0,21:00,https://www.xeno-canto.org/506783,wetshe/XC506783.ogg
wetshe,[],"['adult', 'begging call', 'call', 'song']",-24.1135,152.7144,Ardenna pacifica,Wedge-tailed Shearwater,AUDEVARD Aurélien,Creative Commons Attribution-NonCommercial-ShareAlike 4.0,4.0,20:15,https://www.xeno-canto.org/539137,wetshe/XC539137.ogg
wetshe,[],"['adult', 'begging call', 'female', 'male', 'song']",-24.1135,152.7144,Ardenna pacifica,Wedge-tailed Shearwater,AUDEVARD Aurélien,Creative Commons Attribution-NonCommercial-ShareAlike 4.0,5.0,22:30,https://www.xeno-canto.org/539141,wetshe/XC539141.ogg
wetshe,[],"['adult', 'begging call', 'female', 'male', 'song']",-24.1135,152.7144,Ardenna pacifica,Wedge-tailed Shearwater,AUDEVARD Aurélien,Creative Commons Attribution-NonCommercial-ShareAlike 4.0,5.0,22:30,https://www.xeno-canto.org/539144,wetshe/XC539144.ogg
wetshe,[],"['adult', 'begging call', 'female', 'male', 'song']",-24.1135,152.7144,Ardenna pacifica,Wedge-tailed Shearwater,AUDEVARD Aurélien,Creative Commons Attribution-NonCommercial-ShareAlike 4.0,5.0,22:30,https://www.xeno-canto.org/539158,wetshe/XC539158.ogg
whfibi,[],['call'],37.451,-105.802,Plegadis chihi,White-faced Ibis,Andrew Spencer,Creative Commons Attribution-NonCommercial-ShareAlike 3.0,5.0,16:00,https://www.xeno-canto.org/109188,whfibi/XC109188.ogg
whfibi,[],['call'],37.451,-105.802,Plegadis chihi,White-faced Ibis,Andrew Spencer,Creative Commons Attribution-NonCommercial-ShareAlike 3.0,5.0,16:00,https://www.xeno-canto.org/109189,whfibi/XC109189.ogg
whfibi,['pibgre'],['alarm call'],39.764,-120.354,Plegadis chihi,White-faced Ibis,Eric DeFonso,Creative Commons Attribution-NonCommercial-ShareAlike 3.0,4.5,06:56,https://www.xeno-canto.org/113798,whfibi/XC113798.ogg
whfibi,[],['call'],29.7833,-93.2517,Plegadis chihi,White-faced Ibis,Dan Lane,Creative Commons Attribution-NonCommercial-ShareAlike 3.0,3.5,?,https://www.xeno-canto.org/134633,whfibi/XC134633.ogg
whfibi,[],['call'],41.1267,-104.697,Plegadis chihi,White-faced Ibis,GABRIEL LEITE,Creative Commons Attribution-NonCommercial-ShareAlike 3.0,3.0,10:00,https://www.xeno-canto.org/139826,whfibi/XC139826.ogg
whfibi,[],['call'],29.5926,-94.4783,Plegadis chihi,White-faced Ibis,Paul Marvin,Creative Commons Attribution-NonCommercial-ShareAlike 3.0,4.0,15:24,https://www.xeno-canto.org/147508,whfibi/XC147508.ogg
whfibi,[],['flight call'],-22.6771,-47.9831,Plegadis chihi,White-faced Ibis,Robson Silva e Silva,Creative Commons Attribution-NonCommercial-ShareAlike 3.0,5.0,10:30,https://www.xeno-canto.org/147541,whfibi/XC147541.ogg
whfibi,[],"['flight call', 'song']",-27.5218,-49.6199,Plegadis chihi,White-faced Ibis,Douglas Meyer,Creative Commons Attribution-NonCommercial-ShareAlike 4.0,0.0,14:16,https://www.xeno-canto.org/174396,whfibi/XC174396.ogg
whfibi,[],['call'],19.2405,-99.4966,Plegadis chihi,White-faced Ibis,Manuel Grosselet,Creative Commons Attribution-NonCommercial-ShareAlike 4.0,5.0,11:00,https://www.xeno-canto.org/175207,whfibi/XC175207.ogg
whfibi,[],['song'],-34.6081,-58.3509,Plegadis chihi,White-faced Ibis,Diego Caiafa,Creative Commons Attribution-NonCommercial-ShareAlike 4.0,2.5,?,https://www.xeno-canto.org/194643,whfibi/XC194643.ogg
whfibi,[],['call'],38.5431,-121.6201,Plegadis chihi,White-faced Ibis,Jim Holmes,Creative Commons Attribution-NonCommercial-ShareAlike 4.0,5.0,12:00,https://www.xeno-canto.org/216118,whfibi/XC216118.ogg
whfibi,[],['call'],-20.0834,-55.9501,Plegadis chihi,White-faced Ibis,Jeremy Minns,Creative Commons Attribution-NonCommercial-ShareAlike 4.0,4.5,10:26,https://www.xeno-canto.org/217933,whfibi/XC217933.ogg
whfibi,[],['call'],19.2405,-99.4966,Plegadis chihi,White-faced Ibis,Manuel Grosselet,Creative Commons Attribution-NonCommercial-ShareAlike 4.0,4.0,08:30,https://www.xeno-canto.org/253346,whfibi/XC253346.ogg
whfibi,[],['call'],40.1645,-111.7312,Plegadis chihi,White-faced Ibis,Michael Lester,Creative Commons Attribution-NonCommercial-ShareAlike 4.0,3.5,11:15,https://www.xeno-canto.org/264022,whfibi/XC264022.ogg
whfibi,[],['flight call'],33.2215,-115.5825,Plegadis chihi,White-faced Ibis,Paul Marvin,Creative Commons Attribution-NonCommercial-ShareAlike 4.0,4.0,06:55,https://www.xeno-canto.org/286634,whfibi/XC286634.ogg
whfibi,[],['flight call'],33.0624,-115.4991,Plegadis chihi,White-faced Ibis,Paul Marvin,Creative Commons Attribution-NonCommercial-ShareAlike 4.0,4.0,06:43,https://www.xeno-canto.org/286673,whfibi/XC286673.ogg
whfibi,[],['flight call'],33.2215,-115.5825,Plegadis chihi,White-faced Ibis,Paul Marvin,Creative Commons Attribution-NonCommercial-ShareAlike 4.0,3.5,16:56,https://www.xeno-canto.org/286677,whfibi/XC286677.ogg
whfibi,[],"['call', 'flight call']",34.1739,-114.2733,Plegadis chihi,White-faced Ibis,Eric Hough,Creative Commons Attribution-NonCommercial-ShareAlike 4.0,1.5,20:00,https://www.xeno-canto.org/291515,whfibi/XC291515.ogg
whfibi,[],['alarm call'],34.0285,-114.3883,Plegadis chihi,White-faced Ibis,Eric Hough,Creative Commons Attribution-NonCommercial-ShareAlike 4.0,3.0,10:00,https://www.xeno-canto.org/291516,whfibi/XC291516.ogg
whfibi,[],['call'],29.951,-93.079,Plegadis chihi,White-faced Ibis,Dan Lane,Creative Commons Attribution-NonCommercial-ShareAlike 4.0,2.5,08:30,https://www.xeno-canto.org/317156,whfibi/XC317156.ogg
whfibi,[],['call'],48.2374,-108.4548,Plegadis chihi,White-faced Ibis,Thomas Magarian,Creative Commons Attribution-NonCommercial-ShareAlike 4.0,2.5,14:17,https://www.xeno-canto.org/355412,whfibi/XC355412.ogg
whfibi,['amewig'],['call'],48.2374,-108.4548,Plegadis chihi,White-faced Ibis,Thomas Magarian,Creative Commons Attribution-NonCommercial-ShareAlike 4.0,2.5,13:19,https://www.xeno-canto.org/355413,whfibi/XC355413.ogg
whfibi,[],['alarm call'],29.951,-93.079,Plegadis chihi,White-faced Ibis,Dan Lane,Creative Commons Attribution-NonCommercial-ShareAlike 4.0,4.5,06:30,https://www.xeno-canto.org/368518,whfibi/XC368518.ogg
whfibi,[],['flight call'],19.2405,-99.4966,Plegadis chihi,White-faced Ibis,Manuel Grosselet,Creative Commons Attribution-NonCommercial-ShareAlike 4.0,4.0,09:00,https://www.xeno-canto.org/382228,whfibi/XC382228.ogg
whfibi,[],['call'],38.586,-121.637,Plegadis chihi,White-faced Ibis,Ed Pandolfino,Creative Commons Attribution-NonCommercial-ShareAlike 4.0,4.0,09:09,https://www.xeno-canto.org/442356,whfibi/XC442356.ogg
whfibi,[],['flight call'],33.2016,-115.597,Plegadis chihi,White-faced Ibis,Paul Marvin,Creative Commons Attribution-NonCommercial-ShareAlike 4.0,2.5,11:39,https://www.xeno-canto.org/452112,whfibi/XC452112.ogg
whfibi,[],['call'],29.951,-93.079,Plegadis chihi,White-faced Ibis,Paul Marvin,Creative Commons Attribution-NonCommercial-ShareAlike 4.0,5.0,11:30,https://www.xeno-canto.org/455507,whfibi/XC455507.ogg
whfibi,[],"['call', 'flight call']",29.951,-93.079,Plegadis chihi,White-faced Ibis,Paul Marvin,Creative Commons Attribution-NonCommercial-ShareAlike 4.0,4.0,11:50,https://www.xeno-canto.org/455508,whfibi/XC455508.ogg
whfibi,[],['call'],29.951,-93.079,Plegadis chihi,White-faced Ibis,Paul Marvin,Creative Commons Attribution-NonCommercial-ShareAlike 4.0,3.5,11:24,https://www.xeno-canto.org/455509,whfibi/XC455509.ogg
whfibi,[],['flight call'],32.233,-109.8269,Plegadis chihi,White-faced Ibis,Paul Marvin,Creative Commons Attribution-NonCommercial-ShareAlike 4.0,5.0,15:42,https://www.xeno-canto.org/490766,whfibi/XC490766.ogg
whfibi,[],['flight call'],32.233,-109.8269,Plegadis chihi,White-faced Ibis,Paul Marvin,Creative Commons Attribution-NonCommercial-ShareAlike 4.0,5.0,15:44,https://www.xeno-canto.org/490767,whfibi/XC490767.ogg
whfibi,[],"['adult', 'flight call']",-30.9132,-50.9181,Plegadis chihi,White-faced Ibis,GABRIEL LEITE,Creative Commons Attribution-NonCommercial-ShareAlike 4.0,5.0,06:30,https://www.xeno-canto.org/510883,whfibi/XC510883.ogg
whfibi,['houfin'],"['alarm call', 'call', 'flight call', 'life stage uncertain', 'sex uncertain']",25.7324,-109.0271,Plegadis chihi,White-faced Ibis,Isain Contreras Rodríguez,Creative Commons Attribution-NonCommercial-ShareAlike 4.0,4.5,08:30,https://www.xeno-canto.org/531194,whfibi/XC531194.ogg
whfibi,['houfin'],"['alarm call', 'call', 'flight call', 'life stage uncertain', 'sex uncertain']",25.7324,-109.0271,Plegadis chihi,White-faced Ibis,Isain Contreras Rodríguez,Creative Commons Attribution-NonCommercial-ShareAlike 4.0,4.5,08:30,https://www.xeno-canto.org/531195,whfibi/XC531195.ogg
whfibi,[],"['begging call', 'call', 'colony']",38.6653,-121.7174,Plegadis chihi,White-faced Ibis,Steve Hampton,Creative Commons Attribution-NonCommercial-ShareAlike 4.0,5.0,18:30,https://www.xeno-canto.org/562179,whfibi/XC562179.ogg
whfibi,[],"['adult', 'sex uncertain']",-33.6876,-70.91,Plegadis chihi,White-faced Ibis,Natacha Francisca,Creative Commons Attribution-NonCommercial-ShareAlike 4.0,0.0,17:00,https://www.xeno-canto.org/572903,whfibi/XC572903.ogg
whfibi,[],"['alarm call', 'call', 'juvenile']",19.2662,-99.0315,Plegadis chihi,White-faced Ibis,Isain Contreras Rodríguez,Creative Commons Attribution-NonCommercial-ShareAlike 4.0,4.0,07:30,https://www.xeno-canto.org/576253,whfibi/XC576253.ogg
whfibi,[],"['call', 'colony chatter']",38.6653,-121.7174,Plegadis chihi,White-faced Ibis,Steve Hampton,Creative Commons Attribution-NonCommercial-ShareAlike 4.0,5.0,17:30,https://www.xeno-canto.org/580362,whfibi/XC580362.ogg
whfibi,['gamqua'],"['adult', 'call', 'sex uncertain']",31.5633,-109.716,Plegadis chihi,White-faced Ibis,Richard E. Webster,Creative Commons Attribution-NonCommercial-ShareAlike 4.0,4.5,17:28,https://www.xeno-canto.org/605364,whfibi/XC605364.ogg
whfibi,[],"['adult', 'call', 'sex uncertain']",31.5633,-109.716,Plegadis chihi,White-faced Ibis,Richard E. Webster,Creative Commons Attribution-NonCommercial-ShareAlike 4.0,4.0,17:57,https://www.xeno-canto.org/605626,whfibi/XC605626.ogg
whfibi,['moudov'],"['adult', 'call', 'sex uncertain']",31.5633,-109.716,Plegadis chihi,White-faced Ibis,Richard E. Webster,Creative Commons Attribution-NonCommercial-ShareAlike 4.0,4.5,17:25,https://www.xeno-canto.org/605627,whfibi/XC605627.ogg
whfibi,[],"['alarm call', 'call']",19.2743,-99.0566,Plegadis chihi,White-faced Ibis,Isain Contreras Rodríguez,Creative Commons Attribution-NonCommercial-ShareAlike 4.0,4.0,07:30,https://www.xeno-canto.org/607841,whfibi/XC607841.ogg
whfibi,[],"['alarm call', 'call']",19.2743,-99.0566,Plegadis chihi,White-faced Ibis,Isain Contreras Rodríguez,Creative Commons Attribution-NonCommercial-ShareAlike 4.0,4.0,07:30,https://www.xeno-canto.org/607842,whfibi/XC607842.ogg
whfibi,[],['flight call'],-20.0834,-55.9501,Plegadis chihi,White-faced Ibis,Jeremy Minns,Creative Commons Attribution-NonCommercial-ShareAlike 3.0,4.0,10:16,https://www.xeno-canto.org/85350,whfibi/XC85350.ogg
whfibi,[],['flight call'],-20.0834,-55.9501,Plegadis chihi,White-faced Ibis,Jeremy Minns,Creative Commons Attribution-NonCommercial-ShareAlike 3.0,3.5,10:31,https://www.xeno-canto.org/85351,whfibi/XC85351.ogg
whiter,[],['call'],-29.0009,167.9285,Gygis alba,White Tern,Phil Gregory,Creative Commons Attribution-NonCommercial-ShareAlike 3.0,3.0,11:30,https://www.xeno-canto.org/120906,whiter/XC120906.ogg
whiter,[],"['flight call', 'song']",-3.85,-32.4167,Gygis alba,White Tern,GABRIEL LEITE,Creative Commons Attribution-NonCommercial-ShareAlike 3.0,4.0,10:30,https://www.xeno-canto.org/141450,whiter/XC141450.ogg
whiter,[],['call'],21.2637,-157.8194,Gygis alba,White Tern,Dan Lane,Creative Commons Attribution-NonCommercial-ShareAlike 4.0,4.0,08:30,https://www.xeno-canto.org/174782,whiter/XC174782.ogg
whiter,[],"['call', 'flight call']",-14.2692,-170.5854,Gygis alba,White Tern,Samuel Jones,Creative Commons Attribution-NonCommercial-ShareAlike 4.0,4.0,07:00,https://www.xeno-canto.org/180827,whiter/XC180827.ogg
whiter,[],"['alarm call', 'call']",-14.2459,-169.4384,Gygis alba,White Tern,Samuel Jones,Creative Commons Attribution-NonCommercial-ShareAlike 4.0,5.0,11:00,https://www.xeno-canto.org/180850,whiter/XC180850.ogg
whiter,[],['call'],-4.2142,55.6689,Gygis alba,White Tern,Daniel Lane,Creative Commons Attribution-NonCommercial-ShareAlike 3.0,4.0,14:30,https://www.xeno-canto.org/26746,whiter/XC26746.ogg
whiter,[],['call'],7.3397,134.4606,Gygis alba,White Tern,JVMoore,Creative Commons Attribution-NonCommercial-ShareAlike 4.0,4.0,07:02,https://www.xeno-canto.org/291754,whiter/XC291754.ogg
whiter,[],['call'],7.3397,134.4606,Gygis alba,White Tern,JVMoore,Creative Commons Attribution-NonCommercial-ShareAlike 4.0,4.0,06:45,https://www.xeno-canto.org/291755,whiter/XC291755.ogg
whiter,[],['call'],-7.9492,-14.3518,Gygis alba,White Tern,Jim Holmes,Creative Commons Attribution-NonCommercial-ShareAlike 4.0,5.0,12:30,https://www.xeno-canto.org/314680,whiter/XC314680.ogg
whiter,[],['call'],-0.5431,166.9498,Gygis alba,White Tern,Todd Mark,Creative Commons Attribution-NonCommercial-ShareAlike 4.0,3.0,08:30,https://www.xeno-canto.org/358617,whiter/XC358617.ogg
whiter,[],['call'],-0.5398,166.9466,Gygis alba,White Tern,Todd Mark,Creative Commons Attribution-NonCommercial-ShareAlike 4.0,4.0,07:00,https://www.xeno-canto.org/358626,whiter/XC358626.ogg
whiter,[],"['call', 'flight call']",14.1851,145.2543,Gygis alba,White Tern,Andria Kroner,Creative Commons Attribution-NonCommercial-ShareAlike 4.0,3.0,08:30,https://www.xeno-canto.org/403090,whiter/XC403090.ogg
whiter,[],['call'],-4.3573,55.8313,Gygis alba,White Tern,Ross Gallardy,Creative Commons Attribution-NonCommercial-ShareAlike 4.0,5.0,14:30,https://www.xeno-canto.org/403998,whiter/XC403998.ogg
whiter,[],['song'],-3.85,-32.4167,Gygis alba,White Tern,JAYRSON ARAUJO DE OLIVEIRA,Creative Commons Attribution-NonCommercial-ShareAlike 4.0,5.0,8:47,https://www.xeno-canto.org/431351,whiter/XC431351.ogg
whiter,[],['song'],-3.85,-32.4167,Gygis alba,White Tern,JAYRSON ARAUJO DE OLIVEIRA,Creative Commons Attribution-NonCommercial-ShareAlike 4.0,5.0,7:08,https://www.xeno-canto.org/431352,whiter/XC431352.ogg
whiter,[],['song'],-3.85,-32.4167,Gygis alba,White Tern,JAYRSON ARAUJO DE OLIVEIRA,Creative Commons Attribution-NonCommercial-ShareAlike 4.0,5.0,7:17,https://www.xeno-canto.org/431353,whiter/XC431353.ogg
whiter,[],['song'],-3.85,-32.4167,Gygis alba,White Tern,JAYRSON ARAUJO DE OLIVEIRA,Creative Commons Attribution-NonCommercial-ShareAlike 4.0,4.5,10:48,https://www.xeno-canto.org/431354,whiter/XC431354.ogg
whiter,[],"['call', 'flight call']",14.1561,145.2365,Gygis alba,White Tern,Andria Kroner,Creative Commons Attribution-NonCommercial-ShareAlike 4.0,3.5,07:30,https://www.xeno-canto.org/497835,whiter/XC497835.ogg
whiter,[],['call'],-4.2142,55.6689,Gygis alba,White Tern,Oscar Campbell,Creative Commons Attribution-NonCommercial-ShareAlike 4.0,4.0,10:30,https://www.xeno-canto.org/506349,whiter/XC506349.ogg
whiter,[],"['adult', 'female', 'flight call', 'male']",-31.5212,159.0645,Gygis alba,White Tern,Eddy Smith,Creative Commons Attribution-NonCommercial-ShareAlike 4.0,5.0,11:55,https://www.xeno-canto.org/506760,whiter/XC506760.ogg
whiter,[],"['adult', 'begging call', 'call', 'sex uncertain']",-12.1561,96.8233,Gygis alba,White Tern,Craig Robertson,Creative Commons Attribution-NonCommercial-ShareAlike 4.0,4.0,08:30,https://www.xeno-canto.org/583987,whiter/XC583987.ogg
whiter,[],['call'],-16.9586,-144.7337,Gygis alba,White Tern,AUDEVARD Aurélien,Creative Commons Attribution-NonCommercial-ShareAlike 4.0,5.0,16:20,https://www.xeno-canto.org/619249,whiter/XC619249.ogg
whiter,[],['call'],-16.9586,-144.7337,Gygis alba,White Tern,AUDEVARD Aurélien,Creative Commons Attribution-NonCommercial-ShareAlike 4.0,5.0,17:19,https://www.xeno-canto.org/619262,whiter/XC619262.ogg
whiter,[],['flight call'],-17.8474,-143.0691,Gygis alba,White Tern,AUDEVARD Aurélien,Creative Commons Attribution-NonCommercial-ShareAlike 4.0,5.0,22:00,https://www.xeno-canto.org/619380,whiter/XC619380.ogg
whiter,[],['flight call'],-17.8474,-143.0691,Gygis alba,White Tern,AUDEVARD Aurélien,Creative Commons Attribution-NonCommercial-ShareAlike 4.0,5.0,16:00,https://www.xeno-canto.org/620163,whiter/XC620163.ogg
whiter,[],['call'],-9.923,-139.098,Gygis alba,White Tern,Todd Mark,Creative Commons Attribution-NonCommercial-ShareAlike 3.0,3.0,10:00,https://www.xeno-canto.org/75211,whiter/XC75211.ogg
whiter,[],['call'],-8.909,-139.531,Gygis alba,White Tern,Todd Mark,Creative Commons Attribution-NonCommercial-ShareAlike 3.0,4.0,10:00,https://www.xeno-canto.org/75212,whiter/XC75212.ogg
whiter,[],['call'],-22.653,-152.797,Gygis alba,White Tern,Todd Mark,Creative Commons Attribution-NonCommercial-ShareAlike 3.0,3.0,13:00,https://www.xeno-canto.org/75213,whiter/XC75213.ogg
whttro,[],['call'],-18.8391,-159.7812,Phaethon lepturus,White-tailed Tropicbird,Matthias Feuersenger,Creative Commons Attribution-NonCommercial-ShareAlike 3.0,4.0,11:19,https://www.xeno-canto.org/110884,whttro/XC110884.ogg
whttro,[],['call'],-18.8391,-159.7812,Phaethon lepturus,White-tailed Tropicbird,Matthias Feuersenger,Creative Commons Attribution-NonCommercial-ShareAlike 3.0,4.0,11:19,https://www.xeno-canto.org/110885,whttro/XC110885.ogg
whttro,[],['call'],-18.8391,-159.7812,Phaethon lepturus,White-tailed Tropicbird,Matthias Feuersenger,Creative Commons Attribution-NonCommercial-ShareAlike 3.0,4.0,11:44,https://www.xeno-canto.org/110886,whttro/XC110886.ogg
whttro,[],['call'],-18.8391,-159.7812,Phaethon lepturus,White-tailed Tropicbird,Matthias Feuersenger,Creative Commons Attribution-NonCommercial-ShareAlike 3.0,4.0,12:23,https://www.xeno-canto.org/110887,whttro/XC110887.ogg
whttro,[],['call'],-18.8391,-159.7812,Phaethon lepturus,White-tailed Tropicbird,Matthias Feuersenger,Creative Commons Attribution-NonCommercial-ShareAlike 3.0,4.0,12:24,https://www.xeno-canto.org/110888,whttro/XC110888.ogg
whttro,[],['call'],-18.8391,-159.7812,Phaethon lepturus,White-tailed Tropicbird,Matthias Feuersenger,Creative Commons Attribution-NonCommercial-ShareAlike 3.0,4.0,12:27,https://www.xeno-canto.org/110889,whttro/XC110889.ogg
whttro,[],['call'],-18.8391,-159.7812,Phaethon lepturus,White-tailed Tropicbird,Matthias Feuersenger,Creative Commons Attribution-NonCommercial-ShareAlike 3.0,4.0,12:28,https://www.xeno-canto.org/110890,whttro/XC110890.ogg
whttro,[],['call'],-18.8391,-159.7812,Phaethon lepturus,White-tailed Tropicbird,Matthias Feuersenger,Creative Commons Attribution-NonCommercial-ShareAlike 3.0,4.0,12:30,https://www.xeno-canto.org/110891,whttro/XC110891.ogg
whttro,[],"['call', 'song']",-19.9832,-158.1317,Phaethon lepturus,White-tailed Tropicbird,Matthias Feuersenger,Creative Commons Attribution-NonCommercial-ShareAlike 3.0,4.5,14:47,https://www.xeno-canto.org/110921,whttro/XC110921.ogg
whttro,[],['call'],-3.85,-32.4167,Phaethon lepturus,White-tailed Tropicbird,Douglas Bete,Creative Commons Attribution-NonCommercial-ShareAlike 3.0,3.0,10:30,https://www.xeno-canto.org/146700,whttro/XC146700.ogg
whttro,[],['call'],-19.8509,57.7874,Phaethon lepturus,White-tailed Tropicbird,Johannes Fischer,Creative Commons Attribution-NonCommercial-ShareAlike 3.0,4.0,12:00,https://www.xeno-canto.org/148680,whttro/XC148680.ogg
whttro,['rorpar'],['flight call'],-20.4126,57.4397,Phaethon lepturus,White-tailed Tropicbird,Cedric MROCZKO,Creative Commons Attribution-NonCommercial-ShareAlike 4.0,3.5,11:30,https://www.xeno-canto.org/204241,whttro/XC204241.ogg
whttro,[],['flight call'],-21.3734,55.5507,Phaethon lepturus,White-tailed Tropicbird,Daniel Danckwerts,Creative Commons Attribution-NonCommercial-ShareAlike 4.0,3.0,17:00,https://www.xeno-canto.org/303134,whttro/XC303134.ogg
whttro,[],['call'],18.4898,-66.9501,Phaethon lepturus,White-tailed Tropicbird,Daniel Lane,Creative Commons Attribution-NonCommercial-ShareAlike 3.0,3.0,12:45,https://www.xeno-canto.org/32075,whttro/XC32075.ogg
whttro,[],['call'],18.4898,-66.9501,Phaethon lepturus,White-tailed Tropicbird,Daniel Lane,Creative Commons Attribution-NonCommercial-ShareAlike 3.0,2.0,12:45,https://www.xeno-canto.org/32076,whttro/XC32076.ogg
whttro,[],['flight call'],1.6868,7.4484,Phaethon lepturus,White-tailed Tropicbird,Philippe Verbelen,Creative Commons Attribution-NonCommercial-ShareAlike 4.0,4.0,12:00,https://www.xeno-canto.org/337746,whttro/XC337746.ogg
whttro,[],['call'],-4.2135,55.6683,Phaethon lepturus,White-tailed Tropicbird,Ross Gallardy,Creative Commons Attribution-NonCommercial-ShareAlike 4.0,4.0,09:30,https://www.xeno-canto.org/403982,whttro/XC403982.ogg
whttro,[],['call'],-4.2135,55.6683,Phaethon lepturus,White-tailed Tropicbird,Ross Gallardy,Creative Commons Attribution-NonCommercial-ShareAlike 4.0,5.0,09:30,https://www.xeno-canto.org/403983,whttro/XC403983.ogg
whttro,[],['alarm call'],-3.85,-32.4167,Phaethon lepturus,White-tailed Tropicbird,JAYRSON ARAUJO DE OLIVEIRA,Creative Commons Attribution-NonCommercial-ShareAlike 4.0,5.0,8:14,https://www.xeno-canto.org/431358,whttro/XC431358.ogg
whttro,[],['flight call'],-21.3826,55.6197,Phaethon lepturus,White-tailed Tropicbird,Cedric Mroczko,Creative Commons Attribution-NonCommercial-ShareAlike 4.0,2.5,11:00,https://www.xeno-canto.org/471451,whttro/XC471451.ogg
whttro,[],"['adult', 'alarm call']",-4.2142,55.6689,Phaethon lepturus,White-tailed Tropicbird,Oscar Campbell,Creative Commons Attribution-NonCommercial-ShareAlike 4.0,5.0,12:00,https://www.xeno-canto.org/506355,whttro/XC506355.ogg
whttro,[],"['adult', 'call']",-12.2539,49.0077,Phaethon lepturus,White-tailed Tropicbird,Ken Behrens,Creative Commons Attribution-NonCommercial-ShareAlike 4.0,2.5,11:40,https://www.xeno-canto.org/627132,whttro/XC627132.ogg
whttro,[],"['adult', 'call']",-12.2539,49.0077,Phaethon lepturus,White-tailed Tropicbird,Ken Behrens,Creative Commons Attribution-NonCommercial-ShareAlike 4.0,3.5,11:43,https://www.xeno-canto.org/627133,whttro/XC627133.ogg
wiltur,[],"['call', 'juvenile']",43.719,-103.4808,Meleagris gallopavo,Wild Turkey,Jonathon Jongsma,Creative Commons Attribution-ShareAlike 3.0,4.5,06:10,https://www.xeno-canto.org/104532,wiltur/XC104532.ogg
wiltur,[],"['call', 'juvenile']",43.719,-103.4808,Meleagris gallopavo,Wild Turkey,Jonathon Jongsma,Creative Commons Attribution-ShareAlike 3.0,4.5,06:14,https://www.xeno-canto.org/104533,wiltur/XC104533.ogg
wiltur,[],"['male', 'song']",44.8432,-93.3698,Meleagris gallopavo,Wild Turkey,Jonathon Jongsma,Creative Commons Attribution-ShareAlike 3.0,4.5,06:06,https://www.xeno-canto.org/134155,wiltur/XC134155.ogg
wiltur,[],['call'],44.8432,-93.3698,Meleagris gallopavo,Wild Turkey,Jonathon Jongsma,Creative Commons Attribution-ShareAlike 3.0,5.0,05:45,https://www.xeno-canto.org/134744,wiltur/XC134744.ogg
wiltur,[],"['male', 'song']",44.8432,-93.3698,Meleagris gallopavo,Wild Turkey,Jonathon Jongsma,Creative Commons Attribution-ShareAlike 3.0,4.5,05:49,https://www.xeno-canto.org/136045,wiltur/XC136045.ogg
wiltur,[],"['several males gobbling in unison at dawn', 'song']",40.1226,-75.0635,Meleagris gallopavo,Wild Turkey,Paul Driver,Creative Commons Attribution-NonCommercial-ShareAlike 3.0,4.0,07:10,https://www.xeno-canto.org/138067,wiltur/XC138067.ogg
wiltur,[],['juvenile'],40.1226,-75.0635,Meleagris gallopavo,Wild Turkey,Paul Driver,Creative Commons Attribution-NonCommercial-ShareAlike 3.0,5.0,07:00,https://www.xeno-canto.org/138164,wiltur/XC138164.ogg
wiltur,[],['call'],40.8407,-72.5815,Meleagris gallopavo,Wild Turkey,Peter Beston,Creative Commons Attribution-NonCommercial-ShareAlike 3.0,3.0,10:00,https://www.xeno-canto.org/144482,wiltur/XC144482.ogg
wiltur,[],['song'],3.7126,-73.2483,Meleagris gallopavo,Wild Turkey,Oswaldo Cortes,Creative Commons Attribution-NonCommercial-ShareAlike 3.0,3.0,11:30,https://www.xeno-canto.org/152262,wiltur/XC152262.ogg
wiltur,[],['song'],3.7126,-73.2483,Meleagris gallopavo,Wild Turkey,Oswaldo Cortes,Creative Commons Attribution-NonCommercial-ShareAlike 3.0,3.0,11:30,https://www.xeno-canto.org/152263,wiltur/XC152263.ogg
wiltur,[],"['alarm call', 'female']",36.2183,-81.5051,Meleagris gallopavo,Wild Turkey,Guy McGrane,Creative Commons Attribution-NonCommercial-ShareAlike 3.0,2.5,14:00,https://www.xeno-canto.org/152604,wiltur/XC152604.ogg
wiltur,[],['call'],31.9014,-109.2789,Meleagris gallopavo,Wild Turkey,Paul Marvin,Creative Commons Attribution-NonCommercial-ShareAlike 3.0,4.0,09:44,https://www.xeno-canto.org/153735,wiltur/XC153735.ogg
wiltur,[],['call'],32.8717,-116.4613,Meleagris gallopavo,Wild Turkey,Paul Marvin,Creative Commons Attribution-NonCommercial-ShareAlike 3.0,4.0,10:21,https://www.xeno-canto.org/153736,wiltur/XC153736.ogg
wiltur,[],"['male', 'song']",37.1695,-86.0877,Meleagris gallopavo,Wild Turkey,Paul Marvin,Creative Commons Attribution-NonCommercial-ShareAlike 3.0,5.0,05:51,https://www.xeno-canto.org/153737,wiltur/XC153737.ogg
wiltur,[],['Call'],42.36142,-84.19079,Meleagris gallopavo,Wild Turkey,Allen T. Chartier,Creative Commons Attribution-NonCommercial-ShareAlike 3.0,2.5,?,https://www.xeno-canto.org/17140,wiltur/XC17140.ogg
wiltur,[],"['male', 'song']",40.0457,-105.1446,Meleagris gallopavo,Wild Turkey,Ted Floyd,Creative Commons Attribution-NonCommercial-ShareAlike 4.0,3.0,07:26,https://www.xeno-canto.org/217291,wiltur/XC217291.ogg
wiltur,[],"['alarm call', 'call', 'song']",40.009,-105.286,Meleagris gallopavo,Wild Turkey,Ted Floyd,Creative Commons Attribution-NonCommercial-ShareAlike 4.0,4.5,05:34,https://www.xeno-canto.org/247281,wiltur/XC247281.ogg
wiltur,['houfin'],['call'],40.5689,-105.1277,Meleagris gallopavo,Wild Turkey,Nick Komar,Creative Commons Attribution-NonCommercial-ShareAlike 4.0,3.5,17:00,https://www.xeno-canto.org/254929,wiltur/XC254929.ogg
wiltur,[],"['call', 'flight call']",37.5702,-89.458,Meleagris gallopavo,Wild Turkey,Paul Marvin,Creative Commons Attribution-NonCommercial-ShareAlike 4.0,4.0,12:18,https://www.xeno-canto.org/283329,wiltur/XC283329.ogg
wiltur,[],"['call', 'displaying male', 'male']",31.9089,-109.2517,Meleagris gallopavo,Wild Turkey,Eric Hough,Creative Commons Attribution-NonCommercial-ShareAlike 4.0,3.5,08:30,https://www.xeno-canto.org/288906,wiltur/XC288906.ogg
wiltur,[],"['begging call', 'female', 'female distraction display calls', 'juvenile']",31.7815,-109.3171,Meleagris gallopavo,Wild Turkey,Eric Hough,Creative Commons Attribution-NonCommercial-ShareAlike 4.0,3.5,09:00,https://www.xeno-canto.org/288911,wiltur/XC288911.ogg
wiltur,[],['Call'],42.926012,-83.19191,Meleagris gallopavo,Wild Turkey,Allen T. Chartier,Creative Commons Attribution-NonCommercial-ShareAlike 3.0,2.5,?,https://www.xeno-canto.org/30895,wiltur/XC30895.ogg
wiltur,[],['Call'],42.926012,-83.19191,Meleagris gallopavo,Wild Turkey,Allen T. Chartier,Creative Commons Attribution-NonCommercial-ShareAlike 3.0,2.5,?,https://www.xeno-canto.org/30896,wiltur/XC30896.ogg
wiltur,[],"['call', 'male']",41.8605,-88.1756,Meleagris gallopavo,Wild Turkey,Matt Wistrand,Creative Commons Attribution-NonCommercial-ShareAlike 4.0,4.0,16:46,https://www.xeno-canto.org/314858,wiltur/XC314858.ogg
wiltur,[],"['Kek', 'male']",41.8605,-88.1756,Meleagris gallopavo,Wild Turkey,Matt Wistrand,Creative Commons Attribution-NonCommercial-ShareAlike 4.0,4.0,06:37,https://www.xeno-canto.org/315999,wiltur/XC315999.ogg
wiltur,[],['contact call'],31.9346,-109.2752,Meleagris gallopavo,Wild Turkey,Jim Holmes,Creative Commons Attribution-NonCommercial-ShareAlike 4.0,4.0,08:30,https://www.xeno-canto.org/317966,wiltur/XC317966.ogg
wiltur,[],['call'],44.8591,-92.7919,Meleagris gallopavo,Wild Turkey,Jonathon Jongsma,Creative Commons Attribution-ShareAlike 4.0,5.0,7:26,https://www.xeno-canto.org/320490,wiltur/XC320490.ogg
wiltur,[],['call'],48.0326,-114.0096,Meleagris gallopavo,Wild Turkey,Thomas Magarian,Creative Commons Attribution-NonCommercial-ShareAlike 4.0,0.0,19:13,https://www.xeno-canto.org/334313,wiltur/XC334313.ogg
wiltur,[],['call'],48.0326,-114.0096,Meleagris gallopavo,Wild Turkey,Thomas Magarian,Creative Commons Attribution-NonCommercial-ShareAlike 4.0,0.0,19:17,https://www.xeno-canto.org/334314,wiltur/XC334314.ogg
wiltur,[],['song'],38.3275,-122.3527,Meleagris gallopavo,Wild Turkey,Jim Holmes,Creative Commons Attribution-NonCommercial-ShareAlike 4.0,3.0,06:30,https://www.xeno-canto.org/357022,wiltur/XC357022.ogg
wiltur,[],['call'],31.4918,-110.3173,Meleagris gallopavo,Wild Turkey,Ken Blankenship,Creative Commons Attribution-NonCommercial-ShareAlike 4.0,3.5,06:30,https://www.xeno-canto.org/365158,wiltur/XC365158.ogg
wiltur,['norcar'],['song'],39.107,-96.6085,Meleagris gallopavo,Wild Turkey,Eric DeFonso,Creative Commons Attribution-NonCommercial-ShareAlike 4.0,3.5,05:45,https://www.xeno-canto.org/370486,wiltur/XC370486.ogg
wiltur,['wiltur'],"['alarm call', 'call', 'female', 'juvenile']",35.332,-120.415,Meleagris gallopavo,Wild Turkey,Thomas G. Graves,Creative Commons Attribution-NonCommercial-ShareAlike 4.0,4.5,8:04,https://www.xeno-canto.org/377125,wiltur/XC377125.ogg
wiltur,[],"['call', 'song']",26.5553,-98.068,Meleagris gallopavo,Wild Turkey,Dan Lane,Creative Commons Attribution-NonCommercial-ShareAlike 4.0,3.5,10:00,https://www.xeno-canto.org/410157,wiltur/XC410157.ogg
wiltur,[],['call'],40.3224,-75.4128,Meleagris gallopavo,Wild Turkey,Brian Henderson,Creative Commons Attribution-NonCommercial-ShareAlike 4.0,3.5,07:53,https://www.xeno-canto.org/415643,wiltur/XC415643.ogg
wiltur,[],['call'],42.7533,-83.3045,Meleagris gallopavo,Wild Turkey,Bruce Lagerquist,Creative Commons Attribution-NonCommercial-ShareAlike 4.0,4.5,06:30,https://www.xeno-canto.org/417806,wiltur/XC417806.ogg
wiltur,[],['song'],44.0185,-83.756,Meleagris gallopavo,Wild Turkey,Sue Riffe,Creative Commons Attribution-NonCommercial-ShareAlike 4.0,1.5,08:50,https://www.xeno-canto.org/419815,wiltur/XC419815.ogg
wiltur,[],['call'],40.8918,-91.0756,Meleagris gallopavo,Wild Turkey,Bobby Wilcox,Creative Commons Attribution-NonCommercial-ShareAlike 4.0,3.0,11:00,https://www.xeno-canto.org/428566,wiltur/XC428566.ogg
wiltur,[],['call'],42.758,-70.801,Meleagris gallopavo,Wild Turkey,Phil Brown,Creative Commons Attribution-NonCommercial-ShareAlike 4.0,5.0,10:30,https://www.xeno-canto.org/433074,wiltur/XC433074.ogg
wiltur,[],['call'],28.372,-109.0475,Meleagris gallopavo,Wild Turkey,Richard E. Webster,Creative Commons Attribution-NonCommercial-ShareAlike 4.0,2.5,19:19,https://www.xeno-canto.org/450760,wiltur/XC450760.ogg
wiltur,['moudov'],['song'],28.229,-80.813,Meleagris gallopavo,Wild Turkey,Paul Marvin,Creative Commons Attribution-NonCommercial-ShareAlike 4.0,3.5,06:50,https://www.xeno-canto.org/451611,wiltur/XC451611.ogg
wiltur,[],['call'],42.1575,-71.4392,Meleagris gallopavo,Wild Turkey,John Baur,Creative Commons Attribution-NonCommercial-ShareAlike 4.0,3.5,07:00,https://www.xeno-canto.org/452892,wiltur/XC452892.ogg
wiltur,[],"['Gobble', 'male', 'song']",30.1664,-82.6242,Meleagris gallopavo,Wild Turkey,John Middleton,Creative Commons Attribution-NonCommercial-ShareAlike 4.0,0.0,08:00,https://www.xeno-canto.org/465131,wiltur/XC465131.ogg
wiltur,[],['song'],44.477,-84.6649,Meleagris gallopavo,Wild Turkey,Dan Lane,Creative Commons Attribution-NonCommercial-ShareAlike 4.0,2.5,08:00,https://www.xeno-canto.org/467291,wiltur/XC467291.ogg
wiltur,[],['call'],36.4728,-121.1873,Meleagris gallopavo,Wild Turkey,Meena Haribal,Creative Commons Attribution-NonCommercial-ShareAlike 4.0,5.0,08:00,https://www.xeno-canto.org/481141,wiltur/XC481141.ogg
wiltur,[],"['adult', 'call', 'juvenile', 'sex uncertain', 'walking']",43.3273,-70.5555,Meleagris gallopavo,Wild Turkey,Will Sweet,Creative Commons Attribution-NonCommercial-ShareAlike 4.0,4.0,10:30,https://www.xeno-canto.org/508128,wiltur/XC508128.ogg
wiltur,[],"['call', 'male']",40.8918,-91.0756,Meleagris gallopavo,Wild Turkey,Bobby Wilcox,Creative Commons Attribution-NonCommercial-ShareAlike 4.0,2.0,08:30,https://www.xeno-canto.org/516971,wiltur/XC516971.ogg
wiltur,[],"['adult', 'call', 'female']",37.2394,-112.9618,Meleagris gallopavo,Wild Turkey,Barry Edmonston,Creative Commons Attribution-NonCommercial-ShareAlike 4.0,4.0,11:30,https://www.xeno-canto.org/517737,wiltur/XC517737.ogg
wiltur,[],"['call', 'life stage uncertain', 'sex uncertain']",48.9222,-119.5879,Meleagris gallopavo,Wild Turkey,Thomas Paine,Creative Commons Attribution-NonCommercial-ShareAlike 4.0,0.0,04:42,https://www.xeno-canto.org/520057,wiltur/XC520057.ogg
wiltur,[],"['adult', 'call', 'male']",31.4523,-110.3762,Meleagris gallopavo,Wild Turkey,Ken Blankenship,Creative Commons Attribution-NonCommercial-ShareAlike 4.0,3.0,07:30,https://www.xeno-canto.org/538557,wiltur/XC538557.ogg
wiltur,[],"['adult', 'call', 'male']",31.4523,-110.3762,Meleagris gallopavo,Wild Turkey,Ken Blankenship,Creative Commons Attribution-NonCommercial-ShareAlike 4.0,3.0,07:30,https://www.xeno-canto.org/538558,wiltur/XC538558.ogg
wiltur,[],"['adult', 'call', 'female', 'male']",48.3699,-120.1234,Meleagris gallopavo,Wild Turkey,Bruce Lagerquist,Creative Commons Attribution-NonCommercial-ShareAlike 4.0,5.0,07:00,https://www.xeno-canto.org/539775,wiltur/XC539775.ogg
wiltur,[],['song'],33.1349,-116.8522,Meleagris gallopavo,Wild Turkey,Paul Marvin,Creative Commons Attribution-NonCommercial-ShareAlike 4.0,3.5,10:51,https://www.xeno-canto.org/546785,wiltur/XC546785.ogg
wiltur,[],['song'],43.2489,-79.9512,Meleagris gallopavo,Wild Turkey,Doug Welch,Creative Commons Attribution-NonCommercial-ShareAlike 4.0,5.0,04:30,https://www.xeno-canto.org/558952,wiltur/XC558952.ogg
wiltur,[],['call'],31.9089,-109.2517,Meleagris gallopavo,Wild Turkey,Russ Wigh,Creative Commons Attribution-NonCommercial-ShareAlike 4.0,3.5,07:00,https://www.xeno-canto.org/559669,wiltur/XC559669.ogg
wiltur,[],"['call', 'life stage uncertain', 'sex uncertain']",35.253,-120.876,Meleagris gallopavo,Wild Turkey,Thomas G. Graves,Creative Commons Attribution-NonCommercial-ShareAlike 4.0,2.5,14:01,https://www.xeno-canto.org/561471,wiltur/XC561471.ogg
wiltur,[],"['call', 'song']",32.8706,-116.4247,Meleagris gallopavo,Wild Turkey,Paul Marvin,Creative Commons Attribution-NonCommercial-ShareAlike 4.0,3.5,05:27,https://www.xeno-canto.org/561706,wiltur/XC561706.ogg
wiltur,[],"['adult', 'call', 'male']",39.0108,-114.3025,Meleagris gallopavo,Wild Turkey,Richard E. Webster,Creative Commons Attribution-NonCommercial-ShareAlike 4.0,3.5,06:34,https://www.xeno-canto.org/575583,wiltur/XC575583.ogg
wiltur,[],"['adult', 'call', 'male']",39.0108,-114.3025,Meleagris gallopavo,Wild Turkey,Richard E. Webster,Creative Commons Attribution-NonCommercial-ShareAlike 4.0,4.5,06:46,https://www.xeno-canto.org/575588,wiltur/XC575588.ogg
wiltur,[],"['call', 'female', 'male', 'song']",47.3478,-0.9608,Meleagris gallopavo,Wild Turkey,Olivier SWIFT,Creative Commons Attribution-NonCommercial-ShareAlike 4.0,4.5,08:32,https://www.xeno-canto.org/577954,wiltur/XC577954.ogg
wiltur,[],['call'],38.5321,-121.0686,Meleagris gallopavo,Wild Turkey,Ed Pandolfino,Creative Commons Attribution-NonCommercial-ShareAlike 4.0,4.0,05:38,https://www.xeno-canto.org/578133,wiltur/XC578133.ogg
wiltur,[],"['Call from Bird at Roost', 'adult', 'call', 'sex uncertain']",48.3939,-115.844,Meleagris gallopavo,Wild Turkey,Bruce Lagerquist,Creative Commons Attribution-NonCommercial-ShareAlike 4.0,5.0,7:24,https://www.xeno-canto.org/586564,wiltur/XC586564.ogg
wiltur,[],"['Call from Birds at Roost', 'adult', 'call', 'sex uncertain']",48.3939,-115.844,Meleagris gallopavo,Wild Turkey,Bruce Lagerquist,Creative Commons Attribution-NonCommercial-ShareAlike 4.0,5.0,6:40,https://www.xeno-canto.org/586566,wiltur/XC586566.ogg
wiltur,[],"['Call from Birds at Roost', 'Wing Noise', 'adult', 'call', 'sex uncertain']",48.3939,-115.844,Meleagris gallopavo,Wild Turkey,Bruce Lagerquist,Creative Commons Attribution-NonCommercial-ShareAlike 4.0,5.0,7:21,https://www.xeno-canto.org/586568,wiltur/XC586568.ogg
wiltur,[],"['adult', 'call', 'female', 'male']",48.3939,-115.844,Meleagris gallopavo,Wild Turkey,Bruce Lagerquist,Creative Commons Attribution-NonCommercial-ShareAlike 4.0,5.0,19:40,https://www.xeno-canto.org/586576,wiltur/XC586576.ogg
wiltur,[],['uncertain'],35.987,-87.145,Meleagris gallopavo,Wild Turkey,Brian Hendrix,Creative Commons Attribution-NonCommercial-ShareAlike 4.0,4.0,07:00,https://www.xeno-canto.org/598621,wiltur/XC598621.ogg
wiltur,[],"['adult', 'call', 'male']",40.8918,-91.0756,Meleagris gallopavo,Wild Turkey,Bobby Wilcox,Creative Commons Attribution-NonCommercial-ShareAlike 4.0,3.0,15:30,https://www.xeno-canto.org/612167,wiltur/XC612167.ogg
wiltur,[],"['adult', 'call', 'sex uncertain']",31.7772,-109.3121,Meleagris gallopavo,Wild Turkey,Richard E. Webster,Creative Commons Attribution-NonCommercial-ShareAlike 4.0,3.5,05:57,https://www.xeno-canto.org/614072,wiltur/XC614072.ogg
wiltur,[],"['adult', 'call', 'sex uncertain']",31.7772,-109.3121,Meleagris gallopavo,Wild Turkey,Richard E. Webster,Creative Commons Attribution-NonCommercial-ShareAlike 4.0,2.5,05:21,https://www.xeno-canto.org/614073,wiltur/XC614073.ogg
wiltur,['moudov'],"['adult', 'call', 'contact calls', 'sex uncertain']",31.906,-109.1543,Meleagris gallopavo,Wild Turkey,Richard E. Webster,Creative Commons Attribution-NonCommercial-ShareAlike 4.0,3.5,07:20,https://www.xeno-canto.org/614092,wiltur/XC614092.ogg
wiltur,[],"['adult', 'call', 'sex uncertain']",31.8241,-110.5886,Meleagris gallopavo,Wild Turkey,Richard E. Webster,Creative Commons Attribution-NonCommercial-ShareAlike 4.0,2.5,04:58,https://www.xeno-canto.org/614093,wiltur/XC614093.ogg
wiltur,[],"['adult', 'call', 'female']",17.7331,-94.6557,Meleagris gallopavo,Wild Turkey,Manuel Grosselet,Creative Commons Attribution-NonCommercial-ShareAlike 4.0,5.0,13:30,https://www.xeno-canto.org/617755,wiltur/XC617755.ogg
wiltur,[],"['adult', 'call', 'male']",31.7251,-110.8801,Meleagris gallopavo,Wild Turkey,Scott Crabtree,Creative Commons Attribution-NonCommercial-ShareAlike 4.0,2.5,09:45,https://www.xeno-canto.org/618595,wiltur/XC618595.ogg
wiltur,['cangoo'],"['adult', 'call', 'male']",48.748,-119.666,Meleagris gallopavo,Wild Turkey,Bruce Lagerquist,Creative Commons Attribution-NonCommercial-ShareAlike 4.0,4.5,20:08,https://www.xeno-canto.org/640713,wiltur/XC640713.ogg
wiltur,[],"['adult', 'begging call', 'call', 'female', 'juvenile']",36.9918,-121.9879,Meleagris gallopavo,Wild Turkey,Jasper Barnes,Creative Commons Attribution-NonCommercial-ShareAlike 4.0,4.0,16:48,https://www.xeno-canto.org/642916,wiltur/XC642916.ogg
wiltur,[],"['life stage uncertain', 'sex uncertain', 'song']",25.4247,-100.1882,Meleagris gallopavo,Wild Turkey,Leonardo Guzman Hernandez,Creative Commons Attribution-NonCommercial-ShareAlike 4.0,5.0,07:30,https://www.xeno-canto.org/655928,wiltur/XC655928.ogg
yebcar,[],['song'],-16.7501,-56.8501,Paroaria capitata,Yellow-billed Cardinal,Andrew Spencer,Creative Commons Attribution-NonCommercial-ShareAlike 3.0,5.0,05:40,https://www.xeno-canto.org/116256,yebcar/XC116256.ogg
yebcar,[],"['male', 'song']",-16.62,-56.732,Paroaria capitata,Yellow-billed Cardinal,Antonio Silveira,Creative Commons Attribution-NonCommercial-ShareAlike 3.0,0.0,09:00,https://www.xeno-canto.org/148700,yebcar/XC148700.ogg
yebcar,[],['call'],-16.3811,-56.3503,Paroaria capitata,Yellow-billed Cardinal,GABRIEL LEITE,Creative Commons Attribution-NonCommercial-ShareAlike 4.0,3.0,08:30,https://www.xeno-canto.org/171670,yebcar/XC171670.ogg
yebcar,[],['song'],-31.6443,-60.3771,Paroaria capitata,Yellow-billed Cardinal,Raul A. Spais,Creative Commons Attribution-NonCommercial-ShareAlike 4.0,0.0,14:30,https://www.xeno-canto.org/360591,yebcar/XC360591.ogg
yebcar,[],['call'],-16.5034,-56.7451,Paroaria capitata,Yellow-billed Cardinal,Ricardo José Mitidieri,Creative Commons Attribution-NonCommercial-ShareAlike 4.0,0.0,09:00,https://www.xeno-canto.org/381804,yebcar/XC381804.ogg
yebcar,[],['song'],-16.3834,-56.6167,Paroaria capitata,Yellow-billed Cardinal,JAYRSON ARAUJO DE OLIVEIRA,Creative Commons Attribution-NonCommercial-ShareAlike 4.0,4.5,16:52,https://www.xeno-canto.org/413847,yebcar/XC413847.ogg
yebcar,[],['call'],-22.193127,-63.94455,Paroaria capitata,Yellow-billed Cardinal,Bernabe Lopez-Lanus,Creative Commons Attribution-NonCommercial-ShareAlike 3.0,4.0,?:?,https://www.xeno-canto.org/50743,yebcar/XC50743.ogg
yebcar,[],['call'],-34.234167,-58.886111,Paroaria capitata,Yellow-billed Cardinal,Bernabe Lopez-Lanus,Creative Commons Attribution-NonCommercial-ShareAlike 3.0,3.0,?:?,https://www.xeno-canto.org/50744,yebcar/XC50744.ogg
yebcar,[],['call'],-32.8606,-60.6486,Paroaria capitata,Yellow-billed Cardinal,Franco Vushurovich,Creative Commons Attribution-NonCommercial-ShareAlike 4.0,4.5,08:30,https://www.xeno-canto.org/573571,yebcar/XC573571.ogg
yebcar,[],['call'],-23.7629,-53.8803,Paroaria capitata,Yellow-billed Cardinal,Luiz C.  Silva,Creative Commons Attribution-NonCommercial-ShareAlike 4.0,4.0,09:30,https://www.xeno-canto.org/589397,yebcar/XC589397.ogg
yebcar,[],"['adult', 'flight call', 'life stage uncertain', 'sex uncertain']",-23.7629,-53.8803,Paroaria capitata,Yellow-billed Cardinal,Luiz C.  Silva,Creative Commons Attribution-NonCommercial-ShareAlike 4.0,4.0,12:30,https://www.xeno-canto.org/594645,yebcar/XC594645.ogg
yebcar,[],['flight call'],-30.519,-57.7111,Paroaria capitata,Yellow-billed Cardinal,Pedro Rinaldi,Creative Commons Attribution-NonCommercial-ShareAlike 4.0,3.0,16:00,https://www.xeno-canto.org/598803,yebcar/XC598803.ogg
yebcar,[],['call'],-32.8606,-60.6486,Paroaria capitata,Yellow-billed Cardinal,Franco Vushurovich,Creative Commons Attribution-NonCommercial-ShareAlike 4.0,3.5,14:00,https://www.xeno-canto.org/603799,yebcar/XC603799.ogg
yebcar,[],"['adult', 'call', 'sex uncertain']",-23.7629,-53.8803,Paroaria capitata,Yellow-billed Cardinal,Luiz C.  Silva,Creative Commons Attribution-NonCommercial-ShareAlike 4.0,4.0,09:00,https://www.xeno-canto.org/650450,yebcar/XC650450.ogg
yebcar,[],['call'],-32.8606,-60.6486,Paroaria capitata,Yellow-billed Cardinal,Franco Vushurovich,Creative Commons Attribution-NonCommercial-ShareAlike 4.0,4.5,18:30,https://www.xeno-canto.org/651644,yebcar/XC651644.ogg
yebcar,[],['call'],-16.7546,-56.8859,Paroaria capitata,Yellow-billed Cardinal,Dante Buzzetti,Creative Commons Attribution-NonCommercial-ShareAlike 4.0,4.0,10:47,https://www.xeno-canto.org/657824,yebcar/XC657824.ogg
yebcar,[],['Song'],-19.26667,-57.01667,Paroaria capitata,Yellow-billed Cardinal,Jeremy Minns,Creative Commons Attribution-NonCommercial-ShareAlike 3.0,4.5,05:47,https://www.xeno-canto.org/84596,yebcar/XC84596.ogg
yebcar,[],['call'],-20.0834,-55.9501,Paroaria capitata,Yellow-billed Cardinal,Jeremy Minns,Creative Commons Attribution-NonCommercial-ShareAlike 3.0,3.5,05:00,https://www.xeno-canto.org/84597,yebcar/XC84597.ogg
yebcar,[],['Song'],-16.7626,-56.8528,Paroaria capitata,Yellow-billed Cardinal,Allen T. Chartier,Creative Commons Attribution-NonCommercial-ShareAlike 3.0,3.5,?,https://www.xeno-canto.org/9589,yebcar/XC9589.ogg
yebcar,[],['Song'],-16.7626,-56.8528,Paroaria capitata,Yellow-billed Cardinal,Allen T. Chartier,Creative Commons Attribution-NonCommercial-ShareAlike 3.0,0.0,?,https://www.xeno-canto.org/9590,yebcar/XC9590.ogg
yefcan,[],['song'],-16.6518,27.0688,Crithagra mozambica,Yellow-fronted Canary,Bram Piot,Creative Commons Attribution-NonCommercial-ShareAlike 3.0,3.5,12:30,https://www.xeno-canto.org/127471,yefcan/XC127471.ogg
yefcan,[],['song'],-4.495,39.473,Crithagra mozambica,Yellow-fronted Canary,James Bradley,Creative Commons Attribution-NonCommercial-ShareAlike 3.0,3.0,00:00,https://www.xeno-canto.org/128894,yefcan/XC128894.ogg
yefcan,[],['song'],-4.495,39.473,Crithagra mozambica,Yellow-fronted Canary,James and David Bradley,Creative Commons Attribution-NonCommercial-ShareAlike 3.0,4.0,07:30,https://www.xeno-canto.org/162807,yefcan/XC162807.ogg
yefcan,['commyn'],['call'],21.2637,-157.8194,Crithagra mozambica,Yellow-fronted Canary,Dan Lane,Creative Commons Attribution-NonCommercial-ShareAlike 4.0,2.5,08:30,https://www.xeno-canto.org/174788,yefcan/XC174788.ogg
yefcan,['reccar'],['song'],21.2637,-157.8194,Crithagra mozambica,Yellow-fronted Canary,Dan Lane,Creative Commons Attribution-NonCommercial-ShareAlike 4.0,2.5,09:00,https://www.xeno-canto.org/174823,yefcan/XC174823.ogg
yefcan,[],['call'],-32.7331,26.1186,Crithagra mozambica,Yellow-fronted Canary,Alan Collett,Creative Commons Attribution-NonCommercial-ShareAlike 4.0,4.0,08:00,https://www.xeno-canto.org/190656,yefcan/XC190656.ogg
yefcan,[],['song'],19.6714,-155.3384,Crithagra mozambica,Yellow-fronted Canary,Jim Holmes,Creative Commons Attribution-NonCommercial-ShareAlike 4.0,5.0,09:00,https://www.xeno-canto.org/191213,yefcan/XC191213.ogg
yefcan,[],['song'],3.8729,11.5204,Crithagra mozambica,Yellow-fronted Canary,Bram Piot,Creative Commons Attribution-NonCommercial-ShareAlike 4.0,3.5,15:30,https://www.xeno-canto.org/193670,yefcan/XC193670.ogg
yefcan,[],['song'],0.2046,32.5836,Crithagra mozambica,Yellow-fronted Canary,Rory Nefdt,Creative Commons Attribution-NonCommercial-ShareAlike 4.0,2.5,10:30,https://www.xeno-canto.org/195768,yefcan/XC195768.ogg
yefcan,[],['song'],-13.0603,31.8094,Crithagra mozambica,Yellow-fronted Canary,Rory Nefdt,Creative Commons Attribution-NonCommercial-ShareAlike 4.0,4.0,08:30,https://www.xeno-canto.org/196124,yefcan/XC196124.ogg
yefcan,[],['song'],-20.1986,57.5174,Crithagra mozambica,Yellow-fronted Canary,Albert Lastukhin & Alexandr Shirjaev,Creative Commons Attribution-NonCommercial-ShareAlike 4.0,4.0,07:00,https://www.xeno-canto.org/198706,yefcan/XC198706.ogg
yefcan,[],['song'],-20.1986,57.5174,Crithagra mozambica,Yellow-fronted Canary,Albert Lastukhin & Alexandr Shirjaev,Creative Commons Attribution-NonCommercial-ShareAlike 4.0,4.0,07:00,https://www.xeno-canto.org/198707,yefcan/XC198707.ogg
yefcan,[],['song'],-1.2231,35.028,Crithagra mozambica,Yellow-fronted Canary,Rory Nefdt,Creative Commons Attribution-NonCommercial-ShareAlike 4.0,3.0,08:00,https://www.xeno-canto.org/200948,yefcan/XC200948.ogg
yefcan,[],['song'],-15.477,28.4237,Crithagra mozambica,Yellow-fronted Canary,Rory Nefdt,Creative Commons Attribution-NonCommercial-ShareAlike 4.0,3.5,15:00,https://www.xeno-canto.org/202620,yefcan/XC202620.ogg
yefcan,[],['song'],-15.4439,28.5286,Crithagra mozambica,Yellow-fronted Canary,Rory Nefdt,Creative Commons Attribution-NonCommercial-ShareAlike 4.0,3.5,12:00,https://www.xeno-canto.org/202628,yefcan/XC202628.ogg
yefcan,[],['song'],-20.433,57.4569,Crithagra mozambica,Yellow-fronted Canary,Cedric MROCZKO,Creative Commons Attribution-NonCommercial-ShareAlike 4.0,3.5,11:00,https://www.xeno-canto.org/204502,yefcan/XC204502.ogg
yefcan,[],['song'],-20.433,57.4569,Crithagra mozambica,Yellow-fronted Canary,Cedric MROCZKO,Creative Commons Attribution-NonCommercial-ShareAlike 4.0,3.5,11:00,https://www.xeno-canto.org/204503,yefcan/XC204503.ogg
yefcan,[],['song'],-20.433,57.4569,Crithagra mozambica,Yellow-fronted Canary,Cedric MROCZKO,Creative Commons Attribution-NonCommercial-ShareAlike 4.0,3.5,11:00,https://www.xeno-canto.org/204504,yefcan/XC204504.ogg
yefcan,[],"['call', 'male']",21.2637,-157.8194,Crithagra mozambica,Yellow-fronted Canary,Ross Gallardy,Creative Commons Attribution-NonCommercial-ShareAlike 4.0,4.0,10:00,https://www.xeno-canto.org/205840,yefcan/XC205840.ogg
yefcan,[],"['flight call', 'male', 'song']",3.8729,11.5204,Crithagra mozambica,Yellow-fronted Canary,Bram Piot,Creative Commons Attribution-NonCommercial-ShareAlike 4.0,4.5,08:30,https://www.xeno-canto.org/206377,yefcan/XC206377.ogg
yefcan,[],['call'],3.915,11.4991,Crithagra mozambica,Yellow-fronted Canary,Bram Piot,Creative Commons Attribution-NonCommercial-ShareAlike 4.0,3.5,08:30,https://www.xeno-canto.org/206825,yefcan/XC206825.ogg
yefcan,['commyn'],"['call', 'song']",-20.3179,57.5132,Crithagra mozambica,Yellow-fronted Canary,Albert Lastukhin & Alexandr Shirjaev,Creative Commons Attribution-NonCommercial-ShareAlike 4.0,2.5,09:30,https://www.xeno-canto.org/207919,yefcan/XC207919.ogg
yefcan,"['commyn', 'zebdov']","['call', 'song']",-20.3179,57.5132,Crithagra mozambica,Yellow-fronted Canary,Albert Lastukhin & Alexandr Shirjaev,Creative Commons Attribution-NonCommercial-ShareAlike 4.0,3.5,08:00,https://www.xeno-canto.org/207920,yefcan/XC207920.ogg
yefcan,[],['song'],-15.4541,28.4212,Crithagra mozambica,Yellow-fronted Canary,Rory Nefdt,Creative Commons Attribution-NonCommercial-ShareAlike 4.0,2.5,08:30,https://www.xeno-canto.org/208047,yefcan/XC208047.ogg
yefcan,[],['song'],14.8294,-17.2303,Crithagra mozambica,Yellow-fronted Canary,Bram Piot,Creative Commons Attribution-NonCommercial-ShareAlike 4.0,3.5,12:30,https://www.xeno-canto.org/267715,yefcan/XC267715.ogg
yefcan,[],"['call', 'song']",14.8294,-17.2303,Crithagra mozambica,Yellow-fronted Canary,Bram Piot,Creative Commons Attribution-NonCommercial-ShareAlike 4.0,4.5,10:00,https://www.xeno-canto.org/267716,yefcan/XC267716.ogg
yefcan,[],"['call', 'song']",-0.53,31.0,Crithagra mozambica,Yellow-fronted Canary,Rolf A. de By,Creative Commons Attribution-NonCommercial-ShareAlike 4.0,3.5,09:38,https://www.xeno-canto.org/282025,yefcan/XC282025.ogg
yefcan,[],"['song', 'call']",-0.53,31.0,Crithagra mozambica,Yellow-fronted Canary,Rolf A. de By,Creative Commons Attribution-NonCommercial-ShareAlike 4.0,3.5,10:03,https://www.xeno-canto.org/282027,yefcan/XC282027.ogg
yefcan,[],['call'],12.6096,-7.8648,Crithagra mozambica,Yellow-fronted Canary,Bram Piot,Creative Commons Attribution-NonCommercial-ShareAlike 4.0,2.5,07:30,https://www.xeno-canto.org/299398,yefcan/XC299398.ogg
yefcan,[],['call'],14.5996,-17.1265,Crithagra mozambica,Yellow-fronted Canary,Bram Piot,Creative Commons Attribution-NonCommercial-ShareAlike 4.0,3.5,07:30,https://www.xeno-canto.org/309473,yefcan/XC309473.ogg
yefcan,[],['song'],-33.2086,26.4039,Crithagra mozambica,Yellow-fronted Canary,Lynette Rudman,Creative Commons Attribution-NonCommercial-ShareAlike 4.0,3.0,06:30,https://www.xeno-canto.org/310368,yefcan/XC310368.ogg
yefcan,[],['song'],-33.1982,26.4032,Crithagra mozambica,Yellow-fronted Canary,Lynette Rudman,Creative Commons Attribution-NonCommercial-ShareAlike 4.0,4.0,09:30,https://www.xeno-canto.org/310370,yefcan/XC310370.ogg
yefcan,[],"['call', 'song']",9.5687,-4.2943,Crithagra mozambica,Yellow-fronted Canary,Étienne Leroy,Creative Commons Attribution-NonCommercial-ShareAlike 4.0,4.0,06:30,https://www.xeno-canto.org/315495,yefcan/XC315495.ogg
yefcan,[],['song'],9.5687,-4.2943,Crithagra mozambica,Yellow-fronted Canary,Étienne Leroy,Creative Commons Attribution-NonCommercial-ShareAlike 4.0,4.0,17:30,https://www.xeno-canto.org/315496,yefcan/XC315496.ogg
yefcan,[],['song'],9.5687,-4.2943,Crithagra mozambica,Yellow-fronted Canary,Étienne Leroy,Creative Commons Attribution-NonCommercial-ShareAlike 4.0,5.0,17:30,https://www.xeno-canto.org/315797,yefcan/XC315797.ogg
yefcan,[],['song'],-33.594,26.8969,Crithagra mozambica,Yellow-fronted Canary,Tim Cockcroft,Creative Commons Attribution-NonCommercial-ShareAlike 4.0,4.0,10:03,https://www.xeno-canto.org/322373,yefcan/XC322373.ogg
yefcan,[],['song'],-33.4989,26.9301,Crithagra mozambica,Yellow-fronted Canary,Tim Cockcroft,Creative Commons Attribution-NonCommercial-ShareAlike 4.0,4.5,07:02,https://www.xeno-canto.org/355032,yefcan/XC355032.ogg
yefcan,[],"['male', 'song']",-5.1074,15.113,Crithagra mozambica,Yellow-fronted Canary,Bram Piot,Creative Commons Attribution-NonCommercial-ShareAlike 4.0,4.5,07:00,https://www.xeno-canto.org/361677,yefcan/XC361677.ogg
yefcan,[],['song'],-5.1074,15.113,Crithagra mozambica,Yellow-fronted Canary,Bram Piot,Creative Commons Attribution-NonCommercial-ShareAlike 4.0,4.5,06:30,https://www.xeno-canto.org/361962,yefcan/XC361962.ogg
yefcan,[],['song'],-1.2522,34.8997,Crithagra mozambica,Yellow-fronted Canary,James Bradley,Creative Commons Attribution-NonCommercial-ShareAlike 4.0,5.0,06:40,https://www.xeno-canto.org/363888,yefcan/XC363888.ogg
yefcan,[],['song'],-33.328,26.6459,Crithagra mozambica,Yellow-fronted Canary,Lynette Rudman,Creative Commons Attribution-NonCommercial-ShareAlike 4.0,4.0,15:00,https://www.xeno-canto.org/373728,yefcan/XC373728.ogg
yefcan,[],['song'],10.7345,-4.7945,Crithagra mozambica,Yellow-fronted Canary,Étienne Leroy,Creative Commons Attribution-NonCommercial-ShareAlike 4.0,4.0,08:30,https://www.xeno-canto.org/380517,yefcan/XC380517.ogg
yefcan,[],['song'],19.4726,-155.3579,Crithagra mozambica,Yellow-fronted Canary,Ulf Elman,Creative Commons Attribution-NonCommercial-ShareAlike 4.0,4.0,11:39,https://www.xeno-canto.org/385133,yefcan/XC385133.ogg
yefcan,[],['song'],19.4379,-155.3006,Crithagra mozambica,Yellow-fronted Canary,Ulf Elman,Creative Commons Attribution-NonCommercial-ShareAlike 4.0,4.0,05:46,https://www.xeno-canto.org/385604,yefcan/XC385604.ogg
yefcan,[],['song'],-26.2594,31.8762,Crithagra mozambica,Yellow-fronted Canary,Tom Wulf,Creative Commons Attribution-NonCommercial-ShareAlike 4.0,5.0,05:37,https://www.xeno-canto.org/392041,yefcan/XC392041.ogg
yefcan,[],['song'],-26.2594,31.8762,Crithagra mozambica,Yellow-fronted Canary,Tom Wulf,Creative Commons Attribution-NonCommercial-ShareAlike 4.0,5.0,05:50,https://www.xeno-canto.org/392061,yefcan/XC392061.ogg
yefcan,[],['song'],1.2603,34.9173,Crithagra mozambica,Yellow-fronted Canary,James Bradley,Creative Commons Attribution-NonCommercial-ShareAlike 4.0,3.5,10:00,https://www.xeno-canto.org/396425,yefcan/XC396425.ogg
yefcan,[],['song'],-10.7644,25.6804,Crithagra mozambica,Yellow-fronted Canary,Robert Davis,Creative Commons Attribution-NonCommercial-ShareAlike 4.0,3.5,09:00,https://www.xeno-canto.org/402142,yefcan/XC402142.ogg
yefcan,[],"['display song', 'male']",-32.7327,26.0388,Crithagra mozambica,Yellow-fronted Canary,Lynette Rudman,Creative Commons Attribution-NonCommercial-ShareAlike 4.0,3.5,07:00,https://www.xeno-canto.org/405654,yefcan/XC405654.ogg
yefcan,[],"['call', 'song']",12.3997,-12.3122,Crithagra mozambica,Yellow-fronted Canary,Bram Piot,Creative Commons Attribution-NonCommercial-ShareAlike 4.0,4.5,17:00,https://www.xeno-canto.org/405792,yefcan/XC405792.ogg
yefcan,[],['song'],-6.4261,38.9017,Crithagra mozambica,Yellow-fronted Canary,Stein Ø. Nilsen,Creative Commons Attribution-NonCommercial-ShareAlike 4.0,4.5,07:00,https://www.xeno-canto.org/452599,yefcan/XC452599.ogg
yefcan,[],"['call', 'song']",-17.4009,30.5691,Crithagra mozambica,Yellow-fronted Canary,Rick Nuttall,Creative Commons Attribution-NonCommercial-ShareAlike 4.0,3.5,07:00,https://www.xeno-canto.org/458021,yefcan/XC458021.ogg
yefcan,[],['call'],-25.8934,27.1747,Crithagra mozambica,Yellow-fronted Canary,Tony Archer,Creative Commons Attribution-NonCommercial-ShareAlike 4.0,3.0,09:00,https://www.xeno-canto.org/468693,yefcan/XC468693.ogg
yefcan,[],['song'],9.6467,-1.7606,Crithagra mozambica,Yellow-fronted Canary,Mike Nelson,Creative Commons Attribution-NonCommercial-ShareAlike 3.0,4.0,7:00am,https://www.xeno-canto.org/48472,yefcan/XC48472.ogg
yefcan,[],['song'],12.5271,-16.2659,Crithagra mozambica,Yellow-fronted Canary,Bram Piot,Creative Commons Attribution-NonCommercial-ShareAlike 4.0,4.0,13:30,https://www.xeno-canto.org/485973,yefcan/XC485973.ogg
yefcan,[],['song'],-24.0885,31.07,Crithagra mozambica,Yellow-fronted Canary,Derek Solomon,Creative Commons Attribution-NonCommercial-ShareAlike 4.0,0.0,10:30,https://www.xeno-canto.org/489237,yefcan/XC489237.ogg
yefcan,[],['song'],9.5926,-5.3045,Crithagra mozambica,Yellow-fronted Canary,Étienne Leroy,Creative Commons Attribution-NonCommercial-ShareAlike 4.0,5.0,17:30,https://www.xeno-canto.org/513862,yefcan/XC513862.ogg
yefcan,[],['song'],-12.561,30.2654,Crithagra mozambica,Yellow-fronted Canary,Dries Van de Loock,Creative Commons Attribution-NonCommercial-ShareAlike 4.0,5.0,?,https://www.xeno-canto.org/543181,yefcan/XC543181.ogg
yefcan,[],"['sex uncertain', 'song']",-29.7847,30.7961,Crithagra mozambica,Yellow-fronted Canary,Ted,Creative Commons Attribution-NonCommercial-ShareAlike 4.0,2.5,09:30,https://www.xeno-canto.org/543781,yefcan/XC543781.ogg
yefcan,[],['song'],-12.561,30.2654,Crithagra mozambica,Yellow-fronted Canary,Dries Van de Loock,Creative Commons Attribution-NonCommercial-ShareAlike 4.0,4.0,?,https://www.xeno-canto.org/552095,yefcan/XC552095.ogg
yefcan,[],"['adult', 'call', 'flight call', 'sex uncertain']",-2.9858,37.5975,Crithagra mozambica,Yellow-fronted Canary,isaac kilusu,Creative Commons Attribution-NonCommercial-ShareAlike 4.0,5.0,16:50,https://www.xeno-canto.org/608858,yefcan/XC608858.ogg
yefcan,[],"['male', 'song']",9.9445,-4.6706,Crithagra mozambica,Yellow-fronted Canary,Giovanni Boano,Creative Commons Attribution-NonCommercial-ShareAlike 4.0,5.0,08:30,https://www.xeno-canto.org/619282,yefcan/XC619282.ogg
yefcan,[],"['adult', 'sex uncertain', 'song']",-33.1801,26.4388,Crithagra mozambica,Yellow-fronted Canary,Lynette Rudman,Creative Commons Attribution-NonCommercial-ShareAlike 4.0,4.0,12:30,https://www.xeno-canto.org/638431,yefcan/XC638431.ogg
yefcan,[],"['adult', 'mimicry/imitation', 'sex uncertain', 'song']",-33.1777,26.4534,Crithagra mozambica,Yellow-fronted Canary,Lynette Rudman,Creative Commons Attribution-NonCommercial-ShareAlike 4.0,4.0,11:00,https://www.xeno-canto.org/638457,yefcan/XC638457.ogg
yefcan,[],"['adult', 'male', 'mimicry/imitation', 'song']",-32.9558,26.4039,Crithagra mozambica,Yellow-fronted Canary,Lynette Rudman,Creative Commons Attribution-NonCommercial-ShareAlike 4.0,4.0,11:30,https://www.xeno-canto.org/648484,yefcan/XC648484.ogg
yefcan,[],"['adult', 'sex uncertain', 'song']",-33.0433,26.4463,Crithagra mozambica,Yellow-fronted Canary,Lynette Rudman,Creative Commons Attribution-NonCommercial-ShareAlike 4.0,4.0,09:30,https://www.xeno-canto.org/664188,yefcan/XC664188.ogg
yefcan,[],"['adult', 'sex uncertain', 'song']",-33.537,26.6168,Crithagra mozambica,Yellow-fronted Canary,Lynette Rudman,Creative Commons Attribution-NonCommercial-ShareAlike 4.0,3.5,11:30,https://www.xeno-canto.org/667142,yefcan/XC667142.ogg
zebdov,[],['call'],6.3717,116.4459,Geopelia striata,Zebra Dove,Mike Nelson,Creative Commons Attribution-NonCommercial-ShareAlike 3.0,2.5,10:00,https://www.xeno-canto.org/150706,zebdov/XC150706.ogg
zebdov,[],['song'],-8.7312,115.2357,Geopelia striata,Zebra Dove,Bruno Durand,Creative Commons Attribution-NonCommercial-ShareAlike 3.0,3.5,10:00,https://www.xeno-canto.org/151610,zebdov/XC151610.ogg
zebdov,[],['song'],15.1951,120.5118,Geopelia striata,Zebra Dove,"Romeo B. Galang, Jr",Creative Commons Attribution-NonCommercial-ShareAlike 3.0,2.5,00:00,https://www.xeno-canto.org/164827,zebdov/XC164827.ogg
zebdov,['commyn'],['song'],19.934,-155.875,Geopelia striata,Zebra Dove,Dan Lane,Creative Commons Attribution-NonCommercial-ShareAlike 4.0,4.5,17:30,https://www.xeno-canto.org/175250,zebdov/XC175250.ogg
zebdov,"['apapan', 'houspa']","['call', 'song']",19.4264,-155.2373,Geopelia striata,Zebra Dove,Dan Lane,Creative Commons Attribution-NonCommercial-ShareAlike 4.0,3.5,06:00,https://www.xeno-canto.org/175251,zebdov/XC175251.ogg
zebdov,"['commyn', 'houspa', 'nutman', 'warwhe1']","['call', 'song']",19.934,-155.875,Geopelia striata,Zebra Dove,Dan Lane,Creative Commons Attribution-NonCommercial-ShareAlike 4.0,4.5,06:30,https://www.xeno-canto.org/175520,zebdov/XC175520.ogg
zebdov,[],['call'],3.3367,101.2439,Geopelia striata,Zebra Dove,Mike Nelson,Creative Commons Attribution-NonCommercial-ShareAlike 4.0,4.0,09:30,https://www.xeno-canto.org/192180,zebdov/XC192180.ogg
zebdov,[],['call'],3.3367,101.2439,Geopelia striata,Zebra Dove,Mike Nelson,Creative Commons Attribution-NonCommercial-ShareAlike 4.0,3.5,10:00,https://www.xeno-canto.org/192181,zebdov/XC192181.ogg
zebdov,[],['song'],-20.3179,57.5132,Geopelia striata,Zebra Dove,Albert Lastukhin & Alexandr Shirjaev,Creative Commons Attribution-NonCommercial-ShareAlike 4.0,2.0,10:00,https://www.xeno-canto.org/198622,zebdov/XC198622.ogg
zebdov,['commyn'],['song'],-20.1986,57.5174,Geopelia striata,Zebra Dove,Albert Lastukhin & Alexandr Shirjaev,Creative Commons Attribution-NonCommercial-ShareAlike 4.0,2.5,11:00,https://www.xeno-canto.org/198974,zebdov/XC198974.ogg
zebdov,['commyn'],['song'],-20.1986,57.5174,Geopelia striata,Zebra Dove,Albert Lastukhin & Alexandr Shirjaev,Creative Commons Attribution-NonCommercial-ShareAlike 4.0,3.5,08:00,https://www.xeno-canto.org/199206,zebdov/XC199206.ogg
zebdov,['commyn'],['song'],-20.1986,57.5174,Geopelia striata,Zebra Dove,Albert Lastukhin & Alexandr Shirjaev,Creative Commons Attribution-NonCommercial-ShareAlike 4.0,4.5,08:00,https://www.xeno-canto.org/199207,zebdov/XC199207.ogg
zebdov,['spodov'],['song'],21.4007,-157.7898,Geopelia striata,Zebra Dove,Ross Gallardy,Creative Commons Attribution-NonCommercial-ShareAlike 4.0,4.5,07:00,https://www.xeno-canto.org/203258,zebdov/XC203258.ogg
zebdov,[],"['call', 'song', 'wings clapping']",-20.3179,57.5132,Geopelia striata,Zebra Dove,Albert Lastukhin,Creative Commons Attribution-NonCommercial-ShareAlike 4.0,3.5,09:30,https://www.xeno-canto.org/203351,zebdov/XC203351.ogg
zebdov,['rocpig'],"['call', 'song']",-20.3179,57.5132,Geopelia striata,Zebra Dove,Albert Lastukhin & Alexandr Shirjaev,Creative Commons Attribution-NonCommercial-ShareAlike 4.0,2.5,09:00,https://www.xeno-canto.org/203357,zebdov/XC203357.ogg
zebdov,[],"['call', 'song']",-20.3179,57.5132,Geopelia striata,Zebra Dove,Albert Lastukhin & Alexandr Shirjaev,Creative Commons Attribution-NonCommercial-ShareAlike 4.0,4.5,09:30,https://www.xeno-canto.org/203366,zebdov/XC203366.ogg
zebdov,"['commyn', 'yefcan']","['call', 'song']",-20.3179,57.5132,Geopelia striata,Zebra Dove,Albert Lastukhin & Alexandr Shirjaev,Creative Commons Attribution-NonCommercial-ShareAlike 4.0,2.5,09:30,https://www.xeno-canto.org/203367,zebdov/XC203367.ogg
zebdov,[],"['call', 'song']",-20.3179,57.5132,Geopelia striata,Zebra Dove,Albert Lastukhin & Alexandr Shirjaev,Creative Commons Attribution-NonCommercial-ShareAlike 4.0,4.5,09:30,https://www.xeno-canto.org/203370,zebdov/XC203370.ogg
zebdov,['rocpig'],"['call', 'song']",-20.3179,57.5132,Geopelia striata,Zebra Dove,Albert Lastukhin & Alexandr Shirjaev,Creative Commons Attribution-NonCommercial-ShareAlike 4.0,4.5,08:30,https://www.xeno-canto.org/203373,zebdov/XC203373.ogg
zebdov,['commyn'],"['call', 'song']",-20.3179,57.5132,Geopelia striata,Zebra Dove,Albert Lastukhin & Alexandr Shirjaev,Creative Commons Attribution-NonCommercial-ShareAlike 4.0,3.5,08:30,https://www.xeno-canto.org/203389,zebdov/XC203389.ogg
zebdov,[],"['call', 'song']",-20.3179,57.5132,Geopelia striata,Zebra Dove,Albert Lastukhin & Alexandr Shirjaev,Creative Commons Attribution-NonCommercial-ShareAlike 4.0,3.5,09:00,https://www.xeno-canto.org/203391,zebdov/XC203391.ogg
zebdov,['zebdov'],"['call', 'sound from flushing']",21.3128,-157.7253,Geopelia striata,Zebra Dove,Ross Gallardy,Creative Commons Attribution-NonCommercial-ShareAlike 4.0,3.5,08:00,https://www.xeno-canto.org/205818,zebdov/XC205818.ogg
zebdov,[],"['call', 'song', 'sound from flushing']",21.3128,-157.7253,Geopelia striata,Zebra Dove,Ross Gallardy,Creative Commons Attribution-NonCommercial-ShareAlike 4.0,3.0,09:00,https://www.xeno-canto.org/205819,zebdov/XC205819.ogg
zebdov,[],['call'],21.3128,-157.7253,Geopelia striata,Zebra Dove,Ross Gallardy,Creative Commons Attribution-NonCommercial-ShareAlike 4.0,3.0,09:00,https://www.xeno-canto.org/205820,zebdov/XC205820.ogg
zebdov,['commyn'],['song'],-20.3179,57.5132,Geopelia striata,Zebra Dove,Albert Lastukhin & Alexandr Shirjaev,Creative Commons Attribution-NonCommercial-ShareAlike 4.0,3.5,09:30,https://www.xeno-canto.org/207911,zebdov/XC207911.ogg
zebdov,"['commyn', 'yefcan']",['song'],-20.3179,57.5132,Geopelia striata,Zebra Dove,Albert Lastukhin & Alexandr Shirjaev,Creative Commons Attribution-NonCommercial-ShareAlike 4.0,3.5,08:30,https://www.xeno-canto.org/207921,zebdov/XC207921.ogg
zebdov,"['commyn', 'comwax']",['song'],-20.3179,57.5132,Geopelia striata,Zebra Dove,Albert Lastukhin & Alexandr Shirjaev,Creative Commons Attribution-NonCommercial-ShareAlike 4.0,3.5,08:30,https://www.xeno-canto.org/207922,zebdov/XC207922.ogg
zebdov,[],"['call', 'song']",12.5976,103.8095,Geopelia striata,Zebra Dove,Mike Nelson,Creative Commons Attribution-NonCommercial-ShareAlike 4.0,4.0,10:00,https://www.xeno-canto.org/240597,zebdov/XC240597.ogg
zebdov,[],['song'],12.2714,109.1138,Geopelia striata,Zebra Dove,Albert Lastukhin & Yuri Glushchenko,Creative Commons Attribution-NonCommercial-ShareAlike 4.0,4.0,08:30,https://www.xeno-canto.org/302526,zebdov/XC302526.ogg
zebdov,[],['song'],12.2714,109.1138,Geopelia striata,Zebra Dove,Albert Lastukhin & Yuri Glushchenko,Creative Commons Attribution-NonCommercial-ShareAlike 4.0,3.0,08:30,https://www.xeno-canto.org/302527,zebdov/XC302527.ogg
zebdov,[],['song'],12.4419,109.2743,Geopelia striata,Zebra Dove,Albert Lastukhin & Yuri Glushchenko,Creative Commons Attribution-NonCommercial-ShareAlike 4.0,3.5,08:30,https://www.xeno-canto.org/303939,zebdov/XC303939.ogg
zebdov,[],['call'],3.3402,101.2498,Geopelia striata,Zebra Dove,Benj Smelt ,Creative Commons Attribution-NonCommercial-ShareAlike 4.0,4.0,13:00,https://www.xeno-canto.org/304320,zebdov/XC304320.ogg
zebdov,[],"['male', 'song']",3.231,101.619,Geopelia striata,Zebra Dove,Paulo Alves,Creative Commons Attribution-NonCommercial-ShareAlike 4.0,4.0,18:00,https://www.xeno-canto.org/307402,zebdov/XC307402.ogg
zebdov,[],['song'],-15.9275,-5.7171,Geopelia striata,Zebra Dove,Jim Holmes,Creative Commons Attribution-NonCommercial-ShareAlike 4.0,5.0,09:30,https://www.xeno-canto.org/314473,zebdov/XC314473.ogg
zebdov,"['commyn', 'spodov']","['call', 'song']",20.8381,-156.3485,Geopelia striata,Zebra Dove,Thomas G. Graves,Creative Commons Attribution-NonCommercial-ShareAlike 4.0,4.5,8:57,https://www.xeno-canto.org/328022,zebdov/XC328022.ogg
zebdov,[],['song'],13.4608,120.9375,Geopelia striata,Zebra Dove,Albert Lastukhin & Yuri Glushchenko,Creative Commons Attribution-NonCommercial-ShareAlike 4.0,4.0,08:00,https://www.xeno-canto.org/345584,zebdov/XC345584.ogg
zebdov,[],['call'],10.6387,123.0709,Geopelia striata,Zebra Dove,Derek Paulo,Creative Commons Attribution-ShareAlike 4.0,4.0,14:30,https://www.xeno-canto.org/347811,zebdov/XC347811.ogg
zebdov,[],['call'],10.6387,123.0709,Geopelia striata,Zebra Dove,Derek Paulo,Creative Commons Attribution-ShareAlike 4.0,4.0,06:30,https://www.xeno-canto.org/347812,zebdov/XC347812.ogg
zebdov,[],['call'],10.6387,123.0709,Geopelia striata,Zebra Dove,Derek Paulo,Creative Commons Attribution-ShareAlike 4.0,4.0,06:30,https://www.xeno-canto.org/347813,zebdov/XC347813.ogg
zebdov,[],['song'],8.1991,98.7727,Geopelia striata,Zebra Dove,Tero Linjama,Creative Commons Attribution-NonCommercial-ShareAlike 4.0,5.0,07:00,https://www.xeno-canto.org/348091,zebdov/XC348091.ogg
zebdov,[],"['call', 'song']",3.1615,101.5595,Geopelia striata,Zebra Dove,Greg Irving,Creative Commons Attribution-NonCommercial-ShareAlike 4.0,5.0,17:11,https://www.xeno-canto.org/352051,zebdov/XC352051.ogg
zebdov,[],['song'],17.0184,99.704,Geopelia striata,Zebra Dove,Bernard BOUSQUET,Creative Commons Attribution-NonCommercial-ShareAlike 4.0,4.0,09:00,https://www.xeno-canto.org/360136,zebdov/XC360136.ogg
zebdov,[],['song'],12.5254,99.9632,Geopelia striata,Zebra Dove,Albert Lastukhin,Creative Commons Attribution-NonCommercial-ShareAlike 4.0,4.0,09:30,https://www.xeno-canto.org/363012,zebdov/XC363012.ogg
zebdov,[],['song'],19.2154,99.01,Geopelia striata,Zebra Dove,Eric DeFonso,Creative Commons Attribution-NonCommercial-ShareAlike 4.0,5.0,13:00,https://www.xeno-canto.org/364380,zebdov/XC364380.ogg
zebdov,[],['song'],18.2935,99.5007,Geopelia striata,Zebra Dove,Somkiat Pakapinyo (Chai),Creative Commons Attribution-NonCommercial-ShareAlike 4.0,5.0,06:30,https://www.xeno-canto.org/382147,zebdov/XC382147.ogg
zebdov,[],"['call', 'female', 'investigative']",13.8549,100.4735,Geopelia striata,Zebra Dove,Werzik,Creative Commons Attribution-NonCommercial-ShareAlike 4.0,4.0,10:30,https://www.xeno-canto.org/397190,zebdov/XC397190.ogg
zebdov,[],"['call', 'song']",13.7308,100.5671,Geopelia striata,Zebra Dove,Mike Dooher,Creative Commons Attribution-NonCommercial-ShareAlike 4.0,3.0,06:56,https://www.xeno-canto.org/399063,zebdov/XC399063.ogg
zebdov,[],['song'],1.313095,103.813677,Geopelia striata,Zebra Dove,Patrik Åberg,Creative Commons Attribution-NonCommercial-ShareAlike 3.0,4.0,?,https://www.xeno-canto.org/40043,zebdov/XC40043.ogg
zebdov,[],['song'],-21.2186,55.4757,Geopelia striata,Zebra Dove,Cedric Mroczko,Creative Commons Attribution-NonCommercial-ShareAlike 4.0,3.5,17:45,https://www.xeno-canto.org/400874,zebdov/XC400874.ogg
zebdov,[],['song'],-4.3573,55.8313,Geopelia striata,Zebra Dove,Ross Gallardy,Creative Commons Attribution-NonCommercial-ShareAlike 4.0,5.0,08:30,https://www.xeno-canto.org/404001,zebdov/XC404001.ogg
zebdov,[],['song'],1.5249,110.3123,Geopelia striata,Zebra Dove,Hobart WQH,Creative Commons Attribution-NonCommercial-ShareAlike 4.0,4.5,06:32,https://www.xeno-canto.org/434301,zebdov/XC434301.ogg
zebdov,[],['song'],1.5249,110.3123,Geopelia striata,Zebra Dove,Hobart WQH,Creative Commons Attribution-NonCommercial-ShareAlike 4.0,5.0,06:32,https://www.xeno-canto.org/434308,zebdov/XC434308.ogg
zebdov,['spodov'],['song'],13.8116,100.5564,Geopelia striata,Zebra Dove,Greg Irving,Creative Commons Attribution-NonCommercial-ShareAlike 4.0,4.5,10:30,https://www.xeno-canto.org/434900,zebdov/XC434900.ogg
zebdov,[],"['call', 'display call or song', 'male', 'song']",1.5252,110.3124,Geopelia striata,Zebra Dove,Hobart WQH,Creative Commons Attribution-NonCommercial-ShareAlike 4.0,4.5,06:50,https://www.xeno-canto.org/439488,zebdov/XC439488.ogg
zebdov,[],['song'],1.5252,110.3123,Geopelia striata,Zebra Dove,Hobart WQH,Creative Commons Attribution-NonCommercial-ShareAlike 4.0,4.5,06:56,https://www.xeno-canto.org/444503,zebdov/XC444503.ogg
zebdov,[],['song'],2.3045,111.8906,Geopelia striata,Zebra Dove,Hobart WQH,Creative Commons Attribution-NonCommercial-ShareAlike 4.0,5.0,07:19,https://www.xeno-canto.org/445754,zebdov/XC445754.ogg
zebdov,[],['song'],18.6708,98.655,Geopelia striata,Zebra Dove,Albert Lastukhin,Creative Commons Attribution-NonCommercial-ShareAlike 4.0,4.0,10:30,https://www.xeno-canto.org/447638,zebdov/XC447638.ogg
zebdov,[],['call'],18.6708,98.655,Geopelia striata,Zebra Dove,Albert Lastukhin,Creative Commons Attribution-NonCommercial-ShareAlike 4.0,4.0,17:00,https://www.xeno-canto.org/447639,zebdov/XC447639.ogg
zebdov,[],['call'],8.8445,98.2729,Geopelia striata,Zebra Dove,Stephan Risch,Creative Commons Attribution-NonCommercial-ShareAlike 4.0,4.0,08:53,https://www.xeno-canto.org/461650,zebdov/XC461650.ogg
zebdov,[],['song'],18.2759,102.1759,Geopelia striata,Zebra Dove,Andres Angulo ,Creative Commons Attribution-NonCommercial-ShareAlike 4.0,0.0,07:30,https://www.xeno-canto.org/464802,zebdov/XC464802.ogg
zebdov,[],['song'],18.2759,102.1759,Geopelia striata,Zebra Dove,Andres Angulo ,Creative Commons Attribution-NonCommercial-ShareAlike 4.0,2.0,07:30,https://www.xeno-canto.org/464803,zebdov/XC464803.ogg
zebdov,['spodov'],['song'],-20.4322,57.4566,Geopelia striata,Zebra Dove,Cedric Mroczko,Creative Commons Attribution-NonCommercial-ShareAlike 4.0,2.5,17:20,https://www.xeno-canto.org/469241,zebdov/XC469241.ogg
zebdov,['commyn'],"['call', 'song']",22.2029,-159.473,Geopelia striata,Zebra Dove,Phoenix Birder,Creative Commons Attribution-NonCommercial-ShareAlike 4.0,4.5,13:15,https://www.xeno-canto.org/503286,zebdov/XC503286.ogg
zebdov,[],['call'],-4.3731,55.8425,Geopelia striata,Zebra Dove,Oscar Campbell,Creative Commons Attribution-NonCommercial-ShareAlike 4.0,3.0,13:00,https://www.xeno-canto.org/505910,zebdov/XC505910.ogg
zebdov,[],['Call'],1.2944,103.7672,Geopelia striata,Zebra Dove,Okamoto Keita Sin,Creative Commons Attribution-NonCommercial-ShareAlike 4.0,3.0,17:28,https://www.xeno-canto.org/528907,zebdov/XC528907.ogg
zebdov,[],"['adult', 'call', 'sex uncertain']",0.9396,101.3684,Geopelia striata,Zebra Dove,Advento,Creative Commons Attribution-NonCommercial-ShareAlike 4.0,4.0,09:00,https://www.xeno-canto.org/537518,zebdov/XC537518.ogg
zebdov,['commyn'],"['life stage uncertain', 'sex uncertain', 'song']",3.1676,101.7728,Geopelia striata,Zebra Dove,Attan Akmar,Creative Commons Attribution-NonCommercial-ShareAlike 4.0,3.5,17:30,https://www.xeno-canto.org/541311,zebdov/XC541311.ogg
zebdov,[],"['life stage uncertain', 'sex uncertain', 'song']",3.1672,101.7741,Geopelia striata,Zebra Dove,Attan Akmar,Creative Commons Attribution-NonCommercial-ShareAlike 4.0,2.5,09:30,https://www.xeno-canto.org/541314,zebdov/XC541314.ogg
zebdov,[],"['life stage uncertain', 'sex uncertain', 'song']",3.1675,101.7725,Geopelia striata,Zebra Dove,Attan Akmar,Creative Commons Attribution-NonCommercial-ShareAlike 4.0,3.0,07:00,https://www.xeno-canto.org/541316,zebdov/XC541316.ogg
zebdov,[],['song'],17.9551,102.645,Geopelia striata,Zebra Dove,Bram Piot,Creative Commons Attribution-NonCommercial-ShareAlike 4.0,3.5,06:15,https://www.xeno-canto.org/559129,zebdov/XC559129.ogg
zebdov,[],"['sex uncertain', 'song']",13.0042,101.0079,Geopelia striata,Zebra Dove,Aladdin,Creative Commons Attribution-NonCommercial-ShareAlike 4.0,0.0,08:00,https://www.xeno-canto.org/559644,zebdov/XC559644.ogg
zebdov,[],['call'],12.5542,102.0472,Geopelia striata,Zebra Dove,Albert Noorlander,Creative Commons Attribution-NonCommercial-ShareAlike 4.0,4.0,10:30,https://www.xeno-canto.org/559916,zebdov/XC559916.ogg
zebdov,[],"['adult', 'male', 'song']",4.6038,101.1286,Geopelia striata,Zebra Dove,Amar-Singh HSS,Creative Commons Attribution-NonCommercial-ShareAlike 4.0,5.0,07:30,https://www.xeno-canto.org/560520,zebdov/XC560520.ogg
zebdov,[],"['male', 'song']",12.0854,99.6833,Geopelia striata,Zebra Dove,Aladdin,Creative Commons Attribution-NonCommercial-ShareAlike 4.0,0.0,09:00,https://www.xeno-canto.org/573140,zebdov/XC573140.ogg
zebdov,[],['song'],17.8269,102.6764,Geopelia striata,Zebra Dove,Bram Piot,Creative Commons Attribution-NonCommercial-ShareAlike 4.0,3.5,08:30,https://www.xeno-canto.org/573520,zebdov/XC573520.ogg
zebdov,[],['Song'],1.412566,103.957733,Geopelia striata,Zebra Dove,Okamoto Keita Sin,Creative Commons Attribution-NonCommercial-ShareAlike 4.0,4.0,10:22,https://www.xeno-canto.org/576417,zebdov/XC576417.ogg
zebdov,[],['Call'],-7.831191,114.387551,Geopelia striata,Zebra Dove,Okamoto Keita Sin,Creative Commons Attribution-NonCommercial-ShareAlike 4.0,5.0,10:21,https://www.xeno-canto.org/578384,zebdov/XC578384.ogg
zebdov,[],['song'],17.9361,102.6217,Geopelia striata,Zebra Dove,Bram Piot,Creative Commons Attribution-NonCommercial-ShareAlike 4.0,4.0,07:00,https://www.xeno-canto.org/580215,zebdov/XC580215.ogg
zebdov,[],"['adult', 'call', 'duet', 'sex uncertain']",19.5902,-155.0145,Geopelia striata,Zebra Dove,Craig Robertson,Creative Commons Attribution-NonCommercial-ShareAlike 4.0,4.0,18:00,https://www.xeno-canto.org/587201,zebdov/XC587201.ogg
zebdov,[],['song'],14.3819,101.8782,Geopelia striata,Zebra Dove,Greg Irving,Creative Commons Attribution-NonCommercial-ShareAlike 4.0,4.0,06:35,https://www.xeno-canto.org/589819,zebdov/XC589819.ogg
zebdov,[],['song'],14.3819,101.8782,Geopelia striata,Zebra Dove,Greg Irving,Creative Commons Attribution-NonCommercial-ShareAlike 4.0,4.0,06:45,https://www.xeno-canto.org/589824,zebdov/XC589824.ogg
zebdov,[],['song'],14.892,105.8667,Geopelia striata,Zebra Dove,Bram Piot,Creative Commons Attribution-NonCommercial-ShareAlike 4.0,3.5,06:45,https://www.xeno-canto.org/593996,zebdov/XC593996.ogg
zebdov,[],['song'],18.2935,99.5007,Geopelia striata,Zebra Dove,Somkiat Pakapinyo (Chai),Creative Commons Attribution-NonCommercial-ShareAlike 4.0,5.0,08:00,https://www.xeno-canto.org/598171,zebdov/XC598171.ogg
zebdov,[],['uncertain'],13.9685,100.4153,Geopelia striata,Zebra Dove,Thaibirdspot,Creative Commons Attribution-NonCommercial-ShareAlike 4.0,5.0,11:30,https://www.xeno-canto.org/616403,zebdov/XC616403.ogg
zebdov,[],"['adult', 'song']",22.6499,120.2872,Geopelia striata,Zebra Dove,Jerome Chie-Jen Ko,Creative Commons Attribution-NonCommercial-ShareAlike 4.0,2.5,08:36,https://www.xeno-canto.org/629769,zebdov/XC629769.ogg
zebdov,[],"['adult', 'sex uncertain', 'song']",1.4168,103.7287,Geopelia striata,Zebra Dove,Kim Chuah Lim,Creative Commons Attribution-NonCommercial-ShareAlike 4.0,4.0,08:00,https://www.xeno-canto.org/642415,zebdov/XC642415.ogg
zebdov,[],"['adult', 'call', 'sex uncertain']",1.4347,103.7043,Geopelia striata,Zebra Dove,Kim Chuah Lim,Creative Commons Attribution-NonCommercial-ShareAlike 4.0,4.0,09:00,https://www.xeno-canto.org/665873,zebdov/XC665873.ogg
zebdov,[],['song'],3.3508,101.2451,Geopelia striata,Zebra Dove,Jelle Scharringa,Creative Commons Attribution-NonCommercial-ShareAlike 4.0,2.5,11:15,https://www.xeno-canto.org/666194,zebdov/XC666194.ogg
zebdov,[],['song'],3.3508,101.2451,Geopelia striata,Zebra Dove,Jelle Scharringa,Creative Commons Attribution-NonCommercial-ShareAlike 4.0,2.5,10:00,https://www.xeno-canto.org/666195,zebdov/XC666195.ogg
akiapo,[],-,-,-,-,-,-,-,-,-,-,akiapo/XC713870.mp3
akiapo,"['apapan', 'iiwi', 'hawama']",-,-,-,-,-,-,-,-,-,-,akiapo/XC58926.mp3
akiapo,['omao'],-,-,-,-,-,-,-,-,-,-,akiapo/XC91229.mp3
akiapo,[],-,-,-,-,-,-,-,-,-,-,akiapo/XC91359.mp3
aniani,[],-,-,-,-,-,-,-,-,-,-,aniani/XC59045.mp3
aniani,[],-,-,-,-,-,-,-,-,-,-,aniani/XC59046.mp3
aniani,[],-,-,-,-,-,-,-,-,-,-,aniani/XC59047.mp3
aniani,[],-,-,-,-,-,-,-,-,-,-,aniani/XC59048.mp3
aniani,[],-,-,-,-,-,-,-,-,-,-,aniani/XC59049.mp3
apapan,[],-,-,-,-,-,-,-,-,-,-,apapan/XC58981.mp3
apapan,[],-,-,-,-,-,-,-,-,-,-,apapan/XC58982.mp3
apapan,[],-,-,-,-,-,-,-,-,-,-,apapan/XC58984.mp3
apapan,[],-,-,-,-,-,-,-,-,-,-,apapan/XC59064.mp3
apapan,[],-,-,-,-,-,-,-,-,-,-,apapan/XC59065.mp3
apapan,[],-,-,-,-,-,-,-,-,-,-,apapan/XC59066.mp3
apapan,[],-,-,-,-,-,-,-,-,-,-,apapan/XC59067.mp3
apapan,[],-,-,-,-,-,-,-,-,-,-,apapan/XC91413.mp3
barpet,[],-,-,-,-,-,-,-,-,-,-,barpet/XC374996.mp3
barpet,[],-,-,-,-,-,-,-,-,-,-,barpet/XC18563.mp3
barpet,['litshe1'],-,-,-,-,-,-,-,-,-,-,barpet/XC18561.mp3
barpet,"['litshe1', 'corshe']",-,-,-,-,-,-,-,-,-,-,barpet/XC18562.mp3
elepai,[],-,-,-,-,-,-,-,-,-,-,elepai/XC58931.mp3
ercfra,[],-,-,-,-,-,-,-,-,-,-,ercfra/XC83661.mp3
ercfra,[],-,-,-,-,-,-,-,-,-,-,ercfra/XC300641.mp3
ercfra,[],-,-,-,-,-,-,-,-,-,-,ercfra/XC300640.mp3
ercfra,[],-,-,-,-,-,-,-,-,-,-,ercfra/XC300639.mp3
ercfra,[],-,-,-,-,-,-,-,-,-,-,ercfra/XC66313.mp3
hawama,[],-,-,-,-,-,-,-,-,-,-,hawama/XC59059.mp3
hawama,[],-,-,-,-,-,-,-,-,-,-,hawama/XC59060.mp3
hawama,[],-,-,-,-,-,-,-,-,-,-,hawama/XC105455.mp3
hawama,[],-,-,-,-,-,-,-,-,-,-,hawama/XC59061.mp3
hawama,[],-,-,-,-,-,-,-,-,-,-,hawama/XC59062.mp3
hawama,[],-,-,-,-,-,-,-,-,-,-,hawama/XC59068.mp3
hawama,[],-,-,-,-,-,-,-,-,-,-,hawama/XC91477.mp3
hawama,[],-,-,-,-,-,-,-,-,-,-,hawama/XC58936.mp3
hawama,[],-,-,-,-,-,-,-,-,-,-,hawama/XC91357.mp3
hawcre,[],-,-,-,-,-,-,-,-,-,-,hawcre/XC91233.mp3
hawgoo,[],-,-,-,-,-,-,-,-,-,-,hawgoo/XC58930.mp3
hawgoo,[],-,-,-,-,-,-,-,-,-,-,hawgoo/XC58928.mp3
hawgoo,[],-,-,-,-,-,-,-,-,-,-,hawgoo/XC58929.mp3
hawgoo,[],-,-,-,-,-,-,-,-,-,-,hawgoo/XC58927.mp3
hawpet1,[],-,-,-,-,-,-,-,-,-,-,hawpet1/XC89638.mp3